data/03_saidas_enm/CCSM_Maha_21k_B.balansae2.asc
NCOLS 154 
NROWS 168 
XLLCORNER -112 
YLLCORNER -55.5 
CELLSIZE 0.5 
NODATA_value -9999 
[rows 100 to 124 of 168, columns 56 to 111 of 154]
-9999 -9999 -9999 -9999 -9999 -9999 -9999 -9999 -9999 -9999 -9999 -9999 -9999 -9999 -9999 -9999 -9999 -9999 -9999 -9999 -9999 -9999 -9999 -9999 -9999 -9999 -9999 -9999 -176.211595776146 -165.269481429807 -172.91025125501 -202.224752999554 -224.448552832815 -241.226834008282 -250.729371545957 -236.196070771152 -194.735080492895 -136.159686001107 -79.0879302625466 -34.2790455892207 -16.8769064686278 -15.0659860848494 -23.5136860832559 -33.2815681771446 -36.1496504693875 -32.5189166102408 -20.1785133826844 -9.64382443662472 -4.62485731009997 -2.57310686035141 -1.52776447489373 -1.07756743813694 -0.926178916827078 -1.73532402377377 -1.91074137017789 -1.71589695643434
-9999 -9999 -9999 -9999 -9999 -9999 -9999 -9999 -9999 -9999 -9999 -9999 -9999 -9999 -9999 -9999 -9999 -9999 -9999 -9999 -9999 -9999 -9999 -9999 -9999 -9999 -9999 -9999 -173.796539270903 -156.4891048428 -163.752973654459 -193.869353218579 -218.179423923814 -232.270285236906 -234.685334662149 -225.075558421865 -176.606352593962 -119.086653319423 -64.5082771521835 -23.666944036462 -12.5182516918844 -18.9188290706088 -27.6647515191863 -31.9742919735068 -34.8410569767781 -32.3772296270886 -18.9191100199479 -8.33426292445769 -4.67005730141237 -3.78843101870017 -4.15256605088007 -2.49953729810828 -2.04316429142879 -2.35743490203121 -3.27801793813924 -2.88851137787303
-9999 -9999 -9999 -9999 -9999 -9999 -9999 -9999 -9999 -9999 -9999 -9999 -9999 -9999 -9999 -9999 -9999 -9999 -9999 -9999 -9999 -9999 -9999 -9999 -9999 -9999 -9999 -162.961016314992 -178.042027744717 -160.280588374854 -162.629494572388 -187.159744995475 -202.850957080612 -208.15837235699 -210.797555977569 -197.772356128771 -154.730480087203 -99.721069861887 -49.0792293355604 -14.719678834421 -10.5744059221066 -21.0948089796424 -25.4473223830836 -29.9145716589647 -34.3275162357675 -31.5455363858153 -20.1695904419293 -10.6128800898313 -6.64575993759474 -5.28697833462628 -4.36937990021285 -3.33780674486685 -2.40923761424694 -2.11297569308273 -2.97364313674547 -4.05067148843836
-9999 -9999 -9999 -9999 -9999 -9999 -9999 -9999 -9999 -9999 -9999 -9999 -9999 -9999 -9999 -9999 -9999 -9999 -9999 -9999 -9999 -9999 -9999 -9999 -9999 -9999 -9999 -171.228804984387 -185.361195867963 -161.905631216436 -160.172706787711 -178.277413152351 -189.529151058136 -189.840190817988 -191.984997155536 -184.445264564801 -138.153031210014 -84.3038373195533 -38.4284929105409 -11.4215580790836 -14.345080828301 -24.8558110603214 -29.4141654178956 -32.3233624920272 -36.4461374144983 -34.6510007176565 -23.972990627614 -13.81685529566 -9.11907316469251 -7.21550982752482 -5.9300897758896 -4.53021481843118 -3.23684628013763 -2.66599355385602 -3.0905144272477 -3.78455767055066
-9999 -9999 -9999 -9999 -9999 -9999 -9999 -9999 -9999 -9999 -9999 -9999 -9999 -9999 -9999 -9999 -9999 -9999 -9999 -9999 -9999 -9999 -9999 -9999 -9999 -9999 -9999 -180.074617948784 -192.188894651107 -172.122285573488 -163.63235129659 -176.021525275078 -182.190204489284 -174.727476077632 -179.557812782446 -168.177004416861 -125.528619348757 -71.8794507017551 -31.9069035792893 -11.6846479387125 -19.3577234090465 -31.8584266935028 -37.3712413716379 -40.2939732781724 -40.8475367881974 -38.316714501506 -27.6890706302861 -18.0750674769043 -12.5953223862859 -9.93066924331349 -8.36958683338263 -6.36725074583699 -5.02961023866034 -4.31573601669832 -3.97665236205697 -3.58730914480793
-9999 -9999 -9999 -9999 -9999 -9999 -9999 -9999 -9999 -9999 -9999 -9999 -9999 -9999 -9999 -9999 -9999 -9999 -9999 -9999 -9999 -9999 -9999 -9999 -9999 -9999 -9999 -188.322329896073 -201.418962735926 -175.966357498136 -167.617767523526 -174.979764137614 -177.542326020695 -167.067631169451 -170.791695603504 -161.576077877931 -118.851489624787 -62.8091757365369 -26.6662242238607 -12.6463925829084 -25.0174716313361 -38.427823783316 -45.3312283504508 -44.9458140316502 -42.0678875134177 -37.8649535565906 -27.8136716639331 -20.0083262038867 -14.6825187390808 -11.1790390120472 -9.56481425603293 -7.70641196733855 -6.56694115511136 -5.50778345233047 -4.36017893776347 -3.07318252126835
-9999 -9999 -9999 -9999 -9999 -9999 -9999 -9999 -9999 -9999 -9999 -9999 -9999 -9999 -9999 -9999 -9999 -9999 -9999 -9999 -9999 -9999 -9999 -9999 -9999 -9999 -9999 -190.795353141373 -203.733585441205 -185.768563455887 -176.437992571825 -180.881273419198 -181.157158309419 -161.860235926707 -163.586769106789 -160.488151216202 -116.197603408045 -55.9958157325641 -20.3422718836933 -9.88898588915338 -26.8263882265259 -43.7722343556631 -48.5853248738489 -47.0610363251125 -41.2867914358898 -32.4337168701561 -26.8189006273514 -19.7541807356619 -15.2823703856314 -12.0608307790649 -9.67718105877337 -8.66624699056285 -7.64520581892183 -6.34311938862309 -4.92996276058104 -2.92775412412193
-9999 -9999 -9999 -9999 -9999 -9999 -9999 -9999 -9999 -9999 -9999 -9999 -9999 -9999 -9999 -9999 -9999 -9999 -9999 -9999 -9999 -9999 -9999 -9999 -9999 -9999 -9999 -185.898554105709 -203.036172562421 -200.822911649429 -197.634139901193 -196.281600593148 -184.903493322729 -159.497921479103 -156.291197728894 -159.047003231095 -112.396828098366 -50.3004617085254 -15.5620088988913 -9.18981728089053 -30.5022041792174 -48.7001238603268 -53.768406250822 -50.8959396756093 -44.7214882604095 -35.3806788307004 -28.9028941972195 -22.3274273859281 -17.3822912426294 -13.9617013888085 -11.6573934104591 -10.3244422145923 -9.43009920747716 -7.64850107988424 -5.66037141462546 -3.0896015945919
-9999 -9999 -9999 -9999 -9999 -9999 -9999 -9999 -9999 -9999 -9999 -9999 -9999 -9999 -9999 -9999 -9999 -9999 -9999 -9999 -9999 -9999 -9999 -9999 -9999 -9999 -9999 -177.496445896017 -198.437311791561 -212.808392111295 -225.976886862851 -210.849957474007 -193.216832856395 -155.777136362998 -150.033313964678 -164.011488658699 -112.782823931483 -46.825733340951 -13.3487675819697 -9.93876829951487 -36.9692556409589 -54.2947356407233 -60.1571552728105 -58.1396419578379 -51.7935535660643 -45.6934961509981 -35.8217910015742 -27.924333396973 -21.8403821577051 -17.23938222361 -14.9062097202507 -13.0481233416993 -11.5184002793763 -9.43785234364882 -6.95926348044358 -3.81679759538979
-9999 -9999 -9999 -9999 -9999 -9999 -9999 -9999 -9999 -9999 -9999 -9999 -9999 -9999 -9999 -9999 -9999 -9999 -9999 -9999 -9999 -9999 -9999 -9999 -9999 -9999 -9999 -173.490252334348 -198.853080541146 -222.977845447267 -233.619521531933 -216.986205594235 -185.021960405026 -141.404185389002 -135.934315744056 -144.946425975952 -97.1566264721122 -39.7800103603152 -14.131374742597 -13.8686598537266 -39.4569415541033 -58.5372972223793 -63.449205486201 -62.1837324717625 -56.6751717898551 -49.9919281146434 -40.7002052734741 -32.665115666129 -26.194697070937 -21.1401801543014 -18.0541123725406 -15.5968595718982 -13.6478681469015 -11.3529227028918 -8.5503492036259 -5.11659729720242
-9999 -9999 -9999 -9999 -9999 -9999 -9999 -9999 -9999 -9999 -9999 -9999 -9999 -9999 -9999 -9999 -9999 -9999 -9999 -9999 -9999 -9999 -9999 -9999 -9999 -9999 -157.258721471333 -171.826157415592 -199.382372533602 -223.765600352283 -235.452041624148 -206.577683817228 -173.99133458362 -127.814352317966 -113.514686310496 -127.659322842689 -78.9860659644495 -37.6860639991246 -21.9194427163574 -23.3395336292245 -49.3467090732967 -62.4749480458587 -65.5331896506618 -64.1272960447791 -57.9372254557787 -51.7560206212422 -43.8550517642165 -35.9756339848408 -30.0833381396818 -24.8460196003735 -21.18552944263 -18.1493340263913 -15.7572422409952 -13.3565554334933 -10.3760133834232 -6.97012049555286
-9999 -9999 -9999 -9999 -9999 -9999 -9999 -9999 -9999 -9999 -9999 -9999 -9999 -9999 -9999 -9999 -9999 -9999 -9999 -9999 -9999 -9999 -9999 -9999 -9999 -9999 -155.236013196568 -175.669248748733 -205.709190049837 -227.932033353833 -220.81056146855 -191.899246222233 -153.597912004207 -108.825990002419 -84.5515970398342 -76.4498495173404 -46.8394146338953 -27.7646214865916 -26.4921827659675 -37.5611336600169 -56.3114353543801 -67.0002083742897 -68.0207581374106 -66.0020645599981 -60.5075581697812 -54.3244068410729 -46.8032603880202 -39.6423306287747 -33.6310150209485 -28.1310434579263 -23.824245991681 -20.0979580722412 -17.2283799490677 -14.7428733016502 -11.5004978893661 -8.06350830133049
-9999 -9999 -9999 -9999 -9999 -9999 -9999 -9999 -9999 -9999 -9999 -9999 -9999 -9999 -9999 -9999 -9999 -9999 -9999 -9999 -9999 -9999 -9999 -9999 -9999 -9999 -155.317776989969 -187.171717678921 -218.933646258912 -227.127280189679 -215.747122613334 -166.122270863872 -133.784598411232 -90.5438455901407 -51.7285738366286 -43.6830929815125 -27.3505071314975 -26.0842590450512 -39.8855158832642 -54.9462980148485 -71.4151379473667 -74.5156455042485 -72.7087652319051 -69.4529911851406 -63.6398888069963 -59.813467983052 -50.7525383603249 -42.810484891562 -36.8328285009756 -31.1675802061625 -26.4941243350301 -22.4029298879306 -18.8740240780011 -16.0783751539283 -12.7744218540139 -8.81317017749116
-9999 -9999 -9999 -9999 -9999 -9999 -9999 -9999 -9999 -9999 -9999 -9999 -9999 -9999 -9999 -9999 -9999 -9999 -9999 -9999 -9999 -9999 -9999 -9999 -9999 -9999 -163.579368246608 -203.998264473993 -229.266843239677 -218.084434512859 -177.047923627242 -134.797285934925 -93.4743598937914 -53.8844529066465 -23.2564893795127 -22.3906923885823 -29.1798731004403 -39.6794017403331 -58.7347455016681 -74.0072426690414 -82.8171603179626 -82.4225274233573 -78.4476159110126 -73.4501394970908 -66.9789978216349 -60.3521929702092 -52.566162523914 -46.0701089790394 -40.6526933221139 -34.9651668673508 -29.8983533733829 -25.3595179784871 -21.5548961529602 -18.7395017403699 -15.1475652534978 -11.0238850292509
-9999 -9999 -9999 -9999 -9999 -9999 -9999 -9999 -9999 -9999 -9999 -9999 -9999 -9999 -9999 -9999 -9999 -9999 -9999 -9999 -9999 -9999 -9999 -9999 -9999 -128.098838162257 -178.765050556019 -228.843920259016 -242.753663737885 -202.613896079213 -160.379798527405 -103.110207136126 -62.0728586735793 -28.541950486483 -17.7488794766026 -39.8160814838548 -45.595745521514 -60.9965514942935 -83.2078254774761 -92.5684270028844 -98.5062488087978 -92.3005494692114 -85.3085233560597 -78.4527824690963 -70.7630978740255 -64.5826070660448 -55.9809028512108 -49.5895779646571 -44.9398111060104 -39.0224376493953 -34.1023169057248 -28.9998623527935 -24.9147147243373 -21.9622208760793 -17.9227101284647 -14.2038914677076
-9999 -9999 -9999 -9999 -9999 -9999 -9999 -9999 -9999 -9999 -9999 -9999 -9999 -9999 -9999 -9999 -9999 -9999 -9999 -9999 -9999 -9999 -9999 -9999 -9999 -142.258676299759 -195.317439431105 -240.590333209661 -239.548025980032 -187.501788334062 -134.149189335744 -85.8835861037669 -49.1472129697124 -25.7513528737572 -33.3083335842779 -52.2943449896438 -67.4041442805147 -83.7778703784565 -100.741154895762 -105.340607363205 -106.115842052514 -99.3502628619395 -91.2607134367445 -83.9071117000404 -76.6127968019349 -69.2658954657386 -60.1266584404988 -53.8915250607138 -49.155619890376 -43.46116848587 -37.5545646578656 -32.6518522064277 -28.7534862608138 -25.5112408206794 -21.1018877780668 -16.7844858632147
-9999 -9999 -9999 -9999 -9999 -9999 -9999 -9999 -9999 -9999 -9999 -9999 -9999 -9999 -9999 -9999 -9999 -9999 -9999 -9999 -9999 -9999 -9999 -9999 -9999 -146.617808661145 -200.58102550208 -249.355068217228 -239.266672826732 -170.409427348477 -119.987760021309 -76.297045309415 -50.4454244012717 -41.6486169487982 -55.5893413112382 -79.4142514510336 -88.7769156429066 -100.491458989728 -110.040855010139 -111.009139469496 -111.883540433755 -103.858243459946 -96.0616240980532 -89.4360962542444 -81.9244661686814 -75.2648030490878 -66.5178840755207 -59.8617446088379 -54.3905699146086 -47.8345892591401 -41.6907803904532 -36.9406633174798 -32.9936444195772 -29.5694050436248 -24.4324650161433 -19.7530633713292
-9999 -9999 -9999 -9999 -9999 -9999 -9999 -9999 -9999 -9999 -9999 -9999 -9999 -9999 -9999 -9999 -9999 -9999 -9999 -9999 -9999 -9999 -9999 -9999 -9999 -125.22282032136 -187.92973743458 -235.562167659202 -219.259644244407 -153.853339713048 -103.952092338843 -76.9233362412927 -60.5667721844026 -64.7988397120496 -76.9105107935006 -93.8492058125862 -100.177308437879 -102.88208352803 -107.304701553006 -108.377249502965 -107.946791356309 -104.061150141356 -98.9962885023108 -94.4953195622294 -89.4264902789659 -83.0368457398043 -73.6722055512387 -64.9047416551944 -58.4116532917845 -52.2655480413661 -46.594183602626 -41.2549568470713 -36.8679358407233 -33.0925970524118 -27.5333770564641 -22.6712711200591
-9999 -9999 -9999 -9999 -9999 -9999 -9999 -9999 -9999 -9999 -9999 -9999 -9999 -9999 -9999 -9999 -9999 -9999 -9999 -9999 -9999 -9999 -9999 -9999 -9999 -103.740730552374 -167.517635472202 -222.281026675312 -209.238713519083 -144.036415594331 -96.3301935200687 -75.2671763261839 -77.057205145277 -84.8703389789008 -95.7993255497106 -108.523753966107 -108.908262522704 -107.161240567656 -108.777819217375 -107.778246524213 -107.574932946712 -106.970695173368 -104.988959080863 -102.581289989255 -98.6457376934163 -93.8142323766376 -82.1806886713641 -71.2254652612149 -63.8194591758969 -57.6114141865264 -52.358655226812 -46.8421772196278 -41.5731049250999 -37.3432415573564 -31.618708732264 -26.3508775515249
-9999 -9999 -9999 -9999 -9999 -9999 -9999 -9999 -9999 -9999 -9999 -9999 -9999 -9999 -9999 -9999 -9999 -9999 -9999 -9999 -9999 -9999 -9999 -9999 -9999 -101.051841235102 -155.729409858244 -206.321439642397 -192.823208161173 -140.905582734773 -98.6401918536591 -82.1611766360078 -89.6574536252532 -98.3354422043571 -108.612539401387 -115.16375463192 -114.373452078333 -113.05163544749 -113.63853834208 -111.527278338293 -110.92587924388 -113.318633817907 -117.06821049678 -115.742737602277 -107.794884599146 -98.1975884958443 -88.1178303781827 -78.6199587720799 -70.6708327763583 -63.6389483192236 -57.7372336443134 -51.9378888382965 -46.9014364536825 -42.0857630336389 -35.9821004432096 -30.333219073345
-9999 -9999 -9999 -9999 -9999 -9999 -9999 -9999 -9999 -9999 -9999 -9999 -9999 -9999 -9999 -9999 -9999 -9999 -9999 -9999 -9999 -9999 -9999 -9999 -9999 -91.9709426326523 -146.638357704719 -205.706214644111 -193.986532912369 -144.261400128226 -103.847176734829 -91.9883925810612 -102.259499840737 -111.889238436713 -118.902190331366 -122.107805706777 -121.545202503966 -120.327418126704 -120.222337646712 -116.474195914895 -115.426350479824 -119.868049608144 -127.078216287178 -125.71248665352 -114.690232418325 -103.64361765505 -94.4282654748926 -85.3081882774441 -77.6652477764423 -70.5668023390814 -64.0996307332217 -58.3073730709744 -52.5903130444603 -47.5104121693228 -41.9159366087352 -35.7068593815768
-9999 -9999 -9999 -9999 -9999 -9999 -9999 -9999 -9999 -9999 -9999 -9999 -9999 -9999 -9999 -9999 -9999 -9999 -9999 -9999 -9999 -9999 -9999 -9999 -9999 -84.1149899161283 -138.445704876897 -204.206715683721 -203.852352887238 -151.951855074056 -112.625344677404 -104.916203883399 -116.914130733843 -124.477064554632 -128.584911711221 -130.212755011035 -129.106047745224 -129.115939279297 -127.918146893385 -121.450024868453 -118.658789750284 -123.67744562703 -131.518829084749 -130.676775083348 -120.483871273433 -108.510118624108 -99.4509161340782 -92.0422620124018 -84.0977265905429 -77.0086733437239 -70.5627437399002 -63.7803437652805 -58.1163395112105 -52.5431903417081 -47.4437252000206 -41.6108899727826
-9999 -9999 -9999 -9999 -9999 -9999 -9999 -9999 -9999 -9999 -9999 -9999 -9999 -9999 -9999 -9999 -9999 -9999 -9999 -9999 -9999 -9999 -9999 -9999 -9999 -72.4536295529407 -124.988524725635 -191.030297516018 -210.355699199578 -165.703071902542 -126.761391602379 -119.112446308299 -130.677821136158 -136.237130515632 -137.77459769927 -137.855492270322 -135.535440936335 -134.519157435978 -132.687984450929 -124.579314847837 -121.737631008163 -126.55999888446 -134.613806889995 -134.570881136717 -125.227277989932 -114.617611961775 -106.045152810744 -97.8215209483253 -90.6332674931456 -83.6758629821897 -77.6418456322228 -71.0285110202224 -64.4922714402484 -60.9769033498939 -56.8438054509966 -52.6188217492899
-9999 -9999 -9999 -9999 -9999 -9999 -9999 -9999 -9999 -9999 -9999 -9999 -9999 -9999 -9999 -9999 -9999 -9999 -9999 -9999 -9999 -9999 -9999 -9999 -9999 -63.0075856593597 -110.987224325038 -173.480237022123 -208.27482147438 -175.673007821967 -144.661378804782 -134.667576184575 -143.131367220298 -146.020419605331 -143.271653978754 -138.605469295834 -138.621998284361 -136.767092596408 -133.707202086466 -126.98161768248 -123.395857100171 -128.317671735085 -137.073074468111 -137.647585170733 -130.26043026693 -121.811749239326 -112.081844485534 -104.313805774558 -96.1639206258445 -88.754697739991 -82.8157605023634 -76.4049716431815 -74.3115423597012 -69.2198921276088 -64.9324316623062 -64.4100127191279
-9999 -9999 -9999 -9999 -9999 -9999 -9999 -9999 -9999 -9999 -9999 -9999 -9999 -9999 -9999 -9999 -9999 -9999 -9999 -9999 -9999 -9999 -9999 -9999 -47.4650664842407 -60.2767833788022 -98.9400411643878 -156.301034797336 -203.687527412906 -179.786004426359 -154.4546700436 -145.284795588656 -154.205827429554 -155.386197229331 -152.232200683517 -147.735766521447 -146.529685357268 -144.296863923688 -141.393586580041 -134.667938725323 -130.55569698731 -134.402750512224 -140.842203108932 -140.737844828625 -134.75831827792 -126.524009103604 -118.472555128739 -110.511598930856 -102.326123051995 -94.0151565051971 -86.7502250708545 -83.3991996792398 -82.1161156026896 -78.0344123252435 -71.3025528716303 -67.9341214660535
