data/03_saidas_enm/CCSM_SVM_0k_B.balansae4.asc
NCOLS 154 
NROWS 168 
XLLCORNER -112 
YLLCORNER -55.5 
CELLSIZE 0.5 
NODATA_value -9999 
[rows 50 to 74 of 168, columns 56 to 111 of 154]
-9999 -9999 -9999 -9999 -9999 -9999 -9999 -9999 -9999 -9999 -9999 -9999 -9999 0.207313044347659 0.207254803265306 0.204372123768609 0.185815179679062 0.196139392572104 0.197870340085021 0.196546396173748 0.181101545320142 0.146250792521003 0.135273417464618 0.138007141078227 0.150410736226011 0.156654685125558 0.143899276767459 0.160838894027093 0.174632389778151 0.182054560148719 0.186732963777997 0.180499580867149 0.161057988451493 0.111221412105685 0.143169610282017 0.163855239631728 0.140871141761951 0.111306919573226 0.093909531603981 0.0841768026258318 0.123375532512112 0.0967311419384692 0.114011001092537 0.130654153119136 0.143899886564083 0.196725829715245 0.13603501278501 0.114920401259021 0.0935594115203808 0.0743191570098524 0.0744538252802358 0.0563304248907793 0.0598332426449266 0.0706449280500616 0.0838467485616511 0.0796481421188052
-9999 -9999 -9999 -9999 -9999 -9999 -9999 -9999 -9999 -9999 -9999 -9999 -9999 0.206893363603186 0.19882535775967 0.181475411849903 0.181546912450427 0.19248364526401 0.192109438188214 0.182966608492388 0.160713985219489 0.117996811360193 0.0844336233535967 0.0790676986152418 0.0917483949928419 0.105076502516439 0.116105842298089 0.115724325912376 0.108782915118136 0.143288483452323 0.168195543610252 0.165445722189484 0.160080665473623 0.119396567069406 0.102607482459468 0.153901078744086 0.138045026113241 0.0955683756338955 0.0705446526838321 0.0609716752350309 0.0666524158927254 0.0725813766986029 0.0860133649771521 0.102474388153372 0.120101561890203 0.139677493041796 0.117630327334414 0.0974883940127734 0.0773214374436496 0.0562631526487212 0.0472733867061356 0.0501485993818813 0.0640107303290055 0.078651857407303 0.082538247087613 0.068413241483526
-9999 -9999 -9999 -9999 -9999 -9999 -9999 -9999 -9999 -9999 -9999 0.207256386699475 0.204493243548007 0.188701428208442 0.179927053426973 0.187466402689764 0.192315700320482 0.188257989118028 0.175614274753186 0.158064411390328 0.138378954884601 0.11540756068055 0.0983588926295231 0.0973403240452944 0.106579853943531 0.112021394554764 0.0876400401182313 0.07999196766602 0.126949318226424 0.179197746609664 0.193382338883502 0.171591659992185 0.137831316064102 0.123710487169543 0.063502609387689 0.126332259473597 0.130389241860799 0.0983507805351332 0.0653791758745687 0.0555354359871758 0.0464111816607577 0.0451044870457462 0.0458447121023701 0.0542479206924493 0.0673023237438644 0.0775787571365197 0.0751907496710756 0.0672090222638437 0.0553389210197186 0.041492902017944 0.0455720089479434 0.0575654101870427 0.0775646404966874 0.0913965526436925 0.0813098254309961 0.0595073912765889
-9999 -9999 -9999 -9999 -9999 -9999 -9999 -9999 -9999 -9999 0.207252312313861 0.205966202398834 0.199326312854798 0.195631249295745 0.199803041982393 0.203185963600457 0.200074370251657 0.172830346337054 0.138689982448283 0.124661632260057 0.116119418797372 0.115063489788383 0.119776311241357 0.119059609771494 0.0980523456574994 0.0656250614815083 0.0772371379758077 0.140829675996228 0.186420817989623 0.200928153546982 0.202410160704002 0.182928138529054 0.116221797594804 0.104757953693562 0.0504769706049131 0.0972990799701079 0.104075449370905 0.0937835595279781 0.0802338874203281 0.0650158265906385 0.0608302617639968 0.0536387472044642 0.0481106538716019 0.0501048446740527 0.0597640876443969 0.064506995464491 0.0622551532333626 0.0551759167674984 0.0494003548257869 0.0476262080673411 0.0598604128922964 0.0726431962503473 0.0886393901068355 0.101587938623402 0.0836894681688133 0.0605596862059811
-9999 -9999 -9999 -9999 -9999 -9999 -9999 -9999 -9999 -9999 0.204467262189119 0.198124345338484 0.200744089820999 0.203617945220507 0.20538657876299 0.205363454975069 0.198699097527763 0.173079448635912 0.13860299757046 0.128091743095824 0.124715193678627 0.13131091685369 0.115918068018979 0.0868588481140408 0.0705545202419947 0.104701871782628 0.164757638759918 0.196685835196244 0.199523276675463 0.19558290608548 0.20119767662788 0.18845999487736 0.107151632935862 0.0826900863917538 0.0570942425593363 0.0751699715622356 0.0831050375444667 0.0779543583509067 0.0796944495704275 0.0741222314929863 0.067577437766505 0.0598727606198801 0.0559141732155471 0.0543335761365071 0.0567611450758789 0.0621078331259129 0.0566019950501877 0.0568006994750831 0.0585651687968127 0.0615854548005392 0.070627663029557 0.0716306400460986 0.080763393194301 0.0956873133656915 0.0868667619842909 0.0669558228283247
-9999 -9999 -9999 -9999 -9999 -9999 -9999 -9999 0.205799280127512 0.192898381111902 0.154518234940611 0.184573804134517 0.201566219902955 0.20501793566202 0.204985122454787 0.204162469696415 0.195938185072288 0.180351564670873 0.163497710698707 0.145330285632977 0.119747017936942 0.0973869099401529 0.0855549622724099 0.0955644885152059 0.141620918164099 0.147055793789086 0.151230961498141 0.141450942488862 0.14178071098732 0.149562042142676 0.14491845632889 0.130959266050361 0.104568830181638 0.0601021572714505 0.0781640012292093 0.0648912902900536 0.0707333737683858 0.0673195497223734 0.0660866016665911 0.0669187394190306 0.0663467901934457 0.0606180276574919 0.0557070998022524 0.0523950876188518 0.0512816690390954 0.0504867261293001 0.0474462890487139 0.0452631975684134 0.043063670617361 0.0439340590852701 0.0449648771183184 0.0433816818415091 0.0476790218880671 0.0622683376184635 0.0832938564085158 0.0701338300143194
-9999 -9999 -9999 -9999 -9999 -9999 -9999 -9999 0.192724569513841 0.143396685392563 0.176939672662892 0.194003716202213 0.203580276717464 0.204437811951942 0.203657447584916 0.202021324918431 0.19489100271388 0.181565486140162 0.169150831913243 0.142350088029371 0.110566590655443 0.0961057814272273 0.0866874563474517 0.0803423614111328 0.0733698071317427 0.0724799755848999 0.0682000340500977 0.0672864980773323 0.0648626591737732 0.061906133828338 0.0589074699132807 0.0530486638370474 0.0503529665532051 0.0527420797367762 0.100186051501102 0.0813941145990655 0.0725093178909197 0.0669148428331207 0.0626956481744858 0.0597082606784857 0.0618082424457973 0.0591452292038369 0.0564954388927069 0.0526880670947944 0.052931828536284 0.0546321796912707 0.0581631836379467 0.0602462156634595 0.060138760360643 0.0622334275392835 0.0645537916870547 0.0650825370275078 0.0621447878481968 0.0505266228613696 0.0714442023770816 0.0787835467389123
-9999 -9999 -9999 -9999 -9999 -9999 -9999 0.205472477631841 0.167985295478456 0.149647690845195 0.190924931170191 0.199290304797574 0.202828117588075 0.202539663341216 0.200368491551544 0.198948336208767 0.188814625423948 0.176660435312498 0.168163923471688 0.157601703172233 0.134763115649803 0.122144751775537 0.106098731488326 0.0994232602004476 0.090309611735676 0.0816321948786347 0.0803255113082288 0.0800497637734704 0.0780485470454956 0.0774330493366077 0.0758008064877706 0.0752191765593263 0.0770765489780508 0.085131224325212 0.0956273668058481 0.112589362711504 0.0936470247650866 0.0786163943806821 0.074819143509385 0.0796435725492458 0.0845239293411538 0.0867680866504046 0.087658833370246 0.0849834115414292 0.0834492722483122 0.0811428623070489 0.0791334969003223 0.0798936594389469 0.0828456785035842 0.0927386082125327 0.103885170649317 0.118727959538744 0.12123682409429 0.0798479986147789 0.0731030239657796 0.100126666684802
-9999 -9999 -9999 -9999 -9999 -9999 -9999 0.203396157234122 0.158436981225658 0.171234637358174 0.198051432669708 0.198813505603754 0.202350209087913 0.201289923177015 0.19616104584437 0.187963907343741 0.170625913450436 0.155253559702364 0.147339929872481 0.151980183977007 0.153330283233107 0.145869862477131 0.13655484615171 0.133433608486849 0.130834204502782 0.127137398735111 0.124132974456534 0.118576073972874 0.117312670263709 0.11867235743046 0.118307354762655 0.117553396823778 0.116966369705044 0.117932086168323 0.120513282616387 0.118273238170105 0.121198431857004 0.105782571574264 0.0967544828068634 0.0943560145820153 0.0960849933641285 0.099391257555568 0.103905124677154 0.107182526329184 0.103818484140396 0.0971147198838088 0.0864369273504791 0.0868758860058442 0.0916899367982668 0.0998206293760424 0.113763403799085 0.129987077989917 0.147728067382622 0.112571143902189 0.0754463039715579 0.0987688312920093
-9999 -9999 -9999 -9999 -9999 -9999 0.207305949635197 0.200664228682745 0.166691517394723 0.180801596263642 0.200782573724424 0.194981083067633 0.202323279561979 0.201625065030378 0.190410704893654 0.168065058983651 0.141801606829187 0.118247365018555 0.110978575920525 0.124516364998036 0.139566459491079 0.13815416709051 0.132677933767396 0.129095519828836 0.128732063621544 0.128196940009901 0.125399192736241 0.12113462926719 0.11860710887755 0.119298910006942 0.11991777497867 0.12091348679368 0.12305469147105 0.127275074065985 0.130815022189992 0.131041621949586 0.123383719586596 0.116663436228674 0.110363112311824 0.104828847678923 0.104965794690681 0.102907665740949 0.106153843362598 0.107762231433668 0.102620365536681 0.0974132579524405 0.0928094275545641 0.0865633872652275 0.0811032640034074 0.0813963675432802 0.0848856612457088 0.100220679779801 0.112412893509348 0.111247290922598 0.0713218436781974 0.0708302257259171
-9999 -9999 -9999 -9999 -9999 -9999 0.207296076401931 0.202357275498966 0.175217280819054 0.170766529650464 0.182181334390915 0.187078613979873 0.19966245249405 0.198302842200329 0.180222136068418 0.140198165536187 0.107366201312819 0.0890631262210668 0.0789198913215018 0.0852296260049201 0.0983741199909065 0.0997752990992686 0.0982419556593905 0.0967901862422555 0.0985103057303353 0.101656922706834 0.100886819896665 0.101030082910614 0.100865475539325 0.101578041451519 0.104605350883086 0.105750994068119 0.109797279900709 0.114074107554319 0.118776462747982 0.120980095525388 0.117202772894224 0.115116132148061 0.112326669020349 0.108242181155274 0.108021593388285 0.103642149854135 0.102510536980748 0.0978375749718789 0.0920151776039997 0.088693730114794 0.0844070180220202 0.0805232121135223 0.076317053859275 0.0746196150304964 0.0766746763632208 0.0802800910107276 0.0811394480055685 0.0753089177652926 0.066115760378541 0.0442702542622199
-9999 -9999 -9999 -9999 -9999 -9999 0.207238442048565 0.201920677885055 0.183523130843726 0.159916355500699 0.159145031047283 0.17454052713823 0.195135968933952 0.192044578225272 0.164737689493126 0.114460831741742 0.079826075754054 0.0625002250552747 0.0544386251851982 0.0593739683687449 0.071333929417692 0.0737092409618076 0.0734863042449704 0.0754130089004947 0.080643925221718 0.0840375631372213 0.0820556419005746 0.0779816082810312 0.0765321767423537 0.080681542940978 0.0826979852321223 0.0867599837189729 0.089579002494598 0.0949763337789311 0.102002707375219 0.10607712787464 0.107385044655851 0.106537352336349 0.105030894451436 0.101597924727387 0.0984441109369438 0.0952458261690551 0.093410279537222 0.0929770326124995 0.0956170420031597 0.100836682892447 0.0963281340315506 0.0950596935247401 0.0923862206688112 0.0875370011221336 0.0858709511580664 0.0786938850315196 0.0691306026486017 0.0568127882945119 0.0487671788498787 0.0429819446130689
-9999 -9999 -9999 -9999 -9999 -9999 -9999 0.198118388879516 0.182613804803952 0.159850567106927 0.13958167923348 0.159710509032832 0.184445063471255 0.18047138712697 0.148879302187893 0.0980100038947886 0.0644425976602198 0.0475300018477519 0.0401672667852937 0.0418486850998248 0.0490893897058587 0.0533723772280895 0.0568731462246054 0.0603242269860617 0.0633243078800295 0.0643517336692044 0.0596855022836917 0.0551575126458811 0.0543111062079129 0.056765701341529 0.0603013139741883 0.0619386069469635 0.0653613902581415 0.0689695817674606 0.073243948008514 0.0800782591129741 0.0842599499558652 0.0885557122795071 0.0894884511881779 0.0878253174762073 0.0860064246090484 0.0856484003089648 0.0878562038326505 0.0905002493455202 0.0943106155458059 0.0979559818341747 0.0971088599815033 0.0956413826411711 0.0927720744850414 0.0878858039814505 0.0813379638227096 0.0714815248056289 0.0607482272506782 0.0513638745475171 0.0438321686405923 0.0385954226907069
-9999 -9999 -9999 -9999 -9999 -9999 -9999 -9999 0.179697953613882 0.157248592237392 0.1272869129452 0.14121827942365 0.17293072157274 0.167007586876844 0.132039555309767 0.0867141251650556 0.0584945527235822 0.0421162134693859 0.0356283234567996 0.0359503891928733 0.0397478598176831 0.0430944344644813 0.0475100129380723 0.0504370441168734 0.0509227416253065 0.0506403576550771 0.0456153033736343 0.0428339154476305 0.0442353548257591 0.0485086848930798 0.0508805284534169 0.0500962550480916 0.0503366563244994 0.0520758126818383 0.0542259216513038 0.0571855629271293 0.060614866051176 0.0638144303085657 0.0651535577500285 0.0667498784005422 0.0684949815966702 0.0702073256605075 0.0734778869599229 0.0889595806996842 0.104624610210062 0.122854619437987 0.127317646270877 0.133683707156543 0.13424667128761 0.127900263392258 0.122536164853229 0.103356185985845 0.0837291657345989 0.0637652414782938 0.0468372745540783 0.04165268466163
-9999 -9999 -9999 -9999 -9999 -9999 0.192119997373195 0.175304620242395 0.182163937256788 0.152211384162992 0.119116161350781 0.134454541291354 0.159316188679212 0.150463283913803 0.116432867396757 0.0835318157841394 0.0612906033651904 0.0453926747805543 0.0382652909490847 0.0374728087447966 0.0384305048386834 0.0406228733097552 0.043647087816216 0.0456877728532921 0.0457942557910224 0.044299796004263 0.0420040529534787 0.040928833450242 0.0423011403238824 0.0454549999486082 0.0487085581238658 0.0471417524991017 0.0460703455792152 0.0457657667651116 0.0451401229035641 0.0454467480350038 0.0457215614487256 0.0468071827854543 0.0479343944094969 0.0554881526005928 0.0705450323561928 0.0888576725855825 0.109674058708156 0.127290393859096 0.140431265247445 0.150184232724082 0.153649345610642 0.155197331733163 0.154226991702496 0.149468334662364 0.142858638387245 0.130427139853039 0.114428726298994 0.096848137017751 0.0789386811139357 0.0643756286339446
-9999 -9999 -9999 -9999 -9999 0.179801131614871 0.146963241182345 0.177821361608911 0.171265028729527 0.134620903134206 0.114605560528558 0.121245666072822 0.142833126755651 0.131154119014493 0.108090660292934 0.0908597530597938 0.0735130854420327 0.0533385383255658 0.0446856364588973 0.0445054694374034 0.0435439215625945 0.0433719347608265 0.0445502808697393 0.0457124650547638 0.0453465113672153 0.0445708507098017 0.0425179540043833 0.0419332984353439 0.0421597853560594 0.0426582082550085 0.0451339872473976 0.0461948817953917 0.0469426845054193 0.0467873261353778 0.0452726629456694 0.0448632542479805 0.0439043182733008 0.048162460244902 0.0577806115811154 0.0748100423708943 0.097811794817682 0.114398355303458 0.132912227475621 0.144377326187498 0.150922930985785 0.15570982776875 0.154869712721942 0.153187838076734 0.151137738110693 0.147491061805893 0.143151630483134 0.135082257989435 0.124946978507867 0.116094346853624 0.106613833352702 0.100491100743052
-9999 -9999 -9999 -9999 -9999 0.174431398023451 0.152706673822468 0.17173804048197 0.143807484824043 0.0973033630795817 0.0770635654122263 0.103696908689579 0.120612006068876 0.118766533691153 0.116638324271505 0.117875221698865 0.0982428974574243 0.0734238464918097 0.0600472422082761 0.0554440654819537 0.0539075391825204 0.0501109872102981 0.046539088708523 0.0447270388418727 0.0430521904703515 0.0408213551971516 0.0383544833646661 0.0363174915135457 0.0352818616115253 0.0354938336572522 0.0370631299004766 0.0384635215479545 0.0403102279585847 0.0419938114887397 0.0437875680964371 0.0462146654910608 0.0503453007694925 0.0584493250489712 0.0711461439454191 0.0882152152119366 0.106759821770585 0.121152290393261 0.132968355458157 0.139611660541116 0.140942520634559 0.141254535228451 0.137938797091348 0.135356605806462 0.132342316127621 0.127433367153655 0.124410294967984 0.118579385049288 0.115181766567544 0.113202922502949 0.112712806485005 0.115640204417197
-9999 -9999 -9999 -9999 -9999 -9999 0.178446607862851 0.162865948847449 0.112477930167568 0.0657717670547614 0.0654607646261527 0.106534157859251 0.129050799238178 0.136155594282339 0.137961211814167 0.151558734330428 0.116952251486782 0.093646980918724 0.0760841010667039 0.0655542473817921 0.0662558160628086 0.0539604861133666 0.0463691355477043 0.0388620346644268 0.0324207929928365 0.027968957913847 0.023032507886307 0.0189974676111739 0.0167376422138041 0.0180849950859679 0.021691856454878 0.0257282955282561 0.0305975141667317 0.0359179637335471 0.0425605223597137 0.0500051271782925 0.0571577340663584 0.0667272718542499 0.0778631982229224 0.0906269767002648 0.104572147228238 0.111868953603933 0.11834937762433 0.120778311441641 0.117935398462254 0.116197702890406 0.109109395840493 0.104122755598425 0.0989287582935705 0.0926408555427317 0.0928922991207381 0.0872624323087471 0.0887256448126951 0.0909724821299425 0.0934344660365193 0.101180910316632
-9999 -9999 -9999 -9999 -9999 -9999 0.201947258623335 0.173216204068869 0.0714516520041747 0.083428836819213 0.116703629048286 0.144090978522128 0.164732647825417 0.167632833526896 0.15745279269129 0.142600150702473 0.124804695505973 0.116056092210831 0.0997740600002307 0.0764229795060985 0.0649470517730452 0.0587076092621307 0.0497698833284964 0.0358688868508761 0.0203862853936262 0.011070215280001 0.00315076336698089 -0.004900183080918 -0.00917553719385189 -0.00748605852960471 -0.000396823554233539 0.00443282892889546 0.0114121332856713 0.0207681632348898 0.0320738774318206 0.0446452388773018 0.0540848040690901 0.0638222642618846 0.0731786613154902 0.081486174066603 0.0892464395835388 0.0929622614363215 0.0950013620787616 0.0943772888081589 0.0897840158092056 0.0846010236549639 0.0756579965429524 0.0668871505621263 0.0591852379292754 0.0501896772742363 0.0460337072046633 0.0467169724867583 0.0534106658930581 0.0592026772469257 0.0629217664933445 0.0708089986437423
-9999 -9999 -9999 -9999 -9999 -9999 0.207174953271287 0.211076600084546 0.142935258442644 0.113203532355 0.146714842586966 0.16481237452952 0.192299820815269 0.200029699963547 0.19109250171305 0.167964529140983 0.127645874800837 0.119176756193201 0.100968643512818 0.0703093212958082 0.0643442522959225 0.0599089333284253 0.056820295597622 0.0349281624076402 0.00346849854180054 -0.00729730001622453 -0.0207088288534054 -0.0278457349065314 -0.0368388282129944 -0.040296555804324 -0.0299965737004131 -0.0276331206674224 -0.0183200859051538 -0.00613581340997982 0.0101990999531022 0.0296609911971832 0.0419353976452972 0.0536242884888881 0.0627253564249112 0.0684578553981979 0.07308758278952 0.0723128887391997 0.0715251058713207 0.0683847239565347 0.0602630221577892 0.0553635305678224 0.0429018501399636 0.0326991581447417 0.0226042182232765 0.00894333637462474 0.00540517808091284 0.00414733342099705 0.0155610463015547 0.0228091230647303 0.0256431132963544 0.0384169485456874
-9999 -9999 -9999 -9999 -9999 -9999 -9999 -9999 0.211222381114858 0.17280874864586 0.17041732639333 0.183732311260145 0.201827268934193 0.209376371152056 0.209600490722835 0.190938964977413 0.140005829031358 0.100534783915247 0.0826080667315616 0.0666349547944003 0.0652032852455775 0.070570135355861 0.0702668852022429 0.0468954599094069 0.00762494847710049 -0.0190700138817118 -0.0298274594398075 -0.0377743718392145 -0.0492947712464533 -0.0595143402177235 -0.0599034121969003 -0.0557772231947157 -0.0478707417259477 -0.034071432236618 -0.0145356068524695 0.00772031600588963 0.026443665173023 0.0430371023723826 0.0558574430766713 0.0632647709146239 0.0666666860656879 0.0658090794797642 0.0626564097401897 0.0581260674211239 0.0517633399584649 0.0438532145332614 0.0326257213456855 0.0202203117115459 0.00833788401994345 -0.00374726912188694 -0.0125864221482233 -0.0173711541939224 -0.013553473425569 -0.00601945897026235 0.0019601999158691 0.0165969339469362
-9999 -9999 -9999 -9999 -9999 -9999 -9999 -9999 0.207234322233066 0.204342592435303 0.18859044743284 0.198931670872788 0.207924111058304 0.212620878293207 0.216919784949646 0.208210285323278 0.150776924776923 0.0868106247066598 0.064089911793742 0.0450879435247867 0.0693495824670096 0.0745186501457629 0.0816639776532651 0.0570774288249536 0.00555064122179511 -0.0214790318327109 -0.0350928996548064 -0.0377481827694145 -0.0520269479832385 -0.0719918998020245 -0.0752037803310103 -0.0747027802006103 -0.0619542912388531 -0.0487231823982484 -0.0310055270243517 -0.00681569545919836 0.016910007807711 0.0406018428024441 0.0596397945945079 0.0724750593648028 0.0782981635252356 0.0808379828092714 0.0776875498283398 0.0729688036475188 0.0663064639488322 0.056442230630924 0.04469046399253 0.0296721091941206 0.0134680643399381 -0.00405765679736636 -0.0165089431725008 -0.0290937935491864 -0.0330253727044439 -0.0275763448248822 -0.0145483598796353 0.00937219435022513
-9999 -9999 -9999 -9999 -9999 -9999 -9999 -9999 -9999 0.206792188147944 0.1890752136513 0.206505729995117 0.210370275654065 0.213374965134072 0.221534306943416 0.223844676250114 0.17906030823673 0.0913409923510071 0.0587177721078382 0.0574987134722967 0.0743479890252468 0.0880475090759507 0.0865653592728931 0.0621246528884674 0.0227037897999884 -0.0140137747582219 -0.0264711273492479 -0.0349041191397278 -0.0495746589127475 -0.0671809683149471 -0.0785113379575783 -0.0767745080325641 -0.0658862077360362 -0.0506673828126332 -0.0334315111530024 -0.0110878765704746 0.017900942556657 0.0480057702555013 0.0733335818982607 0.0928397018982742 0.104620321583454 0.113384597365977 0.115887235848958 0.11261760720031 0.103729553535921 0.0925327964581275 0.0788853025175741 0.060857935305502 0.0382993586300379 0.0152338708912503 -0.00408267670237805 -0.0172786084060509 -0.0261372306082489 -0.0256661407381367 -0.0121308560607193 0.0141579988968325
-9999 -9999 -9999 -9999 -9999 -9999 -9999 -9999 -9999 -9999 0.197635450183779 0.207349157981587 0.209316977183206 0.212487749492019 0.223865495219801 0.240307132913649 0.220040570669671 0.131824519232448 0.0834947507866948 0.0644387405194349 0.0783180660550162 0.0825216309609839 0.0881826205822862 0.0704158505096062 0.02701709072315 -0.00465530019405092 -0.019419067360582 -0.0270149684274551 -0.0429772641708077 -0.0652198361227292 -0.0768789879556352 -0.0772635706713213 -0.0642150200218138 -0.0502271746980971 -0.0337693730542553 -0.00795904059346109 0.0241423392663051 0.0595488767586609 0.0910031175015708 0.118287357921995 0.1393273523723 0.156698554074516 0.165590784633561 0.16673691860686 0.1610585985296 0.148909793883642 0.134912141624228 0.112324925070578 0.0826224773696013 0.0503714628973483 0.0234545115124813 0.00735516756549814 -0.00220003592981488 -0.00714005817089558 -0.00430967267153903 0.0157309959298652
-9999 -9999 -9999 -9999 -9999 -9999 -9999 -9999 -9999 -9999 -9999 0.205995025670949 0.207948774698509 0.207603665044481 0.220395170225628 0.251684866834763 0.266564311799622 0.232667576176021 0.170827085783147 0.0984931572148189 0.0831623469279953 0.0804478679085355 0.0877176550958524 0.071160868967645 0.0399721972066573 0.0147195960853872 -0.00475554105492537 -0.0208504152851992 -0.0379962265373658 -0.0571249294331064 -0.0687782475187614 -0.0714381588667783 -0.0643667191076219 -0.0507909424768586 -0.0314737914999228 -0.002702584334627 0.0285518096680334 0.0660984049465283 0.1024021012533 0.13486726473624 0.162627014126336 0.19193660587138 0.21391738261668 0.22229522402758 0.220419334174525 0.212802340394616 0.20110660169581 0.177918826577706 0.143066331969601 0.100445802654923 0.0619269573789994 0.0369725490354638 0.0140411077690821 0.0059645736519614 0.01015815834469 0.0237969479960128
