data/03_saidas_enm/CCSM_SVM_21k_B.balansae4.asc
NCOLS 154 
NROWS 168 
XLLCORNER -112 
YLLCORNER -55.5 
CELLSIZE 0.5 
NODATA_value -9999 
[rows 75 to 99 of 168, columns 56 to 111 of 154]
-9999 -9999 -9999 -9999 -9999 -9999 -9999 -9999 -9999 -9999 -9999 0.207180457667482 0.206203537436588 0.199887884731664 0.202365558153481 0.208398700432001 0.218412141929841 0.226509334393904 0.238379503373421 0.205741431769941 0.181433739118143 0.174477521218928 0.173240099058198 0.166759976260408 0.157849879646191 0.15549121382175 0.146532990599234 0.137769729427269 0.126793623056393 0.113406435625131 0.100311724130493 0.0839932706016403 0.0696658705355217 0.0597520197342947 0.0543328910079705 0.0545247664633652 0.0528869775156708 0.0568474739968347 0.0630095933407364 0.0755031920067337 0.0924929441126405 0.109520843151301 0.128486183473822 0.146728540349373 0.167679085473657 0.18686539395088 0.189899227600735 0.183566104571347 0.169894470912653 0.148467611621571 0.132382192451148 0.123932556666841 0.119645681016739 0.119673549223967 0.122069339568321 0.126534846007576
-9999 -9999 -9999 -9999 -9999 -9999 -9999 -9999 -9999 -9999 -9999 0.207153079008172 0.206681709751024 0.196148418018132 0.199949506337214 0.204564499003596 0.208726348120961 0.214077446527788 0.21524352350576 0.206672751638107 0.191020161089565 0.175979137544839 0.168213810579972 0.160352232833445 0.150617605778623 0.149286365189476 0.143308132436522 0.135180920623707 0.124279170152038 0.114796672390713 0.105256198554153 0.0900909548442865 0.0744225695720422 0.0648540352095311 0.0592174759540121 0.0594441937104896 0.0565339316691885 0.0573260895974489 0.0635839051111775 0.0783542825854267 0.0965574222770255 0.105827901234441 0.12379128157876 0.143663426129072 0.16840146228394 0.197245141105578 0.205435543507662 0.20444757589312 0.19742873538531 0.179642838167393 0.166159615187837 0.152126921736797 0.141814588572486 0.137338442729609 0.136542406056662 0.138896233940029
-9999 -9999 -9999 -9999 -9999 -9999 -9999 -9999 -9999 -9999 -9999 -9999 0.207518228886773 0.205717268121109 0.201848283008633 0.200344575988346 0.197672363587663 0.202887037770217 0.206108074322683 0.207551506541946 0.202815346402066 0.194383738424914 0.174452098231688 0.155215944129354 0.14868221082457 0.145522768448255 0.136211190575683 0.12681379518535 0.118517395655929 0.112293436938864 0.105561517124933 0.0926036330574455 0.0791291480455272 0.0690101648325345 0.0613858373713007 0.0584934443331581 0.0549771627797586 0.0551753325296814 0.0585655162878596 0.0675502755429006 0.0820461234192594 0.090446354075075 0.107768836781356 0.128667021874137 0.155075842111407 0.185471387459473 0.200083667359543 0.209450672678893 0.211567069609344 0.204787920053483 0.197773743731278 0.185356263366507 0.174560595064459 0.168697556572693 0.165567544266743 0.16625578099246
-9999 -9999 -9999 -9999 -9999 -9999 -9999 -9999 -9999 -9999 -9999 -9999 0.20742651935404 0.207493967562649 0.206103429974374 0.194109790003086 0.186379488212892 0.202838183372186 0.204324817709685 0.204318020464766 0.208425243460819 0.207642986314166 0.193636371469043 0.175194372035834 0.157783938271353 0.161528503036501 0.134357625360553 0.118470529057391 0.108582448529816 0.108434807035231 0.105398265918421 0.0938007866741862 0.0840998364670479 0.0748782880305237 0.0645023375489835 0.0576288063376093 0.0563920716835946 0.0552027393583209 0.0561651356697623 0.0618789461486519 0.0656101562036261 0.0743435738842427 0.0932827438132742 0.117714308906171 0.146534530826919 0.174298433834736 0.196391880867689 0.206601614371467 0.21570709893611 0.22134768798891 0.224042306957671 0.217801969375978 0.206988198178539 0.200317260953276 0.191771940549587 0.188090064825232
-9999 -9999 -9999 -9999 -9999 -9999 -9999 -9999 -9999 -9999 -9999 -9999 -9999 0.207503105215762 0.206959726077721 0.188571112015702 0.179828682067545 0.202139202222442 0.204458029400181 0.20312930526719 0.203799255433306 0.207513024297916 0.21326518387275 0.233747408874715 0.24244540899929 0.203573523863812 0.15026271425309 0.114672105916631 0.101464857356034 0.0941546875497221 0.0942986011165638 0.0888769259997294 0.0825701875004227 0.0751541046010709 0.0677545001747897 0.06333694419361 0.0556133741873995 0.053955239891889 0.0540383915375344 0.058689696691226 0.0633644812464705 0.0644693705565015 0.0795039577246633 0.108313157716437 0.142491364966554 0.174392288065191 0.192708963885738 0.20586707847593 0.21684557867535 0.22693135673955 0.237098201784037 0.234959215129521 0.22729845301132 0.22053199453893 0.209360496338831 0.203299688099971
-9999 -9999 -9999 -9999 -9999 -9999 -9999 -9999 -9999 -9999 -9999 -9999 -9999 0.207542671115328 0.207384668172426 0.169462685010487 0.180692604531197 0.203646350859423 0.205405116582585 0.204982896950647 0.205933637341702 0.203548178049512 0.205631014550337 0.202908813086701 0.207167646949573 0.24946720643726 0.225828021665645 0.155139045891026 0.111886991779402 0.0799870013187585 0.0817233069894515 0.0725786983053581 0.0733963981366871 0.0674204449264463 0.0641424522178317 0.0664229119705711 0.048505343136152 0.046371059818125 0.0479137629431656 0.0574565417343031 0.0718527074807404 0.0694140648989314 0.0723564305035498 0.102118081505827 0.145303632305154 0.184026417412532 0.196211994178187 0.206235977674292 0.216759513746533 0.229300036817002 0.244472380503002 0.243177439187911 0.23825578063928 0.231427225868109 0.217919346091977 0.209486065539066
-9999 -9999 -9999 -9999 -9999 -9999 -9999 -9999 -9999 -9999 -9999 -9999 -9999 -9999 0.207622783750677 0.205401594378615 0.1928122424153 0.196996054585685 0.201271411469138 0.204648085981397 0.206189492190637 0.206802693659348 0.207232021018286 0.206829353388449 0.204976876557168 0.20259836629798 0.197641603049486 0.229250621830327 0.233967037663383 0.136680388209671 0.0592712562810607 0.0312548375315582 0.0408708675348885 0.0447126895306899 0.0428545890442357 0.0377603612181842 0.0285140390914004 0.0209018232811397 0.0210900330140272 0.0351611265680567 0.0612417820973324 0.0684980043303183 0.0819266075933806 0.107737285954794 0.140093586010455 0.174847331122751 0.191843284608706 0.202809355193236 0.21323257278378 0.223749376036294 0.233895467549204 0.237453135066378 0.236276195315095 0.232118292413614 0.220563980464043 0.210764518702411
-9999 -9999 -9999 -9999 -9999 -9999 -9999 -9999 -9999 -9999 -9999 -9999 -9999 -9999 0.207661155614656 0.207265866824306 0.202917319672179 0.177388606967038 0.186187606247257 0.2023887105898 0.206276825798965 0.207295625639032 0.207313030671178 0.207313021935586 0.20731127988763 0.207212812876095 0.206394114379214 0.202494681322502 0.195468391262419 0.196237099473373 0.104297061893459 0.0534685171206224 0.0126969327056217 0.0121545168043634 0.0248635458346266 0.0235782319579186 0.0176613299501245 0.0147681067446393 0.00806120486147455 0.0111229230975269 0.0479628081403523 0.0588991214641874 0.0881601655578221 0.116306790435944 0.140575037658519 0.168088929211033 0.188776852188676 0.200814411035566 0.210554406895895 0.219188014115244 0.226040150058964 0.232245131187923 0.234079231086576 0.232510029007361 0.221185979811624 0.212088140199198
-9999 -9999 -9999 -9999 -9999 -9999 -9999 -9999 -9999 -9999 -9999 -9999 -9999 -9999 -9999 0.207832531117855 0.207108889404904 0.1684393659618 0.14752439631152 0.196974232478195 0.20699368027529 0.207302127305436 0.20731302934299 0.20731304552655 0.207313045725603 0.207313045765953 0.207313040534437 0.207312567549229 0.207206466947929 0.204567664301325 0.205183548697261 0.209053154822558 0.036201151901682 -0.00859726699789953 -0.00229959001932312 0.0156789429960743 0.0212899957074254 0.023427070660416 0.0138331770145835 0.00262952590173077 0.00260547103433317 0.0275123699600204 0.0818526330229539 0.122010745151174 0.143149018459554 0.165736303651061 0.188473152580174 0.204507545354866 0.214464763421679 0.21801172496354 0.222460573980166 0.227767493164485 0.231503161568636 0.231605921815068 0.226554277347562 0.218400388146984
-9999 -9999 -9999 -9999 -9999 -9999 -9999 -9999 -9999 -9999 -9999 -9999 -9999 -9999 -9999 0.207479703316685 0.208671437643637 0.182469734168935 0.0866440526648352 0.17549254052106 0.20690251753799 0.207229930973225 0.207312740442886 0.207313031361162 0.207313045315472 0.20731304579913 0.207313045798673 0.207313045799139 0.207313045740239 0.20729282805296 0.206224357733834 0.225703722322516 0.205199613262975 0.0240797549598754 -0.0224610689329708 0.00367908032813113 0.00359123427453734 0.0137987073710634 0.0189503011913389 0.0216116179536592 0.0327627877239556 0.0103736644912893 0.0724961676756873 0.130889184657795 0.148953905742112 0.166057009488016 0.188716767515835 0.209113176778102 0.218900548264354 0.216656190386035 0.217435269341292 0.221822067056299 0.228590091373112 0.232488840883698 0.231659625385932 0.230421142901689
-9999 -9999 -9999 -9999 -9999 -9999 -9999 -9999 -9999 -9999 -9999 -9999 -9999 -9999 -9999 0.207328072330896 0.209759168879277 0.206561256254497 0.160152562777019 0.089046877270742 0.152751143321734 0.199385213472125 0.206501701359834 0.207232741080181 0.207301349998472 0.207311978350127 0.207313009486813 0.207313045141212 0.207313039617258 0.207309841958896 0.207132157599218 0.206962895335152 0.266849733676093 0.267013421512148 0.0763857693508819 -0.0150133357051465 -0.0101613649188735 -0.000243118560263822 0.00834905468970715 0.0439569492407128 0.0661692134139956 0.0221354248891007 0.0771976781903192 0.137306627479609 0.158424137569796 0.169339234502697 0.184632960205656 0.204613904352034 0.213892542346245 0.211600346776058 0.210857542704484 0.215015041205753 0.228123096520622 0.244678794074708 0.258709810718801 0.276035872056617
-9999 -9999 -9999 -9999 -9999 -9999 -9999 -9999 -9999 -9999 -9999 -9999 -9999 -9999 -9999 -9999 0.207527981793649 0.209117906461569 0.205244276855598 0.154668689540172 0.0639538263070772 0.0983676910907472 0.176395967207559 0.199462149556181 0.204760332148346 0.205609496324924 0.20718122391969 0.207306194963966 0.207308824047574 0.207308014250765 0.207293606749022 0.206708880314641 0.21224666764406 0.293574449250367 0.358781148836989 0.14641442143665 0.0406644379296487 -0.0106588694723939 -0.00519482769122237 0.0272155493563773 0.0767332872337218 0.0489095867597386 0.113061434772886 0.151724209828013 0.161079512504176 0.16486708492159 0.164729921193592 0.181192821416847 0.191181014069523 0.192132584806762 0.196417917001467 0.208748151852406 0.241370190103292 0.287537796637491 0.327644893172525 0.361750880302587
-9999 -9999 -9999 -9999 -9999 -9999 -9999 -9999 -9999 -9999 -9999 -9999 -9999 -9999 -9999 -9999 -9999 0.207628534027488 0.212105214862913 0.203951058156623 0.195099897857916 0.106018103680152 0.103082707961416 0.160217000268644 0.18851324119695 0.199459948391199 0.20589619402278 0.207060537187469 0.207228912420654 0.207299624721088 0.207310398428969 0.207269245608573 0.206814212434874 0.20748833144375 0.276389607089034 0.42094155785139 0.265179951566686 0.112240038483524 0.0607152482618157 0.0676245465169903 0.103477183086988 0.116201090414449 0.145387619491228 0.156961466200774 0.147962191146209 0.136630011835386 0.133023202493247 0.131696660770493 0.138825145125223 0.160051984399739 0.179367262289852 0.216794803557378 0.277263569246498 0.34657159170445 0.409171194867702 0.459409047299297
-9999 -9999 -9999 -9999 -9999 -9999 -9999 -9999 -9999 -9999 -9999 -9999 -9999 -9999 -9999 -9999 -9999 -9999 -9999 0.210467036010216 0.197229722998415 0.206143809439338 0.18947066033743 0.160237633611766 0.165967586075474 0.184437278188884 0.199313447050529 0.205782126983668 0.206704398017605 0.207209438676726 0.207307623007773 0.207301280824353 0.207294977057278 0.207058607028584 0.207437995621792 0.270230058179743 0.416432479792862 0.366424980469173 0.228461281152341 0.183946113696599 0.18512393376873 0.168822488620255 0.163845979970096 0.156617720698123 0.133180741495724 0.120344773672573 0.116193915702668 0.106964130970665 0.112060693068942 0.143368369447548 0.179107251730057 0.244614614337453 0.334773103082242 0.418443858505497 0.474599081142315 0.517844949166408
-9999 -9999 -9999 -9999 -9999 -9999 -9999 -9999 -9999 -9999 -9999 -9999 -9999 -9999 -9999 -9999 -9999 -9999 -9999 -9999 -9999 0.208090444510785 0.207695328402397 0.206917517385237 0.193103814449445 0.1691344996713 0.181572087483043 0.19863262962122 0.203988642589287 0.206233904851378 0.20690048842834 0.207260237748091 0.207310859026188 0.207307845511684 0.207151741936724 0.206777616224905 0.229511155314706 0.401666532742682 0.416726601695334 0.306501776234156 0.201379284103046 0.175138067740622 0.161504073996041 0.149200810733022 0.141580947511307 0.128747920671034 0.127650990692421 0.131873521154164 0.136122534698743 0.169919351050151 0.227778447814827 0.315575153967897 0.419957347311538 0.486957756044989 0.516852250828792 0.499282645678647
-9999 -9999 -9999 -9999 -9999 -9999 -9999 -9999 -9999 -9999 -9999 -9999 -9999 -9999 -9999 -9999 -9999 -9999 -9999 -9999 -9999 -9999 -9999 0.207544758741429 0.207398380799187 0.196352518200183 0.160720337362847 0.174325818488301 0.190454231959812 0.199875177150168 0.203722187386427 0.206668088953399 0.207283070340999 0.207303976011774 0.207293837272011 0.207232577598531 0.206955480851796 0.234510666678154 0.38107014720372 0.454238103268585 0.294950310016771 0.211955570591096 0.167783621657949 0.159518109246924 0.157619990908866 0.156366883801747 0.165129393057176 0.174635364181544 0.18670149510265 0.229905044949459 0.300270935240541 0.384041061732027 0.477936483765936 0.543230769090456 0.559675550789151 0.548716229766427
-9999 -9999 -9999 -9999 -9999 -9999 -9999 -9999 -9999 -9999 -9999 -9999 -9999 -9999 -9999 -9999 -9999 -9999 -9999 -9999 -9999 -9999 -9999 -9999 -9999 0.208515102060774 0.204690632304724 0.137792434689111 0.143990525812064 0.185076175647787 0.196544006991458 0.201309223080975 0.205681240111205 0.206768909665089 0.207239615985689 0.207299920059911 0.207058428044138 0.20667604620614 0.234664249892546 0.419630398320015 0.41391047347048 0.281784595132442 0.193351683375136 0.177641836409101 0.190809283318793 0.206602274712231 0.222015901343946 0.24343357271863 0.265480148145222 0.309693844285929 0.371850715463621 0.43674075175638 0.506796644888755 0.568611341849119 0.641794535695732 0.672843991876591
-9999 -9999 -9999 -9999 -9999 -9999 -9999 -9999 -9999 -9999 -9999 -9999 -9999 -9999 -9999 -9999 -9999 -9999 -9999 -9999 -9999 -9999 -9999 -9999 -9999 0.207765576709234 0.208361389803784 0.202207117427901 0.16857073478183 0.174163188067 0.183373060036636 0.189941299053522 0.194231939390779 0.197724015109097 0.204256217483114 0.206699001758574 0.205770143649883 0.205218492929443 0.207014318745018 0.299913649541724 0.471820078479946 0.392210347017958 0.264641542802821 0.226223835588146 0.236087363085026 0.262724836883707 0.282684711063502 0.30896061772758 0.332795136417841 0.374892811158279 0.430851005308373 0.484425370655329 0.549741411313294 0.618526317287355 0.699170087813908 0.741553980080484
-9999 -9999 -9999 -9999 -9999 -9999 -9999 -9999 -9999 -9999 -9999 -9999 -9999 -9999 -9999 -9999 -9999 -9999 -9999 -9999 -9999 -9999 -9999 -9999 -9999 -9999 -9999 0.207110942240635 0.204563859971387 0.196315061634654 0.201810477385065 0.197702268207371 0.198089516436367 0.189607261842308 0.180933827411936 0.16157749546134 0.180339315450114 0.192788849616315 0.194507507506586 0.237019830917853 0.415970273894593 0.484572028200059 0.35012246825513 0.285833855752466 0.282669342296981 0.315500308343895 0.338674471145378 0.365996592074834 0.389388860622355 0.432039187209759 0.479269477246945 0.527935392285569 0.596966555308538 0.676609164753001 0.756983306982238 0.786958559963474
-9999 -9999 -9999 -9999 -9999 -9999 -9999 -9999 -9999 -9999 -9999 -9999 -9999 -9999 -9999 -9999 -9999 -9999 -9999 -9999 -9999 -9999 -9999 -9999 -9999 -9999 -9999 0.204514418998661 0.188913660122068 0.204914798924276 0.203157906681115 0.202413526486495 0.202923530043847 0.199873048055111 0.186735011468719 0.156725487485753 0.128461005208461 0.151481085451401 0.174876114317757 0.214159755472523 0.356309127710609 0.539404062333728 0.450877137385529 0.359903022700342 0.339096973235288 0.36289787421006 0.391865232775983 0.429291895908851 0.458237991136217 0.490929653073812 0.5329137501474 0.595401658490997 0.67289126801467 0.73464189783243 0.798873854914637 0.825310257927135
-9999 -9999 -9999 -9999 -9999 -9999 -9999 -9999 -9999 -9999 -9999 -9999 -9999 -9999 -9999 -9999 -9999 -9999 -9999 -9999 -9999 -9999 -9999 -9999 -9999 -9999 -9999 -9999 0.126300778168997 0.202133600155526 0.203097916198197 0.20168336378525 0.204429432903851 0.204225036985334 0.197479462791049 0.171067428416534 0.109950881418443 0.104479278025598 0.139457290471038 0.202640564709044 0.320226063911958 0.551230193842042 0.501265923307537 0.40582436012177 0.395116004310786 0.391942512742276 0.434102973947712 0.478001256303251 0.517889685525489 0.552981894359195 0.577674453153292 0.652813503803263 0.728916694370959 0.78842404174113 0.8530994649972 0.873927849120682
-9999 -9999 -9999 -9999 -9999 -9999 -9999 -9999 -9999 -9999 -9999 -9999 -9999 -9999 -9999 -9999 -9999 -9999 -9999 -9999 -9999 -9999 -9999 -9999 -9999 -9999 -9999 -9999 0.0932279223369604 0.194400018425705 0.204757300405951 0.200980526418856 0.205533800208914 0.205900901512979 0.20070449837776 0.174071797868951 0.099047682371305 0.0698425548280882 0.120271918205983 0.197153577039169 0.292029531908066 0.525605932294055 0.505312717122171 0.415266404096242 0.415263421400523 0.451063471196799 0.489116079761214 0.520726454257773 0.571818811692263 0.623773908351494 0.650962290617774 0.716837410662355 0.780460119051886 0.830543673725031 0.889075160649022 0.904690761790447
-9999 -9999 -9999 -9999 -9999 -9999 -9999 -9999 -9999 -9999 -9999 -9999 -9999 -9999 -9999 -9999 -9999 -9999 -9999 -9999 -9999 -9999 -9999 -9999 -9999 -9999 -9999 -9999 0.0762809465607141 0.187499699462683 0.205612370822335 0.201190998625565 0.206521048514869 0.206803064620302 0.202302322126977 0.175513383126206 0.0965638077490392 0.0643031556678999 0.116713589199458 0.195681738332578 0.271607637299226 0.484921155063421 0.450814262445258 0.365699230372403 0.356234983704875 0.372870703833078 0.494881665469678 0.548093930776447 0.586803172808313 0.679365986120638 0.691955625804768 0.779311359139188 0.823039535829682 0.878428408560586 0.936792829852548 0.93398907543282
-9999 -9999 -9999 -9999 -9999 -9999 -9999 -9999 -9999 -9999 -9999 -9999 -9999 -9999 -9999 -9999 -9999 -9999 -9999 -9999 -9999 -9999 -9999 -9999 -9999 -9999 -9999 -9999 0.0798357615789008 0.188816548644983 0.203178004942439 0.201386039635104 0.206292770348805 0.206584484807457 0.202276208054029 0.170162858544015 0.0941325325671541 0.0839848090206711 0.136325121748512 0.200973706848291 0.27479580352079 0.438747344648878 0.402368340484668 0.32011816782986 0.298405796487597 0.320227881794966 0.42764864569583 0.556809385283985 0.635365270763019 0.709002638133083 0.77762552347303 0.824771060858951 0.86237543510365 0.922250928363446 0.976447436604983 0.983608454199367
-9999 -9999 -9999 -9999 -9999 -9999 -9999 -9999 -9999 -9999 -9999 -9999 -9999 -9999 -9999 -9999 -9999 -9999 -9999 -9999 -9999 -9999 -9999 -9999 -9999 -9999 -9999 -9999 0.0853066795604359 0.1945726616776 0.196982673333576 0.200990618876915 0.206159725368577 0.206432427084562 0.2015595278296 0.172478236211025 0.102184911790157 0.114168861344829 0.15944336704887 0.207317134887056 0.284950461953322 0.424987831776817 0.359766286077475 0.289315609213934 0.268181923096668 0.273316890383361 0.367955989992601 0.492360105002772 0.613314411971295 0.699714034823444 0.710575352077437 0.813008337128918 0.879066736296767 0.943862621427874 0.994500467170083 1.00499642550201
