data/03_saidas_enm/CCSM_Maha_0k_B.balansae5.asc
NCOLS 154 
NROWS 168 
XLLCORNER -112 
YLLCORNER -55.5 
CELLSIZE 0.5 
NODATA_value -9999 
[rows 100 to 124 of 168, columns 56 to 111 of 154]
-9999 -9999 -9999 -9999 -9999 -9999 -9999 -9999 -9999 -9999 -9999 -9999 -9999 -9999 -9999 -9999 -9999 -9999 -9999 -9999 -9999 -9999 -9999 -9999 -9999 -9999 -9999 -9999 -240.507243178858 -214.352729026213 -195.532393340415 -199.323983629485 -201.522410524418 -200.159075038315 -186.659614785958 -151.082833848316 -106.239112564539 -86.8717520180443 -59.1502889079203 -18.040889025482 -3.24760940817478 -4.49190727032984 -12.9718068463222 -16.2988392968427 -19.3108290819915 -17.7642350803017 -10.1674268528218 -4.54331024594827 -2.30303919531915 -0.88515480172367 0.216421644725058 0.781298423633665 1 0.743186643813037 1 0.745874042701158
-9999 -9999 -9999 -9999 -9999 -9999 -9999 -9999 -9999 -9999 -9999 -9999 -9999 -9999 -9999 -9999 -9999 -9999 -9999 -9999 -9999 -9999 -9999 -9999 -9999 -9999 -9999 -9999 -244.545429489264 -213.052599344094 -192.033317648105 -202.043506446911 -204.690310788873 -195.515539157068 -170.644526336482 -136.804042624407 -95.0725799715156 -84.3182327029338 -58.113451363669 -14.6078116831554 -1.99113071578474 -5.65797431124293 -12.8408023961083 -16.9733410176831 -20.1570854580413 -18.7243403049473 -10.1611846697859 -5.62622757661176 -4.05701307393928 -1.55518399255156 -0.685964823642228 0.390231975617689 0.801088039286704 0.742768842564317 0.880238688676382 0.701827246965975
-9999 -9999 -9999 -9999 -9999 -9999 -9999 -9999 -9999 -9999 -9999 -9999 -9999 -9999 -9999 -9999 -9999 -9999 -9999 -9999 -9999 -9999 -9999 -9999 -9999 -9999 -9999 -207.332559421426 -249.758511625204 -226.900063915906 -206.853857231007 -207.494620379162 -197.038292357086 -176.716278313737 -149.182310226267 -110.920603627855 -84.0616991986328 -75.095612472024 -49.1187573614503 -11.3256656312357 -1.71971458710013 -7.43679589290279 -12.7491870611824 -17.0978856759751 -20.8113153352195 -19.1872943035653 -11.7424937954245 -6.38757057386599 -4.15385415611338 -2.40335585229601 -1.14091661024768 -0.245691440677828 0.372731862154039 0.749037619586147 0.546235014449832 0.64227230795891
-9999 -9999 -9999 -9999 -9999 -9999 -9999 -9999 -9999 -9999 -9999 -9999 -9999 -9999 -9999 -9999 -9999 -9999 -9999 -9999 -9999 -9999 -9999 -9999 -9999 -9999 -9999 -220.037393607157 -266.183513541298 -242.046520676927 -222.450508523235 -219.215909901039 -195.172215845636 -161.402469464343 -129.221247422428 -96.3731585733612 -77.1349965314149 -69.903664186463 -42.6205944985991 -8.45916226379968 -2.65744056548801 -10.4287553874834 -15.6235366065913 -19.5133801893845 -23.4050507049691 -22.1572983806714 -14.6894755455326 -8.10885755779877 -5.0409121304432 -3.34297733002616 -2.07008462276899 -1.08435075315504 -0.529963136879006 0.170338679617325 0.353957705565278 0.198920247234206
-9999 -9999 -9999 -9999 -9999 -9999 -9999 -9999 -9999 -9999 -9999 -9999 -9999 -9999 -9999 -9999 -9999 -9999 -9999 -9999 -9999 -9999 -9999 -9999 -9999 -9999 -9999 -233.739393674514 -279.953516496061 -260.549370883607 -236.20140815641 -224.450818174457 -196.187407698312 -148.87058291853 -112.44968318092 -87.6617244684982 -75.7956921451601 -62.5285806105233 -33.8079016510715 -7.4079114411249 -3.4262085787098 -14.3305104124025 -21.1646375543098 -24.4395829967423 -26.1854205267075 -25.4064684305431 -17.1590225081137 -10.4495761513933 -6.76420799013825 -4.58239699445892 -3.26759872617083 -2.14862574236723 -1.31787307463077 -0.611187872849674 -0.287465755089038 -0.49043888621412
-9999 -9999 -9999 -9999 -9999 -9999 -9999 -9999 -9999 -9999 -9999 -9999 -9999 -9999 -9999 -9999 -9999 -9999 -9999 -9999 -9999 -9999 -9999 -9999 -9999 -9999 -9999 -243.914288176937 -291.647076074865 -270.926540714017 -248.272155394484 -234.981082101699 -198.303268176811 -140.960752126113 -100.349339772176 -88.3725204638765 -83.0853498084498 -67.6522841124567 -34.3924604262894 -7.49669526511091 -5.07849248490185 -17.852084918967 -26.5965395513295 -27.542223668895 -27.0313829725251 -24.3791711007636 -16.6259098878795 -11.2215633847257 -7.70345412332018 -5.40857090083187 -4.09922594877547 -2.98168276276084 -2.2020715572552 -1.40726279809767 -0.83939756304756 -0.918951693760272
-9999 -9999 -9999 -9999 -9999 -9999 -9999 -9999 -9999 -9999 -9999 -9999 -9999 -9999 -9999 -9999 -9999 -9999 -9999 -9999 -9999 -9999 -9999 -9999 -9999 -9999 -9999 -246.818776916011 -291.341961040643 -277.093904701205 -257.533067042059 -243.360217993548 -202.963607494716 -134.723118526538 -92.8237130093519 -99.5215558279121 -103.466648795981 -87.4882027804188 -44.4533905847039 -7.91774475541993 -6.20443850631778 -20.3797658037997 -28.9341040369062 -28.9530403067501 -25.1558056335293 -18.8833571010872 -15.0542692243804 -10.6716586785589 -8.0370568025939 -6.32932543266615 -5.43463784723959 -4.19824718629078 -3.04462547499108 -2.04316312884682 -1.35400862254278 -0.933287608199028
-9999 -9999 -9999 -9999 -9999 -9999 -9999 -9999 -9999 -9999 -9999 -9999 -9999 -9999 -9999 -9999 -9999 -9999 -9999 -9999 -9999 -9999 -9999 -9999 -9999 -9999 -9999 -238.310760693199 -284.139553280974 -288.920354192202 -280.339551144605 -261.124725790851 -210.594242609304 -129.684401034816 -88.0965243301143 -118.781987655571 -134.508088855005 -110.38987724909 -52.5417578351801 -9.52232143246539 -7.68469894619137 -22.8154293860939 -32.2252916755192 -31.3711883805999 -26.5860825392738 -20.0671158882135 -15.7998697734223 -11.6824870494992 -8.76518562313369 -7.27161733190815 -6.79805076410416 -5.51413136514944 -4.12207850417862 -2.83706836896961 -1.88527753399342 -1.29597409660624
-9999 -9999 -9999 -9999 -9999 -9999 -9999 -9999 -9999 -9999 -9999 -9999 -9999 -9999 -9999 -9999 -9999 -9999 -9999 -9999 -9999 -9999 -9999 -9999 -9999 -9999 -9999 -223.312633956836 -270.061661483886 -296.946528086758 -316.15171316178 -285.463885893363 -224.785777495232 -126.313067529517 -86.3026602238171 -156.415631381632 -162.891201044402 -131.984474181903 -63.2050208989347 -12.4302472911628 -10.7538378207469 -25.7584903404183 -35.661261903097 -35.9721198568057 -32.2830432235053 -28.3537068907264 -20.211091334927 -14.5024579033463 -10.4672841835548 -8.46727434928473 -7.98845612708339 -6.72487866488394 -4.63953646774336 -3.13845240672808 -1.79940116906202 -0.933072100070633
-9999 -9999 -9999 -9999 -9999 -9999 -9999 -9999 -9999 -9999 -9999 -9999 -9999 -9999 -9999 -9999 -9999 -9999 -9999 -9999 -9999 -9999 -9999 -9999 -9999 -9999 -9999 -212.736668145265 -261.856939519932 -301.529174673841 -320.242870914599 -291.772273715517 -220.112448735412 -112.47066578911 -79.6892678238601 -157.184379407217 -169.914639639896 -134.172621147804 -65.5462426423744 -16.5504931907204 -13.8599059997753 -28.2487437760816 -37.0200162063225 -37.6760985279409 -34.753420192996 -30.4920378127586 -22.7780750315464 -16.8204472222442 -12.4733666014916 -9.92342759619076 -8.64463699728825 -6.62989630415393 -4.65989916673915 -2.92827120411165 -1.38601409638607 -0.373875805521505
-9999 -9999 -9999 -9999 -9999 -9999 -9999 -9999 -9999 -9999 -9999 -9999 -9999 -9999 -9999 -9999 -9999 -9999 -9999 -9999 -9999 -9999 -9999 -9999 -9999 -9999 -171.46976146617 -206.541055479302 -255.874931907236 -297.511838692364 -320.842585383914 -283.985649734415 -213.32943032893 -97.9923110951853 -68.8708760413758 -159.421755633197 -156.016488317273 -124.697596152765 -68.367556107086 -23.3366394689834 -20.6348985798102 -30.0344243705111 -36.3139033024326 -37.0059477982545 -33.3515133363905 -28.988645662517 -23.2503650149639 -17.8898399977368 -14.3026989854716 -11.577134919422 -8.9463426268334 -6.83645660085522 -4.62962807048857 -2.84260599712596 -1.27110050331619 -0.107605226469474
-9999 -9999 -9999 -9999 -9999 -9999 -9999 -9999 -9999 -9999 -9999 -9999 -9999 -9999 -9999 -9999 -9999 -9999 -9999 -9999 -9999 -9999 -9999 -9999 -9999 -9999 -167.434517486828 -205.474075417744 -255.857152429027 -293.711548638928 -297.091254700139 -259.38093522754 -182.248232788232 -79.3579280904777 -50.5552816200149 -106.847338069472 -110.310991316025 -84.1368038871787 -51.3616863612067 -28.7830874887675 -26.5213287892141 -33.2968998280186 -35.9706671615542 -35.5085634913143 -32.5893254435527 -28.7273994649909 -23.770094037944 -19.2207169977428 -15.5644206516104 -12.0321601018169 -8.86638272273666 -6.12094134434871 -3.85521663797396 -2.08449318613834 -0.672549287530318 0.36635924047615
-9999 -9999 -9999 -9999 -9999 -9999 -9999 -9999 -9999 -9999 -9999 -9999 -9999 -9999 -9999 -9999 -9999 -9999 -9999 -9999 -9999 -9999 -9999 -9999 -9999 -9999 -167.000876065649 -213.446551051372 -264.397481274661 -285.90700011903 -284.962640549071 -221.61119925077 -151.226392976786 -61.0017714792849 -32.1735032451112 -80.8128252441759 -72.7755366631354 -51.5787132910156 -42.5356999397847 -35.6548112618272 -37.9527207903798 -38.6295277353756 -38.1917775007195 -36.6941049686842 -33.5893475801898 -31.3528424975178 -25.4983716106895 -20.3122230654495 -16.5266633416652 -12.2299630020639 -8.91722679221125 -5.98423075216404 -3.18510008812429 -1.46706692587275 -0.280158405805203 0.658609849663943
-9999 -9999 -9999 -9999 -9999 -9999 -9999 -9999 -9999 -9999 -9999 -9999 -9999 -9999 -9999 -9999 -9999 -9999 -9999 -9999 -9999 -9999 -9999 -9999 -9999 -9999 -172.957523763538 -224.125171354925 -264.598771606363 -264.745250115822 -227.979357757471 -166.71028108244 -89.0797038199667 -29.1536376805263 -19.6974303716599 -49.6267574877455 -55.7795246520178 -46.4408152767971 -43.9478852295802 -46.2145989945044 -47.7684019946115 -45.7578293331755 -42.3717444948816 -39.3874738948731 -36.1155162521877 -32.4917837794352 -26.4735925139721 -21.0808299709744 -16.9211541032957 -12.5912573561042 -8.99217557362321 -5.81407251646227 -3.14084749583854 -1.38839494934781 -0.18295743883909 0.654332651121719
-9999 -9999 -9999 -9999 -9999 -9999 -9999 -9999 -9999 -9999 -9999 -9999 -9999 -9999 -9999 -9999 -9999 -9999 -9999 -9999 -9999 -9999 -9999 -9999 -9999 -132.963665063044 -191.613810113177 -242.992100994794 -266.654806744972 -234.583947420128 -195.464643804375 -113.473505063995 -43.6585406393113 -13.4112725492587 -26.6160302408542 -67.625282308832 -62.1016169773885 -49.7662850591611 -55.2480541136035 -58.3890743006884 -61.6818762989301 -54.1909418329797 -48.424375059458 -44.2172896074438 -40.8140565653542 -38.0756576020157 -28.4914383886024 -21.5626090065009 -17.5169774663323 -12.9060168650743 -9.5553938464355 -6.28871925041099 -3.44880062796211 -1.63534070100117 -0.376627047078761 0.329146972776946
-9999 -9999 -9999 -9999 -9999 -9999 -9999 -9999 -9999 -9999 -9999 -9999 -9999 -9999 -9999 -9999 -9999 -9999 -9999 -9999 -9999 -9999 -9999 -9999 -9999 -148.126382444362 -208.439077337426 -253.380901866447 -256.449666284464 -203.944592512243 -143.472495028059 -74.5819644606201 -24.07453069927 -13.0598937160026 -36.5565735967003 -66.1824983294042 -68.0620165005407 -63.3269409974802 -67.3978758031354 -67.5581434426396 -66.8219665987176 -59.4874254532705 -53.0221422687286 -48.4229013027693 -44.8401394874775 -40.5150022255447 -30.394020510009 -22.8936413001994 -18.5211303186604 -13.9004286859515 -9.82386056527918 -6.46203404008565 -3.84877809859695 -1.99115063804691 -0.585004664641651 0.229026805337039
-9999 -9999 -9999 -9999 -9999 -9999 -9999 -9999 -9999 -9999 -9999 -9999 -9999 -9999 -9999 -9999 -9999 -9999 -9999 -9999 -9999 -9999 -9999 -9999 -9999 -152.43813453339 -211.934722126472 -256.782572516059 -242.883450473209 -169.380838614487 -111.556027044247 -50.0149308855952 -20.124078893792 -27.4358892598988 -49.0796234510373 -75.0619085175534 -73.0234365264301 -69.9096027581739 -71.8646548406179 -69.8591917115531 -69.6156834029257 -61.4571246713986 -54.7187344341277 -50.2055817814359 -46.1701987773071 -43.3185860607019 -32.4339108240383 -24.6541981610397 -19.7272829013955 -14.4983661049398 -10.4081911955776 -6.98952596932316 -4.26855839887583 -2.29423595817264 -0.785966049781554 0.00284243843942056
-9999 -9999 -9999 -9999 -9999 -9999 -9999 -9999 -9999 -9999 -9999 -9999 -9999 -9999 -9999 -9999 -9999 -9999 -9999 -9999 -9999 -9999 -9999 -9999 -9999 -123.953478258771 -190.001885262484 -229.323857264134 -205.183720662081 -133.983446821849 -72.6980781253045 -36.6274948388326 -29.7502470636473 -40.3263784969013 -60.0412989879772 -75.1868910953959 -72.4928866748731 -64.1322794407283 -63.7319584872392 -65.8326041815874 -66.1130908966042 -60.2964474737574 -54.3230482991602 -50.73581347272 -47.0455467528902 -41.9576091975085 -33.6846311835441 -25.9262618556853 -20.6889849032641 -15.6508367881442 -11.3556200876022 -7.64834117798646 -4.72118435381806 -2.7503320607878 -1.24711767178648 -0.426728733338573
-9999 -9999 -9999 -9999 -9999 -9999 -9999 -9999 -9999 -9999 -9999 -9999 -9999 -9999 -9999 -9999 -9999 -9999 -9999 -9999 -9999 -9999 -9999 -9999 -9999 -98.7921581410158 -163.12432278154 -206.727434527053 -177.676223152874 -104.644786880068 -52.0845911326086 -32.8198417746271 -41.1557962943165 -54.7349881298073 -69.639551246533 -80.6820552991717 -73.0640447013086 -62.4776611564378 -61.1424667009799 -62.6592133350215 -64.3533044827421 -60.1280254715692 -56.0925428969123 -53.7000112605158 -49.6145368138698 -45.2494682160441 -36.0684846188387 -27.7399216455339 -22.0819991421155 -16.6464256129996 -12.7985864455269 -8.83175111820771 -5.59156347266675 -3.4916700503041 -1.88291782072396 -1.16154307263817
-9999 -9999 -9999 -9999 -9999 -9999 -9999 -9999 -9999 -9999 -9999 -9999 -9999 -9999 -9999 -9999 -9999 -9999 -9999 -9999 -9999 -9999 -9999 -9999 -9999 -90.3873695973322 -145.986470768515 -185.079867416059 -155.003936734935 -90.6693821232 -47.5176430808944 -36.9258275539526 -48.8513391493506 -64.6694965121427 -77.6594497629475 -82.743800503165 -73.8059823757796 -65.2450188287646 -63.2321558418259 -62.5792725550976 -63.0216854824601 -62.0143940415083 -62.0936400635449 -60.0757171895036 -53.4624961881547 -45.8665487102349 -37.7319557434591 -30.2909017501601 -24.5139365094715 -18.87920110258 -14.2940129757184 -10.210851393224 -6.95530490676307 -4.81845290961149 -3.13094529261224 -2.36894611597271
-9999 -9999 -9999 -9999 -9999 -9999 -9999 -9999 -9999 -9999 -9999 -9999 -9999 -9999 -9999 -9999 -9999 -9999 -9999 -9999 -9999 -9999 -9999 -9999 -9999 -77.1250462240992 -131.534825466766 -180.937533892153 -150.589180749363 -84.0420643191616 -47.0751722164447 -41.9798792567663 -55.4523228941039 -70.0367735814979 -77.974631188854 -81.3269791535302 -73.6506571868281 -67.1482966793264 -65.070438305769 -62.6840610165115 -62.5746090067276 -63.4600555989966 -66.3678472044525 -64.5175951123032 -55.4973807864682 -47.3269832688343 -39.7243114619996 -32.6138639403807 -26.9886991923255 -20.9418272835296 -16.4966242772635 -12.2963752107984 -8.70386440482721 -6.42200287427342 -4.58614080899992 -4.03367824257837
-9999 -9999 -9999 -9999 -9999 -9999 -9999 -9999 -9999 -9999 -9999 -9999 -9999 -9999 -9999 -9999 -9999 -9999 -9999 -9999 -9999 -9999 -9999 -9999 -9999 -65.8898575133812 -119.871235513014 -186.468787628601 -157.738112430622 -87.7590115403328 -50.5846486029487 -48.9914430176862 -59.7684917747806 -69.9208087273472 -75.0896924021482 -74.8417465222911 -71.9508773137949 -68.7581184449729 -66.6912086461776 -63.1079470099187 -61.4330878404467 -63.7970619685123 -67.4380581547581 -65.8378890237502 -57.7514090696798 -48.8245841813753 -41.329782277588 -35.1119986301684 -29.3741896128823 -23.805058380065 -18.8937195970276 -14.2314820365552 -10.5765743962557 -8.18521807805492 -6.51779785640673 -5.83379388763657
-9999 -9999 -9999 -9999 -9999 -9999 -9999 -9999 -9999 -9999 -9999 -9999 -9999 -9999 -9999 -9999 -9999 -9999 -9999 -9999 -9999 -9999 -9999 -9999 -9999 -51.4970554570504 -101.938168622612 -170.502645671633 -161.63823319598 -94.5365607242033 -57.0439538030882 -55.118213910541 -63.8655455671446 -71.167599992219 -73.1344098712739 -72.7576459995449 -71.0868168929939 -69.2947245043466 -67.3788444169229 -62.9057628968242 -60.847857515678 -63.5045249293595 -67.8548304508558 -67.0101726214773 -59.1087594027304 -50.9487986229837 -44.1254322579024 -37.6236433442953 -32.260522126481 -26.2151035893162 -21.6707417698623 -17.3687739728073 -13.2395600563051 -11.0901770394321 -9.04989164644858 -8.3485969426764
-9999 -9999 -9999 -9999 -9999 -9999 -9999 -9999 -9999 -9999 -9999 -9999 -9999 -9999 -9999 -9999 -9999 -9999 -9999 -9999 -9999 -9999 -9999 -9999 -9999 -38.959290719936 -85.9225805503273 -145.596514839578 -154.131017563782 -101.577097406479 -68.8231731620423 -62.9395214300088 -68.3415338569133 -72.6065502330849 -73.0321601761024 -70.6218722475909 -70.6423855101828 -68.5494417836823 -66.2528768342382 -62.9587590371251 -60.4220427694205 -63.3863751865995 -67.9362864553921 -67.5390913632766 -61.2769689814446 -54.4925066485852 -47.1942988446799 -40.582921070594 -34.9086381193027 -28.848570817041 -24.6952203550829 -20.0590269722487 -17.0453867314681 -14.038251920398 -11.0802013517909 -10.9633085347813
-9999 -9999 -9999 -9999 -9999 -9999 -9999 -9999 -9999 -9999 -9999 -9999 -9999 -9999 -9999 -9999 -9999 -9999 -9999 -9999 -9999 -9999 -9999 -9999 -30.7807223674235 -34.8408651198023 -70.164794406662 -121.513360255099 -148.209250686045 -105.544428955536 -72.6597242977004 -67.7451348441358 -72.9584779409748 -74.8697492070001 -74.5766690850113 -72.8630039231715 -71.9404018590226 -70.4052924015155 -68.0932728103437 -64.9234997188087 -63.1721840742851 -64.5712342094704 -68.0688389458902 -67.7463242288912 -62.6885982150398 -56.3882941747742 -49.626317925877 -43.2081608414684 -37.4721006800265 -30.8776742204565 -25.5011836585681 -21.6390755650601 -18.7786245833677 -15.2281363129232 -11.2764392190917 -10.0910779749874
