data/03_saidas_enm/CCSM_SVM_21k_B.balansae1.asc
NCOLS 154 
NROWS 168 
XLLCORNER -112 
YLLCORNER -55.5 
CELLSIZE 0.5 
NODATA_value -9999 
[rows 50 to 74 of 168, columns 56 to 111 of 154]
-9999 -9999 -9999 -9999 -9999 -9999 -9999 -9999 -9999 -9999 -9999 -9999 -9999 0.142962592943907 0.14150898299581 0.133809864419719 0.130601201109712 0.128434818797396 0.126669791625357 0.118695971061227 0.101346260283788 0.0543714922983619 -0.0176013876959712 -0.0427176893326824 0.0173474111281961 0.0734458540967933 0.116243368039165 0.13820110369999 0.141429456827625 0.14267600983627 0.142849392877556 0.142826430029036 0.142265153886745 0.139038443357618 0.0970856920446757 0.0278630543606016 0.0263579067504723 0.111410464167629 0.15577312192068 0.164305375675997 0.29923364808837 0.167736555782662 0.147498933270183 0.0643261884508071 -0.0633656830983659 -0.12286875906778 -0.173391870928793 -0.174840841686536 -0.171663335293571 -0.135402065088842 -0.127220120596754 -0.079075106866335 -0.0435814485878337 -0.0194863511456764 0.00830983748862951 0.034555543289807
-9999 -9999 -9999 -9999 -9999 -9999 -9999 -9999 -9999 -9999 -9999 -9999 -9999 0.141694469507482 0.13290443131338 0.122216236397567 0.128056122880186 0.130946315755674 0.128201751208497 0.117083037586657 0.0928522967863981 0.0533144879310796 0.00599048451170864 -0.0126526140125658 0.0205749204383581 0.0620804154840486 0.100553865785937 0.120322398174797 0.127013245790977 0.134572128657727 0.137893796394955 0.137621143806653 0.135097896019636 0.123494990963527 0.0681143262283815 0.0087700057925168 0.0171409176380553 0.0931366151260011 0.138594436374802 0.149303391231838 0.194992403424606 0.141829921263023 0.110982421388755 0.0424570698431139 -0.0511205049095548 -0.103721273954897 -0.153133003241481 -0.155735830734427 -0.15586167917911 -0.133776866221042 -0.102715835461425 -0.0693034624586886 -0.0347584678552146 -0.0102164872845573 0.00968508004788848 0.0309559497088265
-9999 -9999 -9999 -9999 -9999 -9999 -9999 -9999 -9999 -9999 -9999 0.140841518304695 0.13438541595076 0.131737154007532 0.122521589842321 0.120393118092851 0.126307547584867 0.131840678751861 0.128561085842834 0.11537011455796 0.0963759515122353 0.0792041567568623 0.055396941837993 0.0542505097478785 0.0730464220827197 0.0844046630828391 0.0892735868583658 0.0862071656854268 0.0846306993084986 0.0893489203801116 0.105255683992172 0.0946659294836157 0.0983827221923432 0.0936342132105904 0.0475845175461644 0.016174045177796 0.0183357162516294 0.0628157966185023 0.072680692886621 0.0629300314474657 0.0658632854729845 0.0184226611540743 0.0108438379532494 -0.0355256037891338 -0.0957063559106786 -0.103117204274626 -0.144967558153796 -0.132686520515992 -0.121679857915529 -0.100226110182269 -0.0637110467392328 -0.0419241644255881 -0.0150362580727341 0.00212802713381194 0.0122280099103219 0.0306653412141065
-9999 -9999 -9999 -9999 -9999 -9999 -9999 -9999 -9999 -9999 0.138590753106412 0.131771299162747 0.128204712865923 0.129187084569434 0.129261759502109 0.126801044203317 0.123993054765003 0.122098188830865 0.120362562417829 0.114312632296975 0.104243600858282 0.0999703318017421 0.0999144679293373 0.0994063188929336 0.0994957917930427 0.0943748596132993 0.0802581835170879 0.0683270050618991 0.0640149601389034 0.0694123913235822 0.073691035648444 0.0690326074800995 0.0693034211288007 0.0824647872296224 0.073491507202571 0.0425238083261213 0.0275482364447535 0.0221202060374126 0.0142346220388483 -0.00521114337376649 -0.024271633673137 -0.0467828113469997 -0.0618000900891151 -0.0882997952671594 -0.120151349718069 -0.125996871089947 -0.123167714549184 -0.104389923657805 -0.085297285068954 -0.0616307913462161 -0.0329118309085455 -0.0165068606703156 0.0016743712539683 0.0122601293901304 0.01857635050738 0.032308294471478
-9999 -9999 -9999 -9999 -9999 -9999 -9999 -9999 -9999 -9999 0.120888469446659 0.124971396098711 0.1349612803098 0.136709044501019 0.135855794526878 0.129207415503366 0.114103715822245 0.104821058015374 0.109016829945958 0.111467665520896 0.110900123232121 0.108435389492756 0.108622074153832 0.10539544188819 0.0942408901389217 0.0872925538682739 0.0735558872028131 0.0656966134935024 0.0657696800186535 0.0706055267395957 0.0717671249046707 0.0590399550114715 0.0583960505689569 0.078531874674394 0.0920997310568789 0.0631261603995785 0.0443395029842622 0.00363973615194446 -0.0149516436404631 -0.0352459664436753 -0.0645310517088677 -0.0738180009072952 -0.0925567000344815 -0.109092431811521 -0.11522906175218 -0.107261680921929 -0.0928068514028293 -0.0640733569765785 -0.0406323010695995 -0.0176879391956613 0.00354905374955905 0.015178213032695 0.028239654225177 0.0364372645754141 0.0434866866942312 0.052343311776925
-9999 -9999 -9999 -9999 -9999 -9999 -9999 -9999 0.129379268521042 0.112711074203953 0.115947185074129 0.13011979600681 0.138550865324668 0.139196372206127 0.136485995456933 0.127035357422763 0.107961823317506 0.096668315291719 0.0976108432352757 0.0949556884274917 0.0992778535597952 0.0957912474573422 0.091937792368744 0.0886888545052837 0.0810169575169691 0.0749331909572477 0.0705268189449527 0.0747649539479721 0.0822667207381153 0.0828050530796024 0.0778817716951604 0.0595784708994926 0.0566579196186801 0.0766987637090685 0.0956128690829756 0.069730440510621 0.0322866710262699 -0.000580518599843094 -0.0291394842470047 -0.0570425403513557 -0.0817926410179498 -0.0920077670438428 -0.0991312110169689 -0.102240390136288 -0.0983612146398598 -0.0799986066228582 -0.0537245095995643 -0.0186236425637822 0.00705481761145249 0.0258467207264919 0.0455551358630475 0.0542409095736262 0.0649549852134693 0.068399179337142 0.0694296666050222 0.0768190086852674
-9999 -9999 -9999 -9999 -9999 -9999 -9999 -9999 0.109713533184826 0.118385459347483 0.13538925670093 0.139246364838655 0.140943452838704 0.139606451816594 0.136301489158618 0.124259758413829 0.109449914466397 0.0969047882855551 0.092144694262971 0.0891267947617448 0.083392035656391 0.0782922514228551 0.0784165246505495 0.0757997586314554 0.0723412946495546 0.076963442690055 0.0839296786639041 0.0945021057467872 0.100444169255399 0.100170356279076 0.0915357380698235 0.0683670638524945 0.0613840481921127 0.0747719789062744 0.100042472426262 0.0875118234606824 0.0516677053238672 -0.000447272761756823 -0.0268634724579313 -0.0434751919436019 -0.0630400866254548 -0.0699398403999505 -0.0768131010019528 -0.0694479863853399 -0.0463563110416392 -0.0234937728341009 0.00681923155506298 0.0376424371004072 0.0595231176859863 0.0738089215971214 0.0826923449075059 0.0856891156239533 0.0874572773926108 0.0882948556034042 0.0890397830397117 0.0929106847285138
-9999 -9999 -9999 -9999 -9999 -9999 -9999 0.12350970007566 0.112347469960611 0.127826383942917 0.140834497579733 0.141288388502732 0.142358017853735 0.140098816948228 0.136376162769441 0.126363765015757 0.112526663181562 0.100431943766026 0.099381002535974 0.0878551590544571 0.0801607626302883 0.0768278468627227 0.0737495474909126 0.0752922762601139 0.0821780407129043 0.08608306550394 0.0865729063047955 0.0861669568413143 0.087475621151845 0.0913774020730381 0.0944411524881695 0.0758965180864828 0.0697397787186201 0.0803207633013 0.0958048294550379 0.0929604246839485 0.0688251099608946 0.0235765138537495 -0.00522241352057318 -0.0263843902429881 -0.0413857857271046 -0.0364076874338947 -0.0235802233662222 -0.0059100897704123 0.0189789052712931 0.0403122291031037 0.0636458931522586 0.0820048369301971 0.0918642894534402 0.0947690105721332 0.0959580769884368 0.0981454645801891 0.103234867224223 0.10680127436468 0.108941539815997 0.110923009031756
-9999 -9999 -9999 -9999 -9999 -9999 -9999 0.120869551408194 0.119379780621472 0.135935728358541 0.139991456506159 0.138341878759469 0.142587597114533 0.141295542826345 0.137763167737373 0.130319285028014 0.120366504533472 0.112192198580755 0.104399826595059 0.0920950737580905 0.0807236949309995 0.0739999215741948 0.0723896377618674 0.0706952114921748 0.0679225774383767 0.0673115443060668 0.0677958438979838 0.0708462603198586 0.0718865412401175 0.0723249032454392 0.0755726433975225 0.0799180412929233 0.0801529635405963 0.0836936146987931 0.0949456887551915 0.098471481736077 0.0889095829898685 0.061359444208947 0.0429869051725273 0.0365197882240758 0.0301695918743576 0.0425565575651303 0.0516031757062436 0.0640543151712555 0.0756549972087196 0.0811688363511827 0.0818093921954109 0.0843694306420398 0.0868577851517169 0.078784778485864 0.0770003083725567 0.0795229785111705 0.0919964249214194 0.10397072330889 0.113646802705079 0.121555816734413
-9999 -9999 -9999 -9999 -9999 -9999 0.138770547199104 0.121505413035694 0.124554212148125 0.136322841583876 0.137120064774046 0.133288778938177 0.142444812564924 0.142309964008526 0.138322404578396 0.131426358233532 0.125568133320582 0.120193298422282 0.11647465556664 0.1034337459873 0.0899595544363728 0.0818087212871266 0.0753180793381234 0.0734235646615654 0.071102373845748 0.0696586877291416 0.0703960156769222 0.0743867735702767 0.0753297634693692 0.077913118421132 0.0816152026650252 0.084242327126926 0.0900543267457033 0.0930874817025034 0.0943654665325247 0.0988464900309915 0.0959579126473533 0.0880441814895871 0.082197436857662 0.0762467803417555 0.0766337810056524 0.0779664334361289 0.0779495278595664 0.0773878074330119 0.0718550198750098 0.0671321177118518 0.0639807638984369 0.0592022135112232 0.0628614393024934 0.0603684561973599 0.0610428241215581 0.0648307622506095 0.0760039598438402 0.0890467174461832 0.10306571012693 0.115701584965514
-9999 -9999 -9999 -9999 -9999 -9999 0.139309753920804 0.125946443033094 0.114820712640571 0.123238957931967 0.129156433596348 0.126441113251047 0.140428245350011 0.143017651076367 0.138915719356852 0.133231486039029 0.128837843661744 0.125622644178781 0.121810200967234 0.114661591034373 0.104661485609199 0.0960347109431114 0.0884623657541024 0.0867793534900875 0.0853877046564623 0.0839800485439203 0.0860027055196128 0.0886593618321023 0.0904991030662311 0.0934408957899661 0.0955718459736484 0.0984227397362024 0.101157870456317 0.0997276287465439 0.0963175863085937 0.0962248880565257 0.0932689831584183 0.0899662868114305 0.0869074388382055 0.0793678675732788 0.0743492620954012 0.065931144390268 0.061238543689679 0.0579533785107443 0.0545278860193091 0.0552613356339204 0.0572989463977262 0.0578978628412987 0.06160865818102 0.0650753210709232 0.067231324700354 0.0727576990048069 0.081739320329055 0.0923233368324555 0.103927268439351 0.113006343135782
-9999 -9999 -9999 -9999 -9999 -9999 0.139780575367987 0.125560740066349 0.0941024946509225 0.102273150948836 0.120094722243413 0.120602171427315 0.135725166614477 0.140923116596306 0.136488812965844 0.131484675608353 0.127775204575064 0.125327462225667 0.122721812000066 0.11996437242846 0.114244132374637 0.109266575306721 0.103737105620858 0.102522127770363 0.100039533721041 0.100040920820995 0.0999395461803076 0.103428198827818 0.104485590259903 0.10569271108145 0.107981264498605 0.107999805837067 0.110471045886075 0.108507631304843 0.1023461382912 0.0996512591321675 0.0929077842036025 0.0862489935964471 0.0826118351809254 0.0687490779224559 0.0620193844392318 0.0570265099951952 0.0558003159380424 0.0578299373027497 0.0602907999330259 0.0639258163951488 0.064753951393522 0.0677392463272117 0.0713920643069294 0.0732490790686413 0.0813242332140063 0.0837518740168006 0.0900550633277953 0.0961113209637968 0.102832522730966 0.107151524371825
-9999 -9999 -9999 -9999 -9999 -9999 -9999 0.121094663715942 0.0794126477066385 0.0756007396825846 0.113204726678226 0.116327289456039 0.128585737548327 0.134962633445644 0.130590272093191 0.126359839873045 0.123241512624633 0.121281538911427 0.118963940119847 0.118676305969203 0.11784010607379 0.115688708013091 0.113732865758591 0.112017545471017 0.110695160391958 0.11095026838255 0.111511094464194 0.112748519148717 0.113232308165265 0.11405703304232 0.115142492321148 0.116146505775625 0.11718621164198 0.115605622831162 0.11244752853073 0.108440211959419 0.101237225279334 0.0937219698059523 0.0888667045691229 0.0785909686751056 0.072234173525221 0.0669349938291314 0.0665630521523078 0.0693832576088499 0.0719464310321355 0.0743309809316278 0.0765642799404316 0.0777492393710775 0.0801024985725421 0.0809401746908496 0.0837596977087447 0.0854596054432986 0.0885975202135345 0.0906071763253535 0.0923965779937637 0.0942666525563736
-9999 -9999 -9999 -9999 -9999 -9999 -9999 -9999 0.0775703616781487 0.0618607581912713 0.138263996641247 0.117409469116009 0.120533318044251 0.127847983847576 0.123771190578809 0.12164053298419 0.117819665022447 0.118890580187197 0.11625872358181 0.117547809825764 0.116290358428199 0.114421646590667 0.112102625886797 0.11006229459944 0.1092171635136 0.108230978160502 0.110735732172352 0.111292382438348 0.111343182891242 0.111895542126658 0.111192728385934 0.113690369661665 0.115139719635149 0.115248731851738 0.11467056053239 0.112448738532362 0.10884899724894 0.103108989175754 0.0990819650591685 0.0897156638566288 0.0845462718642105 0.0800818357600524 0.0767953796274379 0.0781496296430592 0.0773269982180242 0.0782745482340909 0.0784018860315811 0.0771606833867614 0.0767669652964089 0.0748669442579942 0.0722653626105584 0.0710007367168179 0.066940629528793 0.066396877279888 0.0692953032151268 0.0698467908653543
-9999 -9999 -9999 -9999 -9999 -9999 0.123396082682137 0.100874815375779 0.0654934458522463 0.0719623776363855 0.115257044659955 0.115699994223187 0.114354269440217 0.117887319982193 0.114870848564853 0.116115864340718 0.117637384685366 0.114611640185878 0.1125282636621 0.113341276661039 0.112836816953149 0.110633122200047 0.108627820442844 0.105188573188308 0.101857473999779 0.100248002593004 0.0990033483959559 0.0988316513354258 0.0979228744098461 0.0966679397095893 0.097493445410386 0.0990996862786019 0.102290900027434 0.103250879897112 0.104677301186076 0.106133045519957 0.105053995870126 0.10344086200036 0.100787987681804 0.0945258181825777 0.0899547408884149 0.0831959012912802 0.0796812551770548 0.0785979122283308 0.0738654520651338 0.0708171298046739 0.065663949978626 0.0611372668064862 0.0568690967714864 0.0492342569199251 0.0446208960458849 0.0376764459085653 0.0328598923970992 0.0314850313601727 0.0297240549712272 0.0310676518169214
-9999 -9999 -9999 -9999 -9999 0.108112188809194 0.0853471146913897 0.066488757907178 0.0591222330583694 0.0788709188318569 0.113378140098171 0.11740799923122 0.112369943806353 0.11352708744199 0.118763391180064 0.128021079722767 0.125519765326911 0.113224344798168 0.108322507575996 0.117058259845403 0.114267502460175 0.111143329729494 0.107476285714168 0.102288149217111 0.0982173458584873 0.093083296989092 0.0909198158641554 0.0858255321837132 0.0820052512078975 0.0818519184650754 0.0803842928130183 0.0817395797895131 0.0836109343045027 0.0844793703396649 0.0898960278873059 0.0904008678641833 0.0918634574155641 0.093223019518437 0.091717510759618 0.0885489418515902 0.0845998794771932 0.0802737978145771 0.0732425490054326 0.0693624228535045 0.0608758662718749 0.0537852541603592 0.0479603563970495 0.0396356913090894 0.0342129307293646 0.0263873334668803 0.0196761243354912 0.0130500918525135 0.00301344607531423 -0.00176514099968017 -0.00486202363457477 -0.00354915500402531
-9999 -9999 -9999 -9999 -9999 0.07901865394676 0.0384206119281221 0.0349558590130263 0.0492520938289945 0.0812934233504589 0.105635090790122 0.114135526138735 0.116772592052699 0.12606797488283 0.141930975942437 0.147719498011262 0.133116172366536 0.122120897253414 0.116342714284628 0.113457045069184 0.117055798690786 0.117196541329951 0.11340220197836 0.107088446081261 0.0997590503696417 0.092748416819433 0.0862587891177621 0.0804793723068057 0.0755294776261241 0.0709216728576704 0.067926011793663 0.0673499477908788 0.0682450777490385 0.0680573538912185 0.0698665220994775 0.0725212704051373 0.0748908446285431 0.0778431303660165 0.0765876095515834 0.0746525485678864 0.0727789775662817 0.066823870780242 0.0616833673270573 0.0538457676895752 0.0436613685000471 0.0356956976103712 0.0270309276828938 0.0207684058497161 0.015529089199963 0.00590070319059016 -0.000813431369674267 -0.0109640009748255 -0.0190955357147566 -0.0228009423950085 -0.0275861560193409 -0.0295659331030022
-9999 -9999 -9999 -9999 -9999 -9999 -0.00218718361619297 -0.00257168088035353 0.0413826663175116 0.0761940031576792 0.0969508200957339 0.107047583972228 0.12418116521001 0.141713929494701 0.147694181744537 0.164231854544188 0.142513308354921 0.12543971762572 0.11490407228331 0.11469816325812 0.124069205730467 0.120963212804506 0.121269194918579 0.114699008665523 0.104763472032433 0.0966964157109882 0.0883118460100789 0.0817580840170984 0.0738774590872116 0.0656531944362049 0.0609224162734333 0.055374145157341 0.0544548880202563 0.0519769722519135 0.0524973964651515 0.0542397476689576 0.0543216199545442 0.0580412361614416 0.0563807557189535 0.054687188932841 0.0533229198600176 0.0462428293025058 0.0408121920740197 0.0344735594962754 0.0241350640966111 0.0176972235375825 0.00937751712197005 0.00224818576995067 -0.0043839253589848 -0.0143070492729203 -0.0199281532659532 -0.0293257118651574 -0.0358669697459775 -0.040628970368229 -0.0482683189140154 -0.0486325826151808
-9999 -9999 -9999 -9999 -9999 -9999 0.00515621443255654 -0.0570193285026467 0.0267537652923205 0.0858509808636916 0.107444843270235 0.114986061389546 0.122830413887529 0.130671094133311 0.138079726739592 0.135656694422666 0.133359557385413 0.12276397385845 0.118440834341992 0.115859071483354 0.122888608979553 0.127794917118405 0.130517355955265 0.123821620391244 0.113518048023211 0.103109052982515 0.0952098910262335 0.0888817322842175 0.0812567576522267 0.0709485675109351 0.0610233169717684 0.0556575350845543 0.0514053147552421 0.0464302663278552 0.0434073327017074 0.0410442462704639 0.0417923568923368 0.0432721932355107 0.0399074845592661 0.0381520600028702 0.0357770403607162 0.0310466353576206 0.0266261095382737 0.0199910454566096 0.0110562783503163 0.00456610972207994 -0.00479907170234217 -0.0131337096321796 -0.019576293103393 -0.0298362371947883 -0.0371295225444411 -0.0442495956675325 -0.0486721456105956 -0.0499955674157175 -0.0558275195538999 -0.0578349538546018
-9999 -9999 -9999 -9999 -9999 -9999 0.0725897702998699 -0.0719324987241106 0.00199137328716031 0.0856890020041741 0.112724793051442 0.121776414549934 0.131618651599285 0.138561039237182 0.141734984711703 0.139408563900376 0.121949198002975 0.110561937387788 0.102514027325256 0.10532021912689 0.121469688918428 0.12604005990164 0.131982846479027 0.127482616493429 0.11655211830785 0.108812839449394 0.101447026280786 0.0974427473287246 0.0904734435293986 0.0774559252246391 0.068588817922751 0.0617106011071358 0.0582219247854118 0.0514289694741088 0.0439815231178061 0.038687280883426 0.0326881691449957 0.0359559566932617 0.0312336618090569 0.023940961218672 0.0237045460441585 0.0136418404304053 0.0140310106961589 0.00937317884756633 -0.00316204667827202 -0.00559368626317047 -0.0165433895238661 -0.0232792984991842 -0.0305200204632824 -0.0443366960744074 -0.0472040391072216 -0.0548766413265147 -0.0581346630279241 -0.0592186966575997 -0.0644808166396538 -0.060935963893342
-9999 -9999 -9999 -9999 -9999 -9999 -9999 -9999 -0.0205538664683461 0.0694420954715878 0.121676847141474 0.125520340349652 0.134953345539728 0.141118503075165 0.145477869675276 0.14621216686835 0.12599171997578 0.0918366485490735 0.0879037620554723 0.0999053519013647 0.117630027738518 0.12950497310109 0.131273328315867 0.12582868826437 0.121656455460405 0.114665124780694 0.110003385922297 0.104855582187015 0.0994822419772051 0.0919980257476847 0.0836484594438184 0.0807337345723021 0.0782202838999129 0.0729026077245546 0.0654201480865151 0.055904339289078 0.0523341100615073 0.048577615472581 0.0403489364273812 0.0344852794764783 0.0272374470946189 0.0225673142242299 0.0179852788317064 0.0109335416825251 0.00248171265470981 -0.00479004269262906 -0.013280081822993 -0.0220129518792173 -0.0293248219257244 -0.0407704914806319 -0.050456721107484 -0.0575279312341721 -0.0624256260815103 -0.0606998613635218 -0.0605821443723434 -0.0577692473838727
-9999 -9999 -9999 -9999 -9999 -9999 -9999 -9999 0.0495698876498144 0.0449536668597423 0.122226841853102 0.123769082768441 0.13425133440756 0.140151227879857 0.145447493297763 0.151267194781099 0.135682528855247 0.0938991371366718 0.0854574700078599 0.0924372463080447 0.116922516019242 0.121798551724538 0.124554575007571 0.120790432774417 0.11836081356183 0.117473938033982 0.111699216851479 0.107948967481747 0.104894858324785 0.0993218822851993 0.0975164461470588 0.0980373006972086 0.100234053063409 0.0990703745008549 0.0928522819489451 0.0857537249679846 0.0775136777780524 0.0740707361866547 0.0646605217113445 0.0535892011009884 0.0470618078478584 0.0358393093845851 0.0330044001831697 0.024948977660315 0.0101812057322589 0.00517940671632433 -0.0036502165001997 -0.0106461746646618 -0.0193497000585033 -0.0368482155919436 -0.0448828519325709 -0.0547110597227563 -0.0607799187538093 -0.0594629147672454 -0.057360170848464 -0.0489576938061593
-9999 -9999 -9999 -9999 -9999 -9999 -9999 -9999 -9999 0.0279458244617168 0.0984385036622326 0.11605191934393 0.13147348986819 0.137425482886683 0.143314669932351 0.155643367395031 0.15126782494518 0.119287757089949 0.116477644469085 0.108590979614223 0.119760385165198 0.12323405998225 0.119111771759995 0.114664053929205 0.118288013248014 0.117265851573051 0.114115521413605 0.10830087315475 0.104188833783259 0.105889639323006 0.106672740554331 0.112561763022432 0.118833621757243 0.122693201694776 0.123938470124732 0.12002858902176 0.118966418356415 0.113663750928901 0.10378903728782 0.0965599309675204 0.0863613807577489 0.0788953378701531 0.0693270794472189 0.0556211636563644 0.043584344793575 0.0306677451108451 0.0242958773427223 0.0153577363180532 0.00222320871988246 -0.0131925279074823 -0.0291481043689767 -0.0397776768442681 -0.0474190056147523 -0.0474297836101135 -0.0442564608160618 -0.0352125174281568
-9999 -9999 -9999 -9999 -9999 -9999 -9999 -9999 -9999 -9999 0.071400357379643 0.115120020261021 0.128721584984896 0.133058725313214 0.14087331459036 0.158381762814498 0.176904622104498 0.161293099139638 0.164524894739711 0.137470884939646 0.130507984136167 0.121452719949548 0.122087704399474 0.11299289565478 0.112398470125547 0.11213386329092 0.109375234779008 0.106732679454102 0.104658525209452 0.10385296247932 0.10864906149952 0.117518250061247 0.128727285219188 0.139215050684155 0.147808307410305 0.152492826248717 0.154306384488004 0.156054470511109 0.149998895851838 0.14203476062479 0.13274225444742 0.1238278807621 0.118913700617509 0.105652299856489 0.0849560533934278 0.0698551894561154 0.0629586703204156 0.0556621022122585 0.0396942789740127 0.0143413313207537 -0.00456163588144454 -0.0163982605669645 -0.0248324035738853 -0.0290219292675828 -0.0326663095576408 -0.0269294557260389
-9999 -9999 -9999 -9999 -9999 -9999 -9999 -9999 -9999 -9999 -9999 0.128095743743491 0.124002250628002 0.124355567632682 0.135312567156587 0.158943893024829 0.192357691419209 0.211735825842871 0.210668179384859 0.154229369362409 0.147267525251573 0.126244945711377 0.124542348828065 0.12101407643907 0.111216540115074 0.108246465037469 0.104880206215323 0.104032519470023 0.100443233909236 0.102274883666596 0.106159544981403 0.115160120526726 0.131945846796347 0.145527024323728 0.161583168558923 0.175179535170142 0.184189070217563 0.189398438465356 0.188064594316503 0.186523886182805 0.178966452010149 0.171769823450797 0.171110706872682 0.158765800527822 0.139567388199736 0.128166106981383 0.119752045280924 0.108234022887929 0.0880952563776634 0.0570402884499205 0.0315963851220651 0.015276233331555 -0.00199427719569401 -0.0107403531411842 -0.0141520806604932 -0.0136264445563693
