data/03_saidas_enm/CCSM_Maxent_6k_B.balansae4.asc
NCOLS 154 
NROWS 168 
XLLCORNER -112 
YLLCORNER -55.5 
CELLSIZE 0.5 
NODATA_value -9999 
[rows 50 to 74 of 168, columns 56 to 111 of 154]
-9999 -9999 -9999 -9999 -9999 -9999 -9999 -9999 -9999 -9999 -9999 -9999 -9999 0.000270833290414885 0.000949627603404224 0.00354868615977466 0.00981578789651394 0.0346854440867901 0.0664911866188049 0.10405009239912 0.108083158731461 0.097541369497776 0.0786258354783058 0.0689244866371155 0.0520955733954906 0.0407290197908878 0.0302603077143431 0.0188689399510622 0.0123578272759914 0.0069957273080945 0.00495139742270112 0.00633976515382528 0.00921203289180994 0.0159165970981121 0.0330044701695442 0.050939679145813 0.0700621455907822 0.0847814008593559 0.0876289233565331 0.0905667766928673 0.0977001562714577 0.0929646566510201 0.0950473248958588 0.105185069143772 0.126842334866524 0.174847975373268 0.163235664367676 0.18353059887886 0.194738402962685 0.199591517448425 0.243689194321632 0.252818286418915 0.279497504234314 0.293539464473724 0.268740862607956 0.276722937822342
-9999 -9999 -9999 -9999 -9999 -9999 -9999 -9999 -9999 -9999 -9999 -9999 -9999 0.000316332123475149 0.00126424280460924 0.00582617148756981 0.0191219318658113 0.0451014339923859 0.0747538805007935 0.102623224258423 0.102613270282745 0.0950039476156235 0.0843071714043617 0.0742716863751411 0.0587468929588795 0.044438011944294 0.0324216149747372 0.02057995647192 0.0129683278501034 0.00806444976478815 0.00615047244355083 0.00817523989826441 0.0146329123526812 0.027455497533083 0.0488069094717503 0.0701100081205368 0.0881207883358002 0.0991266667842865 0.10114873200655 0.0994432643055916 0.10162229090929 0.0981919169425964 0.100673519074917 0.108731292188168 0.121797978878021 0.143506050109863 0.15237383544445 0.170779168605804 0.184952929615974 0.201588958501816 0.229766488075256 0.260604083538055 0.264186769723892 0.268714308738708 0.259543776512146 0.269883513450623
-9999 -9999 -9999 -9999 -9999 -9999 -9999 -9999 -9999 -9999 -9999 0.000289493094896898 0.000265176931861788 0.00094623543554917 0.00434368290007114 0.0140887051820755 0.0307220257818699 0.0586370229721069 0.0827581658959389 0.0920008942484856 0.0945944637060165 0.0857505649328232 0.0733081102371216 0.0606720522046089 0.043628953397274 0.0317118912935257 0.0196595303714275 0.0114675275981426 0.00650720717385411 0.00353725953027606 0.00272000371478498 0.00465600332245231 0.0103781940415502 0.0229183454066515 0.0471630021929741 0.0744701400399208 0.09999980032444 0.120671086013317 0.118349507451057 0.11443168669939 0.111910343170166 0.107335664331913 0.108555607497692 0.113235242664814 0.117388233542442 0.127388671040535 0.138877734541893 0.154094025492668 0.171252116560936 0.194344848394394 0.213520497083664 0.225802376866341 0.218910962343216 0.227228090167046 0.227183327078819 0.261543571949005
-9999 -9999 -9999 -9999 -9999 -9999 -9999 -9999 -9999 -9999 0.000484804273582995 0.000434532703366131 0.00171011907514185 0.0039472496137023 0.00788475852459669 0.017647186294198 0.0361373201012611 0.0601832941174507 0.0719085186719894 0.07352314889431 0.0705725625157356 0.0586195029318333 0.0461613051593304 0.0352224297821522 0.0242590308189392 0.0154137797653675 0.00887126475572586 0.00476909382268786 0.0026086219586432 0.00168200326152146 0.00160735321696848 0.00298746372573078 0.00804406218230724 0.0205872021615505 0.0440124459564686 0.0727850943803787 0.100204408168793 0.122419983148575 0.130024075508118 0.125774577260017 0.122360587120056 0.119538582861423 0.119629822671413 0.122056066989899 0.123161837458611 0.130955025553703 0.140104129910469 0.153494566679001 0.168765917420387 0.18424679338932 0.185023576021194 0.183035269379616 0.172425374388695 0.181742608547211 0.195996820926666 0.238699465990067
-9999 -9999 -9999 -9999 -9999 -9999 -9999 -9999 -9999 -9999 0.000688482017721981 0.0031776933465153 0.00918885320425034 0.0126473940908909 0.0135910185053945 0.0152968922629952 0.0288093779236078 0.047051265835762 0.0559944771230221 0.0511652156710625 0.0466561876237392 0.035928912460804 0.0262492075562477 0.018761558458209 0.0115174222737551 0.00674978084862232 0.00364599120803177 0.00192103674635291 0.00182811450213194 0.0017847417620942 0.00172553001902997 0.00200128462165594 0.00615487014874816 0.0172921977937222 0.0406551547348499 0.0689524710178375 0.088689386844635 0.109682582318783 0.12051834911108 0.129879400134087 0.135809153318405 0.133685693144798 0.134638085961342 0.137831509113312 0.1414605230093 0.150150895118713 0.153740212321281 0.1563880443573 0.155675679445267 0.1553605645895 0.161225199699402 0.169985711574554 0.174346342682838 0.187736511230469 0.209956511855125 0.279791533946991
-9999 -9999 -9999 -9999 -9999 -9999 -9999 -9999 0.0014176320983097 0.00111389847006649 0.00391462491825223 0.0100036831572652 0.0226450059562922 0.0260616429150105 0.0140458093956113 0.0121703138574958 0.0212964788079262 0.033257033675909 0.0382134951651096 0.0313008539378643 0.0230017639696598 0.0181932356208563 0.0139722470194101 0.00956847332417965 0.00531725259497762 0.00266312621533871 0.00206150882877409 0.00199189223349094 0.00192515063099563 0.00190286815632135 0.00194556335918605 0.00217407639138401 0.00445768982172012 0.014023682102561 0.0334533713757992 0.0573418140411377 0.0772406011819839 0.0920893251895905 0.103945091366768 0.112207643687725 0.11718562990427 0.121051341295242 0.122633494436741 0.126504898071289 0.13099417090416 0.135399267077446 0.139133155345917 0.136029094457626 0.13346740603447 0.134402811527252 0.138534426689148 0.153833657503128 0.168087542057037 0.184014320373535 0.201015174388885 0.257318943738937
-9999 -9999 -9999 -9999 -9999 -9999 -9999 -9999 0.00140046980232 0.00445146299898624 0.0166951771825552 0.0342816449701786 0.0412788204848766 0.0224441364407539 0.0178163833916187 0.0168496984988451 0.0151493567973375 0.0213594231754541 0.0232727434486151 0.0160031039267778 0.0100109940394759 0.00794041529297829 0.00636115157976747 0.00436042435467243 0.00247716787271202 0.00229695369489491 0.00222629378549755 0.0021448484621942 0.00213912059552968 0.0021761255338788 0.00224972004070878 0.00247102254070342 0.00332091771997511 0.0103351240977645 0.0256848596036434 0.044383455067873 0.0610073767602444 0.076976977288723 0.0849424302577972 0.0893785580992699 0.0914640203118324 0.090933583676815 0.0921326652169228 0.0920003205537796 0.0904802829027176 0.093020536005497 0.093329094350338 0.0936254039406776 0.0908050090074539 0.0873856991529465 0.091401144862175 0.103060886263847 0.123125523328781 0.153873562812805 0.176916196942329 0.247817784547806
-9999 -9999 -9999 -9999 -9999 -9999 -9999 0.00129043438937515 0.00241548777557909 0.0106589524075389 0.0387344174087048 0.0595626905560493 0.0406634323298931 0.0251783356070518 0.023825665935874 0.0225060544908047 0.0215641036629677 0.0170345157384872 0.0142954895272851 0.00854080636054277 0.00526678469032049 0.00436999881640077 0.00350406672805548 0.00314188655465841 0.00269368570297956 0.00253334874287248 0.00247828848659992 0.00245674629695714 0.0024529651273042 0.00249075726605952 0.00256015220656991 0.00273077329620719 0.00311645003966987 0.00773362023755908 0.0182358529418707 0.0318319015204906 0.0460616089403629 0.0594430975615978 0.0671924948692322 0.0678198933601379 0.0686455368995667 0.0646139159798622 0.0607966892421246 0.0586792156100273 0.0571337379515171 0.0568194650113583 0.0558620058000088 0.0536617040634155 0.0508726052939892 0.0516172237694263 0.0579354837536812 0.0670581758022308 0.0865106135606766 0.109715782105923 0.144158288836479 0.238277122378349
-9999 -9999 -9999 -9999 -9999 -9999 -9999 0.00212256703525782 0.00699263298884034 0.030094975605607 0.0675001963973045 0.0556658357381821 0.036183662712574 0.0296916570514441 0.0306320190429688 0.0315878801047802 0.0307995565235615 0.0262469165027142 0.0222981236875057 0.0159409679472446 0.0106541011482477 0.00849105883389711 0.00677701737731695 0.00665019080042839 0.0065524154342711 0.00577704329043627 0.0057060094550252 0.0050986772403121 0.00534297386184335 0.00631211185827851 0.00644523510709405 0.00690198596566916 0.0065662800334394 0.00674480432644486 0.0126956952735782 0.0214773360639811 0.0305920094251633 0.0402921624481678 0.0442709475755692 0.0426620692014694 0.0417181327939034 0.0364606007933617 0.0337567776441574 0.0306661427021027 0.0272317007184029 0.0265096984803677 0.0245123989880085 0.0225956551730633 0.0213347673416138 0.024231132119894 0.0319234691560268 0.0450728312134743 0.0622285529971123 0.0812385231256485 0.106467224657536 0.205743953585625
-9999 -9999 -9999 -9999 -9999 -9999 0.00341395218856633 0.0057450607419014 0.018517604097724 0.054301030933857 0.06716488301754 0.0524128936231136 0.0322630368173122 0.0305391661822796 0.036181665956974 0.0405546315014362 0.042429756373167 0.03945666924119 0.0347411967813969 0.0253358222544193 0.0173279419541359 0.0150646744295955 0.0134993707761168 0.0132455686107278 0.0120619675144553 0.0112431040033698 0.0108055928722024 0.01111757196486 0.0117312669754028 0.0115649327635765 0.0122256875038147 0.0121721662580967 0.0124279130250216 0.0126304803416133 0.0116978213191032 0.0144538003951311 0.0191885400563478 0.0225702691823244 0.024226576089859 0.0230266600847244 0.0202390477061272 0.0175724159926176 0.0143886068835855 0.0122088585048914 0.0141373192891479 0.0185011439025402 0.0218926593661308 0.0262017585337162 0.0311834961175919 0.0389560237526894 0.0505087710916996 0.0666763931512833 0.0934642031788826 0.117179609835148 0.128920942544937 0.155705451965332
-9999 -9999 -9999 -9999 -9999 -9999 0.00772901810705662 0.0125651471316814 0.0351976715028286 0.0805716589093208 0.0695947706699371 0.0507772341370583 0.0345461890101433 0.0357671715319157 0.0438012667000294 0.0516870208084583 0.0548263043165207 0.0517431758344173 0.0504151284694672 0.0413123704493046 0.0319891273975372 0.028039088472724 0.0253229010850191 0.024999126791954 0.0241585355252028 0.0223626978695393 0.0222201533615589 0.0219099689275026 0.0224009826779366 0.022883677855134 0.0225099697709084 0.0226274579763412 0.0218237675726414 0.0213237851858139 0.0204904694110155 0.0192701425403357 0.0185623187571764 0.0173138529062271 0.0169828627258539 0.0174409244209528 0.0172301083803177 0.018783176317811 0.0203118082135916 0.0232023037970066 0.0289760455489159 0.0349778346717358 0.0410117618739605 0.0462770089507103 0.0537429824471474 0.0667620673775673 0.0819715484976768 0.104008696973324 0.128657579421997 0.146748647093773 0.157992497086525 0.157974481582642
-9999 -9999 -9999 -9999 -9999 -9999 0.0128268767148256 0.0189593154937029 0.0541200153529644 0.11390332877636 0.10179340839386 0.0671355724334717 0.0430703051388264 0.0420858450233936 0.0520992539823055 0.0617355890572071 0.0672236531972885 0.0657230839133263 0.0635683536529541 0.0580076090991497 0.0474209040403366 0.0434532687067986 0.040346197783947 0.0389167703688145 0.0359475947916508 0.0338780246675014 0.0339095406234264 0.0356623865664005 0.0361200645565987 0.0349168479442596 0.0352052673697472 0.0338311530649662 0.0335246399044991 0.0324035137891769 0.0300416592508554 0.0294851511716843 0.0282099694013596 0.0283293817192316 0.02807642146945 0.0285488311201334 0.0303156524896622 0.0316919945180416 0.0362525656819344 0.0412599816918373 0.0483337230980396 0.0561620965600014 0.0625252798199654 0.0732377916574478 0.0843259021639824 0.0989764779806137 0.119846723973751 0.13458240032196 0.155582144856453 0.172074258327484 0.177294194698334 0.177667230367661
-9999 -9999 -9999 -9999 -9999 -9999 -9999 0.0280566159635782 0.071705549955368 0.149345546960831 0.132945582270622 0.088367760181427 0.0572482496500015 0.0530036240816116 0.0642638728022575 0.0797540321946144 0.0851910039782524 0.0833343490958214 0.0818228274583817 0.0797678604722023 0.0675270706415176 0.0617222525179386 0.0576207004487514 0.0554939433932304 0.053616177290678 0.0514098964631557 0.0527388341724873 0.0545793026685715 0.056946899741888 0.0565123148262501 0.0547660477459431 0.0537480190396309 0.0512010864913464 0.0497295223176479 0.0481422692537308 0.0458577610552311 0.0454386435449123 0.0447605364024639 0.0458302199840546 0.0488516539335251 0.0512222535908222 0.0563265942037106 0.0620249509811401 0.0699312910437584 0.0801011323928833 0.0889197364449501 0.100731983780861 0.111417792737484 0.124787084758282 0.144215151667595 0.162367954850197 0.178366705775261 0.190341874957085 0.199143931269646 0.205204367637634 0.199216336011887
-9999 -9999 -9999 -9999 -9999 -9999 -9999 -9999 0.087267629802227 0.169690728187561 0.169579207897186 0.106958821415901 0.0703790113329887 0.0649702250957489 0.0794609636068344 0.100673750042915 0.107904702425003 0.10728570073843 0.103658258914948 0.0997205004096031 0.0863005667924881 0.0812545493245125 0.077287919819355 0.0747857764363289 0.0724843889474869 0.0718275755643845 0.0736752897500992 0.0774270817637444 0.081722266972065 0.0796309113502502 0.0789853632450104 0.0751482620835304 0.0723318532109261 0.0698220729827881 0.0666883364319801 0.0652745887637138 0.0638284385204315 0.0645312443375587 0.065990261733532 0.0687857270240784 0.0745003223419189 0.0805313512682915 0.0902711898088455 0.100572519004345 0.112175524234772 0.127732932567596 0.137106403708458 0.15071015059948 0.160550817847252 0.175649628043175 0.18852624297142 0.203074112534523 0.213440537452698 0.222336545586586 0.224672228097916 0.220523700118065
-9999 -9999 -9999 -9999 -9999 -9999 0.0390337072312832 0.0483813397586346 0.112848699092865 0.164199098944664 0.147989958524704 0.109043322503567 0.0779814645648003 0.0768178179860115 0.0950868129730225 0.1181570738554 0.127049401402473 0.127412840723991 0.123379431664944 0.120941080152988 0.116145588457584 0.109156712889671 0.102987833321095 0.100015312433243 0.100258804857731 0.100942641496658 0.104390189051628 0.108328521251678 0.106235563755035 0.104825809597969 0.104394413530827 0.104311428964138 0.101774856448174 0.0985352396965027 0.0953535437583923 0.0922792032361031 0.0920388475060463 0.092102125287056 0.0947172939777374 0.0998506546020508 0.10546487569809 0.114605322480202 0.124521270394325 0.133985221385956 0.143197283148766 0.150281339883804 0.157104387879372 0.162231460213661 0.171866491436958 0.188131332397461 0.201641082763672 0.214988812804222 0.222680866718292 0.225844219326973 0.226436942815781 0.216153874993324
-9999 -9999 -9999 -9999 -9999 0.0818575024604797 0.0524341054260731 0.067942388355732 0.136745244264603 0.142525166273117 0.132103011012077 0.106112867593765 0.0816261544823647 0.0839084535837173 0.10528364777565 0.135146737098694 0.14022496342659 0.140317693352699 0.1397894769907 0.136842221021652 0.137328892946243 0.136569872498512 0.132581040263176 0.129376664757729 0.130326181650162 0.134364441037178 0.136196464300156 0.133857369422913 0.12950012087822 0.124614000320435 0.125273525714874 0.12559312582016 0.125843897461891 0.126387029886246 0.126945525407791 0.123477026820183 0.123478561639786 0.124727144837379 0.128065943717957 0.13229475915432 0.136076599359512 0.137987583875656 0.13954208791256 0.144694626331329 0.154512777924538 0.162793055176735 0.168508753180504 0.174818903207779 0.184334278106689 0.200342133641243 0.216784656047821 0.224429219961166 0.233902290463448 0.232307404279709 0.22150744497776 0.202313408255577
-9999 -9999 -9999 -9999 -9999 0.0777644738554955 0.06285610049963 0.0870744660496712 0.118143275380135 0.119888953864574 0.114966847002506 0.0981158912181854 0.0843779668211937 0.0905515551567078 0.110586531460285 0.136493489146233 0.1409010887146 0.139971300959587 0.14218732714653 0.147838622331619 0.153986051678658 0.153275385499001 0.152573704719543 0.152678608894348 0.155445441603661 0.156743362545967 0.155942425131798 0.153584912419319 0.149000763893127 0.14263342320919 0.141399562358856 0.146563217043877 0.149081438779831 0.149813026189804 0.151592627167702 0.154854312539101 0.161405667662621 0.161892607808113 0.161549493670464 0.1594517827034 0.156747341156006 0.157568886876106 0.158194735646248 0.162307366728783 0.170909479260445 0.178185194730759 0.186262562870979 0.192856982350349 0.201674267649651 0.214556738734245 0.223562523722649 0.231797233223915 0.2340929210186 0.230774253606796 0.224246814846992 0.210150256752968
-9999 -9999 -9999 -9999 -9999 -9999 0.0739443376660347 0.0831131786108017 0.0945842489600182 0.0938451811671257 0.100222639739513 0.0892357975244522 0.0804277360439301 0.0877321735024452 0.104552961885929 0.132825806736946 0.133896306157112 0.13298961520195 0.138134568929672 0.147302150726318 0.15781407058239 0.160299718379974 0.16353851556778 0.166586488485336 0.170684739947319 0.173701077699661 0.171607106924057 0.168535336852074 0.164766058325768 0.162306666374207 0.160217717289925 0.158570170402527 0.16461592912674 0.169191852211952 0.174951016902924 0.180019393563271 0.192659571766853 0.19581101834774 0.19144968688488 0.186960160732269 0.181045070290565 0.182223036885262 0.182347759604454 0.185691580176353 0.192262887954712 0.197739496827126 0.207313165068626 0.215389549732208 0.223739489912987 0.233889430761337 0.235555455088615 0.240480437874794 0.237296208739281 0.231884196400642 0.228508055210114 0.220045119524002
-9999 -9999 -9999 -9999 -9999 -9999 0.0720027685165405 0.0648617967963219 0.0709298625588417 0.069648876786232 0.0739131793379784 0.074106752872467 0.0653080940246582 0.0727022513747215 0.0881121307611465 0.105569295585155 0.115953244268894 0.122382797300816 0.131446197628975 0.141978517174721 0.151856273412704 0.157899156212807 0.1627017557621 0.166192963719368 0.170980036258698 0.174493134021759 0.177619129419327 0.180121243000031 0.179754599928856 0.179651767015457 0.179631575942039 0.181917026638985 0.186156988143921 0.19316777586937 0.204324007034302 0.214363381266594 0.227375581860542 0.231675684452057 0.225539237260818 0.218806535005569 0.212602153420448 0.211189270019531 0.210259214043617 0.212131530046463 0.217227533459663 0.222535833716393 0.23097737133503 0.23931884765625 0.247853100299835 0.258825480937958 0.262729465961456 0.256720989942551 0.246189445257187 0.237654000520706 0.231082454323769 0.219677492976189
-9999 -9999 -9999 -9999 -9999 -9999 0.0705202966928482 0.061633475124836 0.0583063326776028 0.0551815070211887 0.0633016154170036 0.0745933651924133 0.0657865405082703 0.0652411878108978 0.0801217779517174 0.0921645313501358 0.106262892484665 0.119079239666462 0.132094368338585 0.141064360737801 0.149970576167107 0.157909378409386 0.163654267787933 0.168362647294998 0.173554867506027 0.176770374178886 0.183698371052742 0.191707074642181 0.195170551538467 0.197456553578377 0.199394479393959 0.205409586429596 0.21288751065731 0.222478821873665 0.236804515123367 0.249232426285744 0.262812405824661 0.27349528670311 0.266452610492706 0.25885134935379 0.248914435505867 0.247845202684402 0.243682950735092 0.243905365467072 0.248407572507858 0.250076979398727 0.258343011140823 0.265256255865097 0.272872924804688 0.284850418567657 0.289588421583176 0.274153560400009 0.256562739610672 0.243015915155411 0.233478099107742 0.220833644270897
-9999 -9999 -9999 -9999 -9999 -9999 -9999 -9999 0.0551960133016109 0.0545504093170166 0.0753437057137489 0.0775534510612488 0.0716803967952728 0.0751887261867523 0.0841341018676758 0.096626952290535 0.108137853443623 0.129071846604347 0.144912660121918 0.144425645470619 0.152545541524887 0.160615772008896 0.167807757854462 0.172838643193245 0.174984261393547 0.179084673523903 0.187766522169113 0.199933782219887 0.206584855914116 0.210837513208389 0.216704070568085 0.226000398397446 0.239358901977539 0.251734435558319 0.264497935771942 0.281541496515274 0.294987082481384 0.309294432401657 0.31079438328743 0.301156491041183 0.291582196950912 0.286398231983185 0.281900316476822 0.279536515474319 0.279483616352081 0.280212253332138 0.284762263298035 0.28997802734375 0.294382363557816 0.299488425254822 0.297132641077042 0.283637642860413 0.26371243596077 0.248659074306488 0.236049696803093 0.221771091222763
-9999 -9999 -9999 -9999 -9999 -9999 -9999 -9999 0.0741655752062798 0.0647296756505966 0.104999370872974 0.100481458008289 0.0855741277337074 0.0969352498650551 0.106650643050671 0.11710063368082 0.126690834760666 0.152739703655243 0.169301047921181 0.15944492816925 0.162956550717354 0.169817864894867 0.177549958229065 0.182003617286682 0.182206466794014 0.183627605438232 0.193460792303085 0.208186089992523 0.217181161046028 0.222961187362671 0.231713101267815 0.245314717292786 0.263504564762115 0.277724802494049 0.290531545877457 0.306579440832138 0.326960444450378 0.340195924043655 0.353821605443954 0.351279824972153 0.33889564871788 0.332819730043411 0.324717998504639 0.319376796483994 0.316362202167511 0.312144249677658 0.313724517822266 0.314426869153976 0.313367962837219 0.312800019979477 0.307121872901917 0.294731974601746 0.275512129068375 0.258156329393387 0.242178201675415 0.226290374994278
-9999 -9999 -9999 -9999 -9999 -9999 -9999 -9999 -9999 0.0840722769498825 0.163236603140831 0.132328614592552 0.109527207911015 0.132895961403847 0.15286859869957 0.164595320820808 0.158921524882317 0.185947895050049 0.202393144369125 0.178433373570442 0.177929416298866 0.181686237454414 0.190503537654877 0.195500791072845 0.190225198864937 0.190387174487114 0.199630364775658 0.214901253581047 0.225187733769417 0.230304464697838 0.239946454763412 0.257343620061874 0.28093346953392 0.298492610454559 0.310442060232162 0.325482070446014 0.345971792936325 0.370176434516907 0.381991893053055 0.393184572458267 0.387889981269836 0.378550380468369 0.369962066411972 0.361297607421875 0.351823180913925 0.343615472316742 0.34104135632515 0.33736526966095 0.331683754920959 0.323986738920212 0.314469784498215 0.308561772108078 0.29968473315239 0.282645612955093 0.255877315998077 0.233795419335365
-9999 -9999 -9999 -9999 -9999 -9999 -9999 -9999 -9999 -9999 0.147614032030106 0.138770386576653 0.148571237921715 0.192025169730186 0.235723882913589 0.248951569199562 0.225718006491661 0.235747382044792 0.243002220988274 0.209958374500275 0.19655305147171 0.197218954563141 0.203310966491699 0.205821692943573 0.20477706193924 0.2026486992836 0.209605559706688 0.222794651985168 0.232383042573929 0.238763108849525 0.249762162566185 0.268304318189621 0.293059974908829 0.313007116317749 0.328696966171265 0.346665918827057 0.366791486740112 0.388568848371506 0.409573137760162 0.420824527740479 0.430170863866806 0.429940670728683 0.417683959007263 0.405957609415054 0.39328807592392 0.380690932273865 0.373019129037857 0.364051252603531 0.352359503507614 0.340837210416794 0.328599661588669 0.324057906866074 0.319664508104324 0.304900050163269 0.279507577419281 0.261421501636505
-9999 -9999 -9999 -9999 -9999 -9999 -9999 -9999 -9999 -9999 -9999 0.0938804522156715 0.186187207698822 0.283101260662079 0.340974539518356 0.363499283790588 0.315556079149246 0.30080458521843 0.296825885772705 0.243745490908623 0.210286557674408 0.210529655218124 0.216386839747429 0.218724071979523 0.218225196003914 0.216557592153549 0.221145078539848 0.232131630182266 0.241260081529617 0.246446967124939 0.257409781217575 0.27636194229126 0.302111715078354 0.325063526630402 0.343716412782669 0.366950392723083 0.386239588260651 0.409082859754562 0.429706603288651 0.447947800159454 0.45691967010498 0.468723356723785 0.469277858734131 0.45403003692627 0.4349604845047 0.419117778539658 0.406947433948517 0.39355856180191 0.380392223596573 0.364641219377518 0.350166440010071 0.343504369258881 0.329213470220566 0.323700696229935 0.321518957614899 0.319679856300354
