data/03_saidas_enm/CCSM_Maha_21k_B.balansae2.asc
NCOLS 154 
NROWS 168 
XLLCORNER -112 
YLLCORNER -55.5 
CELLSIZE 0.5 
NODATA_value -9999 
[rows 50 to 74 of 168, columns 56 to 111 of 154]
-9999 -9999 -9999 -9999 -9999 -9999 -9999 -9999 -9999 -9999 -9999 -9999 -9999 -1269.71770147458 -632.568717418173 -285.185841531712 -172.557893185699 -118.427635267501 -98.0962990957279 -84.4083921089452 -80.2932072224345 -64.9485855941543 -48.2852373542183 -47.0275998774651 -70.679874137812 -100.321492703027 -149.059066275547 -241.309285171365 -317.917855236215 -429.528759008005 -488.329278505312 -437.790826078385 -323.539004491624 -215.407386387507 -107.686421624386 -57.9650854031247 -39.8146751019145 -27.3318648542593 -23.1546975884234 -20.3731617700795 -11.995868154009 -15.4998032701278 -14.2309421045389 -15.0746372947886 -17.6019890136756 -12.217353742343 -19.6649168625986 -21.1325520021509 -24.5196951298174 -30.955276533244 -29.8947240040877 -37.3647725492247 -37.7691621590381 -33.3285963021568 -27.3692652558923 -24.674741433672
-9999 -9999 -9999 -9999 -9999 -9999 -9999 -9999 -9999 -9999 -9999 -9999 -9999 -768.11981953067 -449.930330042583 -236.721531903487 -149.460827850397 -108.897601351828 -89.6826165246419 -75.9991654554984 -67.2303840060572 -57.7693569073335 -49.6238922199065 -48.499101456309 -62.5115799622119 -83.6443898239669 -125.21906522606 -188.885085543452 -248.596218632357 -322.855550328292 -367.902018097998 -324.522277257567 -253.108888105003 -164.390681577876 -92.4703703371545 -52.9013939834449 -33.5667689486133 -23.3506206353567 -19.3441004945283 -16.9742448930066 -13.5961426288374 -14.9512329194767 -15.6383426786409 -16.487446501859 -15.9045585603063 -14.6329305511112 -17.6620347631182 -19.5660664181067 -23.1139600830362 -29.6001668125672 -34.1665649892062 -36.2652860187398 -34.7400802549035 -31.8966271130212 -27.3384991430777 -23.9379117139395
-9999 -9999 -9999 -9999 -9999 -9999 -9999 -9999 -9999 -9999 -9999 -718.431339800971 -543.274058569127 -467.58960148218 -333.632062448591 -202.420882383686 -141.107270009854 -100.238151270889 -78.7118950613539 -65.5201143260912 -58.4319809401314 -49.810605455522 -47.1089459597872 -51.3250556757396 -68.5051884262071 -85.0444533584168 -114.207769204859 -172.673071849003 -221.044611031147 -275.075444769357 -317.555327348477 -257.803751500522 -193.138870866544 -125.928065638167 -69.0813532655635 -42.2872757918993 -31.4922193605636 -24.0454498028762 -21.2029761136539 -19.601577684767 -18.0720037857401 -19.9818034558483 -20.0908105730568 -20.9978730672166 -21.2338400428821 -20.292231383748 -23.5893273555717 -24.7692827150165 -27.8881725061196 -35.1644890134226 -35.5573425854755 -33.836030282456 -32.1060041572845 -29.8738381005231 -25.947281805592 -22.956876710747
-9999 -9999 -9999 -9999 -9999 -9999 -9999 -9999 -9999 -9999 -592.021060738381 -459.413350231927 -325.506601084447 -298.687066253125 -303.253485288474 -230.526283034205 -150.701912544612 -102.780049010994 -78.5840770482472 -65.4341383098818 -55.3241870946438 -54.5093255789385 -56.7870321251881 -67.7066822457191 -88.0588662748204 -109.642015904841 -147.07708557517 -194.656822765079 -243.565376216656 -295.569439562578 -308.900908802549 -254.334488170255 -175.88919795929 -112.936826511573 -58.4913511392405 -35.8617134335788 -29.0508907074615 -25.8570147183128 -23.7434330641399 -22.681267065617 -22.2555230639913 -23.380205944348 -24.0064458072348 -26.2020561020901 -28.5656169674361 -30.7378889610863 -32.5994860778098 -35.04077476312 -37.4651612500129 -37.3312593155838 -35.0081867837861 -34.7648884533636 -31.883663164684 -29.9208178025968 -26.9406664587403 -24.3033161184419
-9999 -9999 -9999 -9999 -9999 -9999 -9999 -9999 -9999 -9999 -321.948999342346 -240.301003433511 -203.16234306326 -217.082016068842 -246.793474055563 -278.560491289496 -194.508213878834 -122.767263275807 -91.3544481238854 -78.4169123723785 -70.4801535295247 -81.014260749138 -85.5668821782015 -99.4086149981533 -131.017635555479 -152.441799276515 -199.531651458285 -252.818591995427 -299.657962552366 -344.412709388367 -352.95019777427 -282.439725523542 -190.981980773347 -124.161702868519 -62.43139746233 -34.3450475777544 -28.4214642217593 -26.4245046817995 -24.9690562513986 -24.3776007393804 -24.7617463214622 -24.9040667321751 -26.0255197299525 -27.9202636589646 -32.1369857690225 -35.516677526084 -38.6254307997015 -38.5325140047179 -38.8812041195574 -37.8745775226935 -36.4330330694034 -35.5160940533738 -33.5885604271801 -31.8617876178028 -29.6511822682796 -27.8983916842088
-9999 -9999 -9999 -9999 -9999 -9999 -9999 -9999 -405.21581278084 -263.917073777926 -170.727001569072 -158.441675604988 -149.418578794389 -164.450702386353 -212.866864215414 -275.84876502188 -226.114611099623 -149.032872425802 -117.41623290882 -116.179806596209 -110.789610479092 -119.481739858084 -132.976662482773 -148.69753797257 -179.087351947311 -219.415920934186 -267.558512369332 -322.97401139652 -374.695289586241 -386.007409094758 -375.634207112407 -292.457171943084 -208.780647272639 -132.948128888315 -73.9569706385243 -41.6049351674117 -29.5637424965514 -26.1112683475677 -24.925227604357 -24.7130679449207 -25.5756372900654 -25.5558619305552 -25.435588831277 -27.1931697349205 -30.6830143654602 -33.3810956107784 -36.1783337480783 -37.6858241623756 -38.3329926188747 -38.9848666535091 -38.8906999798842 -38.0908627718533 -38.1345701302391 -37.127899810189 -34.7970896514111 -34.7961225474538
-9999 -9999 -9999 -9999 -9999 -9999 -9999 -9999 -273.797688089395 -153.526997588687 -104.153996484133 -110.527896110335 -119.598550206054 -142.773632479063 -178.507111549254 -219.784857192692 -218.218816219219 -179.155406466199 -154.236144299997 -153.986700797026 -169.404146661922 -184.144242331532 -185.829798081663 -208.027031611321 -258.104895600751 -307.279984654823 -349.307533956783 -395.521366071495 -420.039427003294 -427.401908942071 -401.028016332296 -309.663838651833 -216.315830470721 -146.352985948535 -81.9577017468258 -51.1758773278118 -36.7022517171413 -27.6623793040456 -25.3123972222118 -23.7310531530185 -24.0701557476745 -24.0579777566731 -25.3881634009152 -26.794196089818 -30.9740126554039 -35.1312094502601 -38.8477217394827 -43.3651067389809 -44.8833945483432 -51.281353238629 -54.7718633596772 -54.2832906841664 -51.9861656965362 -47.5365566164185 -42.8724544851178 -40.8853628366907
-9999 -9999 -9999 -9999 -9999 -9999 -9999 -301.335617962758 -191.116054804984 -115.200798151453 -98.9556627127818 -109.223825465457 -114.394055119954 -122.50067590782 -146.089058887371 -174.837029623341 -169.461511690283 -167.504409960127 -154.391907419767 -195.756863220045 -232.434805950868 -248.669668756733 -261.322236040258 -285.132547281901 -327.848096814087 -352.069930066805 -359.723787962423 -356.849014690094 -369.35841898941 -378.797521252504 -385.838235397265 -313.743688127314 -224.583730752683 -153.00213148888 -98.3264126039367 -68.1390197949248 -47.9053688778617 -36.0240785212616 -31.4507000615867 -32.8190863560966 -33.5058954871201 -36.8605000656891 -44.9572204488576 -47.6944292404228 -55.8784193702538 -59.1514543820434 -65.30718213217 -76.2098878177572 -74.8207855616233 -83.9846094011787 -84.7355289415249 -81.5737392948946 -74.6096608550701 -64.6313247778107 -54.581571534862 -49.0112578800835
-9999 -9999 -9999 -9999 -9999 -9999 -9999 -227.513968332887 -139.906277813312 -88.6443833327144 -101.462008489313 -115.685791226315 -113.258205564457 -108.635241208323 -111.452575385628 -119.566191481111 -118.275521843387 -119.761058280946 -127.005794187739 -154.019094628278 -192.81718747877 -225.397760184668 -252.394675044558 -253.607129801691 -257.657019149284 -267.585031886108 -267.526401523611 -276.572793283182 -273.931778372469 -266.415761698229 -268.991168389814 -266.338705205495 -218.80003954913 -161.980315571785 -114.468486602065 -85.0522993129523 -65.8076541373214 -52.3036540238302 -50.819627046429 -55.3048548290155 -60.0188239683974 -67.2702477231044 -71.8401305161936 -79.8071402200688 -93.0410453902793 -102.876268698333 -117.972001141188 -120.724632360446 -125.278226327309 -140.070398242631 -144.12736737491 -139.959420542839 -115.584589498784 -96.8623364271927 -82.3983435572061 -68.930995859541
-9999 -9999 -9999 -9999 -9999 -9999 -270.839773319597 -157.437637731417 -92.5524870920465 -81.4572372607264 -111.376786954594 -120.889698722467 -113.705558763267 -101.502515821854 -93.2542455944179 -91.7384756189422 -87.6023731625971 -89.3822710741406 -91.0077751861526 -117.635130116249 -154.397762311076 -174.078573116838 -193.770405367741 -197.890730072848 -204.223045094935 -207.565674120964 -210.194380840169 -202.714214172818 -202.003713292312 -205.687084906052 -199.505221743668 -204.486346136526 -201.88525982223 -160.844728830064 -126.020510520795 -101.635677677671 -89.4891462944438 -81.0701040201432 -79.3733031062429 -83.6032547106552 -90.0087597036242 -98.2900299241952 -117.866294323424 -126.615832367209 -150.397552846457 -164.775494900176 -176.085354691986 -202.907103419348 -205.498505858792 -222.16738925408 -209.163538195141 -193.988282590321 -163.355618865352 -139.10281223728 -121.781853675653 -99.2966873836756
-9999 -9999 -9999 -9999 -9999 -9999 -216.209685424694 -113.767822439322 -74.2465555325944 -75.8814903991279 -103.396618806877 -115.140848699727 -106.07274080891 -93.3381877411032 -78.8378600547702 -70.3032439001479 -67.6586997280269 -68.3191717824328 -71.1806122460814 -85.4018334211035 -108.362893904781 -125.160830351894 -140.875181184635 -141.580902324372 -142.849617897045 -147.488738198659 -143.755511401488 -141.727012806512 -139.76435044236 -137.467990478691 -139.837251331873 -139.649429743864 -143.536438635156 -149.733835898933 -142.714982785254 -123.333415715665 -115.044344563526 -111.614571907836 -112.147938211612 -121.524803595211 -132.775275550497 -157.12060825364 -180.156675202072 -196.042954565699 -233.484544779562 -230.682204874811 -220.905007790652 -205.016250356751 -183.459710868627 -168.975694622178 -159.423246122467 -144.34448319018 -129.441921013745 -112.594998902907 -96.9448323489735 -86.2747821355819
-9999 -9999 -9999 -9999 -9999 -9999 -181.966067213019 -96.3616618654374 -73.3959947726725 -69.3762416808934 -85.0735858635879 -100.339014781301 -97.8013205355742 -84.7626378024741 -70.1022122938155 -61.1468901963292 -55.4150380934559 -54.2849393778901 -54.8093791579405 -66.2029242247661 -83.2951077097012 -91.9006629513636 -101.938573743526 -102.414857434667 -105.917131196883 -105.893418715137 -107.184627933512 -102.306104472934 -101.957163586878 -103.801321512417 -101.680216182426 -106.961918219925 -106.799759121968 -113.167528122636 -126.994912740601 -132.007816632764 -136.748041754047 -140.451901128844 -144.240681765248 -161.154910337677 -180.408178761776 -192.982268503381 -197.740875661041 -191.243611341734 -196.826152720088 -181.075398138177 -172.191014932153 -159.606019832512 -143.911775494924 -136.437922809027 -120.662325233631 -115.923300257817 -104.353471294315 -91.4648810893844 -82.1587040563845 -73.4339285406573
-9999 -9999 -9999 -9999 -9999 -9999 -9999 -91.5544874532031 -77.3502994420747 -62.0055169162414 -69.0412739864085 -84.8778375775363 -86.9416663707301 -75.6888953773804 -62.3099055403639 -52.1240637275669 -46.7617769224689 -45.4246485809064 -45.7976013742403 -51.1583264291881 -59.7871242622257 -66.1956382713733 -72.2206298356795 -72.7426613591677 -72.285965059733 -72.8243964383172 -71.0483722581447 -70.7350710985808 -70.4113477297483 -69.8767776170366 -71.6337476033701 -72.2694411406147 -75.4340122320161 -79.7470834760844 -86.4711167198661 -95.8700267807418 -106.955816858828 -120.107715975084 -127.60795304125 -135.504640279933 -143.058869515515 -149.900636944834 -152.978005670812 -145.829061692067 -145.09909983725 -139.04185861346 -131.505903876474 -122.045094362908 -108.84723464188 -101.187664962482 -92.2147941684094 -85.1131486467612 -74.4408323925442 -67.4318105128827 -59.9329762735388 -56.2884694468597
-9999 -9999 -9999 -9999 -9999 -9999 -9999 -9999 -82.827618580376 -57.5969607694617 -60.0118750750182 -73.2319980099099 -78.4510013606553 -67.9025592474142 -56.7894188841519 -47.2775064481919 -41.2007101185795 -39.5776453015041 -39.7812328608089 -45.1923699817832 -52.0575521288693 -55.7363113528697 -58.9566916738434 -59.406092001588 -58.6622341839109 -57.1344949439472 -54.5284322077765 -51.6033906833531 -51.6842386533748 -52.5554313215103 -52.6611695262766 -55.1079648174995 -56.6621699478834 -60.2498289488446 -66.3418504441476 -71.6526077152099 -80.2833875085563 -90.154771751981 -96.5073190989949 -109.131178535226 -111.357330260515 -114.953692962081 -117.150520332702 -111.897759284185 -112.618289016132 -103.868358221037 -99.1128708131585 -92.5545295566045 -84.8481885068076 -80.3387069205267 -74.1513145423275 -71.1107417399738 -65.8866035583521 -58.1927153825539 -50.607176855961 -46.0063428209963
-9999 -9999 -9999 -9999 -9999 -9999 -100.823837387527 -85.6424414937114 -76.5180144647352 -59.4256696036505 -63.3971370533593 -72.292462965329 -69.9921433166193 -60.2406332376332 -50.0075350296529 -40.3823214136306 -35.8102348122427 -34.864952624545 -35.4208170972895 -38.1049425866896 -42.0978918795862 -44.9363666218499 -47.4878225634674 -47.1865010911 -45.1647430165854 -43.7060773134663 -40.9363731665194 -39.3029488301708 -38.5322451546795 -38.6913134005221 -39.6999346045097 -40.6810784857492 -42.5171452945063 -44.3363977675959 -47.2957487528878 -51.6830778851415 -57.3875644748993 -64.7001818838909 -68.9174726111649 -78.0602346525208 -85.578762817049 -88.590608906658 -89.5907854307035 -85.0591661699065 -83.5213293511448 -80.0873547157491 -75.6962652154899 -71.4987064426475 -69.6568712005613 -68.700575841812 -67.7758375754461 -64.6893030280555 -61.3432841009447 -58.414743533376 -53.9349411918448 -49.5116812142279
-9999 -9999 -9999 -9999 -9999 -95.010738204346 -74.3504321757098 -77.415224735484 -67.5388779440893 -62.4632066311624 -74.0208940563976 -71.5270705159369 -61.6226684027069 -51.9044655064343 -44.5800987756321 -34.7118430953766 -30.6738995312573 -30.8239199259916 -31.4340481996551 -34.6189907352501 -36.8241624417302 -37.5677240022598 -38.9459069554934 -38.3738702962801 -36.5490075287358 -35.0786929936746 -33.6806668719757 -32.3883396378698 -32.0321168706698 -33.0921969212888 -33.4372222174363 -34.101017506682 -35.0377288842074 -35.6520030869454 -37.6378697200562 -39.2280759832119 -41.9127094841406 -46.4781493777983 -49.1868769701651 -58.3340585825611 -61.2524341275071 -63.972185421129 -69.036921605752 -66.4633158947546 -66.972283807306 -64.0840260787345 -64.2938241194136 -66.1534349023374 -65.5290570579763 -65.2243740777161 -63.8063580679664 -60.4719345985373 -57.2883133443978 -54.5022633354962 -52.7207500820511 -52.4282554179716
-9999 -9999 -9999 -9999 -9999 -67.5231928624542 -56.319084870716 -71.4102450635419 -64.037259051782 -69.4552261110607 -75.4500431066742 -74.440571759831 -62.431480582789 -49.3451746529248 -39.2373777372086 -31.8701005641514 -30.2168478708281 -29.9009424931121 -29.579733360147 -30.8240423944947 -32.2123542939885 -32.8593091828696 -32.8329922095814 -32.1877146352747 -30.9705068247673 -29.9529041322599 -29.1056578662658 -28.7878729173353 -29.1329731485298 -30.2028131431388 -31.4976445978575 -32.4726538584579 -32.5741451586748 -32.3069798700465 -32.0843067846719 -32.5223570367231 -33.4562209365099 -35.3996496650285 -36.6729987733692 -40.1326023954249 -43.6414669968763 -47.8407777570967 -50.8389349934721 -54.9853821306802 -58.5073894137557 -59.8029466323536 -60.5948274298133 -61.6439959114098 -61.3949691729129 -60.4359671449779 -59.6276597860113 -56.9490116855374 -54.5597779487443 -52.6832234799823 -51.0665687937344 -50.331420162734
-9999 -9999 -9999 -9999 -9999 -9999 -42.285983215596 -55.0618232654278 -59.5929145731371 -76.3452332421369 -92.6270170594421 -89.8210968730452 -71.2298764090576 -54.3402314138522 -44.2896496814804 -33.0179299532766 -30.9631575501859 -31.4415167057112 -30.1686435019348 -30.2663434683264 -30.9396138429539 -30.4487006111317 -29.7940314794821 -28.9843753521242 -28.1305724167018 -27.426336985898 -27.2673056824575 -27.4902351321363 -27.802407973503 -28.8245504156578 -29.5333072411126 -30.0886105267408 -30.8565737743111 -30.3191701968118 -29.8134254471242 -29.1910949621052 -28.5512275709851 -28.8993978626469 -29.8014794473477 -32.5897704687992 -36.9582323289382 -41.2044218877522 -47.5362007232336 -52.0549855842199 -54.0920474595658 -55.4722304939225 -55.7731565412233 -56.8221503509828 -56.4644264173593 -56.1763706076369 -55.8510392334013 -53.7852668563611 -52.4176334186486 -51.0194380880165 -49.3246125336234 -48.9772330785258
-9999 -9999 -9999 -9999 -9999 -9999 -32.7614800914266 -38.0520634786477 -46.5815565375863 -80.285866137894 -111.971309917674 -110.545378171928 -93.4455979887313 -74.9619555555789 -58.4213806713783 -48.0480126149409 -38.6465590399865 -35.6753065047154 -31.692908470342 -30.6430614581261 -30.6063225291486 -30.5567735570883 -30.3782556074232 -29.7567117142443 -28.3679555986667 -27.5477928679329 -27.8177395801461 -28.6051986137086 -28.8847118939344 -29.1550621148785 -29.1214516708703 -29.4771404420819 -29.4108721571053 -28.2389969090351 -27.0027820350436 -25.798973609171 -24.9221847570174 -24.7389772309233 -25.3577600019309 -27.6415213684003 -31.4457589611377 -35.967490993608 -41.4221102627928 -45.564034628774 -48.7371098841441 -49.8722546843551 -50.4079290823887 -51.0049223957525 -51.3205571708488 -51.5009797605785 -51.7122001023867 -50.7380784384491 -50.0411024460702 -49.5681224547786 -48.6690641913961 -48.9256615443049
-9999 -9999 -9999 -9999 -9999 -9999 -30.3740267690186 -31.4996874803773 -36.5705426943626 -78.3794058950144 -128.242648439335 -134.304442397375 -117.350318529677 -97.2559086634351 -77.8126480395354 -62.4103122243498 -47.1698368925392 -38.5695297251524 -33.7751816230086 -32.2297833353194 -32.4442530255946 -32.9531616739556 -34.2573875675655 -33.5511892520385 -31.0512365594927 -29.4461953261176 -29.894549104223 -31.4588553984483 -31.2112672397594 -30.706160655288 -29.6787695545823 -29.1242480469489 -29.1176941988945 -27.3409972933699 -25.2166583204117 -23.5541908122771 -22.0305341519628 -21.4558651094452 -21.5622795201675 -23.3357130840141 -26.1954979447019 -29.561660636098 -34.319712397184 -37.9032472505703 -42.8748305709119 -44.4375950053228 -44.5755932469505 -45.6616762539261 -46.3690331698539 -47.2003981629214 -48.4389733155105 -47.788411849944 -47.5767683118151 -47.7027530902846 -47.5910151184661 -48.954784216256
-9999 -9999 -9999 -9999 -9999 -9999 -9999 -9999 -42.4946410187332 -68.5200852818941 -127.652817536786 -146.316287205361 -132.091672923411 -113.971011079885 -90.7419765982931 -73.4794693370938 -53.5644742681943 -37.7265468361293 -30.7417191008795 -32.5574884404561 -35.402539190512 -36.8123148473146 -39.646913397179 -39.5052251063244 -35.7284517631852 -33.326387670743 -33.6437653147574 -35.5551687198178 -35.2000295573643 -33.6094426955293 -32.1399408664932 -31.1699741413011 -30.5416967690978 -28.1522228362057 -25.4148915313864 -23.0853777091948 -21.0117138564048 -19.6097282686872 -18.9617045963101 -19.3534876066558 -20.9763758052005 -23.5179218255369 -26.6500164449456 -29.5863772580027 -33.1931289790234 -36.2994243253614 -38.3018308430798 -39.6349928505407 -40.5929607077306 -41.9045637874925 -43.2474582124161 -45.1953760142076 -45.6471199929746 -46.5175112072739 -47.9686819984473 -49.4171420670612
-9999 -9999 -9999 -9999 -9999 -9999 -9999 -9999 -38.7191955757331 -60.6476499887291 -119.597127716681 -148.328916113671 -144.263188233531 -125.352974908215 -100.090647538613 -79.5143657725676 -55.7613719687531 -34.4901897745331 -28.6686834863796 -33.9750280886139 -38.9116513013462 -42.0548523324297 -45.9438419263535 -46.0104728630139 -41.1470180290143 -37.872768475814 -38.2821643842267 -40.6215158468331 -39.8213976308117 -37.6748672376152 -35.5541960603551 -33.5628685752195 -33.070329664267 -30.2044261699525 -26.6613828711161 -23.9016252054599 -21.2878057549919 -19.2850891539627 -17.7259644476545 -16.9122404250197 -17.1428587437964 -18.2733553537807 -20.2625586264398 -22.3059636762981 -25.3217395087617 -27.8423802070838 -29.3311038757737 -31.1284215066215 -32.5822872707644 -34.4723346972958 -36.7325914931985 -39.1532926952068 -41.7859337510814 -44.957515955403 -47.997588453185 -50.4251731989224
-9999 -9999 -9999 -9999 -9999 -9999 -9999 -9999 -9999 -60.2160111458162 -90.4219787227605 -135.6932407939 -145.8973955962 -133.757748198126 -105.185035741724 -80.0673670299967 -58.4542990191175 -33.2211518341991 -26.8840367666439 -34.8370736066832 -42.1478030472063 -46.6454711618326 -50.3730969252486 -50.6451804377679 -46.1524736902464 -42.9559731229102 -43.2603792891678 -45.0285838826576 -44.7382267448985 -41.9677989110658 -39.7353768370534 -37.5562836054016 -36.1151348957936 -33.1102743610471 -29.5070967345968 -26.5620679611667 -23.2835157732963 -20.8926242393242 -18.4866533603678 -16.4526851881217 -15.327328832309 -15.2571831664247 -15.7234938565934 -17.0104890638803 -18.8966409967183 -20.9466811677782 -22.7401059586321 -24.2108478860253 -26.3232953514676 -28.9555194056372 -31.578387833869 -33.9500334638542 -36.4703569458835 -39.6915292383908 -44.7284869347645 -49.2557456673021
-9999 -9999 -9999 -9999 -9999 -9999 -9999 -9999 -9999 -9999 -79.635406042689 -122.891476481102 -145.848356291924 -134.337523170957 -106.505544912846 -78.4451645842387 -56.0799605446164 -33.9503584924012 -27.2273464819049 -35.9934823895545 -44.3166306030756 -49.6834740941648 -52.127663995568 -54.2527558287566 -51.3653027048952 -48.8637979766445 -48.7976200960863 -49.9257367311236 -48.9416183983932 -47.0555946518766 -44.3988016372048 -41.5928821971582 -40.1262278296198 -36.8828963412854 -33.3162552984186 -30.3190662997336 -27.046407834502 -24.1265094517858 -21.2965869573632 -18.1713156089796 -16.1842781580488 -14.9515428932845 -14.1043344152043 -14.043717796525 -14.7460051064795 -15.8895313077594 -17.3979637189356 -19.2003194077572 -21.5107746386391 -24.2940211036219 -27.2085742374667 -29.6108851071741 -32.2955738440527 -35.8370199422006 -40.5159526271728 -45.1826761852003
-9999 -9999 -9999 -9999 -9999 -9999 -9999 -9999 -9999 -9999 -9999 -124.13515060549 -138.914915178524 -132.818743615728 -105.22526611675 -75.6097304962893 -57.3042854235933 -36.3077460905967 -30.2501869746783 -39.9701775055751 -43.9328101421135 -50.5410945575174 -53.6460725871303 -54.2491921444257 -55.2993480224754 -55.1239248102456 -54.6401533681283 -54.2711706001251 -53.6684617574542 -51.6354997857002 -49.1768104605663 -45.5983787330134 -41.7197576154954 -38.4903365143149 -35.4696308691607 -33.0491353488354 -30.385160110039 -28.5633082261276 -25.4796455691111 -21.810854141005 -19.4976380720069 -17.0989267392843 -15.4237480674239 -14.1824562967617 -13.3917019478139 -13.4669181055456 -14.5545559513648 -16.0910143587537 -18.1868579790425 -21.0616987924162 -23.9066812145913 -26.2850498698377 -29.3794007894902 -32.4798081256475 -35.4417656317802 -38.2676210285703
