data/03_saidas_enm/CCSM_Maha_0k_B.balansae1.asc
NCOLS 154 
NROWS 168 
XLLCORNER -112 
YLLCORNER -55.5 
CELLSIZE 0.5 
NODATA_value -9999 
[rows 50 to 74 of 168, columns 56 to 111 of 154]
-9999 -9999 -9999 -9999 -9999 -9999 -9999 -9999 -9999 -9999 -9999 -9999 -9999 -2144.98710741109 -1307.52066631442 -665.792617002538 -318.165778959887 -148.970646800665 -97.0267518973978 -78.7789846125491 -103.472459164575 -120.25945029553 -157.334952892874 -194.884023733452 -261.282775594749 -330.348369233869 -407.501201191169 -530.216977290044 -647.585136200524 -777.621084801445 -870.868994708603 -761.724726669935 -605.800954984622 -410.510960516239 -202.316837229053 -75.736414978576 -32.9010858410943 -17.7458422674194 -13.2476789935284 -10.5133014179835 -5.39197224900886 -7.76770461137422 -8.39903849763328 -11.624500690032 -16.9149319742719 -19.2764564380263 -25.5154720468333 -29.7103522301248 -35.818741152001 -40.7993560657024 -42.9593121907041 -42.6910428578786 -41.4999343643048 -41.4856325476087 -37.5241100802351 -28.1924876311847
-9999 -9999 -9999 -9999 -9999 -9999 -9999 -9999 -9999 -9999 -9999 -9999 -9999 -1080.68545713576 -745.668878219212 -487.235049277324 -261.489321316413 -150.624250914212 -105.192710426558 -102.647523165403 -111.645668506482 -132.73464891811 -160.846225246558 -199.202807638656 -261.456003922211 -337.614075136852 -439.591571769614 -566.10802546183 -709.236156121741 -867.231582180847 -950.083061275122 -882.283446195663 -716.142984732118 -494.863535316599 -273.984973297317 -126.84433582372 -51.7121155680012 -20.0340166581938 -13.4885356263855 -10.719718967763 -8.63774813829107 -10.038077480866 -11.1653307626776 -14.6450162822082 -19.0616135008348 -20.8176474779057 -26.8551161905649 -31.1483031588653 -33.2153399018671 -33.7514537569648 -32.9477468760147 -34.2689371078326 -35.5949586065594 -38.0470435083857 -31.7222836460706 -22.4864097836236
-9999 -9999 -9999 -9999 -9999 -9999 -9999 -9999 -9999 -9999 -9999 -1046.5145141438 -743.98157793319 -525.956435874488 -369.018928303205 -322.326641157905 -236.629004398992 -159.088353712947 -139.392048150154 -143.111547292975 -158.596283248935 -188.039784141985 -229.828389082759 -285.572139907391 -373.102573431189 -466.310170025688 -585.852931057308 -723.491746918473 -868.133064467261 -1025.20783995988 -1103.43827096381 -979.280733496457 -784.24905782577 -549.420166962454 -315.908713792213 -166.224073852953 -82.9553284374551 -34.1739028619881 -18.8699955155859 -16.2312963727869 -14.8060085277868 -15.837124783875 -15.715901918148 -17.8914865788153 -22.6674690271452 -24.0143099117984 -29.9585974059583 -31.5787163394379 -32.6170631752335 -31.0183068402966 -31.2953999805043 -32.3602322148736 -34.3378497011956 -38.0030388836337 -27.7532936353875 -18.8316689886082
-9999 -9999 -9999 -9999 -9999 -9999 -9999 -9999 -9999 -9999 -956.955806878463 -651.036019134846 -385.909548983214 -278.956615516155 -287.780561247343 -302.229671895126 -273.028503804249 -214.555865073136 -188.070038447425 -193.125246989815 -213.954658249287 -265.886473289148 -328.978151650376 -401.868184954046 -494.753829056367 -605.259818420295 -739.215876737421 -886.642635506409 -1031.52751362534 -1149.09296867997 -1178.88559900942 -1028.39007702346 -798.289785714222 -553.593949357895 -333.842036619388 -183.65784197281 -100.158397737868 -54.1679024176385 -32.067914537526 -23.8088275778693 -23.2901404343438 -22.9831547914712 -22.6430041462156 -23.9806552879437 -28.7113140049477 -31.2960026167698 -34.9782368513404 -36.7826562722012 -38.42264830573 -38.2515868097884 -37.2621280477853 -39.5650614338475 -41.1645851775384 -45.0161997450592 -28.734466510983 -19.3205672820385
-9999 -9999 -9999 -9999 -9999 -9999 -9999 -9999 -9999 -9999 -545.672804454849 -305.436550072217 -185.557096483827 -175.172533309693 -212.646375948041 -312.490904875841 -346.439989091282 -277.798273287827 -253.355834938177 -276.315028947136 -302.972560390303 -370.86340658464 -447.207721545562 -530.068641516411 -641.886397922943 -760.49580065626 -899.817835578552 -1049.10669468329 -1093.547072542 -1080.06163802758 -1141.35953894832 -1030.1813454686 -804.991711116513 -563.008557416692 -346.137056562763 -202.040756046464 -128.479877932335 -79.2529189158127 -55.8514214965998 -40.9618975051619 -33.2371907760804 -32.1642709474725 -31.6463931786967 -32.7840928410645 -36.5995065822384 -40.5979506453551 -46.0918146578682 -48.0377113091638 -50.552506671117 -55.0139191190904 -55.1427698583486 -59.9040635389917 -61.9218387801003 -60.9546460247773 -34.8781879697426 -21.5948549690044
-9999 -9999 -9999 -9999 -9999 -9999 -9999 -9999 -713.425442905989 -412.784049074629 -214.616144738662 -148.76452267001 -117.251504052159 -125.539997451455 -194.594531128644 -278.098981205958 -347.891425525374 -348.912626979073 -336.870798058565 -389.052263622269 -460.989821333569 -518.023185794264 -576.012771311585 -663.023134343964 -790.208114504927 -831.888764183985 -867.505493323782 -865.115649106969 -882.511155900165 -910.175288045752 -903.268969056792 -864.454008600992 -792.85767941063 -577.982595682054 -382.139002047533 -244.064978062956 -165.36589615644 -119.350702439397 -90.6952989666711 -75.2162317303977 -66.8602778194264 -59.4777429953116 -57.0424640872282 -56.7087197132426 -61.4643962337323 -69.0836371630509 -80.3606010863357 -93.4420677064944 -101.789779115603 -103.860461426416 -105.675300478214 -103.987469235875 -104.988787032017 -94.8815211816222 -49.3249073545768 -25.4729667904026
-9999 -9999 -9999 -9999 -9999 -9999 -9999 -9999 -507.564539425165 -224.230270118096 -86.3972663874791 -75.4534796777156 -80.7087483719983 -113.89080487765 -176.779037548715 -251.038477629659 -294.085015444198 -348.241851414206 -375.457284053516 -441.953904217702 -523.124319775569 -560.393331254558 -597.350513513209 -610.54442479053 -642.402919207747 -670.210936080741 -684.258577034195 -707.619643241846 -711.361191904386 -703.820603770441 -692.823311432271 -671.14543811212 -647.996056770298 -609.762313262233 -424.531050600416 -297.332903729399 -221.872582323799 -169.076415755859 -143.737137999409 -130.437065996361 -127.621176081291 -128.070924732877 -128.057558011659 -130.205764641632 -141.25307977256 -150.705394720641 -169.043798292702 -181.068757688601 -190.545577939346 -195.941984038093 -189.737813004803 -178.842301273313 -162.969383138724 -125.723932238736 -64.707799908005 -31.9583644531886
-9999 -9999 -9999 -9999 -9999 -9999 -9999 -612.486316556351 -367.116180016264 -152.911163333678 -62.8651300650065 -59.790628025918 -69.4269215264649 -93.8119109398838 -147.517628556865 -222.401306875788 -251.842088143782 -285.475345205179 -308.613496499253 -377.963428950994 -447.19113895187 -467.905771228812 -490.055006807902 -501.311444482271 -526.745433617992 -556.408176001118 -559.039278021414 -555.057038084024 -558.557504175709 -560.976762214001 -561.59079965097 -548.76106448561 -532.476832000828 -509.580586295921 -483.766489974019 -374.119088293812 -293.859375419066 -238.783364902659 -215.99667197695 -216.053823375675 -218.528034431951 -230.792440113081 -242.615930382059 -248.470889663146 -259.892719097806 -276.901947460622 -300.280788776765 -316.786557421816 -327.832087046199 -323.804958717515 -302.442485868804 -273.369744619116 -226.896877054347 -155.351820103744 -79.3002105755568 -37.1293908492062
-9999 -9999 -9999 -9999 -9999 -9999 -9999 -488.611935270082 -258.943435501733 -91.6260646956532 -46.8102937103075 -55.2812110451958 -65.19673520105 -81.044700622676 -121.22757540736 -174.191562389764 -202.376806647192 -231.894456306365 -251.782222451888 -294.412170931155 -346.062461660745 -373.500159395837 -398.313598190785 -400.437607333513 -404.384966776724 -423.83928522223 -425.409729709077 -438.422855466255 -435.249175577694 -419.869146263478 -422.084859659695 -418.758459754675 -429.480392451403 -431.742922852835 -432.535253742951 -451.786580146231 -391.728734515601 -349.121587683711 -336.998082538863 -349.173182966744 -359.529238199795 -386.01973012504 -401.817018251575 -416.146063153978 -446.678377816243 -470.894810583248 -499.2717432196 -490.212328338326 -469.907091698918 -424.830739148242 -385.337367419841 -330.832230507265 -277.817674130004 -190.843854007975 -107.521042914204 -53.3382773822281
-9999 -9999 -9999 -9999 -9999 -9999 -582.601054557786 -362.505870124543 -165.207184210899 -59.7011277701423 -42.611008793246 -51.7381734800407 -60.7997060376379 -76.9345735724412 -104.117305864859 -145.456420213582 -157.466019284891 -175.035613348466 -194.137454565463 -230.667879423767 -276.051365636308 -293.527256916503 -302.239593574274 -304.506106924335 -320.498325682103 -330.923450808994 -337.522872569735 -333.867019355396 -329.431438330537 -337.631058605102 -334.334057917291 -340.341040007999 -342.046482577172 -346.223802239113 -369.441667919651 -390.420647907435 -419.196008040039 -441.91141779953 -468.422193394844 -490.514073419015 -504.604955154339 -507.625126274465 -494.013921956788 -469.26629376026 -464.888539706359 -447.144260542129 -440.771621325794 -420.614862754187 -401.787471441218 -378.032793917873 -344.001351008143 -300.23194862668 -248.483673198856 -208.011400310597 -135.283229393572 -77.5624549338938
-9999 -9999 -9999 -9999 -9999 -9999 -478.148179040527 -282.323728677783 -128.658530519776 -42.269089014087 -32.9708240657696 -43.5225774173981 -53.8491531134526 -66.9195210192713 -86.6290553418233 -114.011629045016 -131.032206972215 -142.530278561589 -155.104555583802 -181.615904865285 -214.177875116722 -229.123501500311 -239.232672778444 -244.59415342114 -254.058668397148 -266.513914190185 -260.362207026194 -249.855132114343 -245.014197272039 -247.315994796656 -254.156594615852 -258.261869202229 -267.721979855281 -276.390872879133 -290.84437945855 -318.366247950395 -339.550751127293 -365.141427211368 -379.53735615028 -387.448335183149 -399.874062935184 -391.423631532498 -382.146789976386 -375.165008108082 -366.657712181495 -362.453357602824 -349.31788571913 -340.719741067465 -327.227865094384 -303.580274583666 -280.647962724598 -245.969375753566 -213.895694615632 -187.424912887725 -165.475954781139 -116.201402573265
-9999 -9999 -9999 -9999 -9999 -9999 -422.187994086849 -256.920578965605 -119.150816983821 -36.9436052667037 -22.3302779103445 -32.9702099571903 -45.3085141597377 -59.233227469817 -74.413258306671 -100.821826656976 -109.81421539412 -122.769515948382 -134.846076891004 -157.065896532923 -183.535869567468 -194.26364945433 -199.699442205963 -203.312788645069 -213.003723933197 -216.523534172388 -212.25675486038 -198.594469570466 -185.837464047118 -195.667859581829 -198.159334415418 -208.073227443946 -213.791017014352 -223.175295319575 -240.60161704269 -256.978995556697 -278.115242225843 -292.59153965957 -303.840712283613 -312.608316067159 -310.493643673154 -307.457846772315 -300.8145834454 -298.863083995549 -299.052527020178 -291.858562065995 -285.495729165197 -271.428021991221 -259.412805931306 -245.987987606647 -225.671622748207 -209.176354266337 -188.863007267598 -167.521603018785 -155.361959089357 -146.612927231026
-9999 -9999 -9999 -9999 -9999 -9999 -9999 -228.645794465392 -109.895913389833 -33.3200187692856 -16.9799977583257 -25.7853370682421 -37.903120817271 -48.4464445135043 -60.0381587636756 -76.6015111630643 -87.9951453931614 -101.520507410711 -112.956635197896 -126.469562667825 -143.023764461592 -151.950481475385 -158.479955374574 -161.763639427382 -163.791866555763 -165.185787870947 -158.094799585746 -149.581984158207 -139.455153589864 -139.828302158536 -147.576122062324 -153.4321854612 -162.474544423284 -169.612295586711 -178.606553120599 -194.296200141409 -207.212603474925 -220.677655717677 -227.417276857503 -226.944318660262 -227.003495131517 -224.56117770291 -224.791416087298 -221.884484497739 -216.249065047408 -214.816611682344 -205.397320787229 -199.815209787683 -191.756903049999 -179.692497881584 -169.95484328547 -157.472664337478 -149.419034215985 -139.436937407539 -129.971332245604 -128.431046638276
-9999 -9999 -9999 -9999 -9999 -9999 -9999 -9999 -99.4251326359897 -27.8377833012578 -12.9409772169873 -21.2568988918042 -32.2911064624027 -42.3680612691181 -51.1118621491494 -62.7088967485003 -71.3774730900143 -83.9292561016442 -93.9385686273484 -103.694041918937 -115.271864955441 -121.267859313227 -126.178818608737 -128.420395802358 -128.86940237745 -126.931575756167 -120.970784033653 -112.85992179708 -105.855053899443 -104.590062867381 -109.779165623168 -116.913053790396 -123.04247315881 -129.89973665703 -139.528390235191 -147.528070431017 -156.993557971976 -164.428718169721 -169.670451931777 -174.405387333241 -174.177005408404 -174.30455234658 -169.494855106817 -176.439182811608 -183.687224841163 -186.239239060809 -187.352457745196 -186.536241130726 -183.502025885358 -176.28579196081 -168.697895627447 -156.307051211163 -142.023910175699 -125.88184650799 -111.321205588394 -107.968104124767
-9999 -9999 -9999 -9999 -9999 -9999 -207.096190460355 -127.461383115478 -63.7411652901367 -19.7229141432994 -14.8751286765836 -20.9712549786873 -28.7198152017006 -35.3211224061061 -39.401154335607 -46.5299289512717 -55.1597775491194 -66.6228153780867 -75.1173565338096 -79.2572371898081 -84.5353577356123 -88.6873819326327 -93.5115487281271 -95.0655548449929 -92.5045463189984 -90.0554836764301 -85.0499481881288 -80.7890313385375 -76.6067218239166 -73.8743363848528 -75.4616098338598 -80.4620307593232 -86.8987297744423 -92.1805030386101 -98.2521638759075 -105.741084584772 -111.233933738527 -117.926623415042 -121.918074716843 -131.089372482158 -143.857484436767 -152.320819817705 -159.787378820051 -163.605647997685 -164.604891572293 -167.475896262037 -166.025705584054 -165.604089919141 -162.137633833963 -153.974527322703 -147.301648540652 -136.068330330852 -127.362180217733 -119.501768121924 -109.401359474791 -104.685266588763
-9999 -9999 -9999 -9999 -9999 -199.742118537688 -123.906154744514 -69.9744754809119 -30.5337918622692 -15.1157536017766 -20.5304250759456 -22.090872239112 -25.9746513368338 -29.9373895645428 -32.3993808146789 -34.7974652572829 -41.4337820546368 -50.6447750829866 -56.9955893392364 -59.6910624213253 -60.8119769540502 -64.1952891243301 -66.6931324734527 -67.1997435743421 -65.0055411715222 -61.7797225640013 -59.0442332742315 -55.8032434365905 -53.332914606523 -52.969804072028 -52.8428736404257 -54.6810421903545 -58.088383608365 -62.3541117335308 -69.0430742297207 -75.717461751664 -84.5480461868416 -95.487914354149 -107.311376696386 -121.067893682395 -135.677378672104 -139.813269651094 -144.0240760001 -147.484794513908 -148.126589391225 -150.103329368851 -147.448727689559 -143.920772491022 -140.092811678673 -134.287555926341 -127.769055262983 -119.318741692692 -110.140453167054 -104.962117172048 -103.645939583028 -104.743819435476
-9999 -9999 -9999 -9999 -9999 -132.031940619518 -78.2507560026567 -45.0802087419702 -17.9013594096498 -15.9649995708241 -23.1691726546806 -26.5367434181818 -25.1457902064069 -24.1095094341131 -23.4740972688342 -23.5962065833606 -28.3326886209877 -35.3289667083023 -39.9765964456338 -40.0139090970662 -40.7454249141008 -42.5109002462088 -43.9636196201559 -44.3491378345226 -42.2380646863091 -40.4314153439636 -38.1531214998134 -36.5750410584203 -35.6230939574951 -35.5088047951995 -36.9158312205726 -38.8387981258926 -42.6088645858936 -46.9742955007755 -52.8750342924823 -61.0811987328769 -69.2369148541605 -80.3946120196947 -92.079661335015 -104.207056866365 -114.458268409694 -118.876665168807 -123.939742174479 -126.946327213681 -126.309061681727 -126.660838548454 -123.136184750451 -120.642514087714 -117.311656110782 -112.004903737723 -108.335459756208 -101.758408993349 -97.4139863596325 -94.4772425278917 -93.0619380304667 -95.2577709055345
-9999 -9999 -9999 -9999 -9999 -9999 -56.2262245224485 -28.4557216953543 -14.7487150991234 -22.5333587450625 -34.3264073452748 -37.5113723917817 -32.9091888925841 -27.614102260963 -24.0628822802839 -21.1458014000363 -21.7002445908073 -24.8883108315602 -26.2305291983923 -26.0316032244931 -26.7702288458381 -27.3029806853015 -27.1576703910617 -26.546504408687 -25.5220881813872 -24.6288763488519 -23.1834392366415 -21.925475135458 -21.5120587589429 -22.1695296197578 -23.9167930323433 -25.8904364978477 -29.2837745111825 -33.0972492382995 -38.5598553695278 -46.5275224468274 -53.2148518351544 -63.1895136542779 -73.547232044674 -84.4298389731018 -93.1994557367276 -96.0807383528104 -100.630043783565 -103.16873829599 -102.13053631017 -103.000295464366 -98.5379711419399 -96.0420344369372 -93.1058414604398 -89.2550244042459 -89.0211822564625 -84.5054783648904 -83.6018517250967 -83.0302768499829 -82.3601512808629 -85.245538805686
-9999 -9999 -9999 -9999 -9999 -9999 -54.309378914188 -24.1190676475478 -12.8892481882311 -31.8909225895706 -47.8797718704131 -54.1175423687167 -45.88127530424 -36.9111971542825 -29.6431193342035 -25.5354239992908 -22.5906488130838 -20.9397293817555 -19.3389296115763 -19.1127156663858 -19.4510569520882 -18.6912431348698 -16.658827368892 -15.6896037490117 -15.4470593948546 -15.3065293639692 -13.9487942489666 -12.5691774915905 -12.4567063206315 -13.4121545407082 -15.2184128906798 -16.5575770636563 -18.7154770379979 -21.8313999470157 -26.2462727880871 -32.4938016762214 -38.3372079778802 -45.9668782862887 -54.6469975950576 -64.021869561808 -70.9603479365138 -74.4356749831618 -77.9446981870964 -79.9976931604001 -79.618687182165 -79.2184971150641 -76.3464391128018 -73.6488645714258 -71.2061268531345 -68.3146087284843 -67.3195258468972 -67.5868408588881 -69.898337737982 -71.6783190988613 -73.2174613584527 -76.9090434989069
-9999 -9999 -9999 -9999 -9999 -9999 -61.0313305555278 -28.5393597839307 -14.2575145839787 -32.9736540510844 -60.2798346163578 -66.9931635906405 -61.3082995895029 -49.3592217130388 -37.8933200288896 -31.5410423352126 -24.4149997032936 -20.7589308257616 -17.1211177529367 -15.2470268864499 -15.4188754531156 -13.3728154388256 -11.5775857226037 -10.2829465363909 -9.66170381702415 -9.87768216750366 -8.5528993356996 -7.45734127295078 -7.11600149517702 -7.49237787537387 -8.87951163684307 -9.04492821719704 -10.2912746629758 -12.1087853198242 -14.9034337836081 -20.1003959604587 -23.6457943680423 -29.8201092599191 -36.3844752128894 -43.1473358331089 -51.6996672276881 -53.131889799024 -56.839246592531 -58.6903960571508 -57.6039923741201 -58.8381379999566 -55.8996223285732 -54.4886686720621 -52.7743770285826 -49.8392217913003 -50.0018474260126 -51.8705791286566 -56.7003697867591 -59.9851115665505 -62.1597918585534 -67.7451993889096
-9999 -9999 -9999 -9999 -9999 -9999 -9999 -9999 -36.7431056901195 -27.8441190631668 -58.0855914790374 -71.7572184190588 -71.8656894682765 -60.7070569764571 -46.1870162498037 -35.6436278509476 -26.5869502750455 -19.9369222207301 -16.087053127602 -14.2507101365896 -12.5173527826759 -11.3777811351769 -10.8133241278641 -9.89367890409145 -8.67959246531212 -7.87735335677429 -7.13551913743425 -6.4626001892546 -5.92722462757247 -5.44347133882578 -5.27495472527666 -5.06242757024665 -4.90048824664269 -5.51279182389443 -7.27795596407604 -10.1268976809171 -12.9609091122642 -16.6266135841389 -21.3780518654134 -26.9620355252423 -33.4075803967713 -37.9846545872179 -39.9527790030205 -41.5298637381475 -42.3417666033665 -42.8163695632363 -41.9004827847922 -40.7170609784323 -39.888338926833 -39.0862416946708 -39.6621342746331 -41.816686630652 -45.8164319843191 -49.5846869682059 -52.9450572113838 -57.5971737816414
-9999 -9999 -9999 -9999 -9999 -9999 -9999 -9999 -68.5610178807963 -29.7174538719082 -49.5972693727594 -66.6584949841428 -74.8750517527581 -66.668016696103 -51.1394144062246 -38.9363667043877 -26.5349881013676 -18.0155334067748 -14.4821283757375 -12.7521437937001 -11.4709212446199 -11.27504279323 -12.5064613789849 -12.1765856008739 -10.1477603909871 -8.83651882497574 -8.43089191809544 -8.42149077568212 -7.78820854648602 -6.46866569238311 -5.22264161450437 -4.32001811030217 -3.36220008487197 -2.78274339358818 -2.92722631105977 -3.98271045880916 -5.12140387491076 -7.17691019394493 -9.97022707327055 -13.4360899984781 -18.3300276951422 -21.7164521070131 -25.9221882071583 -28.5095547277324 -29.0607762419886 -30.5247499331253 -29.9464084930959 -29.9061601998371 -29.9455090574355 -29.5983724631681 -31.0117573415287 -32.3345416712995 -35.9012189707429 -39.4874583108257 -42.8575965271128 -48.3047998718785
-9999 -9999 -9999 -9999 -9999 -9999 -9999 -9999 -9999 -40.2749591078428 -29.9116821962646 -52.7238581806313 -70.1815804923332 -66.9868918774562 -51.6436271230074 -37.6759047113565 -25.5507115475652 -16.1273610031893 -12.8862339072243 -12.5572087101343 -11.439109485618 -12.6214042677907 -14.6478958372444 -14.778046568595 -12.789695483524 -11.2563918328649 -11.1384835963077 -11.6510532682518 -11.0572025399815 -9.42721943648374 -7.82266192926696 -6.37282230052297 -5.09743281927168 -3.60605444188284 -2.42495086734255 -1.86424431336325 -1.75436167696641 -2.11385986068638 -3.24748832426726 -5.25768565100956 -7.91625467379998 -10.6316072747622 -13.4535087568633 -16.7355956835048 -20.7704029291696 -22.1132460053189 -22.3509105371175 -22.2671137807203 -22.7567642787811 -23.805606553591 -24.8316202112073 -25.9605229637225 -27.2117266333798 -30.2968563968832 -35.4402255510789 -40.8345968439926
-9999 -9999 -9999 -9999 -9999 -9999 -9999 -9999 -9999 -9999 -43.7968776666727 -54.9735891475928 -67.7779643981122 -64.9430138940478 -49.8602268906581 -34.3554679629685 -21.829196398513 -13.2660783995116 -11.013883357825 -11.8088284880564 -12.4107659480015 -14.2949049762904 -16.8400873683347 -17.3746162771443 -15.7997402694641 -14.432152799866 -14.5351881620304 -15.2812860740081 -14.8698162429975 -13.5831118535068 -11.9611994630981 -10.3259164133182 -8.76826958360786 -6.89376475664315 -5.05271729920954 -3.44989584866038 -2.18298450037008 -1.29796214797386 -0.985725990728285 -1.32098081007411 -2.24923585963673 -3.59507595842255 -5.45799458240385 -7.92877768832107 -11.1558472059045 -14.2513693126742 -15.9311877974402 -16.8883138634068 -17.7249188217983 -18.5010457471891 -19.684641474467 -20.5691492192089 -21.6993119509511 -24.0816115706292 -27.8093606528483 -32.1792141530323
-9999 -9999 -9999 -9999 -9999 -9999 -9999 -9999 -9999 -9999 -9999 -82.5866185803643 -65.7125538297139 -63.7555596433931 -49.4376428787669 -31.5539684716008 -19.7776737552517 -10.7270745981616 -8.57597735580962 -11.1589865829692 -13.9498056224244 -16.0627467734328 -18.3993700523387 -19.2012086789172 -18.5136665658439 -17.9847143200517 -18.0416888901992 -18.6246639131656 -18.3654028772976 -17.6079974810446 -16.4921572375977 -14.6271237784582 -12.5619510330085 -10.9212511745869 -9.25284252482047 -7.37609725359661 -5.2562305405605 -3.73146773217864 -2.28765378272449 -1.29601937852364 -0.926492828490956 -1.04005478758491 -1.61725413289561 -2.90698099185625 -5.3181379538219 -7.57825130981411 -9.18149039760446 -10.4688121524913 -11.9564396037006 -14.0569181735508 -16.0528308096839 -16.7965564944122 -18.012166874313 -19.6191078997365 -21.5143126065545 -23.6641714778982
