data/03_saidas_enm/CCSM_SVM_6k_B.balansae1.asc
NCOLS 154 
NROWS 168 
XLLCORNER -112 
YLLCORNER -55.5 
CELLSIZE 0.5 
NODATA_value -9999 
[rows 75 to 99 of 168, columns 56 to 111 of 154]
-9999 -9999 -9999 -9999 -9999 -9999 -9999 -9999 -9999 -9999 -9999 0.0977230506601938 0.132721339111323 0.192406106953309 0.233088969821413 0.306775415647234 0.414429552573181 0.522929807283019 0.55611855782003 0.485442974242213 0.403769520836244 0.38189646177244 0.38008059297993 0.375118133718489 0.371672535257985 0.366709268536939 0.372323344363162 0.383726944248666 0.394220042670694 0.408474351753585 0.429629319674183 0.463312992898745 0.506871379662426 0.549732267854423 0.595491581669958 0.644121078322852 0.690684003395339 0.738186253245722 0.776011168605049 0.800315866502248 0.81659207879591 0.818011044856095 0.814170218053861 0.78650213929258 0.735567370956033 0.694611134211368 0.670505819346828 0.650972822299376 0.620374484335655 0.574185498782497 0.509672981711713 0.435147151686765 0.351876049309995 0.29474208763224 0.25800164802583 0.229073725441044
-9999 -9999 -9999 -9999 -9999 -9999 -9999 -9999 -9999 -9999 -9999 0.0928165111581964 0.120609089189249 0.207947830326968 0.230785545944549 0.268583376301241 0.360377734145138 0.441807171842771 0.506593425521342 0.518674999666433 0.478061472784226 0.445393483421593 0.425439902047198 0.414054342908622 0.395990331730436 0.3835768962663 0.387221090198176 0.396082145443562 0.403542303888225 0.413637123413319 0.428730952263019 0.46110536293936 0.505483094408502 0.546691512194136 0.588201977811255 0.635545304981898 0.685621757862095 0.740930390127967 0.789242858898761 0.828288954937681 0.854489914159822 0.873292617044418 0.877622043285096 0.863322492955388 0.838998583834131 0.812329363461882 0.79294455031155 0.768627335242015 0.734265957478696 0.68421611982092 0.625694863488068 0.550847241707095 0.472811772337844 0.420676293146147 0.387930435779263 0.363552975992711
-9999 -9999 -9999 -9999 -9999 -9999 -9999 -9999 -9999 -9999 -9999 -9999 0.0910389625809484 0.156974318133441 0.202845630364054 0.241053847687236 0.268735843307422 0.266659259197375 0.293494548160628 0.392505522560885 0.507226272497242 0.525204217212119 0.49419158051967 0.463137398773181 0.446162028534448 0.422149365552803 0.413901660316969 0.411821527831071 0.410815390872231 0.416383051860738 0.43048856890587 0.458069898144404 0.495603559310438 0.532900119559199 0.572683122372915 0.618419365554035 0.670836787595341 0.728282717936083 0.785965956335326 0.838189214316705 0.883507062923448 0.918737682856538 0.937884467384608 0.94033473968024 0.931888437301842 0.914659897153153 0.892881989304598 0.866491182651167 0.832801202330277 0.786833064939345 0.735204914163369 0.674362323464495 0.612565365490954 0.566673627349551 0.533389874621244 0.50183637736437
-9999 -9999 -9999 -9999 -9999 -9999 -9999 -9999 -9999 -9999 -9999 -9999 0.115938239076311 0.104866270398748 0.155018023193692 0.220994332044198 0.193292369002834 0.152973753748109 0.161105061448672 0.235577521160833 0.405773032974439 0.521081386940139 0.580238241707515 0.558651340699334 0.51609924485535 0.483871027808219 0.443182740808966 0.425576808024174 0.416157941172446 0.414343277489226 0.423933487303617 0.445109213829548 0.475964672277102 0.508273837610973 0.546981209353595 0.588104382123683 0.638666236360541 0.696283565414209 0.758900474925608 0.821625177872966 0.883016597095316 0.939368342703231 0.978410113360505 0.996239417421892 0.999256895895585 0.992132494714617 0.96295397204546 0.931697528778979 0.901203515407331 0.864425990578408 0.826728844796077 0.784485826275679 0.739648070150397 0.70040324668497 0.662676537992143 0.631079833082894
-9999 -9999 -9999 -9999 -9999 -9999 -9999 -9999 -9999 -9999 -9999 -9999 -9999 0.109790969972648 0.111945433936094 0.15324276795696 0.127235076268207 0.112013520462038 0.121281732678206 0.152424132560796 0.233936165118172 0.381228677863874 0.617041342678361 0.736410275844532 0.730635722265288 0.64499066046579 0.573052936536125 0.490774348315055 0.422008939847046 0.418668330572836 0.419690566960955 0.437808844650125 0.460872537785755 0.487009831661567 0.520752994693375 0.55714800570773 0.60568333868791 0.658590641518361 0.721470965678464 0.788144705676419 0.859548623271451 0.934695681298336 0.991583521810116 1.02507559475359 1.03595937710169 1.02713171062003 0.999651515589663 0.966186396546955 0.93816856522825 0.91847298056026 0.897735259477074 0.867736464239552 0.834933200084799 0.80388130139744 0.773378639538605 0.74601663519389
-9999 -9999 -9999 -9999 -9999 -9999 -9999 -9999 -9999 -9999 -9999 -9999 -9999 0.124723725256286 0.0996022397686091 0.116607109695713 0.0938789453193301 0.0895531958201827 0.0933084164940777 0.106509847447541 0.126433423096408 0.194433443122951 0.312266508116552 0.428681734561362 0.496875646077704 0.757272371197578 0.740153383189069 0.637794688969327 0.502947783221926 0.450585388438051 0.425533197206646 0.446475837275079 0.45408708035098 0.473113202132015 0.500628928082877 0.522854169793894 0.574317331899901 0.625259159388354 0.684343497379805 0.744449126349265 0.809187768119807 0.898699261750898 0.980567792032347 1.03047917434975 1.05296821685594 1.0437067275198 1.02185660190727 0.977329367824391 0.948528425428789 0.945021048866236 0.936910821116536 0.917538435125029 0.8941432936435 0.871476357626108 0.847407664690022 0.828202858087756
-9999 -9999 -9999 -9999 -9999 -9999 -9999 -9999 -9999 -9999 -9999 -9999 -9999 -9999 0.104151068130221 0.10979015456229 0.100163478713611 0.0774738674574491 0.0766900846023965 0.0925823183031849 0.113631247145618 0.131708714681906 0.136513198317126 0.129806309014032 0.109264788583719 0.121115440870049 0.286876251535327 0.673481981691684 0.752892590912104 0.714707380050919 0.563433085714861 0.520273631403421 0.49663032747325 0.477030625311948 0.498898410337658 0.523155104159252 0.565237432386687 0.612295725150338 0.666284848996276 0.727302921720907 0.785553109181046 0.865957292674315 0.943533453942903 1.00904371774071 1.05196597177106 1.05566997801147 1.03345528118217 0.992749797268272 0.964525828886552 0.957161681023354 0.949538564442222 0.937240754048428 0.91828821687331 0.90495450813004 0.898562656939321 0.885037536925738
-9999 -9999 -9999 -9999 -9999 -9999 -9999 -9999 -9999 -9999 -9999 -9999 -9999 -9999 0.124441084160491 0.0954634728149354 0.112084434699632 0.073471885646162 0.0653216861728752 0.0897903969051395 0.117261205082932 0.137629355036323 0.142806998757158 0.142903322824734 0.142358190675565 0.1400591530117 0.12778914818028 0.116124847711429 0.32731090454843 0.570416380547456 0.733074114227354 0.661848901134783 0.569194062600604 0.50778778625978 0.505361976163216 0.521062366223217 0.560422782241307 0.605285374248731 0.651717506501921 0.713264171826439 0.754572986786394 0.826826979013369 0.888925494973115 0.969303017766225 1.03211229425899 1.05048017641652 1.03578273667865 0.99983231195215 0.976227341041656 0.970501327743392 0.950303004957111 0.950952177821635 0.931027283451731 0.921537427323374 0.926780476797305 0.930494471323462
-9999 -9999 -9999 -9999 -9999 -9999 -9999 -9999 -9999 -9999 -9999 -9999 -9999 -9999 -9999 0.114546089943693 0.103074832768091 0.0896045940662645 0.0581624370210731 0.0790362201840939 0.118910268960122 0.138143093037854 0.142625074878221 0.142913310754207 0.14294333052306 0.142952874864596 0.1429007272991 0.142705284604451 0.139608831708901 0.104871975506382 0.347588706050916 0.768550693784044 0.707793977307436 0.554499588166844 0.530676978453141 0.53838958371286 0.565168142669614 0.597361757441138 0.643967867611099 0.715172599323086 0.787725029415794 0.840044625613633 0.859129078208766 0.902798385278972 0.987417511955001 1.02991947919964 1.0296817940121 1.0140482528849 1.00608243895754 1.00527347224087 0.999083848851536 0.986825204320885 0.96423540984927 0.952071228954053 0.948107186240911 0.93143134769956
-9999 -9999 -9999 -9999 -9999 -9999 -9999 -9999 -9999 -9999 -9999 -9999 -9999 -9999 -9999 0.134886205421153 0.10493441205977 0.121359978232087 0.0697418672948811 0.0593040671182624 0.106118091206169 0.129902518001128 0.140424502226537 0.142484905676408 0.14292717137079 0.142967622469385 0.142966800364721 0.142968223445749 0.142962876354052 0.140024976129505 0.155938202966788 0.485420638366973 0.800190428742123 0.655188287612989 0.595962339877968 0.560614121294141 0.576854565068149 0.598887754488678 0.641311754945551 0.701444704855825 0.756791970403084 0.846262725098082 0.844254878741048 0.84595573716979 0.939381513096185 1.00696688925084 1.01825463210982 1.02514963202558 1.02732976873244 1.03015350293404 1.03127434372721 1.02224577027447 1.00454773521196 0.995896364145208 0.985682850375536 0.96006018272042
-9999 -9999 -9999 -9999 -9999 -9999 -9999 -9999 -9999 -9999 -9999 -9999 -9999 -9999 -9999 0.128293921901884 0.155381083995267 0.114011243149146 0.127011551921748 0.0681765822282552 0.073558522078647 0.101491582154853 0.124264432227359 0.135413600795719 0.140820248849167 0.142271216599016 0.142815826904529 0.142930440011002 0.14285926174852 0.141508310288708 0.139296275907736 0.254686101777537 0.775639896373929 0.831039374037442 0.73472516030938 0.644285080148864 0.615210134166406 0.624965671806771 0.653807760428116 0.689455934214658 0.72524337127205 0.837505554174899 0.817798040386309 0.804587519956389 0.851711111369481 0.960257964057786 1.00011788330959 1.02350216431652 1.03953768237315 1.0453777912018 1.03877291999606 1.04227024131871 1.04061802294472 1.0381128494491 1.03644154196604 1.02618340058621
-9999 -9999 -9999 -9999 -9999 -9999 -9999 -9999 -9999 -9999 -9999 -9999 -9999 -9999 -9999 -9999 0.15283950421909 0.127742730042224 0.122870856366974 0.135441071043291 0.101973467927296 0.0872243178278002 0.101365291994463 0.115475403682658 0.124812056158563 0.131168520188712 0.137946093180326 0.140093293602928 0.140297471953328 0.139957611651432 0.138603064265772 0.154403935316019 0.431499890117736 0.801497410220015 0.903629520244508 0.792227096775544 0.693523066297039 0.672951717326863 0.68164323444692 0.72131441754574 0.744151524275001 0.819730455267598 0.765706597843078 0.756678209142226 0.81880685009278 0.926452589224687 0.986513260568659 1.01960488228518 1.03929751194287 1.04843652555593 1.04700129796079 1.05694012168951 1.05689722029461 1.05471742523918 1.05301457473061 1.03254547893419
-9999 -9999 -9999 -9999 -9999 -9999 -9999 -9999 -9999 -9999 -9999 -9999 -9999 -9999 -9999 -9999 -9999 0.158254246331487 0.163489740544456 0.109745801723643 0.165181662073828 0.11460122500239 0.0703414713047222 0.078978696998162 0.0917947967506782 0.107766379304725 0.119608396224608 0.125904065244544 0.129622229374426 0.135631854216427 0.139310436217348 0.138708839256336 0.156270485929636 0.270769829445582 0.693175830687546 0.944458412835926 0.866034922110367 0.768548405003091 0.699591132244199 0.733809453878835 0.742098930919116 0.751480389595565 0.73175550690216 0.76044459972152 0.830936535002464 0.916113047794183 0.962928113204075 0.991485936741505 1.00770855360674 1.01746772825573 1.02066278288943 1.04334284130042 1.0559647438628 1.0618460789893 1.05701029044152 1.03194701029786
-9999 -9999 -9999 -9999 -9999 -9999 -9999 -9999 -9999 -9999 -9999 -9999 -9999 -9999 -9999 -9999 -9999 -9999 -9999 0.169009055938642 0.0895533126095029 0.123711265380033 0.107870824869337 0.0613529183309379 0.0532025477827863 0.0736009970349195 0.0896998689904411 0.106634571898139 0.114424756479692 0.125711513104494 0.136806788234508 0.138383732700427 0.139995178988543 0.14274606933283 0.230111646023309 0.682863583294251 0.924572744586025 0.922013162681941 0.79073767823383 0.744567599835705 0.67264428186503 0.715247221711609 0.733589906562766 0.764827997738462 0.839247500814835 0.882633683171175 0.922389399620101 0.950549366797248 0.969245806456491 0.980947370129353 0.976240052899354 1.01064755908284 1.03069954650439 1.04554337407724 1.05480914184039 1.03611309171331
-9999 -9999 -9999 -9999 -9999 -9999 -9999 -9999 -9999 -9999 -9999 -9999 -9999 -9999 -9999 -9999 -9999 -9999 -9999 -9999 -9999 0.165789605344293 0.136720841575544 0.123882091959626 0.0825121668809383 0.0534399926950004 0.0658142398552823 0.0898908840850828 0.103860433470644 0.112283060536165 0.120795447998559 0.132568166767588 0.140620880864304 0.141182307537553 0.141357224218451 0.166937327393916 0.424314303530712 0.933656669638295 0.931721631565926 0.885187507735065 0.791386262549682 0.744255933890983 0.739180688032742 0.775979802162814 0.812040025377472 0.851512178371643 0.896133263031287 0.931474583605441 0.958906111735757 0.972501567114755 0.980790318491896 1.00458392017886 1.0299424414735 1.0461081475297 1.0538168951295 1.05604017752347
-9999 -9999 -9999 -9999 -9999 -9999 -9999 -9999 -9999 -9999 -9999 -9999 -9999 -9999 -9999 -9999 -9999 -9999 -9999 -9999 -9999 -9999 -9999 0.154480196847654 0.128012355166521 0.0945443594116109 0.0635100278399164 0.0749529660486417 0.0923570536424739 0.0993769665999011 0.101711287308445 0.115703241234444 0.135155219269613 0.139964223760607 0.14005920561617 0.140595391222268 0.15900893945886 0.423903996481838 0.873260030857266 1.00983480526366 0.88827944855425 0.773942486742755 0.731953582982628 0.736269332634566 0.773377691210892 0.82166141639254 0.871601671147817 0.91522313851645 0.946819728770009 0.965394300109577 0.979635576305829 1.00341206492118 1.02416578517071 1.03866812404234 1.04837005483548 1.05266255907542
-9999 -9999 -9999 -9999 -9999 -9999 -9999 -9999 -9999 -9999 -9999 -9999 -9999 -9999 -9999 -9999 -9999 -9999 -9999 -9999 -9999 -9999 -9999 -9999 -9999 0.12096851532946 0.12687610929457 0.0885489430348148 0.0903192855306219 0.0966756227187818 0.0971421593956779 0.0949490078338124 0.107356591697665 0.121528773192473 0.134785400701863 0.13997126044849 0.139712359031627 0.162687212802546 0.329976731449556 0.883990331751927 0.947019024912888 0.792829158964935 0.692644274757889 0.679436499018905 0.733060143603839 0.79277535676231 0.846201528246644 0.896403241452718 0.928216353010508 0.948219188376072 0.964635815794557 0.989454082700988 1.00533607622194 1.02116016558428 1.03568412645414 1.03664838942328
-9999 -9999 -9999 -9999 -9999 -9999 -9999 -9999 -9999 -9999 -9999 -9999 -9999 -9999 -9999 -9999 -9999 -9999 -9999 -9999 -9999 -9999 -9999 -9999 -9999 0.152632128727891 0.130969553635163 0.138407785300463 0.126791195227911 0.119724994683373 0.117791429833613 0.109450257698952 0.0971749639420453 0.0930779341363205 0.107799059696992 0.12615889209216 0.129142528441338 0.141186796740549 0.225335179836165 0.701559430429994 0.982790758007359 0.841986550271136 0.694230749795401 0.648134399988099 0.690271831148938 0.755149606753021 0.808471010645453 0.859673653119146 0.895108377753062 0.918573029678617 0.941495928772283 0.964209966559201 0.986372323034902 1.00902876704355 1.02729395363698 1.02728853477189
-9999 -9999 -9999 -9999 -9999 -9999 -9999 -9999 -9999 -9999 -9999 -9999 -9999 -9999 -9999 -9999 -9999 -9999 -9999 -9999 -9999 -9999 -9999 -9999 -9999 -9999 -9999 0.124188594965671 0.138185088025013 0.14696137932997 0.140174787909472 0.133804322627175 0.127177543729715 0.112947325249569 0.0905455940404327 0.0867078153847011 0.100689986509628 0.121557545037247 0.184480359547816 0.544633307086031 0.941117860149413 0.886829944868491 0.714095464773963 0.629525478832505 0.660083042833346 0.715558351088431 0.762056350046089 0.806758286080022 0.839856626652656 0.871759309629598 0.895574559786851 0.931025030280694 0.966172313432647 0.999066943449695 1.02230670968761 1.02313376769991
-9999 -9999 -9999 -9999 -9999 -9999 -9999 -9999 -9999 -9999 -9999 -9999 -9999 -9999 -9999 -9999 -9999 -9999 -9999 -9999 -9999 -9999 -9999 -9999 -9999 -9999 -9999 0.129566970563814 0.085899199748058 0.145762597689716 0.144363960067732 0.140010626804565 0.136680203298896 0.130723780797172 0.115081110338848 0.0984326893676665 0.0885223600792217 0.10592416912149 0.16464605845197 0.424497599765154 0.832798139460177 0.900289687715534 0.751465055897424 0.633859552526223 0.625678085232634 0.664493852026349 0.700712766135883 0.737732644131418 0.773282863315411 0.805838326919607 0.846276364623967 0.904335919037875 0.953983623041615 0.992249576333377 1.01690451318513 1.02808479642017
-9999 -9999 -9999 -9999 -9999 -9999 -9999 -9999 -9999 -9999 -9999 -9999 -9999 -9999 -9999 -9999 -9999 -9999 -9999 -9999 -9999 -9999 -9999 -9999 -9999 -9999 -9999 -9999 0.056170900914414 0.124301624513211 0.149025492115229 0.141275027813664 0.13791825452493 0.134638996266623 0.12564598459938 0.111701010080472 0.0929326743862869 0.0991663627023973 0.146540508545943 0.351244752297964 0.74393357314961 0.87969817532062 0.728135317314385 0.595761011185348 0.590703671823058 0.611138140058368 0.640804157909332 0.667993406982603 0.708195240626275 0.755401367151439 0.800548290256874 0.876782497453705 0.925888553844518 0.96316288351846 1.00568591954404 1.03166328885842
-9999 -9999 -9999 -9999 -9999 -9999 -9999 -9999 -9999 -9999 -9999 -9999 -9999 -9999 -9999 -9999 -9999 -9999 -9999 -9999 -9999 -9999 -9999 -9999 -9999 -9999 -9999 -9999 0.0552302400850796 0.104383057332562 0.146882411803577 0.142594847581986 0.138347093089992 0.135921525555939 0.12819029703072 0.114573387124498 0.0973731268564886 0.0996132784981142 0.142102654215661 0.310557178167502 0.672115168830459 0.838795528542217 0.707687272781879 0.56532618656149 0.525017553065602 0.555243743818713 0.594254367818851 0.628689827790065 0.677743402556245 0.734574720699317 0.79088846663935 0.858057534494941 0.903414614328863 0.945547963879569 0.995664472357657 1.03961795119157
-9999 -9999 -9999 -9999 -9999 -9999 -9999 -9999 -9999 -9999 -9999 -9999 -9999 -9999 -9999 -9999 -9999 -9999 -9999 -9999 -9999 -9999 -9999 -9999 -9999 -9999 -9999 -9999 0.059607024508499 0.0952313573148429 0.148646218720193 0.143868120293403 0.138709608310855 0.136653896923631 0.126871968368515 0.115600356455721 0.098820856454624 0.103283307293886 0.136209556257261 0.281445583558892 0.603336610254557 0.824830870933897 0.666171057952651 0.509700749745066 0.460284231200551 0.440512602654249 0.536207705331754 0.599694378938034 0.65369996052928 0.723991452369634 0.772121106446604 0.844465473887394 0.882001185481951 0.930670725553121 0.995101744569173 1.04137556844521
-9999 -9999 -9999 -9999 -9999 -9999 -9999 -9999 -9999 -9999 -9999 -9999 -9999 -9999 -9999 -9999 -9999 -9999 -9999 -9999 -9999 -9999 -9999 -9999 -9999 -9999 -9999 -9999 0.0624814937556419 0.0982371635324144 0.15642400216393 0.143822761885908 0.137763841925152 0.135261343189453 0.124548065709308 0.106319571516127 0.0954450038880009 0.107834741155548 0.140245660109146 0.282390557547468 0.612413273424819 0.768814308357775 0.615605244789373 0.4610684413083 0.394794630553613 0.398297412017352 0.462120547372357 0.549695387200774 0.62816588521597 0.705204010229767 0.774049337565169 0.82727930470675 0.871686252749382 0.932037546330234 0.997870125898805 1.04198192346027
-9999 -9999 -9999 -9999 -9999 -9999 -9999 -9999 -9999 -9999 -9999 -9999 -9999 -9999 -9999 -9999 -9999 -9999 -9999 -9999 -9999 -9999 -9999 -9999 -9999 -9999 -9999 -9999 0.0687839554074109 0.108893827031668 0.168267461938224 0.141960874275257 0.136802257364609 0.134054760319559 0.121596746626465 0.100856337683025 0.0949693016856258 0.113452436060023 0.142130562860153 0.297706920362005 0.613667722868682 0.718521658194073 0.550791494864623 0.409709017366218 0.351265934324776 0.340512485150957 0.402032128747357 0.492755758919345 0.581552768529972 0.680133155974378 0.743231868231075 0.798210561291584 0.853468882355958 0.917026941636911 0.984125191870975 1.02960740285897
