data/03_saidas_enm/CCSM_SVM_21k_B.balansae3.asc
NCOLS 154 
NROWS 168 
XLLCORNER -112 
YLLCORNER -55.5 
CELLSIZE 0.5 
NODATA_value -9999 
[rows 50 to 74 of 168, columns 56 to 111 of 154]
-9999 -9999 -9999 -9999 -9999 -9999 -9999 -9999 -9999 -9999 -9999 -9999 -9999 0.192989266797554 0.192668729742261 0.190075345982839 0.18965471462417 0.191242432704224 0.194824106166027 0.198368854106112 0.195991250519352 0.186156140113594 0.1365022294272 0.101600968771125 0.124996069965394 0.142951974990117 0.157831357548019 0.177114118748334 0.188059916907206 0.192231525059539 0.192753222849077 0.19232012972778 0.187662762742461 0.170118948109786 0.149787901803382 0.130055117964502 0.12266159692925 0.16626567610192 0.204050892163142 0.232666890658945 0.362637239677622 0.270746340007625 0.267354573942108 0.206399698724204 0.0876737219993572 0.00462443461642437 -0.00383611074120438 -0.00536911066602097 0.012652875559275 0.066784709549197 0.0706080370630623 0.110463776919398 0.133083186445347 0.144690271130245 0.15434548548989 0.163972053354538
-9999 -9999 -9999 -9999 -9999 -9999 -9999 -9999 -9999 -9999 -9999 -9999 -9999 0.192792409025182 0.189062656106125 0.184379000036707 0.187076532461107 0.190809727187783 0.194687170134881 0.198529328828947 0.195685731719002 0.182452369874014 0.154052678281381 0.133519128505804 0.141948215804981 0.155529828659121 0.166797634399959 0.177057200983862 0.182451282380388 0.188389894759104 0.190541401541958 0.189728647801951 0.185287194095901 0.170557724848883 0.145467183369355 0.115097630709301 0.107095290668152 0.1499593622973 0.188270396568118 0.213261819635118 0.267203629590905 0.238161130156932 0.217817463788493 0.167468092737307 0.0937823125270604 0.0415461856924647 0.00989139669121469 0.0118146750348058 0.0256709416705502 0.0581518636835856 0.0848968086761533 0.112662810449524 0.132249021561637 0.144473212412991 0.151603772017622 0.158326194227587
-9999 -9999 -9999 -9999 -9999 -9999 -9999 -9999 -9999 -9999 -9999 0.19281337115527 0.190089215605122 0.188404715736424 0.184195490028902 0.183378000334286 0.183396083744348 0.186232976256544 0.190809575325652 0.194349736820268 0.188714918901928 0.178017091244698 0.159462408965886 0.142844634683439 0.130810410523626 0.129286021805374 0.121093315711907 0.130740441932396 0.135446287008416 0.145786696374806 0.163160553024047 0.145692101828809 0.14692385390564 0.156327729074372 0.145217331998226 0.123338451249927 0.11432074149708 0.142927000436453 0.155158028798704 0.157919616014539 0.163649885761979 0.130147375882771 0.120759001091696 0.0867344915038104 0.04439400541549 0.0492797699475617 0.0326817614761787 0.0519769790738749 0.0708119377796845 0.0902348677067604 0.11476642382784 0.128313203101786 0.140060857999961 0.146925864174161 0.14777855764101 0.153322299612403
-9999 -9999 -9999 -9999 -9999 -9999 -9999 -9999 -9999 -9999 0.192565867789637 0.190065771334002 0.188841805887611 0.189061182892835 0.188373753632825 0.187484019338699 0.181694174236113 0.165748419776023 0.159944321882124 0.163245612403899 0.165400693101582 0.155847477225783 0.143831695986734 0.126011872947411 0.113078361447562 0.109518080994732 0.10932115067205 0.112720652227563 0.113415982707661 0.117981333948066 0.122938796071971 0.115709019217516 0.0965292592457541 0.116171743649994 0.144252936555471 0.142064221943532 0.130981332099622 0.13059068023978 0.130616743729389 0.120499693714263 0.108020373965804 0.0840858974186249 0.0684997031365679 0.0515958713509759 0.0379847536789457 0.051680753087708 0.066013208609524 0.0886748368844619 0.106210500080972 0.119860069293463 0.1345183871949 0.141291894542312 0.147921720826032 0.150099554420412 0.150040868128316 0.153529698490881
-9999 -9999 -9999 -9999 -9999 -9999 -9999 -9999 -9999 -9999 0.185394195197708 0.188072728154398 0.191555700206738 0.192052613340983 0.191381494904863 0.187807620885769 0.176561539486132 0.139797126615195 0.120441320070583 0.124746796498433 0.125500183813748 0.11833485028248 0.118993029876278 0.115570114245721 0.116220089391991 0.121501869981394 0.121201146157408 0.108592757332291 0.0988558267199319 0.100953363173863 0.104154833060763 0.0979149221015944 0.0858783520530912 0.091242784866628 0.129676056540539 0.153171736704132 0.147641411874984 0.127195391352293 0.120637513554786 0.109775616910138 0.0911583014789712 0.0753584637905839 0.0576828550631612 0.0495292617966766 0.057845083420444 0.079998548230848 0.0967771163982091 0.119684305496356 0.134444074650632 0.142917566935844 0.151975477128774 0.154450053965137 0.157902975092733 0.159203837703449 0.159688347777801 0.161194078361106
-9999 -9999 -9999 -9999 -9999 -9999 -9999 -9999 0.189076310571647 0.17553176385945 0.175895405182717 0.187462256129437 0.191995853154098 0.192545674173044 0.19168160982977 0.185372307860555 0.168352040219059 0.139712057621569 0.111227464309851 0.103853610239464 0.108253637262112 0.109284569384799 0.113517528352286 0.119631883818538 0.124993193640769 0.123861365836028 0.109702526974167 0.106105170830038 0.11655234422854 0.117399552783623 0.109174961049938 0.0911943372933154 0.0924446578654161 0.0800344950494401 0.108526438279484 0.144476592868658 0.1438256782003 0.127101219167271 0.112723793231512 0.0981592826794744 0.0840807831931435 0.0710578696903178 0.0615944859336945 0.0629150602577216 0.0754623951385534 0.0970423369636777 0.118682226830922 0.140019131961569 0.152234364829626 0.157700703002385 0.164031337327986 0.164696700934702 0.1664509628363 0.166101286812171 0.166648095317827 0.168075150188238
-9999 -9999 -9999 -9999 -9999 -9999 -9999 -9999 0.173515974592726 0.173866674575184 0.182917188915044 0.19022820212637 0.192441364310551 0.192448364455261 0.191470647929613 0.183960872946627 0.168015073240737 0.148982729785828 0.129359537816211 0.123008576926896 0.122304775698205 0.120218719643254 0.121224739019158 0.122179081701666 0.112855204030215 0.111289593618337 0.119408425764035 0.137896863181085 0.148411160843886 0.148153819738942 0.132972108715415 0.0966932064539934 0.10043793535686 0.0844976097138584 0.089650073043937 0.123224574930877 0.139149921666126 0.126945414229663 0.111596736829637 0.0970815094049027 0.0867821124576184 0.0789942732076676 0.0751921352282824 0.0823426112795799 0.103876077754707 0.12202219274296 0.137331972252541 0.148466697451465 0.15282017297838 0.145653490225167 0.142405233479879 0.14005151991472 0.141681514984763 0.146293241233885 0.151830377123376 0.159249546538749
-9999 -9999 -9999 -9999 -9999 -9999 -9999 0.187258523713999 0.17595007060754 0.176196097444652 0.190262521935873 0.193498922034462 0.193346488632378 0.192056457719189 0.190694627593982 0.185003181954342 0.169140950944346 0.149341068881818 0.138652245179411 0.134236863717967 0.123508513770792 0.117477704301087 0.111260898135024 0.109270959397579 0.116146905634017 0.122045200680764 0.122960641455114 0.122145889488609 0.124702384509744 0.131842011178509 0.137443707861079 0.107031432064274 0.110891136276281 0.100704511298393 0.0801543842344728 0.0935499054470539 0.116356396994751 0.11962852859863 0.111462003517808 0.105690345712807 0.0991251325276039 0.102890859318284 0.108618137162737 0.114267989360446 0.120335077680045 0.123562322580083 0.122784096458455 0.117181881661434 0.114607310242534 0.108579614916817 0.105573501064257 0.104338465106414 0.10605407745172 0.113786915175683 0.128489614528534 0.144147946071821
-9999 -9999 -9999 -9999 -9999 -9999 -9999 0.186392246735823 0.173221272113605 0.184779956029036 0.194753483488792 0.19462451415666 0.194141049330361 0.19223206571329 0.189305567517662 0.18128982905716 0.161830554601482 0.139664233876325 0.12493223985527 0.123877917636941 0.122668235813816 0.115394114700467 0.109385190863295 0.106742830614013 0.102414144480904 0.0992802826800388 0.100308974103109 0.102819558347961 0.104893573332007 0.107117449709578 0.111192071904887 0.11762252410376 0.123536454121995 0.113435631650782 0.0880654048656369 0.0783325747805445 0.0889681251613581 0.101969494411145 0.104178836154137 0.105855167577379 0.107153236964032 0.109258680736543 0.109109700692114 0.108165454310833 0.106482887184411 0.102452645949028 0.0979169986860016 0.0926114263269207 0.0928923332010663 0.0905382013606483 0.0885306394542577 0.0872824197368652 0.0893368102084677 0.0956539070878678 0.104605722136298 0.120207866882386
-9999 -9999 -9999 -9999 -9999 -9999 0.192798550717279 0.182183682023589 0.17229187396511 0.192481295521609 0.192919004840889 0.192979264478908 0.194871744326982 0.192819594693924 0.187813565793666 0.172764081377356 0.150217734338195 0.126803489436908 0.111157118581177 0.111396522993165 0.119919514218145 0.117377969943475 0.114316363946925 0.112250489709138 0.110191129080392 0.108788203458439 0.110040557305968 0.1145245620372 0.115908461418479 0.120030771345227 0.124418324183237 0.128371509361826 0.135725921831411 0.128288173898667 0.0987907095952146 0.0826269021305149 0.0749938301099639 0.0782681412051429 0.0815367418976057 0.085792891589944 0.0896417549062551 0.0903009354056089 0.0937055590299314 0.0899854660569793 0.0904033037445267 0.0882344668001922 0.0899181087297463 0.0953849786313626 0.1014859186727 0.0992702557577049 0.0982969403824887 0.0991640242881748 0.100813586193051 0.106274413758405 0.118066287240979 0.122198994162645
-9999 -9999 -9999 -9999 -9999 -9999 0.192745285756487 0.181654334118843 0.18174360779618 0.195298640571966 0.191439478546303 0.191512293921802 0.195881672595488 0.194370739589239 0.189358307194096 0.172892390285873 0.149547347095342 0.128000129133143 0.110277171094923 0.101354760783827 0.10376220498351 0.103622502518011 0.104384155355216 0.10107059061068 0.0989727946085164 0.100334254144729 0.100824234910026 0.104376566257687 0.106142848014975 0.109828244730238 0.116380673134893 0.121786930238792 0.130161015970389 0.131963411754127 0.119673689469997 0.0982188004587835 0.082196603415385 0.0744290740999171 0.0729556955168479 0.0727336255579594 0.076128842018658 0.0790727343314902 0.0841551916457198 0.0874042405574552 0.0929883914071968 0.0942540369594244 0.0950816915793025 0.0921820414956199 0.0898121540578256 0.0860954466959136 0.0816416682266469 0.0769946732392533 0.0756083354533348 0.0793980390486748 0.088066882854246 0.100381049669542
-9999 -9999 -9999 -9999 -9999 -9999 0.192696339345226 0.185126148529995 0.185400565408827 0.194309996933544 0.191412688429505 0.191030413913979 0.197131340484734 0.19602053476985 0.190297709181222 0.172609785037192 0.155896282410439 0.139177836626293 0.123851248671257 0.106654832832752 0.100372604529965 0.0954711719435027 0.0929442016528482 0.090416500848456 0.0889249134700305 0.0889136920486169 0.089908934619174 0.0919229762815554 0.0936269662540223 0.0979969798493948 0.100585440403831 0.106377476942259 0.111752949889787 0.114153233430272 0.115763627811929 0.114717634699879 0.104974578014617 0.093968797696299 0.0914562802428618 0.084497015849693 0.0870817282440667 0.085177430995481 0.0842965148032055 0.0851511483358487 0.0903384680703076 0.0909946460240127 0.0880250846121016 0.0864739072765173 0.0809625718977288 0.0772668199443493 0.0743175591889463 0.0719963397139844 0.0715232324269508 0.0736034791144387 0.0784725903090662 0.0863754125315126
-9999 -9999 -9999 -9999 -9999 -9999 -9999 0.189580410328174 0.186128141306947 0.190481647116337 0.193442349774648 0.191667307077873 0.198202464878307 0.198689287765587 0.194386758838334 0.180425922600195 0.165338204017213 0.149857173197287 0.13439387498924 0.119905304458603 0.108098868807796 0.0993778026242065 0.0934854118128577 0.0908564163614604 0.0899905791993267 0.090587415304887 0.0920674023071533 0.0936322534695587 0.0946086406167124 0.0964453340719764 0.0979832934688386 0.0999651775122471 0.102352453431874 0.0996990479860704 0.095975707130635 0.0944014900228444 0.0895623782625541 0.0875129015633614 0.0851197244197273 0.0782332605302511 0.0761560637117223 0.0749958135401661 0.0781714000993284 0.0799137465298147 0.0883771588769792 0.0915065963905514 0.0953355103234813 0.0931589179244072 0.0855266234721254 0.0838185936572803 0.080897526154013 0.0809252522209096 0.0825373935326111 0.0856384254721699 0.0917629011806143 0.0968100070966732
-9999 -9999 -9999 -9999 -9999 -9999 -9999 -9999 0.186589383602139 0.187348507115745 0.199571524514727 0.193034246288087 0.198626133164939 0.200332703253561 0.195179413356963 0.184165445787951 0.171673346606179 0.157248448909638 0.143728430758302 0.127465953700137 0.113620235352695 0.105923576427747 0.0996730365864561 0.0979672139596554 0.0987750631790449 0.100775948354486 0.106172637020156 0.11272603823614 0.113267109790576 0.112970278533739 0.113462375284936 0.112050924613321 0.112270745398749 0.107209121004653 0.0997727931198499 0.0938953884932215 0.087667337163659 0.0817693906692383 0.0789845918089248 0.0736406726172072 0.0720066796977568 0.0723736969236305 0.0767033670639558 0.0794362988572297 0.0879827719819828 0.0912913158776296 0.0930775333437918 0.0962815693906218 0.0930462858827993 0.0930383516610301 0.0939956499467215 0.0941219696989334 0.0966222368988369 0.0999527379229181 0.1056384712495 0.11180827040303
-9999 -9999 -9999 -9999 -9999 -9999 0.191897424195443 0.188837249157912 0.186551685412902 0.190880801939242 0.195572524482539 0.192872435584201 0.198674822862932 0.200628240362723 0.193833624290184 0.184536621569833 0.174921122488379 0.163143929697601 0.151259427736734 0.141035764631083 0.13038346237481 0.122280553309459 0.116178009505878 0.115862016849085 0.119109785411646 0.121564121109882 0.127760989565712 0.133348128639039 0.137849263523125 0.137917882347624 0.136835412981488 0.135971312875025 0.133886137321466 0.128687053535011 0.121027655124819 0.112236843317665 0.101637673946413 0.0921514153693894 0.087683588585326 0.0805652412552306 0.0777501062428371 0.0796517441251714 0.0837156327229885 0.086559565377052 0.094386570137994 0.098691207784334 0.10403575858916 0.106241978064443 0.107858562069413 0.112130465796734 0.113721534966593 0.11434137589555 0.113724939910734 0.113794889574882 0.115809550936355 0.119134125740804
-9999 -9999 -9999 -9999 -9999 0.191221900525013 0.187233724748041 0.184567104456505 0.188492467054345 0.192755577820483 0.192957523579909 0.193073672301746 0.198803981266511 0.197883595890633 0.187985593137721 0.184303654344128 0.177595887028761 0.166334950000102 0.158241206020775 0.151359683523158 0.143148106068482 0.139205374239113 0.134351146831157 0.134363672388536 0.137282711220569 0.139202764568116 0.142123569220689 0.144765065980339 0.14648462204445 0.149378523585468 0.148690111321258 0.147755381813608 0.147486780967401 0.144977598805008 0.139738062861362 0.134928320258764 0.127148178324577 0.116693317458962 0.110930461006166 0.0971050661669601 0.0945116477576947 0.0936625378957866 0.0951197667597684 0.0983846173501955 0.103605173823867 0.107882926603867 0.112500421454198 0.119803111781859 0.121763126960661 0.123294362772584 0.122299379999171 0.119823410178761 0.117274823480913 0.116352334788082 0.118075294440153 0.122633569709332
-9999 -9999 -9999 -9999 -9999 0.188360060291805 0.180134652388957 0.178669774014198 0.184284290167038 0.187953455950241 0.18639830732253 0.187974627272042 0.189848749533694 0.192337629576263 0.193747383478908 0.190370838568326 0.180336074294457 0.171706332350977 0.164641983895965 0.161291901869058 0.158015437078495 0.154934991963468 0.152343269607203 0.151439488348443 0.152029534969886 0.151327967460414 0.151064708366227 0.149650956760512 0.147708704560207 0.145995383747898 0.145012397846465 0.145379459298752 0.146448006181978 0.146664300603001 0.14681681739584 0.14593354749389 0.142280303911168 0.136896000600101 0.132608052500521 0.123746544056061 0.11718755759414 0.112193032678688 0.110708096461668 0.111008661222378 0.114057265685438 0.117346465077913 0.121198716791105 0.123849281562359 0.12384421247091 0.121801454940181 0.119297092146963 0.114454223510073 0.110716214212636 0.110032573794565 0.109847537988097 0.112375919155361
-9999 -9999 -9999 -9999 -9999 -9999 0.173569673213572 0.170289801138885 0.178326213811467 0.179983386630424 0.175395444032759 0.179727206064508 0.187627588552945 0.197032074239368 0.197521474686796 0.20006104000951 0.185655136633055 0.174481358607681 0.166455027373508 0.166287238808663 0.167934853582601 0.166693282138033 0.166137391656655 0.164622398028697 0.162174369380637 0.158269257967974 0.154330433624864 0.149005700396085 0.142805154592053 0.136874148937209 0.133378563109391 0.130956159939054 0.132186982275943 0.133125630247282 0.137008359729505 0.141037564672619 0.142054752494344 0.142675704514645 0.13946937283634 0.133924182710667 0.127780888250641 0.12349578263685 0.119893375877454 0.119212891658418 0.120256264185432 0.121212488386595 0.121561680339093 0.120888439203361 0.118293785201801 0.113180128832171 0.109944804340697 0.103749378888378 0.0996725465697017 0.0973688971589732 0.0938395154969885 0.094590513449486
-9999 -9999 -9999 -9999 -9999 -9999 0.178079836872841 0.152670289909474 0.168702650768662 0.179108851547961 0.17899756232679 0.183923375666719 0.193474755243565 0.2005866039653 0.202621929266758 0.194025784168326 0.184844636841243 0.17411589163599 0.16795962569221 0.167265501507521 0.174791646314482 0.176588990856731 0.177325921433044 0.174275298868442 0.169525799368243 0.163925401349465 0.156478268252395 0.148234294112285 0.140423471966002 0.131423502475513 0.124017219182793 0.119683901658105 0.117900440171352 0.117718987327522 0.120915923408249 0.125623370260498 0.130154954289554 0.134200326517377 0.134438136218672 0.133875423193396 0.131508126121436 0.128233711566638 0.125481274658016 0.123798321755298 0.122307912965001 0.121093661072484 0.118370902175692 0.114363964643992 0.109697538215232 0.101523876373734 0.0950728815312489 0.0903223367298939 0.0877677850327919 0.0863585923346377 0.0807993286719959 0.0776049024843308
-9999 -9999 -9999 -9999 -9999 -9999 0.190411011154262 0.150574824435332 0.165644779863402 0.181701439414982 0.179521987079782 0.185398403571128 0.1952881930273 0.200040504990509 0.204492951344415 0.203474102699607 0.183955947935338 0.16596200879278 0.152986460423743 0.158597680034763 0.176607996316306 0.179321236811634 0.181324911970641 0.177959311489053 0.170562178376888 0.166114314671809 0.156893238978585 0.148063910564328 0.138664227826396 0.125432319451949 0.118211700461044 0.110006176081573 0.106965738450596 0.104157206300433 0.104701460744885 0.109568836384448 0.112140516971127 0.121915362904887 0.125541257798438 0.127901793057509 0.130892043249729 0.128040583231474 0.128136785884047 0.126284636423739 0.121556487651205 0.120078884599533 0.114192360650014 0.108195053234469 0.10107435859075 0.0879054876552928 0.0823007772582153 0.0781555765328398 0.0769052540650759 0.0744792376120196 0.0668824930561187 0.0650329178150638
-9999 -9999 -9999 -9999 -9999 -9999 -9999 -9999 0.179402064628385 0.188263472877924 0.184946436559668 0.187512651487832 0.194183801728362 0.196565103334556 0.2012416829807 0.203982566444266 0.188864694336268 0.150511998431113 0.136450283468738 0.151645043883672 0.172767731887662 0.181586914500022 0.182244206460038 0.176893470540336 0.17182158067885 0.165718640451571 0.158003144887347 0.147961466220321 0.139000327380019 0.128261779038248 0.117642089058096 0.11126863370456 0.105900793738571 0.10238843049384 0.101795413833938 0.102507165478708 0.108528499793186 0.115621161725432 0.119918922906848 0.126063016053966 0.13016079815094 0.132021135864268 0.132367902319367 0.130305932991365 0.126548154077215 0.122467157393323 0.115654324492791 0.107238209575293 0.0982906834699099 0.0855783799731878 0.0762718804800483 0.0710466905788932 0.0686316281373227 0.068105917379117 0.0639626602429847 0.0622604590858259
-9999 -9999 -9999 -9999 -9999 -9999 -9999 -9999 0.191575023751958 0.191176918032275 0.188795242930279 0.18731984054071 0.192584360535455 0.194138094555023 0.197719694932072 0.20332358927692 0.195841098753137 0.147701922359293 0.121794228403516 0.137840953152283 0.170121741061663 0.174608340076924 0.178469474888739 0.17378281150564 0.167361511408413 0.164531537266941 0.155904917750749 0.146795705737602 0.138260051169839 0.126633885932076 0.119735225909553 0.113427464020438 0.109984555689093 0.106868766231201 0.105174155186012 0.10592851765814 0.107718176549468 0.11535647659012 0.119618944039462 0.125154036509482 0.132185966702076 0.133040905463044 0.137791583925265 0.136878690848889 0.131197132403743 0.128886243698543 0.120573435832664 0.111266658857288 0.0998804862921846 0.0820430243381671 0.0735030073337296 0.0658648518204287 0.0625203646040022 0.0634185526330392 0.0636998956537326 0.0681724887646899
-9999 -9999 -9999 -9999 -9999 -9999 -9999 -9999 -9999 0.189133015058377 0.188545906799211 0.18534038832916 0.191284761348491 0.19266886213351 0.195531235382328 0.203402331890623 0.203663933820565 0.162939237901566 0.139709172406952 0.147783458392512 0.166717626378382 0.174340799183577 0.173954334818728 0.167577742665905 0.166678799967207 0.161919653350358 0.154937454483041 0.144653306549218 0.135119255245155 0.128417884979574 0.12100221943284 0.117677910113452 0.114782112413325 0.114539477027573 0.116736961488702 0.117488161327022 0.123152286108689 0.126302415768169 0.129696496094414 0.137010287644717 0.142743467090592 0.148288412714747 0.150452566844407 0.149463074190324 0.147923752895248 0.142964129285191 0.135359974661444 0.123584437687151 0.107900332752546 0.0906654384561469 0.0759216057494811 0.0673077348508909 0.0623026112797391 0.0650845888049102 0.0718242109941889 0.0817606968343872
-9999 -9999 -9999 -9999 -9999 -9999 -9999 -9999 -9999 -9999 0.190441750060854 0.190323856249546 0.190562580651967 0.191195153159467 0.194024686954656 0.202706881785374 0.21680573859961 0.195742760707215 0.172706209180608 0.163595234764321 0.168986764780485 0.166409068882239 0.171639133885265 0.164491810791361 0.159574744361971 0.15578080871986 0.149971523393434 0.141829033609531 0.133713438150115 0.123846940907078 0.118960214601503 0.117058844961376 0.117502382283652 0.120241780700299 0.125947308744705 0.131431178559573 0.137165233410555 0.144597903348608 0.148224240859858 0.154280142993503 0.159082881544612 0.163867196775357 0.171094701434056 0.172099590733082 0.168062388006841 0.164143009959676 0.157805633699711 0.146210750905922 0.127730250369042 0.103096632399362 0.086336095872976 0.0772420534815521 0.0722036276905821 0.0732913488832425 0.0775951768035939 0.0864926961411512
-9999 -9999 -9999 -9999 -9999 -9999 -9999 -9999 -9999 -9999 -9999 0.192972281494987 0.189058353571587 0.185197874517944 0.189422291192167 0.201345021713973 0.22252836042683 0.23322101854311 0.219543823742683 0.176406097561909 0.179470118103974 0.166283475414927 0.167607388140061 0.162808139359655 0.156107576671757 0.151406647680989 0.145575441251014 0.138694425531131 0.129298718341888 0.121840664526406 0.11647980967032 0.114165206868841 0.117075481964318 0.121980499495346 0.13173580617239 0.142092779656086 0.152169000677115 0.160141316228436 0.166469180797273 0.175881560753426 0.179747911163853 0.186841609264236 0.196313897322033 0.199241533227794 0.198971355905191 0.198789796698318 0.19327993207024 0.179837684726822 0.158757648343959 0.129613251819916 0.107825619613438 0.0963874320296142 0.0863859685845328 0.0831171179125036 0.0839338409164399 0.0869080160008294
