data/03_saidas_enm/CCSM_Maha_21k_B.balansae5.asc
NCOLS 154 
NROWS 168 
XLLCORNER -112 
YLLCORNER -55.5 
CELLSIZE 0.5 
NODATA_value -9999 
[rows 100 to 124 of 168, columns 56 to 111 of 154]
-9999 -9999 -9999 -9999 -9999 -9999 -9999 -9999 -9999 -9999 -9999 -9999 -9999 -9999 -9999 -9999 -9999 -9999 -9999 -9999 -9999 -9999 -9999 -9999 -9999 -9999 -9999 -9999 -275.982206706556 -240.630783497922 -227.712376503145 -256.439130271801 -279.878022047743 -292.155400544103 -294.171551453765 -254.062211775131 -179.957578675057 -115.41435488249 -66.9993451535859 -32.9199209771929 -19.5732863809143 -20.2503947658382 -29.418394469516 -37.1527154936271 -40.4861484797946 -36.4557410234615 -23.5796316313117 -10.5284323162548 -5.16163172781014 -3.23055665973797 -2.79029009963647 -2.30994362951439 -2.33541903070631 -2.05422935024745 -1.80524039214523 -1.92628243739101
-9999 -9999 -9999 -9999 -9999 -9999 -9999 -9999 -9999 -9999 -9999 -9999 -9999 -9999 -9999 -9999 -9999 -9999 -9999 -9999 -9999 -9999 -9999 -9999 -9999 -9999 -9999 -9999 -272.271886923084 -230.86044862469 -213.350842139526 -243.326644911145 -273.143614601163 -282.774325242446 -271.401110968839 -236.687436009169 -156.391036159889 -99.0592982844036 -54.3845992681705 -23.0054109618739 -13.7153683926704 -18.1702449331797 -29.4883524664642 -35.4750379049574 -38.9189357105197 -36.5117094688477 -19.8433833342866 -7.91836652657264 -4.47680446747365 -3.95684637991668 -5.79541065679253 -3.88652777614087 -3.81735406142559 -3.42357319979227 -2.54382928271464 -2.68197320902741
-9999 -9999 -9999 -9999 -9999 -9999 -9999 -9999 -9999 -9999 -9999 -9999 -9999 -9999 -9999 -9999 -9999 -9999 -9999 -9999 -9999 -9999 -9999 -9999 -9999 -9999 -9999 -245.892333203159 -276.567176511753 -239.247162759786 -221.801648292132 -241.285668341892 -256.444718264906 -250.151778377426 -236.679466150255 -192.712377554939 -133.613380530727 -82.1874180852365 -41.3895729645358 -15.9257716112292 -10.9249886674293 -19.4265008448008 -28.0420278664354 -30.2647148587202 -35.7627007880631 -33.7243589014177 -20.1993081191123 -9.77710181311176 -6.03860550545502 -5.02969002673564 -5.02177930243186 -4.44952124971985 -3.48921538513573 -3.31281480413499 -3.48657945842177 -3.08061114715424
-9999 -9999 -9999 -9999 -9999 -9999 -9999 -9999 -9999 -9999 -9999 -9999 -9999 -9999 -9999 -9999 -9999 -9999 -9999 -9999 -9999 -9999 -9999 -9999 -9999 -9999 -9999 -257.743141506804 -286.787120309348 -242.440149141452 -221.6136155376 -232.3429858722 -241.413050114011 -226.528647818942 -203.727500757556 -168.377101853419 -116.003434145986 -69.3638141289302 -32.9675401806058 -14.5503660632479 -14.2286420574097 -24.2720989440365 -30.7355264410616 -31.7573499663767 -37.1267465205074 -36.3857507634477 -23.839712643226 -12.7329612161531 -8.08943317067281 -6.43152946378187 -5.63391752785426 -4.91002644577942 -3.77226211286971 -3.1898530820295 -3.72178582456802 -3.6433554959391
-9999 -9999 -9999 -9999 -9999 -9999 -9999 -9999 -9999 -9999 -9999 -9999 -9999 -9999 -9999 -9999 -9999 -9999 -9999 -9999 -9999 -9999 -9999 -9999 -9999 -9999 -9999 -270.866790836812 -295.632660365458 -257.143099763411 -228.270918794392 -233.536172942925 -234.348460429605 -203.567439282619 -175.385829532237 -146.421294556845 -103.827498391174 -60.5936305129667 -29.3962348637129 -13.7757142182666 -20.1756146817285 -31.2811140512267 -40.2067032375182 -41.3085952199825 -42.0077098333918 -40.4691622283586 -27.8090844806924 -16.9950347937421 -11.3072600745791 -8.75401489923036 -7.54955771043615 -5.99005837388574 -4.92017129153785 -3.9891692726935 -3.8598431056019 -4.13112924200532
-9999 -9999 -9999 -9999 -9999 -9999 -9999 -9999 -9999 -9999 -9999 -9999 -9999 -9999 -9999 -9999 -9999 -9999 -9999 -9999 -9999 -9999 -9999 -9999 -9999 -9999 -9999 -282.220286656539 -306.309910546731 -259.635276052128 -231.822228953321 -229.997152650199 -226.206159189157 -191.88001058513 -159.492732053209 -135.974398302925 -97.212070227346 -54.2789575148725 -26.7529787207947 -13.9434511243705 -26.1598883775919 -38.1582672154943 -47.9102578015713 -47.0091892355101 -43.1850887176337 -39.0134497817584 -27.1085506445052 -18.5472952522959 -12.9682796481621 -9.38710300587775 -7.9323390215847 -6.49380879376716 -5.72896275302984 -4.45787248169023 -3.63018685599696 -3.25309315491032
-9999 -9999 -9999 -9999 -9999 -9999 -9999 -9999 -9999 -9999 -9999 -9999 -9999 -9999 -9999 -9999 -9999 -9999 -9999 -9999 -9999 -9999 -9999 -9999 -9999 -9999 -9999 -283.591008799665 -304.90983858138 -267.17327134116 -238.705826953329 -234.761161480558 -228.124821309934 -180.520086197126 -149.180089270002 -132.786790090041 -96.195363265457 -49.8239875214051 -22.2154429537515 -10.5924007348644 -26.4691925235064 -43.6751885098012 -50.9639667441068 -49.5764130112746 -41.8798277038176 -31.6167803056685 -25.3923696663996 -17.6333997503693 -13.0122798738243 -9.85971101769419 -7.76086628024766 -6.82970620863023 -6.23447716446462 -4.85742410705685 -3.59896224154066 -2.70445689105703
-9999 -9999 -9999 -9999 -9999 -9999 -9999 -9999 -9999 -9999 -9999 -9999 -9999 -9999 -9999 -9999 -9999 -9999 -9999 -9999 -9999 -9999 -9999 -9999 -9999 -9999 -9999 -272.947010601389 -298.06804349397 -281.965617114541 -262.223545353921 -253.111466675713 -231.478210253789 -174.182496450352 -138.491814237585 -132.029113311031 -96.1780429743462 -47.6830465549792 -19.2043406950364 -9.31344660547304 -28.7333308001891 -48.6280298893085 -55.7125530746043 -54.0514603905458 -45.9089771814054 -34.773167477707 -27.4168632417598 -20.0581034802477 -14.7411723666211 -11.3260182622159 -9.29055401275074 -7.66941988929913 -6.72269863129823 -5.70102533873655 -3.95518988365157 -2.4806095741378
-9999 -9999 -9999 -9999 -9999 -9999 -9999 -9999 -9999 -9999 -9999 -9999 -9999 -9999 -9999 -9999 -9999 -9999 -9999 -9999 -9999 -9999 -9999 -9999 -9999 -9999 -9999 -256.495548281649 -285.439504612909 -292.617163205187 -296.736066063749 -272.741438515828 -243.451301400967 -169.499334255403 -131.513240002563 -139.401605363323 -102.866779921869 -48.9569187114887 -19.0395574791389 -10.0266884548946 -34.9445262373739 -54.2176087231461 -61.5721159115052 -60.3256203986434 -53.9798807888166 -47.6979269911251 -35.2813114185849 -25.8564032564565 -19.0198426144337 -13.9388209358958 -11.3005342832831 -9.13502877243564 -7.08014390328993 -5.9229181998445 -4.49573063911395 -2.82899956326999
-9999 -9999 -9999 -9999 -9999 -9999 -9999 -9999 -9999 -9999 -9999 -9999 -9999 -9999 -9999 -9999 -9999 -9999 -9999 -9999 -9999 -9999 -9999 -9999 -9999 -9999 -9999 -246.170276967012 -280.824527623912 -303.133590978965 -307.477519070529 -283.899589867925 -237.261509250283 -152.293690241041 -118.16230106559 -126.711884359234 -93.8663771034058 -45.8287813332828 -18.9111906785665 -13.457740156438 -37.8434954086754 -58.7794976598301 -64.6828819239788 -63.864236898303 -58.2665387577897 -51.2426896071677 -39.6218746651684 -29.9114054069824 -22.6628707502655 -17.116431325311 -13.06820141345 -9.93190695015422 -7.53329294934372 -5.76634297513273 -3.93965644538529 -3.42677369303247
-9999 -9999 -9999 -9999 -9999 -9999 -9999 -9999 -9999 -9999 -9999 -9999 -9999 -9999 -9999 -9999 -9999 -9999 -9999 -9999 -9999 -9999 -9999 -9999 -9999 -9999 -210.448065750293 -239.858255880256 -276.801408366899 -300.619677585505 -309.967136462555 -274.818288374034 -229.867475548715 -137.509732301761 -98.5251083374245 -114.586637929288 -82.3010454086246 -47.1171648302296 -24.3040271298894 -21.7077136681092 -47.8642225192742 -61.7003625735259 -65.9506235730821 -64.4740206554385 -56.8351124895141 -49.9024782891091 -40.7509833746268 -31.6501828221656 -25.3764969111764 -19.5897368467186 -14.9742948146268 -11.4220072156809 -7.99949622699251 -5.81435194629969 -3.74602514322882 -2.84646004141885
-9999 -9999 -9999 -9999 -9999 -9999 -9999 -9999 -9999 -9999 -9999 -9999 -9999 -9999 -9999 -9999 -9999 -9999 -9999 -9999 -9999 -9999 -9999 -9999 -9999 -9999 -207.669507556458 -239.78989573807 -277.626999458235 -300.665191154271 -291.419224851458 -259.90751164987 -206.787837563341 -117.511307861723 -74.0543211211223 -71.3572683580022 -52.481371430666 -35.2106879979565 -28.0713535983589 -36.0756907163701 -52.2829864273195 -62.611922516646 -64.4158603461849 -62.5053599551505 -56.3263902662724 -49.5343179462877 -41.5612003703982 -34.1286560880232 -28.1522910078036 -21.7934170806099 -16.4019789900049 -11.912016257782 -8.3185300382347 -5.95559159373825 -3.85047963125149 -3.02554874754161
-9999 -9999 -9999 -9999 -9999 -9999 -9999 -9999 -9999 -9999 -9999 -9999 -9999 -9999 -9999 -9999 -9999 -9999 -9999 -9999 -9999 -9999 -9999 -9999 -9999 -9999 -206.178480662124 -245.872653501183 -283.564046235211 -292.2054448515 -280.146761292041 -228.794375976454 -181.062705986599 -101.164316440571 -47.5188072161937 -44.2057733753776 -34.1610570716187 -28.420359033304 -39.4235182753195 -50.8382065995634 -64.1197268357261 -66.893813415754 -65.6534391200718 -62.6906185512331 -56.5126747641222 -52.2611683018568 -43.8111067899456 -36.3390950296367 -30.7533136935593 -23.5428724179776 -17.9334992060393 -13.1667019844908 -8.95810750460706 -6.46932670539658 -4.22285290587438 -3.39377879996567
-9999 -9999 -9999 -9999 -9999 -9999 -9999 -9999 -9999 -9999 -9999 -9999 -9999 -9999 -9999 -9999 -9999 -9999 -9999 -9999 -9999 -9999 -9999 -9999 -9999 -9999 -211.870035235855 -254.629897804534 -284.056921704504 -276.691553138877 -236.061261205379 -189.61893338015 -126.834155714187 -60.0399305051915 -26.4051434702181 -28.7139982094321 -33.368306902803 -39.5432012296861 -55.0292103946943 -66.6932391452409 -73.6600832582601 -72.7698026427892 -69.3395869573395 -64.7219261742769 -58.079538025976 -51.5243295792708 -44.345711080945 -38.5729714666121 -33.2831103599742 -26.2101543947601 -19.9183996716137 -14.605001280355 -10.1275884911688 -7.34997021858549 -5.05725075288418 -3.72134829626439
-9999 -9999 -9999 -9999 -9999 -9999 -9999 -9999 -9999 -9999 -9999 -9999 -9999 -9999 -9999 -9999 -9999 -9999 -9999 -9999 -9999 -9999 -9999 -9999 -9999 -168.016671805546 -224.976451255025 -272.829863664788 -289.528573462173 -257.11347846707 -218.678724490156 -144.462685318872 -83.3968472909842 -34.2409376890342 -23.7000728361274 -48.061198191308 -50.4219376743279 -58.1701759068646 -74.6062573805588 -82.4239902232425 -87.8383820121389 -81.3961570437683 -75.1591938869238 -68.8746855418059 -61.256808161853 -55.4562139592279 -47.0211029864097 -40.7514275793367 -36.2144635864002 -28.5592089258402 -22.6125091042002 -17.1333858350657 -11.9083552784044 -8.72140672077506 -5.9865444344656 -4.36628366774538
-9999 -9999 -9999 -9999 -9999 -9999 -9999 -9999 -9999 -9999 -9999 -9999 -9999 -9999 -9999 -9999 -9999 -9999 -9999 -9999 -9999 -9999 -9999 -9999 -9999 -184.808862919815 -242.518574857592 -286.628566178073 -286.252437142661 -238.110984216055 -182.45000093549 -118.091683567601 -58.8262757937946 -27.6920834567549 -33.5656679931142 -58.1113887227433 -68.4236642875516 -77.5189147560194 -89.7569265585905 -93.2923277616779 -94.0353754877784 -87.7424233640024 -80.4189002556644 -73.7394174890771 -66.9353807338492 -59.3624863155225 -49.7214189761012 -43.4298140948285 -39.0506966854007 -32.2703629088914 -25.0902582390884 -19.3450907676488 -14.4398314900888 -11.1105396949457 -8.2064182680795 -6.16825694631215
-9999 -9999 -9999 -9999 -9999 -9999 -9999 -9999 -9999 -9999 -9999 -9999 -9999 -9999 -9999 -9999 -9999 -9999 -9999 -9999 -9999 -9999 -9999 -9999 -9999 -189.606665400344 -245.565502142822 -294.232093642108 -283.086666958723 -215.564328281659 -163.562852300852 -96.7415322490836 -53.4901095671945 -40.7664323847689 -56.3160797992401 -79.7786427526554 -85.2442783641951 -91.8160181789338 -98.3935151815879 -99.2062063308713 -99.2014439070249 -92.0558967144711 -84.9654348546975 -78.7674124146637 -71.5580317333031 -64.5789695262556 -55.1822761755774 -48.3536347601739 -43.1783780544811 -35.5687762131426 -28.6442254763904 -23.0900119092137 -17.9620027768308 -14.2908404347765 -10.9155226943356 -8.73418079467388
-9999 -9999 -9999 -9999 -9999 -9999 -9999 -9999 -9999 -9999 -9999 -9999 -9999 -9999 -9999 -9999 -9999 -9999 -9999 -9999 -9999 -9999 -9999 -9999 -9999 -158.812145888284 -223.71886986179 -270.937048206311 -251.846681318005 -185.860210826283 -128.547678945721 -83.3650032831766 -59.6996889384563 -59.6316647247692 -75.5046107517077 -90.7848113082375 -95.017288432695 -96.0224350360745 -99.0459411712765 -98.9765705280143 -97.8695960376494 -93.3185338781705 -88.1548540554358 -83.4984184925453 -77.8498964883339 -70.6928478832344 -61.2353165286448 -52.8493526342532 -46.8714798442844 -39.7037764113601 -32.9085662777058 -26.782389746414 -21.431066850122 -17.6511916151072 -14.0731262975738 -11.4820383430281
-9999 -9999 -9999 -9999 -9999 -9999 -9999 -9999 -9999 -9999 -9999 -9999 -9999 -9999 -9999 -9999 -9999 -9999 -9999 -9999 -9999 -9999 -9999 -9999 -9999 -130.817580429671 -196.911059394437 -250.540688665679 -230.027553815784 -163.68109179372 -108.532080117638 -77.7642318407622 -71.5241825311457 -79.7200887390974 -91.2228761481459 -103.33617658567 -102.031061693992 -96.9116890985975 -98.7885056362083 -101.029534571292 -99.4515846061501 -96.9852565470523 -93.9426468644934 -90.8579632842212 -85.7789921050412 -80.500713694921 -69.5057945520155 -58.9262643632976 -51.987657476251 -44.5042088059966 -38.5873067285654 -32.6131920923442 -26.2555374592213 -22.0037388942721 -18.1213186931389 -15.3455080429885
-9999 -9999 -9999 -9999 -9999 -9999 -9999 -9999 -9999 -9999 -9999 -9999 -9999 -9999 -9999 -9999 -9999 -9999 -9999 -9999 -9999 -9999 -9999 -9999 -9999 -126.763071518901 -181.402016011959 -229.996815469167 -208.261768665557 -151.290919043242 -104.414486545705 -81.2828971281167 -80.6689453402507 -92.2812476072468 -101.696296260225 -109.247585551196 -105.139001086877 -100.954972008503 -101.388494177989 -101.962100809428 -103.317282239589 -102.923482083848 -104.15391574293 -101.777895920512 -93.950464090423 -84.8353478566861 -74.9464916734574 -65.6897251575948 -58.3968935244045 -50.6706141451476 -44.0888011711141 -37.5332016979378 -31.5970618561988 -27.2309553049716 -22.9783870370957 -20.0870719669054
-9999 -9999 -9999 -9999 -9999 -9999 -9999 -9999 -9999 -9999 -9999 -9999 -9999 -9999 -9999 -9999 -9999 -9999 -9999 -9999 -9999 -9999 -9999 -9999 -9999 -114.611922820158 -169.41463975182 -227.841650496213 -207.439557949717 -152.597458763663 -107.402318506523 -88.3821834906294 -92.2495506246588 -103.366387594196 -110.192363092233 -114.220475391974 -110.516236984125 -106.758524814206 -106.534288470857 -105.125941097953 -106.839318966931 -109.200683200663 -112.663147147543 -110.05860533815 -99.8233469557297 -90.1330568188313 -81.3409730406192 -72.104779308399 -65.0307350780092 -57.2871216711613 -50.8312529573771 -44.5292908646384 -37.7327351235179 -33.0890677381527 -28.6865359495787 -25.8058582314464
-9999 -9999 -9999 -9999 -9999 -9999 -9999 -9999 -9999 -9999 -9999 -9999 -9999 -9999 -9999 -9999 -9999 -9999 -9999 -9999 -9999 -9999 -9999 -9999 -9999 -104.27177627324 -159.032127511498 -226.08609045557 -218.315690008657 -159.181459192747 -114.359189919347 -99.3591058092442 -105.782450086329 -114.28566779671 -117.918390798192 -119.143900418259 -116.446672795021 -114.912385340187 -113.576030732275 -108.434907058207 -107.809880347729 -113.355082598019 -116.879736162801 -114.448265861332 -105.183363873616 -94.7381029321054 -86.0655688698374 -78.8134556207289 -71.5036860882394 -64.1732730045124 -57.2855871594775 -50.0670131495131 -43.8608949655127 -38.8186324726612 -34.4057022623826 -31.2501745975357
-9999 -9999 -9999 -9999 -9999 -9999 -9999 -9999 -9999 -9999 -9999 -9999 -9999 -9999 -9999 -9999 -9999 -9999 -9999 -9999 -9999 -9999 -9999 -9999 -9999 -89.2851423194822 -142.219829700949 -209.856681561889 -224.814227050181 -173.557550641992 -128.072768511147 -112.612933660539 -118.361825886109 -125.018566873964 -126.088660894218 -124.599938559772 -121.110291854469 -119.35783532437 -117.497763715817 -110.392025684624 -109.243246811519 -116.466312238756 -119.951601917735 -118.107072015569 -109.268890749596 -100.293973058657 -92.5483586045454 -84.5151791036348 -78.4880805223543 -71.2652233971297 -65.3938875971044 -58.7488279404509 -51.2163823288717 -47.9732448133408 -43.7730574348606 -41.5458850761835
-9999 -9999 -9999 -9999 -9999 -9999 -9999 -9999 -9999 -9999 -9999 -9999 -9999 -9999 -9999 -9999 -9999 -9999 -9999 -9999 -9999 -9999 -9999 -9999 -9999 -77.0671065087804 -124.918952788442 -187.900610412543 -220.831535978523 -183.706663768307 -146.764803240877 -127.961474664943 -129.191328753579 -133.496492744578 -130.086985451753 -123.955056263066 -123.240412966662 -120.511461233478 -117.613231280165 -112.510254321833 -110.334899194235 -117.80267826235 -122.326699756638 -121.18337828296 -113.8659881465 -106.538129013004 -97.9233340455646 -91.1809906500905 -84.4440966200681 -77.2518643266616 -72.2259569097966 -65.1822454846963 -62.0773475697644 -57.4272039668406 -52.3124511106842 -53.0581915669396
-9999 -9999 -9999 -9999 -9999 -9999 -9999 -9999 -9999 -9999 -9999 -9999 -9999 -9999 -9999 -9999 -9999 -9999 -9999 -9999 -9999 -9999 -9999 -9999 -62.4842679746874 -72.0434181380945 -109.273683563004 -167.398846201394 -215.482850306752 -188.164973833987 -157.549339601708 -139.191257705371 -138.530555717337 -141.467192230908 -137.872997556881 -132.175214094463 -130.568427194859 -127.95335578463 -125.285617768409 -120.118022521393 -117.801953809148 -122.344500833225 -125.599837419791 -124.343738432957 -118.412079995308 -110.842836886418 -103.639360213957 -96.8206785516035 -90.3549679885334 -82.5848084155936 -75.7901875010264 -71.6288186177822 -69.1373890961308 -65.9233901562693 -59.3385029237041 -56.0449950289721
