data/03_saidas_enm/CCSM_Gower_0k_B.balansae3.asc
NCOLS 154 
NROWS 168 
XLLCORNER -112 
YLLCORNER -55.5 
CELLSIZE 0.5 
NODATA_value -9999 
[rows 56 to 83 of 168, columns 63 to 125 of 154]
-9999 0 0 0 0 0 0 0 0 0 0 0 0 0 0 0 0 0 0 0 0 0 0 0 0 0 0 0 0 0 0 0 0.0262046322932535 0.0649605665814003 0.0627277101164094 0.0572808068416137 0.019166623607391 0 0 0 0 0 0 0 0 0 0 0 0.176768034802604 0.340763205328817 0.471744751578503 0.448754786883679 0.396042423789072 0.331756731766207 0.261339579398375 0.202484114714823 0.160251863326289 0.143466327143371 0.131932495849463 0 0 0 -9999
0 0 0 0.0413788303185745 0 0 0 0 0 0 0 0 0 0 0 0 0 0 0 0 0 0 0 0 0 0 0 0 0 0 0 0 0 0 0 0 0 0 0 0 0 0 0 0 0 0 0 0 0.102143005010244 0.280025715764823 0.429162669400976 0.423283682726493 0.364603428894388 0.305948234125624 0.252473096830631 0.205101072594403 0.170813603996152 0.15079286169932 0.135215614954817 0.120134341724256 0 0 0
0 0 0.0654453931075399 0.0270334154517639 0 0 0 0 0 0 0 0 0 0 0 0 0 0 0 0 0 0 0 0 0 0 0 0 0 0 0 0 0 0 0 0 0 0 0 0 0 0 0 0 0 0 0 0 0 0.195438843986204 0.35357251472679 0.374142859517561 0.325203662030948 0.278797393524954 0.241110603765509 0.210887409794644 0.185093046837176 0.168717151536686 0.156070864579243 0.15023791565111 0.139041014003275 0.0666040642597074 0
0 0.0734678017609517 0.168234088147948 0.0679764837562995 0 0 0 0 0 0 0 0 0 0 0 0 0 0 0 0 0 0 0 0 0 0 0 0 0 0 0 0 0 0 0 0 0 0 0 0 0 0 0 0 0 0 0 0 0 0.0849581644064927 0.252378557569175 0.312826198980599 0.284564874091713 0.249903592214652 0.230986913600256 0.217941021852916 0.204206068199716 0.194554713327224 0.0829899498974837 0 0 0 0
0 0.14151302925843 0.19143227299834 0.156864903932685 0.0586954137419007 0 0.0567237277267819 0 0 0 0 0 0 0 0 0 0 0 0 0 0 0 0 0 0 0 0 0 0 0 0 0 0 0 0 0 0 0 0 0 0 0 0 0 0 0 0 0 0 0 0.100649402733079 0.182122986723364 0.232419932082124 0.243818307245726 0.232061601452844 0.224588187747656 0.211478716739084 0.00375360274310377 0 0 0 0 0
0 0.152971691154317 0.222557390657499 0.269326094537437 0.16819837225522 0.089333743925486 0.118473652233623 0 0 0 0 0 0 0 0 0 0 0 0 0 0 0 0 0 0 0 0 0 0 0 0 0 0 0 0 0 0 0 0 0 0 0 0 0 0 0 0 0 0 0 0 0.000591062147123567 0.0584089458597647 0.075927587227979 0.071115842268516 0.0372721922033491 0.0163157846460289 0 0 0 0 0 0
0 0.101775781547896 0.249659313099075 0.303966074682658 0.26789380287077 0.195273831218503 0.209963254328696 0.0607628137765296 0 0 0 0 0 0 0 0 0 0 0 0 0 0 0 0 0 0 0 0 0 0 0 0 0 0 0 0 0 0 0 0 0 0 0 0 0 0 0 0 0 0 0 0 0 0 0 0 0 0 0 0 0 0 0
-9999 0.0479487976688798 0.272519973486431 0.351041021229556 0.306272007197728 0.254573008936901 0.234924374678451 0.110447339984993 0.0265038211801126 0.020313760122272 0.000289010623770847 0.00261147628566671 0.00604178227057728 0.000263333641889019 0.00582873271820683 0.0188235409609636 0.0294617053970224 0.0295721337684263 0.034823597042615 0.0206036671271671 0.0137466117663227 0.00459190025986023 0 0 0 0 0 0 0 0 0 0 0 0 0 0 0 0.0120406539092711 0.0475624161855975 0.0529916231620693 0.0676725327226108 0.0712037872107574 0.0734223465632962 0.083620532444948 0.0724597199824102 0.0710702135777396 0.0692994560400605 0.0459306266376976 0.0405959734120744 0 0 0 0 0 0 0 0 0 0 0 0 0 0
0 0.210892614848846 0.294732402033815 0.331499159503224 0.307551546659519 0.267311927158331 0.264041407712623 0.190329124591727 0.116216680224838 0.0953665372040216 0.0870273301119872 0.0919711033363964 0.108856494813607 0.119927004106757 0.136907556560738 0.148744818701365 0.161050338775092 0.175272784340792 0.176509269812897 0.175868125984896 0.165647559490658 0.156613078716926 0.141672024644777 0.118015370154969 0.0978418503053625 0.0710733364539143 0.0557503372762744 0.0454473615496455 0.0309418619573232 0.0335360178464277 0.032535483018642 0.041628517720652 0.065961101409186 0.0834519838780686 0.115316511167448 0.141362252677548 0.116157064156239 0.0499118264176623 0 0 0 0 0.0103977971468385 0.0618095653955464 0.146239036052912 0.240295339997539 0.241745060098067 0.231380604192522 0.212650923009924 0.194524795479148 0.165519174581249 0.146091935390862 0.129624662334834 0.100673431530313 0.0637179446591891 0 0 0 0 0 0 0 0
0.168201695330827 0.263924029065189 0.308178895946707 0.338452769068056 0.307734222244386 0.270818793466358 0.271284069209559 0.19526942795372 0.15459856334449 0.141408315101127 0.151409586290644 0.16546036041329 0.169751712756845 0.197771112009426 0.211883562936524 0.243059177958636 0.24614934557612 0.243962381275934 0.243158652337703 0.240600648709749 0.239444207221415 0.236950316147304 0.233623180049162 0.230313124009118 0.226952934258399 0.219274462413244 0.208198395557124 0.187773484175445 0.184240817249249 0.180735822475824 0.187621590948165 0.194857642031447 0.208955953269198 0.229710247123863 0.206721107403055 0.102549582599143 0.0263190389562121 0 0 0 0 0 0 0 0.0694979054028664 0.148852006082516 0.215933293850512 0.286041812410784 0.282260032456266 0.269629828181265 0.251603120331295 0.236787276395651 0.230142385764125 0.184323421703815 0.0380523090758498 0 0 0 0 0 0 0 0
0.195104937425067 0.270341144031434 0.312778605461047 0.324318241792949 0.299415361247385 0.274823038546491 0.278778599227449 0.26764227414743 0.221020601277079 0.195812981901258 0.189557253697186 0.201241408158686 0.234954007303487 0.255447801237237 0.268109765346598 0.262746642688094 0.258827018698716 0.257153921036938 0.256030143601316 0.254722537365224 0.253127219420566 0.25081447669985 0.248401076957921 0.245323658789477 0.242286088895261 0.23909199335914 0.23699674086726 0.235580202508815 0.236442496098807 0.240893736896458 0.247912892742638 0.258014749731436 0.268869952603878 0.276235646295693 0.182489169249523 0.0903456844555566 0.0205027869621237 0 0 0 0 0 0 0 0.0378669920524736 0.0832385835705134 0.126266493858542 0.165867776561206 0.187692716835073 0.191283813278685 0.170459005815351 0.127440747455623 0.0628602743103761 0 0 0 0 0 0 0 0 0 0
0.227889937518571 0.281309346448823 0.29912069907722 0.326978492009567 0.297345837930612 0.277171733542782 0.283216204029813 0.296825800030337 0.249076543964009 0.24411299830693 0.231623899378956 0.250255776706243 0.282926717370519 0.291979894569082 0.285789308548548 0.277310275254902 0.272856213754226 0.271482141781105 0.270447894394541 0.269130018305999 0.26813192578694 0.266166581474163 0.264300585127051 0.262456266116448 0.258967118810297 0.256777505231027 0.255275083478264 0.254066248600038 0.255461436885861 0.260414155046201 0.267196699102154 0.276641036190191 0.286350051842755 0.291316012111497 0.215357459808084 0.129057252407448 0.0676196401555221 0.0289545944980405 0 0 0 0 0.000107104231044985 0.00546411747657927 0.0298962366230708 0.0447640669776904 0.0569770379338799 0.0712157556018505 0.0664602505280248 0.0466191675971126 0.00991442857753233 0 0 0 0 0 0 0 0 0 0 0 0
0.271552456764804 0.277440682121834 0.273917733131365 0.290142448100103 0.243206809080274 0.197088311060115 0.250649494915407 0.294547326513777 0.267722104115425 0.259779508080696 0.262416649782036 0.284147403402421 0.297048775825276 0.306459638492882 0.303195633156923 0.296047473003327 0.291494795984732 0.287949780057889 0.285596721543106 0.286137704332143 0.287300020986446 0.286361926846651 0.283468290726692 0.279405699170724 0.277998931976902 0.276153724678606 0.275469587315044 0.275737070998602 0.277498716917777 0.282446853383701 0.288857080224326 0.29726430247079 0.30545883435876 0.315649675956805 0.294027817886902 0.220799796099797 0.163930055435529 0.12555707712843 0.0928578883537001 0.0787911680480506 0.0684404401382259 0.0630311134413011 0.0613667349251036 0.0550424054252588 0.0506380375030178 0.0369373183185363 0.0227416482507874 0.00233052243442744 0 0 0 0 0 0 0 0 0 0 0 0 0 0 0
0.0944816131272429 0.290356572186102 0.24111780357102 0.155058860916127 0.0279848080903528 0 0 0.121666188579914 0.269872898334266 0.285382410449172 0.284324381886827 0.292676997816163 0.302622422667024 0.322166777832495 0.321510909835163 0.314477977737744 0.310689976166878 0.304915794482435 0.3018264857261 0.304287198475678 0.309442041046164 0.309621288152216 0.304918693105433 0.300125118698092 0.299668008968069 0.299482528264172 0.298891739028348 0.298771586429873 0.300487321900915 0.304750105451697 0.311280173210906 0.318750142853284 0.324673837382055 0.333281563303225 0.343697655959423 0.335240200461542 0.282349177681447 0.247375994599038 0.207353887822458 0.190718210280256 0.168060501632592 0.150599198143535 0.137088814985146 0.112874636379688 0.0884477292744787 0.0505237586719358 0.0094243036584154 0 0 0 0 0 0 0 0 0 0 0 0 0 0 0 0
-9999 0 0.226702966984788 0.0292877351061915 0 0 0 0 0.172873217017639 0.299624903638967 0.298441860271826 0.30969989382105 0.310473265137773 0.338747742918113 0.340376208019316 0.332491392440308 0.330041027463154 0.323222624635594 0.320196462225436 0.324243033434941 0.332689558515822 0.33497414095827 0.330420528899999 0.326812927650786 0.32772356279207 0.330107103600318 0.330060226944519 0.327141905777091 0.325822969976915 0.329930412269383 0.335450637177593 0.341541111616725 0.347128285365798 0.353515073878524 0.361552550268772 0.369443443605679 0.377630183496342 0.367575511539331 0.328831320069782 0.297032077089823 0.267894835935236 0.239142706719853 0.207422223474828 0.172043273326652 0.130873745313667 0.0794276162002083 0.0214255113076844 0 0 0 0 0 0 0 0 0 0 0 0 0 0 0 0
-9999 0 0.238590562748435 0 0 0 0 0 0.0158239684575234 0.33110750255058 0.324196187947131 0.335574467598797 0.324357825139269 0.359596821280672 0.357813762952897 0.351000970363398 0.349268279506216 0.340026783692077 0.337016267612511 0.341745106106225 0.353676679902673 0.35769931409645 0.353090628201212 0.352429586317668 0.35551297315605 0.362040391636174 0.362311553142461 0.35704865115332 0.354131888385353 0.356061031078641 0.36038209876928 0.364856793478825 0.368175218123978 0.373886720982083 0.37960941314832 0.385713819678637 0.391927376507232 0.396291144343114 0.399945528744159 0.402511838641242 0.364681670396172 0.32228248671766 0.277404108735793 0.228570563574807 0.17731187490895 0.114454077926838 0.0424281072903202 0 0 0 0 0 0 0 0 0 0 0 0 0 0 0 0
-9999 -9999 0.13239280627355 0.0733231810205184 0 0 0 0 0 0.378328190615111 0.348081558316347 0.356027338482285 0.34285767864972 0.375857815788872 0.373761332161417 0.366041426413416 0.365400924234774 0.356374425210332 0.352075424456067 0.357400568919697 0.368407762491611 0.374078154771923 0.372481418683755 0.373528787793784 0.380767864971959 0.390327804132044 0.393644171689908 0.389589933155052 0.385997728892518 0.386372336955054 0.387310119414956 0.38874989350937 0.391310499664425 0.393638686123803 0.398475428196225 0.40255192067539 0.40682770127768 0.411137984844046 0.412780444372412 0.413816063150502 0.40982350606633 0.396339416107241 0.334167871227319 0.272885848059602 0.21188180042695 0.14801827251589 0.070008878487113 0 0 0 0 0 0 0 0 0 0 0 0 0 0 0 0
-9999 -9999 -9999 0.209202466927646 0 0 0 0 0 0.284772233846292 0.377360892069409 0.376462786459794 0.361479960021859 0.383140839831859 0.38165926946389 0.381182897916524 0.381158057029109 0.371774653360013 0.366816106785687 0.37042651315393 0.381472074520584 0.387391592538799 0.387042604563409 0.390795573314383 0.40065354078747 0.414634254035735 0.420758078223342 0.419135535040092 0.418250083634104 0.418185846408305 0.417992604875089 0.416432553510243 0.414463048270904 0.414159721399734 0.41671783411565 0.420016280079707 0.423399658814411 0.425818138938585 0.427052515983984 0.42651387079414 0.420871966055982 0.410452351417001 0.39277785456423 0.320209831634337 0.25266042534375 0.180106880306308 0.10008100541692 0.00812611930195195 0 0 0 0 0 0 0 0 0 0 0 0 0 0 0
-9999 -9999 -9999 -9999 0 0 0 0 0 0.138621113435925 0.416421894057927 0.398855085473016 0.372731167781442 0.371972164907753 0.378880082200377 0.393937088452676 0.396811088739421 0.386996351267394 0.381165225666631 0.382570153949088 0.390757704207471 0.397012807965707 0.398351691278989 0.404837812173385 0.416617566694302 0.43174127244355 0.442286681087056 0.446449010208555 0.451484541716276 0.450860839083827 0.44973623569649 0.447104628861974 0.441568695287192 0.43715730276377 0.439422311708982 0.440289654513229 0.440982737089699 0.443525172307034 0.443665054242691 0.442873511988248 0.436046849643542 0.42604934308268 0.414246150233864 0.368853812923494 0.294105612429007 0.213361247996903 0.135232749172894 0.0564938624031397 0 0 0 0 0 0 0 0 0 0 0 0 0 0 0
-9999 -9999 -9999 -9999 0 0 0 0 0 0 0.433779781992441 0.407832120898552 0.376827451933766 0.365301249005222 0.373914211148582 0.396036657711064 0.402512150321134 0.395769890891259 0.389967626848521 0.390696646116572 0.39813392053825 0.404550692656614 0.407514425584348 0.415850522479393 0.429011829290845 0.446632496161143 0.459316402881584 0.466207956979863 0.473772053949711 0.475679908906357 0.477429399309733 0.476264900896184 0.470994238077725 0.467120680376426 0.467310025910988 0.467011436574181 0.464921778736367 0.463898502482011 0.464019901800055 0.46308910096974 0.458254571824553 0.451287373016417 0.442936720670403 0.436837942064751 0.357893469222188 0.274095813791396 0.198722747458712 0.131097090934549 0.0643779435164008 0.0114365376705753 0 0 0 0 0 0 0 0 0 0 0 0 0
-9999 -9999 -9999 -9999 0 0 0 0 0 0 0.158287915091793 0.427672416121746 0.376080916255769 0.366191811961443 0.376969796140572 0.394506683455824 0.403227705017838 0.400877981477903 0.394342739832482 0.398904923087792 0.404890766587084 0.410826959479536 0.414408847137636 0.413646327351197 0.421298479062008 0.434426928982913 0.454925205277211 0.479015725289499 0.487860452600761 0.495204036046819 0.500572566351454 0.503566438724772 0.501039213486181 0.500680812778044 0.502306628600163 0.500733736023754 0.496027431986253 0.490687763239642 0.487965675732396 0.487182517667055 0.485273696502744 0.483271870058575 0.480797474561726 0.482204896283321 0.435699207563817 0.353592569971332 0.282177759434824 0.217842638306985 0.162379183596149 0.10928720766883 0.0638600210437775 0.0247712557338888 0 0 0 0 0 0 0 0 0 0 0
-9999 -9999 -9999 -9999 -9999 0 0 0 0 0 0 0.0734306099262059 0.309570593727502 0.371707985031054 0.383439990192473 0.393637408236245 0.40145892162913 0.406385988534336 0.408845828580215 0.40915785132038 0.409426706395464 0.412849708666196 0.396361692757759 0.387720411434678 0.388851964900956 0.397351993470664 0.414603566992361 0.438497507486036 0.466543527365404 0.49965832173815 0.519894818425684 0.527575483675246 0.528974926391599 0.532957260375304 0.539719342646328 0.545078553722185 0.539258929109447 0.525931216403505 0.517454832388943 0.512992667211068 0.51176265368416 0.51354795610716 0.518176558347515 0.527198163997648 0.520031193745345 0.44531774019274 0.379148366610608 0.31955832647403 0.264002213251506 0.216449285937475 0.171364742767102 0.13358419981911 0.101926454108041 0.0693874873431046 0.0383511327760439 0.00622912931370412 0 0 0 0 0 0 0
-9999 -9999 -9999 -9999 -9999 0 0 0 0 0 0 0 0 0.21765307212923 0.397485377018387 0.400192441554826 0.413286363173566 0.42101178565566 0.435616918400126 0.420089556022383 0.41215406129289 0.398039519627389 0.373105796201722 0.362425538590468 0.360873289742651 0.363067932330459 0.375236658847318 0.39618485656205 0.417163412808598 0.450858307376081 0.484089375311757 0.524912186756319 0.553556309128273 0.562968231507513 0.576058724647438 0.59644520771387 0.59323372043976 0.56938322705049 0.555323721125455 0.545126926441468 0.538939893571706 0.543761456833374 0.556201910389953 0.570347938653086 0.582859766904998 0.537675883872117 0.477999748535095 0.417654155451126 0.365290320994823 0.320857476023323 0.279922296829483 0.243617340680124 0.208396296078949 0.176376410018032 0.151138933974118 0.131034739477725 0.107856212778947 0.0828081075682958 0.0674484149474652 0.0462079954514967 0.0341403825355178 0.0256592331375665 0.0217067684983709
-9999 -9999 -9999 -9999 -9999 -9999 0 0 0 0 0 0 0 0 0.0956740179535637 0.429799974234462 0.438914398156517 0.444376868780687 0.444208686310811 0.426973941483139 0.413438120113119 0.391259747804122 0.363055680816136 0.345077484393475 0.338654898263528 0.338957943073699 0.346399116501091 0.361059674912759 0.380499044587791 0.408406282607431 0.440838788603209 0.479861367423429 0.524928749465283 0.57006621094122 0.59776112021909 0.617694670066055 0.619861905029059 0.605625364925207 0.592494478071242 0.576679590992867 0.569905914229849 0.576300463571893 0.592877407986901 0.613295620066367 0.625210518988578 0.624517950527562 0.572361825568293 0.521070513384779 0.473914859439612 0.434389247854827 0.397123731800967 0.362560176555646 0.328763370494544 0.296631135988206 0.273497394236744 0.25231006034643 0.234311337489582 0.220045208345237 0.2050144534409 0.191192506036959 0.178473967076372 0.16826705289823 0.166096720300502
-9999 -9999 -9999 -9999 -9999 -9999 0 0 0 0 0 0 0 0 0 0 0.0934149976552249 0.280419757214109 0.454170038004168 0.435583880331544 0.416387640437765 0.41605258455356 0.391085884402329 0.351617180586806 0.346075532387496 0.321989956074718 0.324500165241013 0.33458577398427 0.347985417351954 0.373237680150024 0.402950665262375 0.441877805815557 0.488733291225187 0.537879616774691 0.588544480203766 0.623112663969597 0.630385589584074 0.628101536997442 0.627878187186632 0.607778013269252 0.597919017252521 0.60760683867241 0.631774809199959 0.654994624560791 0.664070743024085 0.671310692905958 0.657485269870489 0.61136391656204 0.576068552112949 0.53784633692591 0.508717396429662 0.477778719377005 0.441996704702986 0.415327461614925 0.39022086571877 0.369426172271734 0.355094023937812 0.345386500529955 0.336043433934739 0.321051093705038 0.311222921193421 0.299485018148199 0.290264724080969
-9999 -9999 -9999 -9999 -9999 -9999 -9999 0 0 0 0 0 0 0 0 0 0 0 0 0.070970210545877 0.442123953015295 0.450117825388613 0.438077070125898 0.438678487646048 0.407951805476839 0.357505654743061 0.315732044710821 0.31643704729239 0.326972538848368 0.344812365226908 0.370046701176815 0.408518798352943 0.458136446865234 0.510875876459436 0.565693810205511 0.620492682795062 0.629291406154223 0.633808520497109 0.636111178295443 0.629981964123567 0.629185684334761 0.640677454946672 0.661029952437648 0.683339982504369 0.691520993718611 0.696336543636224 0.698281002279419 0.689013074888153 0.657065604027968 0.62470558401373 0.597742343189625 0.571324629353084 0.545073507799015 0.525113127034305 0.506504016231712 0.49155877741212 0.479875890358213 0.47007223374448 0.460918537982526 0.44809035311644 0.433855882296922 0.41998413094295 0.40946352909503
-9999 -9999 -9999 -9999 -9999 -9999 -9999 0 0 0 0 0 0 0 0 0 0 0 0 0 0 0.135688706265826 0.433704544085043 0.446681242896296 0.458913837132711 0.449222112490522 0.341098534863022 0.306360247542362 0.310050565808906 0.326163128141059 0.344788132452254 0.380740741741681 0.43601519239253 0.488707192411062 0.548173321092114 0.606891328810568 0.631180310973418 0.63879107681247 0.644586294811777 0.649161240319742 0.655635363616152 0.667130500370899 0.684001213473714 0.703848831096511 0.703397310825889 0.707637445637832 0.707584896407993 0.695583026328639 0.684727951244953 0.689793388248945 0.665100448261289 0.644225064693658 0.626442931107882 0.621218921434333 0.605063909921513 0.599155578531435 0.590078326041623 0.577241261401501 0.576300005353603 0.559140807220363 0.546083871653548 0.532651283037264 0.5212822766917
-9999 -9999 -9999 -9999 -9999 -9999 -9999 -9999 0 0 0 0 0 0 0 0 0 0 0 0 0 0 0 0.281496140258219 0.48338354496398 0.491129164303094 0.412892318712335 0.341605891691466 0.323720572557535 0.325880442464984 0.340173275277628 0.374613993648774 0.427853129309586 0.480780848721081 0.538270764386392 0.592327727235991 0.641287533012095 0.649647569000734 0.658187963753706 0.668851762965364 0.68098496248413 0.687958293074681 0.688793620120391 0.693353559280477 0.696091538306498 0.702464099671074 0.702433222583078 0.695969010707243 0.695106131159054 0.694211884146506 0.696319089562256 0.689345126960178 0.683011145532032 0.679410590198686 0.675845940038618 0.673914589185619 0.666382417378207 0.655703716944719 0.649037516144459 0.645478657141372 0.644964981517201 0.638228321640344 0.627893422892933
