data/03_saidas_enm/CCSM_Maxent_6k_B.balansae2.asc
NCOLS 154 
NROWS 168 
XLLCORNER -112 
YLLCORNER -55.5 
CELLSIZE 0.5 
NODATA_value -9999 
[rows 75 to 99 of 168, columns 56 to 111 of 154]
-9999 -9999 -9999 -9999 -9999 -9999 -9999 -9999 -9999 -9999 -9999 0.0610563047230244 0.146317631006241 0.264456331729889 0.313237518072128 0.333759605884552 0.342432260513306 0.348568141460419 0.356213420629501 0.322913348674774 0.293157517910004 0.296775847673416 0.303981602191925 0.305389761924744 0.300784528255463 0.296975404024124 0.301858365535736 0.309707224369049 0.31685683131218 0.320383667945862 0.32746696472168 0.340262174606323 0.357753217220306 0.371433645486832 0.38110089302063 0.39249587059021 0.401222884654999 0.412268489599228 0.420774877071381 0.426793396472931 0.43444886803627 0.443511039018631 0.445831686258316 0.440213650465012 0.428950309753418 0.414882510900497 0.40070641040802 0.388887137174606 0.377606779336929 0.36553493142128 0.353185802698135 0.342675358057022 0.331519365310669 0.328470081090927 0.329993188381195 0.33385044336319
-9999 -9999 -9999 -9999 -9999 -9999 -9999 -9999 -9999 -9999 -9999 0.0656719505786896 0.148273169994354 0.270289421081543 0.314836919307709 0.334269553422928 0.34242370724678 0.331250667572021 0.33758133649826 0.333991974592209 0.324039578437805 0.319425940513611 0.316980063915253 0.316695243120193 0.310307949781418 0.305667549371719 0.310093849897385 0.318025052547455 0.3244908452034 0.328826665878296 0.336649507284164 0.352402240037918 0.369234621524811 0.380089074373245 0.387385785579681 0.39742574095726 0.409270316362381 0.421698331832886 0.432140827178955 0.439960598945618 0.448417484760284 0.45913502573967 0.468477934598923 0.466077327728271 0.458593636751175 0.45237210392952 0.443281322717667 0.430562227964401 0.418862909078598 0.405971199274063 0.394432485103607 0.382202059030533 0.371387451887131 0.37029704451561 0.378052264451981 0.38956344127655
-9999 -9999 -9999 -9999 -9999 -9999 -9999 -9999 -9999 -9999 -9999 -9999 0.110542096197605 0.202133879065514 0.272944211959839 0.315770417451859 0.293733060359955 0.240767076611519 0.242058634757996 0.300805330276489 0.335609793663025 0.342353820800781 0.344668984413147 0.339960038661957 0.330483287572861 0.322329074144363 0.323238849639893 0.328460484743118 0.333802908658981 0.338489353656769 0.346607655286789 0.358691781759262 0.372272998094559 0.383303135633469 0.391078561544418 0.401273012161255 0.414622187614441 0.429701238870621 0.444321691989899 0.454398423433304 0.465106308460236 0.477215588092804 0.489738255739212 0.496150016784668 0.490548521280289 0.483605742454529 0.480088800191879 0.466973543167114 0.454955518245697 0.442813724279404 0.433184772729874 0.42386856675148 0.417727470397949 0.419331729412079 0.427778422832489 0.437721848487854
-9999 -9999 -9999 -9999 -9999 -9999 -9999 -9999 -9999 -9999 -9999 -9999 0.0649346336722374 0.126627311110497 0.205545455217361 0.294013530015945 0.242107391357422 0.159702688455582 0.156735852360725 0.21669328212738 0.315341889858246 0.352949619293213 0.376474529504776 0.384182661771774 0.357775390148163 0.345288336277008 0.338054418563843 0.339716553688049 0.342947840690613 0.345971047878265 0.351514250040054 0.363896876573563 0.380243688821793 0.39226907491684 0.397870391607285 0.40673753619194 0.419978231191635 0.4372478723526 0.452536910772324 0.462932586669922 0.48117795586586 0.495740115642548 0.516088485717773 0.524449169635773 0.521117925643921 0.51708972454071 0.509644389152527 0.500921070575714 0.489719152450562 0.479074120521545 0.472292244434357 0.467975586652756 0.464544743299484 0.466489762067795 0.472094237804413 0.481659233570099
-9999 -9999 -9999 -9999 -9999 -9999 -9999 -9999 -9999 -9999 -9999 -9999 -9999 0.0699474141001701 0.14018477499485 0.196940764784813 0.179314360022545 0.132561877369881 0.133341506123543 0.167208269238472 0.220074981451035 0.288483440876007 0.398289978504181 0.448268294334412 0.438381761312485 0.400864273309708 0.379628002643585 0.363470435142517 0.351046323776245 0.354170650243759 0.360433578491211 0.375091075897217 0.389446645975113 0.401546686887741 0.409636050462723 0.41810730099678 0.433005332946777 0.449305385351181 0.465051263570786 0.47733798623085 0.496297121047974 0.52467942237854 0.545993626117706 0.551646769046783 0.546270787715912 0.541746020317078 0.533773124217987 0.525320529937744 0.513763010501862 0.509097814559937 0.507782876491547 0.503674328327179 0.501319527626038 0.502999007701874 0.507413268089294 0.515822350978851
-9999 -9999 -9999 -9999 -9999 -9999 -9999 -9999 -9999 -9999 -9999 -9999 -9999 0.045200988650322 0.0954039320349693 0.143979877233505 0.132159560918808 0.11567335575819 0.128887489438057 0.152233392000198 0.160216271877289 0.18603290617466 0.255046546459198 0.319471210241318 0.345467031002045 0.456626087427139 0.449266493320465 0.410236388444901 0.39814692735672 0.385298877954483 0.375351548194885 0.404772967100143 0.405174136161804 0.415151923894882 0.425081819295883 0.43014469742775 0.448315471410751 0.463595122098923 0.478571981191635 0.49068483710289 0.504838228225708 0.534368813037872 0.564491868019104 0.571249902248383 0.562803328037262 0.560971975326538 0.553997397422791 0.537841439247131 0.53442645072937 0.536453425884247 0.538558304309845 0.536039710044861 0.534154951572418 0.534700214862823 0.536944210529327 0.54646623134613
-9999 -9999 -9999 -9999 -9999 -9999 -9999 -9999 -9999 -9999 -9999 -9999 -9999 -9999 0.0691356137394905 0.0811275839805603 0.0953953936696053 0.121964909136295 0.139701247215271 0.130056113004684 0.126156181097031 0.129182413220406 0.138721764087677 0.152873694896698 0.167615056037903 0.201041370630264 0.281153231859207 0.434500962495804 0.509562015533447 0.485542505979538 0.470526456832886 0.450966566801071 0.453937739133835 0.452156871557236 0.448399364948273 0.455110967159271 0.470679938793182 0.491107553243637 0.502954244613647 0.507005929946899 0.515702068805695 0.536149561405182 0.559213399887085 0.572312712669373 0.572565793991089 0.575441122055054 0.56684535741806 0.556754589080811 0.556585073471069 0.563929736614227 0.56769198179245 0.565529525279999 0.56282651424408 0.561006009578705 0.558755457401276 0.563255310058594
-9999 -9999 -9999 -9999 -9999 -9999 -9999 -9999 -9999 -9999 -9999 -9999 -9999 -9999 0.0505908764898777 0.0582590401172638 0.0783511400222778 0.130129963159561 0.148188367486 0.120388925075531 0.114582099020481 0.100382328033447 0.0868775174021721 0.0859841927886009 0.0974917784333229 0.129721894860268 0.147675231099129 0.211456775665283 0.316520392894745 0.392344653606415 0.539350628852844 0.499857932329178 0.488112151622772 0.485073179006577 0.474072396755219 0.477039128541946 0.491776585578918 0.516142308712006 0.527989029884338 0.522555828094482 0.524646103382111 0.540740787982941 0.555121243000031 0.564337372779846 0.57267302274704 0.580235958099365 0.578021347522736 0.574020743370056 0.574987828731537 0.580202996730804 0.589617967605591 0.588639318943024 0.584765732288361 0.580667912960052 0.574070870876312 0.571535050868988
-9999 -9999 -9999 -9999 -9999 -9999 -9999 -9999 -9999 -9999 -9999 -9999 -9999 -9999 -9999 0.056709248572588 0.0913753882050514 0.12666654586792 0.138627424836159 0.10840268433094 0.081041693687439 0.0698913112282753 0.059461947530508 0.0568469315767288 0.0613875687122345 0.0618110746145248 0.0768055245280266 0.0943221747875214 0.125268310308456 0.177461132407188 0.315924614667892 0.479008436203003 0.501761794090271 0.512934684753418 0.499081969261169 0.488814562559128 0.503100454807281 0.526506960391998 0.532358050346375 0.53415310382843 0.537212669849396 0.546777009963989 0.55822741985321 0.570101201534271 0.57521778345108 0.580360054969788 0.586694538593292 0.589244484901428 0.591344356536865 0.590784192085266 0.592036664485931 0.593947052955627 0.59647011756897 0.591200232505798 0.585453152656555 0.574202299118042
-9999 -9999 -9999 -9999 -9999 -9999 -9999 -9999 -9999 -9999 -9999 -9999 -9999 -9999 -9999 0.0239975154399872 0.0750673189759254 0.144058957695961 0.143521621823311 0.094819076359272 0.066171832382679 0.0745630338788033 0.0657691732048988 0.061155192553997 0.0614118538796902 0.047043327242136 0.0599236004054546 0.0688952505588531 0.0842477455735207 0.128340527415276 0.189707368612289 0.356064677238464 0.501181721687317 0.549246251583099 0.52998822927475 0.492950767278671 0.509728074073792 0.526785433292389 0.529032409191132 0.523428320884705 0.518995344638824 0.556025266647339 0.563263475894928 0.573178231716156 0.575560748577118 0.579972803592682 0.592117369174957 0.60148561000824 0.603632807731628 0.598197162151337 0.592805683612823 0.589949429035187 0.592301845550537 0.592301368713379 0.586394965648651 0.564953029155731
-9999 -9999 -9999 -9999 -9999 -9999 -9999 -9999 -9999 -9999 -9999 -9999 -9999 -9999 -9999 0.031368549913168 0.0452467650175095 0.122519344091415 0.161820828914642 0.12690307199955 0.110988326370716 0.111221753060818 0.115079589188099 0.110019341111183 0.0962179377675056 0.0903352200984955 0.0780020579695702 0.0724386498332024 0.0805109515786171 0.102709569036961 0.140432298183441 0.236652389168739 0.47694343328476 0.544211149215698 0.548673152923584 0.541008055210114 0.545327961444855 0.534674644470215 0.527451276779175 0.51112562417984 0.510300099849701 0.561817109584808 0.56486439704895 0.573262870311737 0.578005015850067 0.575442671775818 0.589241027832031 0.605178833007812 0.609886944293976 0.601144433021545 0.586986541748047 0.579327821731567 0.573446810245514 0.572724938392639 0.570106685161591 0.546645998954773
-9999 -9999 -9999 -9999 -9999 -9999 -9999 -9999 -9999 -9999 -9999 -9999 -9999 -9999 -9999 -9999 0.0354875661432743 0.0541519299149513 0.124266035854816 0.182103499770164 0.151839584112167 0.136108443140984 0.132879063487053 0.14028762280941 0.133157581090927 0.133535891771317 0.110014662146568 0.0922642573714256 0.0811397433280945 0.087557390332222 0.108968019485474 0.15731093287468 0.328697681427002 0.500018715858459 0.555210590362549 0.553298056125641 0.563423037528992 0.565218150615692 0.554072499275208 0.533645689487457 0.522608578205109 0.568420588970184 0.564599215984344 0.573897957801819 0.575725317001343 0.576594352722168 0.594629943370819 0.606967687606812 0.603882849216461 0.586438357830048 0.575256109237671 0.575108170509338 0.574108302593231 0.580719470977783 0.582341492176056 0.561787009239197
-9999 -9999 -9999 -9999 -9999 -9999 -9999 -9999 -9999 -9999 -9999 -9999 -9999 -9999 -9999 -9999 -9999 0.0429234430193901 0.0541475489735603 0.10472010076046 0.19076244533062 0.172041043639183 0.140224501490593 0.129363879561424 0.141522064805031 0.148876190185547 0.128506451845169 0.106835320591927 0.0915805101394653 0.0820993185043335 0.0858634784817696 0.123462542891502 0.183300793170929 0.26824963092804 0.448615878820419 0.56879049539566 0.570114314556122 0.575967788696289 0.579595327377319 0.564422428607941 0.554970622062683 0.559057891368866 0.566463649272919 0.576314032077789 0.5848109126091 0.59503585100174 0.607316136360168 0.610744535923004 0.610033750534058 0.609470069408417 0.613442242145538 0.617380499839783 0.631276726722717 0.639685869216919 0.630844175815582 0.611072838306427
-9999 -9999 -9999 -9999 -9999 -9999 -9999 -9999 -9999 -9999 -9999 -9999 -9999 -9999 -9999 -9999 -9999 -9999 -9999 0.0428503081202507 0.0700696781277657 0.114352129399776 0.12219462543726 0.116951458156109 0.143821761012077 0.170308724045753 0.173332571983337 0.160352244973183 0.129911094903946 0.0950203090906143 0.0863651558756828 0.108148120343685 0.145153850317001 0.188754767179489 0.253715962171555 0.450067549943924 0.552994310855865 0.59002023935318 0.588149547576904 0.567683517932892 0.553311705589294 0.559324741363525 0.56904399394989 0.580701649188995 0.592326641082764 0.605627357959747 0.612768650054932 0.616064667701721 0.621837615966797 0.631554841995239 0.632749199867249 0.635139584541321 0.644477665424347 0.654161691665649 0.662327408790588 0.651094794273376
-9999 -9999 -9999 -9999 -9999 -9999 -9999 -9999 -9999 -9999 -9999 -9999 -9999 -9999 -9999 -9999 -9999 -9999 -9999 -9999 -9999 0.0429862663149834 0.0703098475933075 0.114433042705059 0.119321718811989 0.131653249263763 0.16692179441452 0.2048619389534 0.202641099691391 0.143263548612595 0.115568108856678 0.116662211716175 0.119553737342358 0.14534218609333 0.18991282582283 0.249330475926399 0.362389206886292 0.54516738653183 0.605381548404694 0.583955585956573 0.582052528858185 0.579745829105377 0.582185328006744 0.591415405273438 0.5976402759552 0.606898248195648 0.609835863113403 0.617905020713806 0.627929985523224 0.630785703659058 0.630052387714386 0.640871345996857 0.654790639877319 0.667139172554016 0.669053435325623 0.673060774803162
-9999 -9999 -9999 -9999 -9999 -9999 -9999 -9999 -9999 -9999 -9999 -9999 -9999 -9999 -9999 -9999 -9999 -9999 -9999 -9999 -9999 -9999 -9999 0.0541070997714996 0.107876531779766 0.118748813867569 0.166357010602951 0.224676385521889 0.242824658751488 0.229917541146278 0.185253664851189 0.135520964860916 0.124188654124737 0.129877850413322 0.152075901627541 0.183343440294266 0.228819474577904 0.357828915119171 0.51414543390274 0.580488502979279 0.555638134479523 0.563548922538757 0.567149758338928 0.579537570476532 0.589681565761566 0.599026381969452 0.60378235578537 0.614207088947296 0.626266300678253 0.634912133216858 0.636620163917542 0.650009036064148 0.666259050369263 0.676011323928833 0.676409780979156 0.676119804382324
-9999 -9999 -9999 -9999 -9999 -9999 -9999 -9999 -9999 -9999 -9999 -9999 -9999 -9999 -9999 -9999 -9999 -9999 -9999 -9999 -9999 -9999 -9999 -9999 -9999 0.0668565034866333 0.149787604808807 0.219577968120575 0.246120944619179 0.282008618116379 0.295254617929459 0.21662749350071 0.152698174118996 0.14439594745636 0.138777330517769 0.137037247419357 0.178078293800354 0.233184948563576 0.326441258192062 0.52648538351059 0.558222472667694 0.535737633705139 0.53674179315567 0.562324583530426 0.578891396522522 0.588217318058014 0.598800361156464 0.603560030460358 0.621716499328613 0.639471828937531 0.643703937530518 0.658475279808044 0.674298584461212 0.683403372764587 0.680810928344727 0.67662239074707
-9999 -9999 -9999 -9999 -9999 -9999 -9999 -9999 -9999 -9999 -9999 -9999 -9999 -9999 -9999 -9999 -9999 -9999 -9999 -9999 -9999 -9999 -9999 -9999 -9999 0.0278874728828669 0.0672054439783096 0.182282686233521 0.290470331907272 0.335734218358994 0.365921080112457 0.33553358912468 0.292728304862976 0.213609054684639 0.170120909810066 0.155690416693687 0.17915053665638 0.217923015356064 0.262596398591995 0.464155316352844 0.581155300140381 0.541759967803955 0.527715146541595 0.564384639263153 0.578377187252045 0.581565260887146 0.596064746379852 0.602453291416168 0.622614979743958 0.645581305027008 0.653911173343658 0.666780292987823 0.675278782844543 0.684038937091827 0.683830857276917 0.679483950138092
-9999 -9999 -9999 -9999 -9999 -9999 -9999 -9999 -9999 -9999 -9999 -9999 -9999 -9999 -9999 -9999 -9999 -9999 -9999 -9999 -9999 -9999 -9999 -9999 -9999 -9999 -9999 0.0756379291415215 0.173571050167084 0.302282422780991 0.387222617864609 0.416888147592545 0.390760749578476 0.33566752076149 0.279009938240051 0.226245403289795 0.204319700598717 0.215114086866379 0.252496480941772 0.436453133821487 0.572449207305908 0.550263941287994 0.529161393642426 0.584120154380798 0.58797961473465 0.583877265453339 0.599241614341736 0.6102254986763 0.632463037967682 0.656633794307709 0.667810559272766 0.672218978404999 0.675798237323761 0.68401163816452 0.684050798416138 0.681348443031311
-9999 -9999 -9999 -9999 -9999 -9999 -9999 -9999 -9999 -9999 -9999 -9999 -9999 -9999 -9999 -9999 -9999 -9999 -9999 -9999 -9999 -9999 -9999 -9999 -9999 -9999 -9999 0.0473187416791916 0.117170810699463 0.227525681257248 0.335013687610626 0.412632077932358 0.407602608203888 0.397440701723099 0.36017256975174 0.304939419031143 0.247284695506096 0.228567287325859 0.268860906362534 0.420183837413788 0.551877319812775 0.544564604759216 0.532008469104767 0.580841302871704 0.594423115253448 0.590670466423035 0.606648027896881 0.621717393398285 0.644840180873871 0.656365036964417 0.666968286037445 0.667521119117737 0.669640362262726 0.675987243652344 0.684947788715363 0.687262058258057
-9999 -9999 -9999 -9999 -9999 -9999 -9999 -9999 -9999 -9999 -9999 -9999 -9999 -9999 -9999 -9999 -9999 -9999 -9999 -9999 -9999 -9999 -9999 -9999 -9999 -9999 -9999 -9999 0.0933360606431961 0.177945151925087 0.290986090898514 0.38478097319603 0.380854785442352 0.383377134799957 0.405134201049805 0.371708154678345 0.283737331628799 0.237275749444962 0.275321960449219 0.405288219451904 0.531435072422028 0.539891302585602 0.519937634468079 0.556284189224243 0.583514213562012 0.587558567523956 0.60577803850174 0.617024064064026 0.63214373588562 0.64872944355011 0.659976124763489 0.665712714195251 0.659482061862946 0.665523588657379 0.684876918792725 0.694887161254883
-9999 -9999 -9999 -9999 -9999 -9999 -9999 -9999 -9999 -9999 -9999 -9999 -9999 -9999 -9999 -9999 -9999 -9999 -9999 -9999 -9999 -9999 -9999 -9999 -9999 -9999 -9999 -9999 0.0903109237551689 0.151988625526428 0.269433796405792 0.381378591060638 0.373094856739044 0.372409671545029 0.408440411090851 0.387173861265182 0.292877376079559 0.239341601729393 0.272758334875107 0.38615095615387 0.503984034061432 0.538909792900085 0.510072290897369 0.521591246128082 0.555434823036194 0.578524112701416 0.597679436206818 0.603661894798279 0.618786156177521 0.644594669342041 0.658432126045227 0.666628360748291 0.658767521381378 0.667610049247742 0.686482608318329 0.704714953899384
-9999 -9999 -9999 -9999 -9999 -9999 -9999 -9999 -9999 -9999 -9999 -9999 -9999 -9999 -9999 -9999 -9999 -9999 -9999 -9999 -9999 -9999 -9999 -9999 -9999 -9999 -9999 -9999 0.0916938260197639 0.147084787487984 0.268093466758728 0.397731989622116 0.342151463031769 0.336186170578003 0.405851244926453 0.382513612508774 0.287387192249298 0.234935507178307 0.26092541217804 0.373680114746094 0.48884978890419 0.541795194149017 0.502512753009796 0.498876333236694 0.529248893260956 0.545714676380157 0.583607494831085 0.596482813358307 0.608316600322723 0.63618940114975 0.653446853160858 0.664124011993408 0.661199390888214 0.670024812221527 0.692272245883942 0.691977560520172
-9999 -9999 -9999 -9999 -9999 -9999 -9999 -9999 -9999 -9999 -9999 -9999 -9999 -9999 -9999 -9999 -9999 -9999 -9999 -9999 -9999 -9999 -9999 -9999 -9999 -9999 -9999 -9999 0.0900866389274597 0.167758718132973 0.310696095228195 0.416084289550781 0.358986675739288 0.355087786912918 0.388094455003738 0.354135245084763 0.261114448308945 0.237160786986351 0.266715824604034 0.362135589122772 0.490727663040161 0.533060371875763 0.494980096817017 0.50269341468811 0.521142661571503 0.528824269771576 0.563591599464417 0.588806569576263 0.612821221351624 0.627200424671173 0.641843795776367 0.651128113269806 0.658888638019562 0.671811997890472 0.672199547290802 0.659558475017548
-9999 -9999 -9999 -9999 -9999 -9999 -9999 -9999 -9999 -9999 -9999 -9999 -9999 -9999 -9999 -9999 -9999 -9999 -9999 -9999 -9999 -9999 -9999 -9999 -9999 -9999 -9999 -9999 0.0873947441577911 0.202293172478676 0.38041478395462 0.422291159629822 0.372807025909424 0.368750393390656 0.373628318309784 0.3328597843647 0.245851635932922 0.239138051867485 0.272659420967102 0.360350251197815 0.498570531606674 0.519182920455933 0.480735331773758 0.514065682888031 0.519433438777924 0.524387300014496 0.544553875923157 0.569573640823364 0.596645057201385 0.615608334541321 0.617904663085938 0.635120153427124 0.650077342987061 0.645068883895874 0.631921291351318 0.616268992424011
