data/03_saidas_enm/CCSM_SVM_0k_B.balansae5.asc
NCOLS 154 
NROWS 168 
XLLCORNER -112 
YLLCORNER -55.5 
CELLSIZE 0.5 
NODATA_value -9999 
[rows 100 to 124 of 168, columns 56 to 111 of 154]
-9999 -9999 -9999 -9999 -9999 -9999 -9999 -9999 -9999 -9999 -9999 -9999 -9999 -9999 -9999 -9999 -9999 -9999 -9999 -9999 -9999 -9999 -9999 -9999 -9999 -9999 -9999 -9999 0.0812279394471688 0.19108537267982 0.196637519937162 0.152239322207662 0.131432709100666 0.119303452503333 0.101172458292143 0.080661325998367 0.0796101733199138 0.0939304760188622 0.111195317617203 0.281816485928129 0.683678206322892 0.829018642448186 0.678824570297171 0.522686300889163 0.46793308125205 0.489629743686396 0.582838067544053 0.677460162366329 0.744472425610208 0.817293055620416 0.886486582974855 0.933798242604938 0.975727603643448 1.01681682722008 1.05054095736279 1.06551387152646
-9999 -9999 -9999 -9999 -9999 -9999 -9999 -9999 -9999 -9999 -9999 -9999 -9999 -9999 -9999 -9999 -9999 -9999 -9999 -9999 -9999 -9999 -9999 -9999 -9999 -9999 -9999 -9999 0.0782926956672105 0.188819294213339 0.190811174181296 0.152291948882239 0.134714046903366 0.123280523280555 0.102937574483291 0.0825321062019609 0.0849225304615731 0.0985067997634576 0.116077418546662 0.33270176527491 0.739796000399579 0.801981182125812 0.62802826443912 0.486828209729058 0.446048891244896 0.465458590015507 0.566299564131277 0.642447383526407 0.695768727129804 0.783989924530862 0.848744031827626 0.902930424693903 0.947836753044317 0.991891891640129 1.03345733362585 1.05696067335597
-9999 -9999 -9999 -9999 -9999 -9999 -9999 -9999 -9999 -9999 -9999 -9999 -9999 -9999 -9999 -9999 -9999 -9999 -9999 -9999 -9999 -9999 -9999 -9999 -9999 -9999 -9999 0.0737800272224682 0.0793680549531864 0.17726224825385 0.191003858751476 0.156072445321132 0.141559639186793 0.131063695867474 0.109771836473398 0.0905448020282099 0.0916076940942759 0.102650632018712 0.132380243897546 0.411305759140824 0.787747174856597 0.75722181995798 0.595779107399005 0.472307981770712 0.42957986411794 0.454498914434237 0.539535642718035 0.621544395187765 0.683495681333197 0.752548298245947 0.813393573400138 0.86194962787291 0.900628288100475 0.949389744904394 1.00003190429273 1.0312378928386
-9999 -9999 -9999 -9999 -9999 -9999 -9999 -9999 -9999 -9999 -9999 -9999 -9999 -9999 -9999 -9999 -9999 -9999 -9999 -9999 -9999 -9999 -9999 -9999 -9999 -9999 -9999 0.077391585711463 0.0803509968858202 0.163817338771665 0.178877283462283 0.153193609805516 0.145699965383213 0.138780552579416 0.114383544085866 0.0943069140675453 0.0965047497169735 0.106140324134814 0.149616006260342 0.485084233389063 0.788405880060006 0.699363791898333 0.545165778132255 0.442070995634254 0.406507503172716 0.424799062496376 0.501684171772665 0.589764708799126 0.656781177319965 0.718498736823729 0.777015225374942 0.820722867842874 0.855004895817836 0.903245620399412 0.955701709694454 0.993934315658365
-9999 -9999 -9999 -9999 -9999 -9999 -9999 -9999 -9999 -9999 -9999 -9999 -9999 -9999 -9999 -9999 -9999 -9999 -9999 -9999 -9999 -9999 -9999 -9999 -9999 -9999 -9999 0.0791067274175036 0.0855657315014533 0.150713450139868 0.160151220843254 0.1439741627741 0.143638790790136 0.143190661547942 0.116146576183494 0.0948829069784228 0.0992354765799926 0.110701505694583 0.174799567050361 0.525009594880869 0.782658127928879 0.646051166416627 0.493401297108362 0.41033222718058 0.386472555475761 0.400172611802758 0.472596984708134 0.55097401444148 0.619330793067119 0.68471729023667 0.737096090800273 0.7850674576461 0.822512771913613 0.867160719610265 0.915830556256347 0.954623758766366
-9999 -9999 -9999 -9999 -9999 -9999 -9999 -9999 -9999 -9999 -9999 -9999 -9999 -9999 -9999 -9999 -9999 -9999 -9999 -9999 -9999 -9999 -9999 -9999 -9999 -9999 -9999 0.081564654003655 0.0917055749163953 0.139228738849145 0.13819837939247 0.129098347049629 0.136794037572924 0.142580845610629 0.111562760291185 0.0943761451247514 0.102175875152093 0.111554857134913 0.178177387995252 0.541627109917581 0.756420999705671 0.597342903574116 0.45217172780375 0.391367892547981 0.382363688739403 0.40366810038636 0.468591266929849 0.530724917088123 0.592992200954875 0.657029983700609 0.709911563977445 0.756221941047257 0.790709120548084 0.832429351209805 0.880936650877786 0.923225502170882
-9999 -9999 -9999 -9999 -9999 -9999 -9999 -9999 -9999 -9999 -9999 -9999 -9999 -9999 -9999 -9999 -9999 -9999 -9999 -9999 -9999 -9999 -9999 -9999 -9999 -9999 -9999 0.0853978248451008 0.099221180771417 0.129060728278802 0.118270002958252 0.116361727265439 0.127896124602244 0.1395661444961 0.105944640051231 0.099564304138229 0.108657887953293 0.109839564648624 0.165854157505748 0.564472087063112 0.740021877448816 0.55458397604171 0.430898579081802 0.387181773102679 0.395987278028931 0.436903554387987 0.473766959061551 0.524713847646468 0.577165781778104 0.633944864120092 0.68790505017867 0.730933492980133 0.76454330296939 0.806731368456238 0.853614813877831 0.90633339746553
-9999 -9999 -9999 -9999 -9999 -9999 -9999 -9999 -9999 -9999 -9999 -9999 -9999 -9999 -9999 -9999 -9999 -9999 -9999 -9999 -9999 -9999 -9999 -9999 -9999 -9999 -9999 0.0900976736926455 0.105514075303155 0.119730253309686 0.106194764618151 0.108535344921538 0.122769571677528 0.13660410011056 0.104315428612922 0.108727738134425 0.115409087413197 0.110815305208859 0.164714373511167 0.587032924063988 0.707032415290912 0.510492359914405 0.401823753672528 0.372769554694803 0.387753663994883 0.427236996190188 0.463113554984492 0.509531610930597 0.55914179285205 0.608721872237102 0.654799445068062 0.697757685497914 0.734765710538678 0.779731818847564 0.830732359803442 0.884137385945404
-9999 -9999 -9999 -9999 -9999 -9999 -9999 -9999 -9999 -9999 -9999 -9999 -9999 -9999 -9999 -9999 -9999 -9999 -9999 -9999 -9999 -9999 -9999 -9999 -9999 -9999 -9999 0.0951552689924426 0.109371719783141 0.112031065821543 0.100016063108477 0.10431595236575 0.119901161584346 0.135981601053393 0.104913809703154 0.117217797253558 0.119773633673421 0.111184775880567 0.176100120381348 0.623223794899479 0.642113229658177 0.4573156374393 0.366913924869223 0.345619813850432 0.355339970218788 0.379868532868589 0.430239561466597 0.481435186931884 0.53344359329753 0.579541933947801 0.61913463149271 0.661674563208307 0.701265939897918 0.749420068301252 0.804571408304555 0.860071205666818
-9999 -9999 -9999 -9999 -9999 -9999 -9999 -9999 -9999 -9999 -9999 -9999 -9999 -9999 -9999 -9999 -9999 -9999 -9999 -9999 -9999 -9999 -9999 -9999 -9999 -9999 -9999 0.10130011892551 0.112336380855873 0.106944135965394 0.0964711301546959 0.101796468823496 0.122610994597571 0.143254168272377 0.108390836462318 0.118619551780384 0.119955784380716 0.112626023477452 0.259511455160528 0.688017160431362 0.58854242423123 0.401288599544164 0.33676206015986 0.322551687746272 0.330973565759651 0.353940737093204 0.39871479411201 0.447825602887525 0.49814375902309 0.544159374065544 0.585401441744038 0.626881804501837 0.66782278574668 0.718585041248565 0.772549906180317 0.825668744390152
-9999 -9999 -9999 -9999 -9999 -9999 -9999 -9999 -9999 -9999 -9999 -9999 -9999 -9999 -9999 -9999 -9999 -9999 -9999 -9999 -9999 -9999 -9999 -9999 -9999 -9999 0.11728224174574 0.106131188397085 0.113396762141421 0.0996735599492003 0.0903980302433002 0.0987064730141389 0.12963064719519 0.162062493382289 0.114518699101151 0.119631564395739 0.11773895503952 0.141878706721704 0.426359918712148 0.693914537871203 0.469668169399728 0.347304255005542 0.30939137501715 0.302361453868905 0.313308250450833 0.336737551743932 0.373378442398404 0.416831622373511 0.46215388119521 0.509589051638077 0.553895987592628 0.598401269334253 0.639636670208216 0.689808118370116 0.740208747217546 0.785495468570659
-9999 -9999 -9999 -9999 -9999 -9999 -9999 -9999 -9999 -9999 -9999 -9999 -9999 -9999 -9999 -9999 -9999 -9999 -9999 -9999 -9999 -9999 -9999 -9999 -9999 -9999 0.115815646107041 0.110935873299821 0.109387335243858 0.0886135728210248 0.0827874850133791 0.0983618403368061 0.14974814477551 0.191671771421978 0.134793246841391 0.118844283299722 0.130506472243446 0.288117211945494 0.591157833290513 0.584158129984604 0.388757522331814 0.293296778400411 0.275705641526293 0.276572165458124 0.28746452136246 0.308177330280368 0.34556503306227 0.389964717078665 0.437144746985369 0.485012385615111 0.531238071675287 0.579548452428881 0.625628647581718 0.673980828481705 0.715593667387108 0.756545216975968
-9999 -9999 -9999 -9999 -9999 -9999 -9999 -9999 -9999 -9999 -9999 -9999 -9999 -9999 -9999 -9999 -9999 -9999 -9999 -9999 -9999 -9999 -9999 -9999 -9999 -9999 0.114010178180403 0.112675328302523 0.0946592675961613 0.0772970920365839 0.0750618785104321 0.103352291116918 0.182446877701627 0.23963650384641 0.196417097247216 0.141064445631286 0.249481026178833 0.518345491907891 0.551669104544198 0.416756286883979 0.278117284257227 0.247049642765494 0.23964175625176 0.245244851521555 0.259025372414712 0.269452517686824 0.317291984159172 0.369359364320024 0.417063756872781 0.462776507990789 0.509265063965274 0.559213104630782 0.612755756676005 0.658610790821905 0.690063108473699 0.72635782585089
-9999 -9999 -9999 -9999 -9999 -9999 -9999 -9999 -9999 -9999 -9999 -9999 -9999 -9999 -9999 -9999 -9999 -9999 -9999 -9999 -9999 -9999 -9999 -9999 -9999 -9999 0.1128732503489 0.104695739268285 0.0803419666472536 0.0711507637685946 0.080324904238967 0.139811593006305 0.270606862314582 0.374175677776684 0.371444145338224 0.35759313866166 0.489143947118537 0.545115535054805 0.390621234048431 0.284686712553387 0.230313970802269 0.212502242937337 0.213873251188709 0.224626637317246 0.242619740228534 0.26589644945278 0.304433353047787 0.348889975559787 0.393569898348626 0.437602443095585 0.482669095484537 0.531716821607436 0.580494555732365 0.622551202891039 0.650412173152106 0.674646634675744
-9999 -9999 -9999 -9999 -9999 -9999 -9999 -9999 -9999 -9999 -9999 -9999 -9999 -9999 -9999 -9999 -9999 -9999 -9999 -9999 -9999 -9999 -9999 -9999 -9999 0.0970228257873067 0.108616199617119 0.0883220668818367 0.0713483417791426 0.0710689685758 0.104236068573744 0.205686726775878 0.407504439948217 0.5362677400707 0.528232474676271 0.440365838344522 0.480531361213943 0.371188627214963 0.244160215252771 0.203434978914324 0.188102082448504 0.185410037610501 0.190741340347767 0.205570472387415 0.227730266251962 0.25011237696186 0.287583493944832 0.329802694492113 0.369058231988681 0.411087474258723 0.450381384317693 0.498770787399057 0.540788783626811 0.576098835431242 0.598347884070035 0.614977001719833
-9999 -9999 -9999 -9999 -9999 -9999 -9999 -9999 -9999 -9999 -9999 -9999 -9999 -9999 -9999 -9999 -9999 -9999 -9999 -9999 -9999 -9999 -9999 -9999 -9999 0.103947346747387 0.101186624093266 0.0739361324078572 0.0623667549398843 0.0711539796289237 0.135487839619367 0.2710410150477 0.469573087879683 0.573140165481712 0.486324451258684 0.374167020622909 0.312317721250402 0.237774970153613 0.179312927119753 0.164949833872125 0.161439722878338 0.163051564531265 0.171939938961341 0.187165698834927 0.209720345508976 0.233755474702025 0.268273885350727 0.304813360656442 0.342123495732578 0.38402637275155 0.426399560339056 0.466988312029961 0.500654685775396 0.531544599885428 0.551584600300714 0.561914184401191
-9999 -9999 -9999 -9999 -9999 -9999 -9999 -9999 -9999 -9999 -9999 -9999 -9999 -9999 -9999 -9999 -9999 -9999 -9999 -9999 -9999 -9999 -9999 -9999 -9999 0.106280219181409 0.0936473756309323 0.064054964407725 0.0541733341003577 0.0741369741668176 0.174171190639596 0.301419579462178 0.428216608490595 0.435444978112936 0.326657017369885 0.21832588699217 0.195635389563501 0.165015142413448 0.1450808706851 0.140736301319497 0.140276701006361 0.146004061145981 0.153582913926166 0.167165385713999 0.189917001608382 0.214722354785491 0.243905445172147 0.277476986697754 0.315519005949266 0.360011398136317 0.400573514458855 0.436590424886089 0.46434567826884 0.489280364781404 0.503209165255571 0.511646874970962
-9999 -9999 -9999 -9999 -9999 -9999 -9999 -9999 -9999 -9999 -9999 -9999 -9999 -9999 -9999 -9999 -9999 -9999 -9999 -9999 -9999 -9999 -9999 -9999 -9999 0.112525222470402 0.0896768553800538 0.0554462443953936 0.0404649387844954 0.0647938288180919 0.17879253340463 0.282556350178807 0.312920124833568 0.27909039738113 0.207228561758319 0.15781718099331 0.138998655457019 0.124296223776117 0.115645367697383 0.121437462545744 0.128237043870345 0.130930912751405 0.135544614933864 0.144464010493602 0.158249404113639 0.178681078475998 0.213050696465491 0.256567024859223 0.297632277713496 0.336840619371309 0.372812450954376 0.407339900589522 0.433482214060924 0.455103467375547 0.463866756864427 0.463678293806069
-9999 -9999 -9999 -9999 -9999 -9999 -9999 -9999 -9999 -9999 -9999 -9999 -9999 -9999 -9999 -9999 -9999 -9999 -9999 -9999 -9999 -9999 -9999 -9999 -9999 0.117529257845973 0.0875157696568186 0.0482903506950289 0.0284396641171276 0.058276066717716 0.185479507658267 0.245585556219912 0.214321078182103 0.17722853558621 0.144332747054319 0.118228685053735 0.105877507029776 0.0914090736360904 0.087903718083561 0.102191570053831 0.112022474522519 0.110721397259128 0.109936708624468 0.115218574509587 0.125620866207593 0.137966389866178 0.182835461484316 0.233820346192808 0.277174906525836 0.315229075892153 0.345980392780339 0.380568310502556 0.404993971386096 0.422013790549949 0.423578155679124 0.421730101552417
-9999 -9999 -9999 -9999 -9999 -9999 -9999 -9999 -9999 -9999 -9999 -9999 -9999 -9999 -9999 -9999 -9999 -9999 -9999 -9999 -9999 -9999 -9999 -9999 -9999 0.121398216852098 0.0871596142197087 0.0455937886339722 0.0202595268524581 0.0451079682304723 0.149994437983601 0.189722393446607 0.157408428467841 0.133300601760138 0.115894752917254 0.104619813821488 0.0889861110229601 0.0752834528841151 0.0722779014722061 0.0819264196307053 0.0889002890908167 0.0839461663255737 0.0766672237633171 0.0825855616350346 0.100301590646534 0.12641301411227 0.163411775938163 0.206582983973293 0.248693864653786 0.289154347677235 0.324238832927981 0.355634330021911 0.377117575366513 0.39348012066182 0.396077220296484 0.388882420323097
-9999 -9999 -9999 -9999 -9999 -9999 -9999 -9999 -9999 -9999 -9999 -9999 -9999 -9999 -9999 -9999 -9999 -9999 -9999 -9999 -9999 -9999 -9999 -9999 -9999 0.125826804904356 0.0857314693224194 0.0460044272579407 0.0198854281831232 0.0407058161730904 0.123162742539222 0.142284112016701 0.111479300007282 0.0986469269982007 0.0897336196268242 0.0846181690767127 0.0688203943043929 0.0563330498446105 0.0547967874851826 0.0647716452417538 0.06976946752431 0.0625266587639036 0.0551543727291588 0.0635466245716545 0.0856228087049515 0.113170518454225 0.147007076610928 0.185073036485572 0.22320431554706 0.264502067621521 0.300313392312526 0.332460327482299 0.354022658061031 0.369132235380939 0.368696484645578 0.362302426908327
-9999 -9999 -9999 -9999 -9999 -9999 -9999 -9999 -9999 -9999 -9999 -9999 -9999 -9999 -9999 -9999 -9999 -9999 -9999 -9999 -9999 -9999 -9999 -9999 -9999 0.130362788532505 0.0857293937285064 0.0490390622414607 0.0253503869823631 0.0305123261780705 0.0839456167138934 0.0894853302835046 0.0674757641238368 0.063207785568077 0.0554951924861146 0.0435185646433127 0.0388950369307161 0.0333852859612314 0.036129678243875 0.0498574493786318 0.0553305670354339 0.0481570070961818 0.0450628214993403 0.0542176024911967 0.0728696508049974 0.10093797668201 0.132787854157107 0.165833837099967 0.203229029959465 0.240437166855504 0.27605063877253 0.311860089959725 0.336542598948418 0.351575469074433 0.350502400298646 0.338743344757924
-9999 -9999 -9999 -9999 -9999 -9999 -9999 -9999 -9999 -9999 -9999 -9999 -9999 -9999 -9999 -9999 -9999 -9999 -9999 -9999 -9999 -9999 -9999 -9999 -9999 0.138278986022634 0.0868561164187558 0.0455046521722544 0.0282010922696328 0.0242259344459869 0.0537537339833513 0.0504722571757248 0.0335003522446443 0.0356663901773013 0.0305968953351599 0.0214494661626423 0.0222574190476001 0.0213308349369732 0.0268026681262039 0.0446083847381566 0.0508319265221793 0.0428082343242701 0.0379180039775878 0.0458192630470341 0.062651422923226 0.0865738572947137 0.114790552890761 0.147913607997451 0.18406607662727 0.224129864745692 0.259178571663534 0.294354087148383 0.319450232153767 0.333429010045141 0.333251193090875 0.324291682588678
-9999 -9999 -9999 -9999 -9999 -9999 -9999 -9999 -9999 -9999 -9999 -9999 -9999 -9999 -9999 -9999 -9999 -9999 -9999 -9999 -9999 -9999 -9999 -9999 -9999 0.148520774800031 0.0895060744020339 0.0408008160911951 0.0278704715833857 0.0184386957663292 0.0284913766045255 0.0210858191971791 0.0119332186178075 0.0188358908470883 0.0182234124075162 0.0187216059392864 0.0166661645012612 0.0194303664435154 0.0285032064023178 0.0437048793190001 0.0546267288145884 0.042548427463047 0.033668048973265 0.0388808197834725 0.0508787066905586 0.0677842086813025 0.0951145097715658 0.129834242021252 0.168000087153469 0.210435557763495 0.250403644930137 0.281001594103894 0.298323738159342 0.315922330745882 0.3158556457115 0.312149912909018
-9999 -9999 -9999 -9999 -9999 -9999 -9999 -9999 -9999 -9999 -9999 -9999 -9999 -9999 -9999 -9999 -9999 -9999 -9999 -9999 -9999 -9999 -9999 -9999 0.140006713713122 0.155268187723011 0.0886574335838621 0.040253813469851 0.0332049827108873 0.0181279338023806 0.0213798620365969 0.00535516955136883 -0.000831494087716322 0.00926460042810912 0.0101970692889246 0.00900985588073838 0.00979646775190041 0.0129542415117316 0.0221623304683826 0.0395750844518769 0.0504337335192593 0.0415248519775119 0.0312759097611077 0.0335881919849038 0.0424725013627979 0.0569062569136031 0.0800479239248905 0.11101645652219 0.147490089933263 0.192356007312203 0.235555536954335 0.262457039968011 0.279959564838614 0.297449028927022 0.282557066780555 0.246449127883962
