data/03_saidas_enm/CCSM_SVM_0k_B.balansae1.asc
NCOLS 154 
NROWS 168 
XLLCORNER -112 
YLLCORNER -55.5 
CELLSIZE 0.5 
NODATA_value -9999 
[rows 100 to 124 of 168, columns 56 to 111 of 154]
-9999 -9999 -9999 -9999 -9999 -9999 -9999 -9999 -9999 -9999 -9999 -9999 -9999 -9999 -9999 -9999 -9999 -9999 -9999 -9999 -9999 -9999 -9999 -9999 -9999 -9999 -9999 -9999 0.0760031088831152 0.116771189407715 0.16005001456962 0.143504917192227 0.136825763873178 0.130178663488489 0.108846485623844 0.0867166093197249 0.104037017614841 0.129025265861386 0.142237561033314 0.271482846754376 0.68989627430779 0.809730290324069 0.615406570616441 0.451041997063997 0.399476410121786 0.418764214160126 0.502411324776938 0.595206455738602 0.667595953878247 0.749165228841066 0.831526955333648 0.892775704317261 0.949440526661692 1.00354448348975 1.04576743251277 1.06557691300452
-9999 -9999 -9999 -9999 -9999 -9999 -9999 -9999 -9999 -9999 -9999 -9999 -9999 -9999 -9999 -9999 -9999 -9999 -9999 -9999 -9999 -9999 -9999 -9999 -9999 -9999 -9999 -9999 0.078911741054608 0.121655137470815 0.159271776573987 0.14662074483014 0.14118396905811 0.13408350711479 0.10830718203983 0.0859580898745523 0.108967546012607 0.133071540157255 0.146238581635701 0.316417123101367 0.738866027382756 0.757485649621404 0.553770204622499 0.413068784722614 0.377875284997874 0.395052164952812 0.482934527386137 0.554967481996752 0.611949210221683 0.707881419602696 0.786907590862863 0.852728301970381 0.9107278062279 0.967103481513813 1.01803678246321 1.05066354427688
-9999 -9999 -9999 -9999 -9999 -9999 -9999 -9999 -9999 -9999 -9999 -9999 -9999 -9999 -9999 -9999 -9999 -9999 -9999 -9999 -9999 -9999 -9999 -9999 -9999 -9999 -9999 0.140031938918794 0.0852255975056658 0.117482966871273 0.158837861156901 0.150739343307535 0.145505376738438 0.137690539004233 0.111089199175853 0.0916777174736114 0.11451811613402 0.135326134132349 0.157322888465275 0.389813955131871 0.774118785205645 0.693441402959107 0.515315382754744 0.396916389373828 0.362274334227769 0.384781441495628 0.4580999967374 0.534956588749269 0.597936176367814 0.669523666901483 0.73746223773595 0.795207945400079 0.842255351145885 0.903510291802404 0.968839998855995 1.01140055047664
-9999 -9999 -9999 -9999 -9999 -9999 -9999 -9999 -9999 -9999 -9999 -9999 -9999 -9999 -9999 -9999 -9999 -9999 -9999 -9999 -9999 -9999 -9999 -9999 -9999 -9999 -9999 0.138732627932877 0.0878108538917494 0.115090410807107 0.153701863420717 0.150619114057817 0.148546355126757 0.142227858603342 0.112197447814925 0.097825536232334 0.121409635042798 0.139117480774946 0.170001257585384 0.463196270605923 0.76275268068471 0.628665069381848 0.467643800087984 0.371411549832738 0.34444865461561 0.360756484730435 0.425703549751093 0.505295785031671 0.569913433547772 0.629718257078193 0.689633428900142 0.738388173475794 0.777153863464291 0.836581110390992 0.905766750487534 0.958198027722864
-9999 -9999 -9999 -9999 -9999 -9999 -9999 -9999 -9999 -9999 -9999 -9999 -9999 -9999 -9999 -9999 -9999 -9999 -9999 -9999 -9999 -9999 -9999 -9999 -9999 -9999 -9999 0.136603955980999 0.091829335601208 0.117894475321766 0.147063798859123 0.147697860151896 0.148374695119694 0.144938198980937 0.114526192513915 0.106390335874656 0.129123063155131 0.143490562696322 0.186031219982788 0.503420512733765 0.762144421072381 0.580601256181533 0.425952550816729 0.349455426869788 0.329904366300285 0.342352705240929 0.401412833444872 0.469322582317428 0.531386122071476 0.591638973966552 0.6416861735886 0.690475812338505 0.732029154814478 0.786785341884582 0.850091191414945 0.903196791806048
-9999 -9999 -9999 -9999 -9999 -9999 -9999 -9999 -9999 -9999 -9999 -9999 -9999 -9999 -9999 -9999 -9999 -9999 -9999 -9999 -9999 -9999 -9999 -9999 -9999 -9999 -9999 0.135388526638632 0.0980070123227047 0.12495536103611 0.141988401523651 0.143104017611904 0.14620679144949 0.145796763470143 0.116042398205052 0.118699116783047 0.135879739072643 0.144364540926772 0.185988080769117 0.516319721762154 0.729125369247799 0.534208407603627 0.39313891895421 0.336367683320294 0.328269690523608 0.345502880238218 0.397638936348486 0.450112413660332 0.50471387731031 0.560362510687977 0.607771255038005 0.652868460414737 0.68925945656918 0.738609856499652 0.798208068910669 0.854140798310272
-9999 -9999 -9999 -9999 -9999 -9999 -9999 -9999 -9999 -9999 -9999 -9999 -9999 -9999 -9999 -9999 -9999 -9999 -9999 -9999 -9999 -9999 -9999 -9999 -9999 -9999 -9999 0.136678428951894 0.109298435306092 0.13237419465329 0.138567017292546 0.139987794254774 0.143549852480063 0.145232326848357 0.120369859777683 0.132481860753688 0.140398900070264 0.143319722601423 0.176463379793185 0.524485690604501 0.693982190362196 0.491709443046539 0.375989784629756 0.335046706067692 0.340371274847258 0.372385481475927 0.401942490369775 0.444341178979757 0.488907714015376 0.536385856246906 0.582580058823701 0.620030824045668 0.652135933119244 0.699473652354746 0.753731547072263 0.817616777329997
-9999 -9999 -9999 -9999 -9999 -9999 -9999 -9999 -9999 -9999 -9999 -9999 -9999 -9999 -9999 -9999 -9999 -9999 -9999 -9999 -9999 -9999 -9999 -9999 -9999 -9999 -9999 0.14214147884488 0.121394882537315 0.135413458515133 0.136965226602806 0.138624911528006 0.142315246663264 0.144575691878197 0.126633968397723 0.139340021000757 0.142127916673656 0.142959689116315 0.173731694477941 0.529319564218039 0.646662337861876 0.448495757321925 0.352360819287201 0.32490039343589 0.335060137134484 0.365855825616382 0.393624959174988 0.43131012697906 0.471837526993226 0.511159217260326 0.547389735977802 0.580657493932027 0.61406623929256 0.659836052858174 0.712892927090467 0.772560902870336
-9999 -9999 -9999 -9999 -9999 -9999 -9999 -9999 -9999 -9999 -9999 -9999 -9999 -9999 -9999 -9999 -9999 -9999 -9999 -9999 -9999 -9999 -9999 -9999 -9999 -9999 -9999 0.150223677567676 0.132587456229172 0.136677899698134 0.13679972083839 0.138125269698731 0.141749903971074 0.144556067289776 0.131349094520768 0.142063892093425 0.142664519762795 0.142865229422831 0.177607445709507 0.544499983156156 0.5721199675451 0.398283812951338 0.323610271772989 0.304627271295278 0.310545351070078 0.328894696959694 0.366920416447899 0.4061863536483 0.447261266730839 0.480722476636023 0.50881923838737 0.541790328529773 0.5725513904347 0.617978838333281 0.670413587652358 0.726926318538846
-9999 -9999 -9999 -9999 -9999 -9999 -9999 -9999 -9999 -9999 -9999 -9999 -9999 -9999 -9999 -9999 -9999 -9999 -9999 -9999 -9999 -9999 -9999 -9999 -9999 -9999 -9999 0.156942999957816 0.138900118219879 0.1366982177493 0.13590380094499 0.137315135224841 0.142466436579191 0.147617823853386 0.133846890760784 0.142252028893137 0.142729589159499 0.144157446912198 0.223146793047807 0.577520287977141 0.505434869843271 0.347387145939597 0.298162910619795 0.285984592071399 0.290960480570878 0.307105736762895 0.339105950902907 0.375012086029046 0.412640391127799 0.444674495506849 0.472758271863851 0.501654754999922 0.53158330010872 0.574779961511636 0.620240494269823 0.668896215659643
-9999 -9999 -9999 -9999 -9999 -9999 -9999 -9999 -9999 -9999 -9999 -9999 -9999 -9999 -9999 -9999 -9999 -9999 -9999 -9999 -9999 -9999 -9999 -9999 -9999 -9999 0.150185042493973 0.161246389377105 0.142387078520259 0.135826207613165 0.13412327113581 0.135733158181844 0.144873597708591 0.158396077745651 0.136274342566444 0.142409843433497 0.142890847672165 0.155828672348498 0.320607121937184 0.552004927562724 0.389056061778166 0.2989499800704 0.274365997225945 0.268927886297147 0.275309744905756 0.291199842768909 0.316366445260416 0.345362284616116 0.377581509558625 0.409761298949988 0.439569444023542 0.471134496818262 0.496396550880261 0.535627585364259 0.573559113208006 0.608383173403948
-9999 -9999 -9999 -9999 -9999 -9999 -9999 -9999 -9999 -9999 -9999 -9999 -9999 -9999 -9999 -9999 -9999 -9999 -9999 -9999 -9999 -9999 -9999 -9999 -9999 -9999 0.156767250027406 0.162701768667919 0.141611065696033 0.133101939509735 0.130692835786268 0.134517438055843 0.154448280071012 0.179136713313306 0.145795652581492 0.143063481408429 0.149422917601493 0.232130834195381 0.432728750066276 0.444381328727759 0.315596139247202 0.254129781994713 0.245491209039682 0.246397328321567 0.252786823646955 0.265591094148223 0.290208890424699 0.319800622913956 0.352401225656052 0.383566725520778 0.41303937728764 0.444297156310097 0.473461886238238 0.508168506547456 0.534144113570736 0.561714739960372
-9999 -9999 -9999 -9999 -9999 -9999 -9999 -9999 -9999 -9999 -9999 -9999 -9999 -9999 -9999 -9999 -9999 -9999 -9999 -9999 -9999 -9999 -9999 -9999 -9999 -9999 0.16755774557696 0.154675327677252 0.136241341439737 0.129157429436374 0.127279799225658 0.13526231772193 0.173748566034792 0.217848719767487 0.186481456686099 0.154294486888135 0.213887260212026 0.38951297979992 0.403761638294741 0.315331963945425 0.231751480322553 0.216719933936499 0.21520317079204 0.219801159842851 0.227936039713059 0.232766971606834 0.265227475990619 0.299767062648385 0.331827366427391 0.358983167236275 0.387387903534177 0.419049347896767 0.451634644268224 0.482052967333435 0.496604768699191 0.51704710883156
-9999 -9999 -9999 -9999 -9999 -9999 -9999 -9999 -9999 -9999 -9999 -9999 -9999 -9999 -9999 -9999 -9999 -9999 -9999 -9999 -9999 -9999 -9999 -9999 -9999 -9999 0.17157992634052 0.143862557652155 0.130826333148264 0.125628530462595 0.125390238012673 0.151304182585903 0.240299028270067 0.338778051149491 0.324904944870846 0.28938303897024 0.367980273339932 0.398923489888221 0.289001391040435 0.225983908432495 0.197596610642698 0.190384592697464 0.193525103025806 0.201375719843089 0.212430717239338 0.226761086380153 0.251707334487667 0.27946847412637 0.307471273443991 0.331893428931658 0.357262064164396 0.385470722862843 0.413013780230951 0.438035679973311 0.448874497680529 0.456951501715855
-9999 -9999 -9999 -9999 -9999 -9999 -9999 -9999 -9999 -9999 -9999 -9999 -9999 -9999 -9999 -9999 -9999 -9999 -9999 -9999 -9999 -9999 -9999 -9999 -9999 0.184712698752597 0.158018326062431 0.134611857600499 0.127913507433336 0.123268260060086 0.133149267489409 0.19130767540436 0.361131015758347 0.48261073428427 0.427640549050033 0.306701616917576 0.338009820906721 0.272493564706703 0.196571857466846 0.176449281967499 0.170573719280222 0.170631723957562 0.175233212120389 0.185429267993325 0.19938831844345 0.215093435356486 0.237214852939365 0.260739885815668 0.282624092694794 0.303192822574263 0.324398051022885 0.352081743917071 0.37159575800415 0.389281531868438 0.394681819264777 0.398547232378324
-9999 -9999 -9999 -9999 -9999 -9999 -9999 -9999 -9999 -9999 -9999 -9999 -9999 -9999 -9999 -9999 -9999 -9999 -9999 -9999 -9999 -9999 -9999 -9999 -9999 0.18410060355725 0.146943589165717 0.128903117106889 0.123375976391738 0.120087778003465 0.145504466100427 0.238948410418297 0.412529421382164 0.488375823260715 0.374214518546309 0.27346681822566 0.232252645586575 0.189775991429731 0.159196148100793 0.153139429612117 0.152844833171077 0.154589061833326 0.160487107083586 0.170456562789975 0.1846299625793 0.199992949629619 0.218921393696342 0.237479374485127 0.257449658951582 0.277842420885736 0.299047674145172 0.318657423859449 0.333010802549048 0.347241623495084 0.351464395814428 0.349569984075971
-9999 -9999 -9999 -9999 -9999 -9999 -9999 -9999 -9999 -9999 -9999 -9999 -9999 -9999 -9999 -9999 -9999 -9999 -9999 -9999 -9999 -9999 -9999 -9999 -9999 0.18214183487097 0.141167948300592 0.124803715432459 0.118773586212892 0.116685288289837 0.166365880405809 0.260536086457072 0.361953958034821 0.352507365683135 0.253527701359677 0.178346393545889 0.163372712879376 0.147092134948068 0.138151130046853 0.13678796610392 0.138033953734885 0.14139515774273 0.145929486179487 0.154169600305226 0.167027494261236 0.182709627975215 0.197091523741149 0.213215482029989 0.232833701847816 0.254101879367756 0.274115522133703 0.290163953574889 0.299871562569559 0.30900879532635 0.308986828957566 0.307273455375031
-9999 -9999 -9999 -9999 -9999 -9999 -9999 -9999 -9999 -9999 -9999 -9999 -9999 -9999 -9999 -9999 -9999 -9999 -9999 -9999 -9999 -9999 -9999 -9999 -9999 0.193501839556981 0.139780073883134 0.119985602634775 0.109830131788842 0.106526543155826 0.162479894662269 0.237056713398615 0.25335964687065 0.221336486245179 0.17039948333284 0.139108335913443 0.125760035049831 0.115557812327195 0.11249602431432 0.118576468449948 0.124398260721969 0.126955170724872 0.130927514242046 0.136635363188361 0.142295422658392 0.152008045196523 0.170895097083274 0.194707069029218 0.216447117903188 0.233720616038281 0.249124050739189 0.263608430201856 0.272592697531836 0.279985760272913 0.277779892554568 0.271099865312542
-9999 -9999 -9999 -9999 -9999 -9999 -9999 -9999 -9999 -9999 -9999 -9999 -9999 -9999 -9999 -9999 -9999 -9999 -9999 -9999 -9999 -9999 -9999 -9999 -9999 0.205517427801767 0.139253829013727 0.115665189853054 0.101762125760792 0.0956821315317254 0.158565645564164 0.196375635302522 0.170091451999589 0.146815747409817 0.127948954644435 0.112775936689609 0.102183250720714 0.0886526870065777 0.0868947135346609 0.0989243986213256 0.107083488840393 0.108444462972665 0.111412577141897 0.116383915438259 0.120002557247676 0.124721237551114 0.148575794499114 0.176138094338795 0.198803400682608 0.214433372772813 0.226950398636506 0.241641341099331 0.249482715834735 0.253822306053936 0.247982445420558 0.241865282538932
-9999 -9999 -9999 -9999 -9999 -9999 -9999 -9999 -9999 -9999 -9999 -9999 -9999 -9999 -9999 -9999 -9999 -9999 -9999 -9999 -9999 -9999 -9999 -9999 -9999 0.209916726840731 0.138579258246657 0.113020232947476 0.0949113742123004 0.0829677125407394 0.126847271834624 0.147833013258076 0.126095772003254 0.116214661073375 0.108516957403047 0.102689715574078 0.0889169707386373 0.0766973157638225 0.074363702348596 0.0810239141783407 0.0869063006431046 0.0874590204621069 0.0899473162605666 0.0969978998670328 0.104439621358777 0.115353774195121 0.133357805251041 0.155125898384387 0.176656035463527 0.194730387557741 0.209369801934437 0.22196795637335 0.228809030448562 0.233430147612101 0.229178315837171 0.2198951313711
-9999 -9999 -9999 -9999 -9999 -9999 -9999 -9999 -9999 -9999 -9999 -9999 -9999 -9999 -9999 -9999 -9999 -9999 -9999 -9999 -9999 -9999 -9999 -9999 -9999 0.22228913010179 0.136906881606584 0.113197659792771 0.0948216728551132 0.076717736129052 0.103328955488734 0.108921791438011 0.0935733986083441 0.0926119717106783 0.0887971787108385 0.086088104011709 0.0726616186578283 0.0625335726574061 0.0610873090554357 0.0664458199235164 0.0706219288936346 0.0715981823952381 0.0777511096059674 0.0866597594463272 0.0943956283070344 0.105324511940585 0.121142277574215 0.139078479400116 0.157691128715387 0.176080514483894 0.192038446164691 0.205933244811355 0.213148407820715 0.217265820994136 0.211897854114174 0.20388902850471
-9999 -9999 -9999 -9999 -9999 -9999 -9999 -9999 -9999 -9999 -9999 -9999 -9999 -9999 -9999 -9999 -9999 -9999 -9999 -9999 -9999 -9999 -9999 -9999 -9999 0.231497871132811 0.135519780372479 0.115313213419879 0.0992685746720789 0.0741375543537338 0.0764906838340062 0.0734670848564618 0.0658378189796087 0.0694612100855658 0.0652971644634051 0.0561260753924187 0.0513392745494559 0.047071865469678 0.0482146700221094 0.0549739958873068 0.0584417815815709 0.060439896553003 0.0701764283355535 0.0797165583444555 0.0857485927199125 0.0957611854153263 0.109987950643554 0.125646355700467 0.143502666414744 0.159788333351524 0.175386642862885 0.19155266582804 0.201794997784825 0.206445622036676 0.201476970550327 0.191457519111019
-9999 -9999 -9999 -9999 -9999 -9999 -9999 -9999 -9999 -9999 -9999 -9999 -9999 -9999 -9999 -9999 -9999 -9999 -9999 -9999 -9999 -9999 -9999 -9999 -9999 0.249200017437039 0.134007985077499 0.112107831751062 0.102359975671113 0.0752345480202172 0.0607116235774408 0.0504932109875679 0.0478773876077176 0.0544757086750794 0.0499691495109922 0.0421261867536935 0.0402468231330922 0.0390313771085047 0.041585553901329 0.0499250060964186 0.0534889386591683 0.054830332498953 0.0637028928826358 0.0729720788354404 0.0773953773001237 0.0850976593423409 0.097707909507584 0.113270023701427 0.130740642769154 0.148640668888131 0.164251080000338 0.180421049346856 0.190572545651913 0.195048816190282 0.191665401352015 0.184147411664001
-9999 -9999 -9999 -9999 -9999 -9999 -9999 -9999 -9999 -9999 -9999 -9999 -9999 -9999 -9999 -9999 -9999 -9999 -9999 -9999 -9999 -9999 -9999 -9999 -9999 0.267151467022168 0.132951732194152 0.107136063380532 0.102650009240582 0.0776284845765588 0.0549123160086215 0.0384991173002664 0.0384068442819535 0.0467494886857034 0.0425793826894298 0.0376747644963606 0.0358531659395178 0.0360548653783553 0.0404490126489291 0.0485636982477595 0.0548334218936561 0.0527160972488088 0.058863646979451 0.0662665787484318 0.0685265368491049 0.0724573191700145 0.0843076437769498 0.101453697670604 0.120039299115243 0.139650730489954 0.158856247856154 0.171854457577711 0.177356458292424 0.184842032048638 0.183408608151743 0.178818440508678
-9999 -9999 -9999 -9999 -9999 -9999 -9999 -9999 -9999 -9999 -9999 -9999 -9999 -9999 -9999 -9999 -9999 -9999 -9999 -9999 -9999 -9999 -9999 -9999 0.265399563895612 0.260000542464629 0.12576577874197 0.103694186920306 0.106047868233018 0.0827426076351411 0.0562541764273597 0.0338828026737983 0.0345011959033251 0.0445284681044344 0.0410712327386528 0.0349174135210978 0.0338309830468685 0.0340516386372858 0.038087116386345 0.0471924816169625 0.0539315437149852 0.0524857012074222 0.0550244300182934 0.0599108802676647 0.0612213802669724 0.0641616343499526 0.073690126396332 0.0882948777570871 0.105979804854589 0.127949961597205 0.149394919162122 0.16126544102498 0.167812080139268 0.177890477545053 0.175920515314515 0.160965789828844
