data/03_saidas_enm/CCSM_Gower_0k_B.balansae5.asc
NCOLS 154 
NROWS 168 
XLLCORNER -112 
YLLCORNER -55.5 
CELLSIZE 0.5 
NODATA_value -9999 
[rows 56 to 83 of 168, columns 63 to 125 of 154]
-9999 0 0 0 0.0103810687100185 0 0 0 0 0 0 0 0 0 0 0 0 0 0 0 0 0 0 0 0 0 0 0 0 0 0 0.0424250238849725 0.107861228581352 0.145071826030151 0.142928001488031 0.137698285605193 0.101103850315003 0.0330962221954134 0 0 0 0 0 0 0 0 0 0.00229427755228528 0.25215749434732 0.398537773005661 0.458430174353732 0.424966506878775 0.372254143784168 0.307968451761303 0.237551299393471 0.17869583470992 0.136463583321386 0.119678047138467 0.0994810166483139 0 0 0 -9999
0 0 0 0.112582437315871 0 0 0 0 0 0 0 0 0 0 0 0 0 0 0 0 0 0 0 0 0 0 0 0 0 0 0 0 0 0 0 0 0 0 0 0 0 0 0 0 0 0 0 0 0.18077166849179 0.344387508012198 0.431134340267172 0.399495402721589 0.340815148889484 0.28215995412072 0.228684816825727 0.181312792589499 0.147025323991248 0.127004581694417 0.111427334949913 0 0 0 0
0 0 0.133875455831842 0.0992262895211015 0.0143837237058749 0 0 0 0 0 0 0 0 0 0 0 0 0 0 0 0 0 0 0 0 0 0 0 0 0 0 0 0 0 0 0 0 0 0 0 0 0 0 0 0 0 0 0 0.0748388347426947 0.268888742834711 0.382930644990369 0.350354579512657 0.301415382026044 0.25500911352005 0.217322323760605 0.187099129789741 0.161304766832273 0.144928871531782 0.132282584574339 0.120642831911557 0.0803163812002996 0 0
0 0.111322633882098 0.148198113089932 0.137345903106616 0.056842972530568 0 0.0361693705231193 0 0 0 0 0 0 0 0 0 0 0 0 0 0 0 0 0 0 0 0 0 0 0 0 0 0 0 0 0 0 0 0 0 0 0 0 0 0 0 0 0 0 0.164272048558139 0.318196476770498 0.289037918975695 0.260776594086809 0.226115312209748 0.207198633595352 0.194152741848012 0.179585380119198 0.170766433322321 0.0844727627731046 0 0 0 0
0 0.117724749253527 0.167643992993436 0.203908899084284 0.128704860379249 0.0691606870347266 0.126869142829962 0 0 0 0 0 0 0 0 0 0 0 0 0 0 0 0 0 0 0 0 0 0 0 0 0 0 0 0 0 0 0 0 0 0 0 0 0 0 0 0 0 0 0.0164042077515726 0.179337621445705 0.256956163239666 0.240339712381795 0.220030027240823 0.20827332144794 0.192644015855805 0.17775309173636 0.00523641561872468 0 0 0 0 0
0 0.0874633488415771 0.198769110652595 0.256664445427968 0.230656439434107 0.157230355801738 0.187451608579924 0.0293248733573505 0 0 0 0 0 0 0 0 0 0 0 0 0 0 0 0 0 0 0 0 0 0 0 0 0 0 0 0 0 0 0 0 0 0 0 0 0 0 0 0 0 0 0.00631424007559411 0.0832689625080316 0.138781441711264 0.155601552586565 0.150981668999663 0.118487485543528 0.0479317204575066 0 0 0 0 0 0
0 0 0.225871033094171 0.280177794677754 0.260352366585422 0.211982218662145 0.205293162989883 0.141041452548499 0.035582025897205 0.0114970650020529 0 0 0 0 0 0 0 0 0 0 0 0 0 0 0 0 0 0 0 0 0 0 0 0 0 0 0 0 0 0 0 0 0 0 0 0 0 0 0 0 0 0 0 0 0 0 0 0 0 0 0 0 0
-9999 0 0.248731693481527 0.327252741224653 0.282483727192824 0.230784728931998 0.224919739310938 0.188744880117342 0.10814848774397 0.102205246420092 0.0829789548524116 0.0852088155542834 0.0885023430482073 0.0829543017030538 0.0882977885386715 0.10077444759301 0.110988430604778 0.11109445580455 0.116136524574203 0.102483593802367 0.0958999536088564 0.0871102729861638 0.059966072803653 0.0471446028089733 0.0154467327346257 0 0 0 0 0 0 0 0 0 0.00382385555213127 0.0416128025588359 0.070504211414408 0.0942620183545699 0.116241312621067 0.0965419199976114 0.0691553455982317 0.0726866000863783 0.11684938410402 0.156594866615499 0.152271961532939 0.150937859686953 0.149237708545605 0.126800677424749 0.121678735782684 0.0825638491213343 0.0595877802212789 0.0252173754962883 0 0 0 0 0 0 0 0 0 0 0
0 0.12431995045952 0.270944122028911 0.30771087949832 0.283763266654615 0.243523647153428 0.240253127707719 0.246666876531128 0.194284176257487 0.174265402540689 0.166258709273104 0.171005356688798 0.187217467596831 0.197846556339676 0.212599563024791 0.211208816177433 0.208601535958509 0.205709333566054 0.203460594311219 0.201806353282924 0.200792739105229 0.198648708710206 0.196169778270925 0.193188264005336 0.176642016111373 0.150940858042956 0.13622884130074 0.12633668183329 0.112409568062517 0.114900285736647 0.113939645788363 0.122670108879997 0.146032465978435 0.162825924800376 0.193419900139632 0.203874065242917 0.11763987703186 0.0513946392932833 0 0 0 0 0.0118806100224594 0.0632923782711672 0.147721848928533 0.24177815287316 0.304115153253003 0.289533677012361 0.269147630297779 0.248248433808541 0.225476025582686 0.208175827977634 0.19918718247611 0.179360692129395 0.06520075753481 0 0 0 0 0 0 0 0
0.0763944998695875 0.240135749060285 0.284390615941803 0.314664489063153 0.283945942239482 0.247030513461455 0.247495789204655 0.259669507109418 0.231135637287264 0.21847133111974 0.228073816082236 0.241564335903911 0.236578795793568 0.232273608193441 0.228161568622562 0.225429180094875 0.222361065571216 0.220174101271031 0.219370372332799 0.216812368704845 0.215655927216512 0.2131620361424 0.209834900044259 0.206524844004214 0.203164654253496 0.199228885245697 0.196687821419889 0.195221897382512 0.194272536014612 0.199939686824044 0.206335030949813 0.216380723222022 0.227738463168787 0.241535378784573 0.208203920278676 0.104032395474764 0.027801851831833 0 0 0 0 0 0 0 0.0709807182784872 0.150334818958137 0.217416106726133 0.286361149724787 0.258471752451362 0.245841548176361 0.227814840326391 0.212998996390747 0.206354105759221 0.185806234579436 0.0395351219514706 0 0 0 0 0 0 0 0
0.171316657420163 0.24655286402653 0.288990325456144 0.300529961788045 0.275627081242481 0.251034758541587 0.254990319222546 0.269448619569757 0.28295121586326 0.269224014560954 0.263618143812521 0.25799968208651 0.253210782877553 0.250558168818297 0.244321485341695 0.23895836268319 0.235038738693812 0.233365641032034 0.232241863596412 0.230934257360321 0.229338939415663 0.227026196694946 0.224612796953017 0.221535378784573 0.218497808890357 0.215303713354237 0.213208460862356 0.211791922503912 0.212654216093903 0.217105456891554 0.224124612737734 0.234226469726532 0.245081672598974 0.258434569040213 0.183971982125144 0.0918284973311775 0.0219855998377446 0 0 0 0 0 0 0 0.0393498049280944 0.0847213964461343 0.127749306734163 0.167350589436827 0.189175529710694 0.192766626154306 0.171941818690972 0.128923560331244 0.064343087185997 0 0 0 0 0 0 0 0 0 0
0.204101657513667 0.257521066443919 0.275332419072316 0.303190212004663 0.273557557925708 0.253383453537879 0.259427924024909 0.273037520025433 0.290546480822336 0.277648418847906 0.268802039633215 0.265953191913777 0.266212540752146 0.268191614564178 0.262001028543644 0.253521995249998 0.249067933749322 0.247693861776201 0.246659614389637 0.245341738301095 0.244343645782036 0.242378301469259 0.240512305122147 0.238667986111544 0.235178838805393 0.232989225226124 0.231486803473361 0.230277968595134 0.231673156880957 0.236625875041298 0.24340841909725 0.252852756185287 0.262561771837852 0.275007555120589 0.216840272683705 0.130540065283069 0.069102453031143 0.0304374073736614 0 0 0 0 0.00158991710666589 0.00694693035220018 0.0313790494986917 0.0462468798533113 0.0584598508095008 0.0726985684774714 0.0679430634036458 0.0481019804727334 0.0113972414531531 0 0 0 0 0 0 0 0 0 0 0 0
0.231885008314762 0.25365240211693 0.250129453126461 0.2663541680952 0.259496867617083 0.2426519096627 0.256164916064605 0.270759046508874 0.272566353532268 0.267109025626321 0.261265775677748 0.26374409834124 0.273260495820373 0.282671358487979 0.279407353152019 0.272259192998423 0.267706515979828 0.264161500052986 0.261808441538203 0.262349424327239 0.263511740981542 0.262573646841748 0.259680010721788 0.25561741916582 0.254210651971999 0.252365444673702 0.25168130731014 0.251948790993698 0.253710436912873 0.258658573378797 0.265068800219423 0.273476022465887 0.281670554353856 0.291861395951902 0.295510630762523 0.222282608975418 0.165412868311149 0.127039890004051 0.094340701229321 0.0802739809236716 0.0699232530138468 0.064513926316922 0.0628495478007245 0.0565252183008796 0.0521208503786387 0.0384201311941572 0.0242244611264083 0.00381333531004824 0 0 0 0 0 0 0 0 0 0 0 0 0 0 0
0 0.266568292181198 0.217329523566117 0.218423035449257 0.10011207364166 0 0.032814736361617 0.18733313870346 0.280975851041946 0.261594130444268 0.260536101881923 0.268888717811259 0.27883414266212 0.298378497827591 0.297722629830259 0.29068969773284 0.286901696161974 0.281127514477531 0.278038205721196 0.280498918470774 0.28565376104126 0.285833008147312 0.281130413100529 0.276336838693189 0.275879728963166 0.275694248259268 0.275103459023445 0.274983306424969 0.276699041896011 0.280961825446793 0.287491893206002 0.29496186284838 0.300885557377151 0.309493283298321 0.31990937595452 0.330257366554254 0.283831990557068 0.248858807474659 0.208836700698079 0.192201023155877 0.169543314508212 0.152082011019156 0.138571627860767 0.114357449255309 0.0899305421500995 0.0520065715475567 0.0109071165340363 0 0 0 0 0 0 0 0 0 0 0 0 0 0 0 0
-9999 0 0.202914686979884 0.101325150150838 0 0 0 0 0.23500890453492 0.275836623634063 0.274653580266923 0.285911613816146 0.286684985132869 0.31495946291321 0.316587928014412 0.308703112435404 0.30625274745825 0.299434344630691 0.296408182220532 0.300454753430037 0.308901278510918 0.311185860953366 0.306632248895095 0.303024647645882 0.303935282787166 0.306318823595415 0.306271946939615 0.303353625772187 0.302034689972011 0.306142132264479 0.311662357172689 0.317752831611821 0.323340005360894 0.32972679387362 0.337764270263868 0.345655163600775 0.353841903491438 0.360621969692247 0.330314132945403 0.298514889965444 0.269377648810857 0.240625519595474 0.208905036350449 0.173526086202273 0.132356558189288 0.0809104290758291 0.0229083241833054 0 0 0 0 0 0 0 0 0 0 0 0 0 0 0 0
-9999 0 0.214802282743531 0.0441919434578397 0 0 0 0 0.0887898516667256 0.307319222545677 0.300407907942227 0.311786187593894 0.300569545134365 0.335808541275768 0.334025482947993 0.327212690358494 0.325479999501312 0.316238503687173 0.313227987607608 0.317956826101321 0.329888399897769 0.333911034091547 0.329302348196308 0.328641306312765 0.331724693151146 0.33825211163127 0.338523273137557 0.333260371148416 0.330343608380449 0.332272751073737 0.336593818764376 0.341068513473922 0.344386938119074 0.350098440977179 0.355821133143416 0.361925539673734 0.368139096502328 0.37250286433821 0.376157248739255 0.378723558636338 0.366164483271793 0.323765299593281 0.278886921611414 0.230053376450427 0.178794687784571 0.115936890802459 0.0439109201659411 0 0 0 0 0 0 0 0 0 0 0 0 0 0 0 0
-9999 -9999 0 0.142323889420557 0 0 0 0 0 0.354539910610207 0.324293278311443 0.332239058477381 0.319069398644816 0.352069535783968 0.349973052156513 0.342253146408513 0.34161264422987 0.332586145205428 0.328287144451163 0.333612288914793 0.344619482486707 0.350289874767019 0.348693138678851 0.349740507788881 0.356979584967055 0.36653952412714 0.369855891685004 0.365801653150149 0.362209448887614 0.36258405695015 0.363521839410052 0.364961613504466 0.367522219659521 0.3698504061189 0.374687148191322 0.378763640670486 0.383039421272776 0.387349704839142 0.388992164367508 0.390027783145598 0.386035226061426 0.377821027172253 0.33565068410294 0.274368660935223 0.213364613302571 0.149501085391511 0.0714916913627339 0 0 0 0 0 0 0 0 0 0 0 0 0 0 0 0
-9999 -9999 -9999 0.244665480522106 0 0 0 0 0 0.339191308510606 0.353572612064505 0.352674506454891 0.337691680016955 0.359352559826955 0.357870989458986 0.35739461791162 0.357369777024205 0.347986373355109 0.343027826780783 0.346638233149027 0.357683794515681 0.363603312533895 0.363254324558505 0.367007293309479 0.376865260782566 0.390845974030831 0.396969798218438 0.395347255035189 0.394461803629201 0.394397566403401 0.394204324870185 0.392644273505339 0.390674768266 0.39037144139483 0.392929554110746 0.396228000074803 0.399611378809507 0.402029858933681 0.40326423597908 0.402725590789236 0.397083686051078 0.386664071412097 0.373878058358943 0.321692644509957 0.254143238219371 0.181589693181929 0.10156381829254 0.00960893217757286 0 0 0 0 0 0 0 0 0 0 0 0 0 0 0
-9999 -9999 -9999 -9999 0 0 0 0 0 0.203118843357426 0.392633614053023 0.375066805468112 0.348942887776538 0.348183884902849 0.355091802195473 0.370148808447772 0.373022808734517 0.363208071262491 0.357376945661728 0.358781873944184 0.366969424202567 0.373224527960803 0.374563411274085 0.381049532168482 0.392829286689399 0.407952992438646 0.418498401082153 0.422660730203652 0.427696261711372 0.427072559078924 0.425947955691586 0.42331634885707 0.417780415282288 0.413369022758866 0.415634031704079 0.416501374508325 0.417194457084796 0.41973689230213 0.419876774237787 0.419085231983344 0.412258569638638 0.402261063077777 0.39045787022896 0.370336625799115 0.295588425304628 0.214844060872524 0.136715562048515 0.0579766752787606 0 0 0 0 0 0 0 0 0 0 0 0 0 0 0
-9999 -9999 -9999 -9999 0 0 0 0 0 0.0588295064125307 0.42719349087713 0.384043840893649 0.353039171928862 0.341512969000318 0.350125931143678 0.372248377706161 0.37872387031623 0.371981610886355 0.366179346843618 0.366908366111669 0.374345640533347 0.38076241265171 0.383726145579444 0.392062242474489 0.405223549285941 0.422844216156239 0.435528122876681 0.44241967697496 0.449983773944808 0.451891628901453 0.453641119304829 0.45247662089128 0.447205958072821 0.443332400371522 0.443521745906085 0.443223156569277 0.441133498731463 0.440110222477107 0.440231621795152 0.439300820964836 0.43446629181965 0.427499093011513 0.419148440665499 0.413505538551686 0.359376282097809 0.275578626667017 0.200205560334332 0.132579903810169 0.0658607563920217 0.0129193505461962 0 0 0 0 0 0 0 0 0 0 0 0 0
-9999 -9999 -9999 -9999 0 0 0 0 0 0 0.221429412414157 0.403884136116843 0.352292636250865 0.342403531956539 0.353181516135668 0.37071840345092 0.379439425012935 0.377089701472999 0.370554459827579 0.375116643082888 0.381102486582181 0.387038679474632 0.390620567132732 0.399194880969449 0.415165701497934 0.433102433469902 0.449628427699615 0.455227445284595 0.464072172595857 0.471415756041915 0.476784286346551 0.479778158719868 0.477250933481277 0.476892532773141 0.478518348595259 0.47694545601885 0.472239151981349 0.466899483234739 0.464177395727492 0.463394237662151 0.46148541649784 0.459483590053671 0.457009194556822 0.458416616278417 0.437182020439438 0.355075382846953 0.283660572310445 0.219325451182606 0.16386199647177 0.110770020544451 0.0653428339193984 0.0262540686095097 0 0 0 0 0 0 0 0 0 0 0
-9999 -9999 -9999 -9999 -9999 0 0 0 0 0 0 0.142423909974519 0.362279560939443 0.34791970502615 0.359651710187569 0.369849128231341 0.377670641624226 0.382597708529432 0.385057548575311 0.385369571315476 0.38563842639056 0.390606635041547 0.394878879882138 0.386237598559057 0.387369152025335 0.395869180595043 0.41312075411674 0.437486133396341 0.467689539420277 0.48484149207398 0.49610653842078 0.503787203670342 0.505186646386695 0.5091689803704 0.515931062641425 0.521290273717281 0.515470649104544 0.502142936398601 0.493666552384039 0.489204387206164 0.487974373679256 0.489759676102256 0.494388278342611 0.503409883992744 0.510313593606822 0.446800553068361 0.380631179486229 0.321041139349651 0.265485026127126 0.217932098813096 0.172847555642723 0.135067012694731 0.103409266983662 0.0708703002187255 0.0398339456516648 0.00771194218932503 0 0 0 0 0 0 0
-9999 -9999 -9999 -9999 -9999 0 0 0 0 0 0 0 0 0.276700718166779 0.373697097013483 0.376404161549922 0.389498083168662 0.397223505650756 0.411828638395223 0.396301276017479 0.388365781287986 0.391031641742665 0.371622983326101 0.360942725714848 0.35939047686703 0.361585119454839 0.373753845971697 0.394702043686429 0.415680599932977 0.450797764047159 0.486585067977888 0.525670498251476 0.529768029123369 0.539179951502609 0.552270444642534 0.572656927708966 0.569445440434856 0.545594947045586 0.531535441120552 0.521338646436564 0.515151613566802 0.51997317682847 0.532413630385049 0.546559658648182 0.559071486900094 0.539158696747738 0.479482561410716 0.419136968326747 0.366773133870444 0.322340288898944 0.281405109705104 0.245100153555745 0.20987910895457 0.177859222893653 0.152621746849739 0.132517552353346 0.109339025654568 0.0842909204439166 0.068931227823086 0.0476908083271175 0.0356231954111387 0.0271420460131874 0.0231895813739919
-9999 -9999 -9999 -9999 -9999 -9999 0 0 0 0 0 0 0 0 0.163133401322872 0.406011694229559 0.415126118151614 0.420588588775784 0.420420406305908 0.403185661478235 0.389649840108215 0.388745532068744 0.361572867940515 0.343594671517854 0.337172085387907 0.337475130198078 0.34491630362547 0.359576862037139 0.37901623171217 0.40692346973181 0.440007513060989 0.482031828713534 0.530565932450915 0.558806060303826 0.573972840214186 0.593906390061152 0.596073625024155 0.581837084920303 0.568706198066338 0.552891310987963 0.546117634224946 0.552512183566989 0.569089127981997 0.589507340061463 0.601422238983674 0.613159704776806 0.573844638443914 0.5225533262604 0.475397672315232 0.435872060730448 0.398606544676588 0.364042989431267 0.330246183370165 0.298113948863826 0.274980207112364 0.25379287322205 0.235794150365203 0.221528021220858 0.20649726631652 0.19267531891258 0.179956779951993 0.16974986577385 0.167579533176123
-9999 -9999 -9999 -9999 -9999 -9999 0 0 0 0 0 0 0 0 0 0 0.0948978105308458 0.28190257008973 0.430381757999264 0.411795600326641 0.392599360432861 0.392264304548656 0.389603071526709 0.350134367711185 0.344592719511875 0.320507143199097 0.323017352365392 0.333102961108649 0.346502604476333 0.371754867274404 0.401467852386755 0.441126454674287 0.491586208192351 0.544513020322585 0.584812692851933 0.599324383964693 0.60659730957917 0.604313256992538 0.604089907181728 0.583989733264348 0.574130737247617 0.583818558667506 0.607986529195055 0.631206344555887 0.639798453236588 0.646521263841185 0.65461678333884 0.612846729437661 0.57755136498857 0.539329149801531 0.510200209305283 0.479261532252626 0.443479517578607 0.416810274490546 0.391703678594391 0.370908985147355 0.356576836813433 0.346869313405576 0.337526246810359 0.322533906580659 0.312705734069042 0.30096783102382 0.29174753695659
-9999 -9999 -9999 -9999 -9999 -9999 -9999 0 0 0 0 0 0 0 0 0 0 0 0 0.072453023421498 0.418335673010391 0.426329545383709 0.414288790120994 0.414890207641144 0.406468992601218 0.35602284186744 0.3142492318352 0.314954234416769 0.325489725972747 0.343329552351287 0.368563888301194 0.407035985477323 0.458635760420093 0.515432069213849 0.574610448173778 0.596704402790158 0.60550312614932 0.610020240492205 0.61232289829054 0.606193684118663 0.605397404329857 0.616889174941768 0.636974861977754 0.65769131846828 0.665243168496228 0.669669617236314 0.671439655656055 0.667144611158556 0.658548416903589 0.626188396889351 0.599225156065246 0.572807442228705 0.546556320674636 0.526595939909926 0.507986829107333 0.493041590287741 0.481358703233834 0.471555046620101 0.462401350858146 0.449573165992061 0.435338695172543 0.421466943818571 0.410946341970651
-9999 -9999 -9999 -9999 -9999 -9999 -9999 0 0 0 0 0 0 0 0 0 0 0 0 0 0 0.137171519141447 0.409916264080139 0.422892962891392 0.435125557127807 0.446862705007449 0.339615721987402 0.304877434666741 0.308567752933285 0.324680315265438 0.343305319576633 0.379257928866061 0.434812870987951 0.491558101777139 0.555629918300931 0.595154792701704 0.607392030968514 0.615002796807567 0.620798014806873 0.625372960314838 0.631847083611248 0.642639656487201 0.658301832885553 0.676480309103338 0.676073940859779 0.680151461882588 0.680098912652749 0.668978893037695 0.658972667751313 0.673045098002548 0.66658326113691 0.645707877569279 0.627925743983503 0.622701734309954 0.606546722797134 0.600638391407056 0.591561138917244 0.578724074277122 0.577782818229224 0.560623620095984 0.547566684529169 0.534134095912885 0.522765089567321
-9999 -9999 -9999 -9999 -9999 -9999 -9999 -9999 0 0 0 0 0 0 0 0 0 0 0 0 0 0 0 0.28297895313384 0.459595264959076 0.46734088429819 0.411409505836714 0.340123078815845 0.322237759681914 0.324397629589363 0.338690462402007 0.373131180773153 0.426370316433965 0.483022039341775 0.54493425621211 0.59711956040668 0.617499253007191 0.62585928899583 0.634335872485522 0.64423797175349 0.655504514163773 0.661954521747984 0.662725592867102 0.666934767476411 0.669445029017398 0.675234050820445 0.675206261441249 0.669332712051415 0.668541739132242 0.667722012704072 0.66965361766851 0.668241130109732 0.667089618358361 0.661378088487999 0.659319555004228 0.651642841855701 0.652436570025121 0.65718652982034 0.65052032902008 0.646961470016993 0.646447794392822 0.639711134515965 0.629376235768554
