data/03_saidas_enm/CCSM_Maxent_6k_B.balansae3.asc
NCOLS 154 
NROWS 168 
XLLCORNER -112 
YLLCORNER -55.5 
CELLSIZE 0.5 
NODATA_value -9999 
[rows 75 to 99 of 168, columns 56 to 111 of 154]
-9999 -9999 -9999 -9999 -9999 -9999 -9999 -9999 -9999 -9999 -9999 0.074545256793499 0.173310577869415 0.301933974027634 0.365146040916443 0.393627256155014 0.372279107570648 0.358121424913406 0.352815955877304 0.306106060743332 0.262409120798111 0.2582987844944 0.261087387800217 0.260339289903641 0.255885541439056 0.25196561217308 0.2570720911026 0.265287220478058 0.273140668869019 0.278009235858917 0.287536412477493 0.304350346326828 0.326825499534607 0.346279561519623 0.362707197666168 0.381984114646912 0.398752152919769 0.41844767332077 0.435234040021896 0.448389232158661 0.463762104511261 0.481754332780838 0.500095963478088 0.494582802057266 0.468397796154022 0.445646941661835 0.42865389585495 0.412702798843384 0.396865516901016 0.379460126161575 0.361550807952881 0.346785634756088 0.331060528755188 0.327568084001541 0.334213256835938 0.339650601148605
-9999 -9999 -9999 -9999 -9999 -9999 -9999 -9999 -9999 -9999 -9999 0.0821525305509567 0.170368656516075 0.316980093717575 0.381972938776016 0.426411956548691 0.392717480659485 0.346062123775482 0.356183797121048 0.341712355613708 0.304610311985016 0.289382219314575 0.280779957771301 0.27645942568779 0.267096906900406 0.26018688082695 0.264724731445312 0.272942423820496 0.279544770717621 0.284473150968552 0.293519407510757 0.312918901443481 0.337419360876083 0.356862097978592 0.369460046291351 0.38774374127388 0.40846911072731 0.431392312049866 0.451770782470703 0.466761916875839 0.485170513391495 0.506374061107635 0.525517761707306 0.53689306974411 0.518347084522247 0.491468071937561 0.47468689084053 0.45867782831192 0.444296687841415 0.427857667207718 0.41402742266655 0.400079756975174 0.389247000217438 0.393794983625412 0.389958381652832 0.385218232870102
-9999 -9999 -9999 -9999 -9999 -9999 -9999 -9999 -9999 -9999 -9999 -9999 0.14059816300869 0.2455665320158 0.329426437616348 0.371696799993515 0.328311145305634 0.255217134952545 0.249278619885445 0.310293972492218 0.345613777637482 0.333555191755295 0.320317268371582 0.306487500667572 0.293057888746262 0.280937671661377 0.279839932918549 0.283684253692627 0.287776440382004 0.292093366384506 0.301118820905685 0.318681359291077 0.341592967510223 0.360693544149399 0.374597460031509 0.393122106790543 0.416378349065781 0.442867398262024 0.467250227928162 0.486606538295746 0.506169259548187 0.525380671024323 0.544237971305847 0.56134295463562 0.576921045780182 0.551060676574707 0.526771545410156 0.508791029453278 0.495028406381607 0.482355952262878 0.473688304424286 0.464264273643494 0.44908219575882 0.438275039196014 0.432170480489731 0.427324235439301
-9999 -9999 -9999 -9999 -9999 -9999 -9999 -9999 -9999 -9999 -9999 -9999 0.0809311494231224 0.164431050419807 0.250022441148758 0.334589689970016 0.268775284290314 0.167762473225594 0.160642921924591 0.227525949478149 0.338127136230469 0.371209621429443 0.373925268650055 0.366357624530792 0.330347031354904 0.312813073396683 0.297946274280548 0.29562047123909 0.296038240194321 0.297839969396591 0.306194841861725 0.320081114768982 0.339760571718216 0.357714086771011 0.372729867696762 0.393466472625732 0.411578863859177 0.43116495013237 0.453623861074448 0.476986110210419 0.50213098526001 0.52333676815033 0.545403242111206 0.564465284347534 0.581129908561707 0.588339269161224 0.567580103874207 0.550854980945587 0.536790609359741 0.522012650966644 0.509028434753418 0.497113108634949 0.485511600971222 0.47657835483551 0.470079809427261 0.466459691524506
-9999 -9999 -9999 -9999 -9999 -9999 -9999 -9999 -9999 -9999 -9999 -9999 -9999 0.0874739736318588 0.166872516274452 0.218883842229843 0.194172903895378 0.140146598219872 0.138998836278915 0.177719369530678 0.231490612030029 0.298824548721313 0.413633108139038 0.489361524581909 0.45636048913002 0.396161526441574 0.359053164720535 0.32886615395546 0.305047154426575 0.304133176803589 0.307581841945648 0.321505635976791 0.338074445724487 0.355505973100662 0.370822370052338 0.382693082094193 0.399833738803864 0.418828189373016 0.441238939762115 0.464653223752975 0.491433650255203 0.522757053375244 0.546133399009705 0.567962884902954 0.587319612503052 0.601811289787292 0.583245456218719 0.564440429210663 0.549357652664185 0.540194690227509 0.532371759414673 0.522304058074951 0.512297213077545 0.505069613456726 0.500020623207092 0.49767655134201
-9999 -9999 -9999 -9999 -9999 -9999 -9999 -9999 -9999 -9999 -9999 -9999 -9999 0.0559405647218227 0.112559877336025 0.153349712491035 0.137814819812775 0.123202010989189 0.138421013951302 0.168635100126266 0.171227395534515 0.179447561502457 0.242088511586189 0.312312811613083 0.338795185089111 0.49530440568924 0.471777826547623 0.405583798885345 0.355418860912323 0.328830599784851 0.314134240150452 0.335790365934372 0.341542094945908 0.355749011039734 0.364517658948898 0.371988445520401 0.390916049480438 0.409609586000443 0.431227475404739 0.454012483358383 0.478799700737 0.511725604534149 0.545290112495422 0.569475114345551 0.592180907726288 0.609197437763214 0.595531165599823 0.572061598300934 0.558767557144165 0.554464817047119 0.550330281257629 0.542691826820374 0.535582482814789 0.530047655105591 0.525489807128906 0.52534943819046
-9999 -9999 -9999 -9999 -9999 -9999 -9999 -9999 -9999 -9999 -9999 -9999 -9999 -9999 0.0920701995491982 0.0879514217376709 0.0966086909174919 0.126199498772621 0.150735065340996 0.132561028003693 0.101562581956387 0.0664197877049446 0.0409984737634659 0.0404291339218616 0.0712460950016975 0.145907536149025 0.257830560207367 0.45099925994873 0.530609011650085 0.475797832012177 0.411363154649734 0.383307635784149 0.374870091676712 0.363633692264557 0.366738528013229 0.374407738447189 0.389967352151871 0.408629357814789 0.428574681282043 0.449526220560074 0.472515195608139 0.501965880393982 0.533412575721741 0.564159095287323 0.591449856758118 0.611267983913422 0.60613888502121 0.587667047977448 0.576541006565094 0.571740329265594 0.567757546901703 0.561772286891937 0.555103182792664 0.550050616264343 0.546911001205444 0.545752584934235
-9999 -9999 -9999 -9999 -9999 -9999 -9999 -9999 -9999 -9999 -9999 -9999 -9999 -9999 0.0662330538034439 0.0645810514688492 0.081091970205307 0.132087334990501 0.155935451388359 0.108018331229687 0.0645640939474106 0.0233509186655283 0.0185907203704119 0.0175971705466509 0.0193981695920229 0.0261455606669188 0.033752266317606 0.143879681825638 0.307557076215744 0.412854850292206 0.51927661895752 0.458840936422348 0.409223407506943 0.380037546157837 0.374217510223389 0.377483159303665 0.393207132816315 0.411201745271683 0.428059607744217 0.446588456630707 0.465711265802383 0.493547379970551 0.520746886730194 0.550495028495789 0.581073760986328 0.603287935256958 0.609529972076416 0.604303956031799 0.595548450946808 0.590010404586792 0.585358083248138 0.578977942466736 0.571488261222839 0.565788269042969 0.562053143978119 0.560955762863159
-9999 -9999 -9999 -9999 -9999 -9999 -9999 -9999 -9999 -9999 -9999 -9999 -9999 -9999 -9999 0.0734307840466499 0.104948975145817 0.129289135336876 0.130029961466789 0.0855279639363289 0.0399741679430008 0.0151901803910732 0.0123048722743988 0.0113601023331285 0.0119195217266679 0.0118330707773566 0.0146037200465798 0.0183439888060093 0.0253135357052088 0.0969435274600983 0.32831284403801 0.545441210269928 0.465221107006073 0.408385396003723 0.387356013059616 0.383210003376007 0.393669039011002 0.41083025932312 0.42604923248291 0.448306351900101 0.471275597810745 0.49219611287117 0.512981474399567 0.53942608833313 0.567835092544556 0.58977860212326 0.601633369922638 0.608327031135559 0.614756643772125 0.608500838279724 0.602034747600555 0.5942103266716 0.585740566253662 0.578855216503143 0.573672950267792 0.567720949649811
-9999 -9999 -9999 -9999 -9999 -9999 -9999 -9999 -9999 -9999 -9999 -9999 -9999 -9999 -9999 0.0205682273954153 0.0858079716563225 0.151440352201462 0.133678138256073 0.0818606838583946 0.0423047915101051 0.0220900662243366 0.0135425673797727 0.0121444193646312 0.0117653235793114 0.00896913465112448 0.0111869052052498 0.0135709140449762 0.0166558176279068 0.0269678607583046 0.151611641049385 0.375233918428421 0.529354393482208 0.456649512052536 0.42171573638916 0.391730546951294 0.400089532136917 0.410963416099548 0.42173832654953 0.435562193393707 0.452404707670212 0.492698669433594 0.507122814655304 0.531243503093719 0.554365217685699 0.578663647174835 0.592700242996216 0.605170428752899 0.613415896892548 0.619328737258911 0.618285417556763 0.60866105556488 0.598938226699829 0.591302037239075 0.584852576255798 0.577640056610107
-9999 -9999 -9999 -9999 -9999 -9999 -9999 -9999 -9999 -9999 -9999 -9999 -9999 -9999 -9999 0.0195313598960638 0.0403792820870876 0.134657174348831 0.163060322403908 0.115021206438541 0.081667847931385 0.0593419559299946 0.0460232719779015 0.0308955926448107 0.0196185596287251 0.0182467252016068 0.0157362651079893 0.0144492648541927 0.0161364339292049 0.0217038616538048 0.0668610110878944 0.222599521279335 0.485079914331436 0.531828582286835 0.479076862335205 0.438517093658447 0.424582332372665 0.423216909170151 0.428630441427231 0.435358077287674 0.449856996536255 0.488724023103714 0.499756872653961 0.522197961807251 0.543149411678314 0.561667680740356 0.58098566532135 0.596893608570099 0.606916189193726 0.612103998661041 0.614047348499298 0.619648039340973 0.609729647636414 0.601818382740021 0.597707569599152 0.591001391410828
-9999 -9999 -9999 -9999 -9999 -9999 -9999 -9999 -9999 -9999 -9999 -9999 -9999 -9999 -9999 -9999 0.0225488934665918 0.045038640499115 0.125230759382248 0.180688291788101 0.138261169195175 0.117539048194885 0.113624475896358 0.0949873924255371 0.0688518732786179 0.0587322786450386 0.0280811619013548 0.0195018649101257 0.0166735351085663 0.0200585257261992 0.0401049591600895 0.108957685530186 0.302937924861908 0.484898418188095 0.567901313304901 0.494320422410965 0.460821688175201 0.450242251157761 0.447478920221329 0.449257403612137 0.456371814012527 0.488425582647324 0.491988271474838 0.512041449546814 0.527984440326691 0.545640289783478 0.56679892539978 0.585019826889038 0.591992318630219 0.592152655124664 0.594020485877991 0.600400149822235 0.607441961765289 0.610997498035431 0.606140434741974 0.596125960350037
-9999 -9999 -9999 -9999 -9999 -9999 -9999 -9999 -9999 -9999 -9999 -9999 -9999 -9999 -9999 -9999 -9999 0.0241765789687634 0.0406554453074932 0.0949780493974686 0.196300283074379 0.166528940200806 0.12568174302578 0.108307875692844 0.126510083675385 0.123300179839134 0.0913188904523849 0.071326456964016 0.0531722344458103 0.0343658700585365 0.0295588281005621 0.0523088127374649 0.10596839338541 0.222814247012138 0.425566017627716 0.581862092018127 0.527688324451447 0.487668305635452 0.464056104421616 0.465031862258911 0.467868357896805 0.475092381238937 0.485987097024918 0.499991804361343 0.514336407184601 0.534298777580261 0.552606284618378 0.559199333190918 0.56418240070343 0.570411801338196 0.575003743171692 0.585227847099304 0.596258044242859 0.611228227615356 0.625712215900421 0.614620983600616
-9999 -9999 -9999 -9999 -9999 -9999 -9999 -9999 -9999 -9999 -9999 -9999 -9999 -9999 -9999 -9999 -9999 -9999 -9999 0.0271906815469265 0.0518015176057816 0.117681749165058 0.128184676170349 0.114495038986206 0.139521196484566 0.173961788415909 0.168178707361221 0.15229207277298 0.114650808274746 0.063538670539856 0.0342102497816086 0.0339671149849892 0.0397274047136307 0.0704546719789505 0.197570160031319 0.418136656284332 0.541767060756683 0.563822627067566 0.50703102350235 0.480646342039108 0.4686019718647 0.468962818384171 0.476413160562515 0.488331437110901 0.506092190742493 0.522447168827057 0.536632597446442 0.541964471340179 0.54924488067627 0.558477222919464 0.565496265888214 0.578949570655823 0.593322038650513 0.609638035297394 0.632698893547058 0.627217054367065
-9999 -9999 -9999 -9999 -9999 -9999 -9999 -9999 -9999 -9999 -9999 -9999 -9999 -9999 -9999 -9999 -9999 -9999 -9999 -9999 -9999 0.0365936458110809 0.0789301097393036 0.134366378188133 0.127510234713554 0.124847039580345 0.174433037638664 0.202300414443016 0.182902574539185 0.117383979260921 0.0746425315737724 0.0421258695423603 0.0238691028207541 0.0304939672350883 0.0657318159937859 0.151246905326843 0.324361890554428 0.531740307807922 0.578167319297791 0.532606542110443 0.493238896131516 0.475745052099228 0.474766969680786 0.48503303527832 0.497605085372925 0.511606216430664 0.524510741233826 0.538995087146759 0.548745095729828 0.555192589759827 0.564715325832367 0.580631196498871 0.600000739097595 0.618430137634277 0.634958982467651 0.631525337696075
-9999 -9999 -9999 -9999 -9999 -9999 -9999 -9999 -9999 -9999 -9999 -9999 -9999 -9999 -9999 -9999 -9999 -9999 -9999 -9999 -9999 -9999 -9999 0.0591024048626423 0.143007978796959 0.13015840947628 0.175080701708794 0.243576034903526 0.237696662545204 0.21036022901535 0.157718896865845 0.0800355672836304 0.0336492583155632 0.0269390046596527 0.0334352813661098 0.0549379475414753 0.139947846531868 0.327039271593094 0.501782417297363 0.595575094223022 0.517095923423767 0.47696527838707 0.460773855447769 0.464551001787186 0.479040086269379 0.497306734323502 0.514019966125488 0.532193303108215 0.544674456119537 0.554192543029785 0.56632000207901 0.583862721920013 0.604969382286072 0.622192919254303 0.636309266090393 0.635911166667938
-9999 -9999 -9999 -9999 -9999 -9999 -9999 -9999 -9999 -9999 -9999 -9999 -9999 -9999 -9999 -9999 -9999 -9999 -9999 -9999 -9999 -9999 -9999 -9999 -9999 0.0743159130215645 0.176067650318146 0.232577055692673 0.265940219163895 0.286206513643265 0.283961325883865 0.183973789215088 0.101345367729664 0.0614840462803841 0.0381444282829762 0.0314057134091854 0.0657538175582886 0.140838965773582 0.291242629289627 0.518057644367218 0.540203273296356 0.479570120573044 0.440898090600967 0.441038459539413 0.461820483207703 0.48355621099472 0.503811776638031 0.519880294799805 0.535951554775238 0.551306843757629 0.564949452877045 0.584066450595856 0.604953944683075 0.621797323226929 0.634333789348602 0.640305757522583
-9999 -9999 -9999 -9999 -9999 -9999 -9999 -9999 -9999 -9999 -9999 -9999 -9999 -9999 -9999 -9999 -9999 -9999 -9999 -9999 -9999 -9999 -9999 -9999 -9999 0.0216552633792162 0.0662257745862007 0.205439627170563 0.31600347161293 0.375997215509415 0.366290271282196 0.309750705957413 0.252960383892059 0.166654497385025 0.0902217552065849 0.0563899502158165 0.0707560405135155 0.104707524180412 0.210688158869743 0.438560754060745 0.568668842315674 0.493272542953491 0.442000210285187 0.433908492326736 0.44966259598732 0.470773667097092 0.493215650320053 0.509587943553925 0.527214467525482 0.545309484004974 0.562683165073395 0.582106947898865 0.600126922130585 0.617991030216217 0.631631791591644 0.64344722032547
-9999 -9999 -9999 -9999 -9999 -9999 -9999 -9999 -9999 -9999 -9999 -9999 -9999 -9999 -9999 -9999 -9999 -9999 -9999 -9999 -9999 -9999 -9999 -9999 -9999 -9999 -9999 0.0638513788580894 0.166675388813019 0.330639630556107 0.425645172595978 0.408581972122192 0.382949352264404 0.320876121520996 0.229760199785233 0.176469564437866 0.127377018332481 0.121500201523304 0.199761241674423 0.40289381146431 0.58833372592926 0.513206303119659 0.451724290847778 0.436083108186722 0.445192337036133 0.461746394634247 0.481453388929367 0.501074850559235 0.520281970500946 0.540249109268188 0.560262501239777 0.577616453170776 0.594281256198883 0.613429844379425 0.628802359104156 0.644590198993683
-9999 -9999 -9999 -9999 -9999 -9999 -9999 -9999 -9999 -9999 -9999 -9999 -9999 -9999 -9999 -9999 -9999 -9999 -9999 -9999 -9999 -9999 -9999 -9999 -9999 -9999 -9999 0.0266509242355824 0.0831002071499825 0.210262358188629 0.362247794866562 0.407019078731537 0.429285317659378 0.425070524215698 0.348066449165344 0.265709012746811 0.200228959321976 0.161013633012772 0.214180707931519 0.38143464922905 0.560456156730652 0.527010858058929 0.472720742225647 0.445799440145493 0.442852228879929 0.454168081283569 0.471770614385605 0.489842385053635 0.510083258152008 0.529492259025574 0.548940598964691 0.567277848720551 0.585054099559784 0.604280769824982 0.625185966491699 0.646917998790741
-9999 -9999 -9999 -9999 -9999 -9999 -9999 -9999 -9999 -9999 -9999 -9999 -9999 -9999 -9999 -9999 -9999 -9999 -9999 -9999 -9999 -9999 -9999 -9999 -9999 -9999 -9999 -9999 0.0473872497677803 0.137897834181786 0.310515314340591 0.372028946876526 0.395224422216415 0.418528407812119 0.418399095535278 0.343630880117416 0.245862796902657 0.187007173895836 0.22142405807972 0.364574670791626 0.536466896533966 0.535769641399384 0.469217658042908 0.442477643489838 0.443876177072525 0.443934887647629 0.462630569934845 0.480025231838226 0.499783217906952 0.519243001937866 0.53618985414505 0.559180200099945 0.573194861412048 0.593278288841248 0.621157228946686 0.648232102394104
-9999 -9999 -9999 -9999 -9999 -9999 -9999 -9999 -9999 -9999 -9999 -9999 -9999 -9999 -9999 -9999 -9999 -9999 -9999 -9999 -9999 -9999 -9999 -9999 -9999 -9999 -9999 -9999 0.0354203097522259 0.102528564631939 0.266752183437347 0.356310427188873 0.393702477216721 0.417248576879501 0.448031276464462 0.366221100091934 0.258613348007202 0.192420735955238 0.21669439971447 0.341054350137711 0.504293024539948 0.54193913936615 0.470421671867371 0.434108823537827 0.426073551177979 0.44082960486412 0.459821373224258 0.472736477851868 0.489847034215927 0.516082048416138 0.534388542175293 0.55404144525528 0.566250920295715 0.588259816169739 0.617392897605896 0.647037327289581
-9999 -9999 -9999 -9999 -9999 -9999 -9999 -9999 -9999 -9999 -9999 -9999 -9999 -9999 -9999 -9999 -9999 -9999 -9999 -9999 -9999 -9999 -9999 -9999 -9999 -9999 -9999 -9999 0.0358857214450836 0.094340406358242 0.259890466928482 0.363471925258636 0.381791919469833 0.402770638465881 0.441870242357254 0.364977478981018 0.250448882579803 0.16852656006813 0.188141480088234 0.323235630989075 0.490626245737076 0.550474584102631 0.465124249458313 0.418995678424835 0.406918078660965 0.409433513879776 0.4420425593853 0.468255698680878 0.484653115272522 0.512330591678619 0.530981719493866 0.550084054470062 0.560343265533447 0.582257568836212 0.613830387592316 0.643330454826355
-9999 -9999 -9999 -9999 -9999 -9999 -9999 -9999 -9999 -9999 -9999 -9999 -9999 -9999 -9999 -9999 -9999 -9999 -9999 -9999 -9999 -9999 -9999 -9999 -9999 -9999 -9999 -9999 0.0361075960099697 0.113909520208836 0.309070736169815 0.405616134405136 0.406396001577377 0.432417690753937 0.425129473209381 0.33385294675827 0.219755798578262 0.152843236923218 0.176938116550446 0.313767492771149 0.494221448898315 0.542201638221741 0.457971900701523 0.409254372119904 0.393103629350662 0.397772163152695 0.416611284017563 0.451444834470749 0.485521525144577 0.507716059684753 0.529460310935974 0.542601644992828 0.555877983570099 0.577986776828766 0.605134308338165 0.632091343402863
-9999 -9999 -9999 -9999 -9999 -9999 -9999 -9999 -9999 -9999 -9999 -9999 -9999 -9999 -9999 -9999 -9999 -9999 -9999 -9999 -9999 -9999 -9999 -9999 -9999 -9999 -9999 -9999 0.0357452668249607 0.152707517147064 0.383227318525314 0.443099975585938 0.426910996437073 0.451759427785873 0.404475152492523 0.303451597690582 0.198826417326927 0.130172580480576 0.158665627241135 0.319442212581635 0.509531736373901 0.527442038059235 0.438990950584412 0.391536921262741 0.37851557135582 0.38440477848053 0.401963651180267 0.425110906362534 0.462200224399567 0.4991095662117 0.518360316753387 0.533413529396057 0.548525750637054 0.568256855010986 0.59404057264328 0.620246410369873
