data/03_saidas_enm/CCSM_SVM_0k_B.balansae3.asc
NCOLS 154 
NROWS 168 
XLLCORNER -112 
YLLCORNER -55.5 
CELLSIZE 0.5 
NODATA_value -9999 
[rows 50 to 74 of 168, columns 56 to 111 of 154]
-9999 -9999 -9999 -9999 -9999 -9999 -9999 -9999 -9999 -9999 -9999 -9999 -9999 0.192988695909547 0.192327723777406 0.184684614545425 0.167863867126915 0.177443032467139 0.186589392187205 0.1898930781914 0.172444302455596 0.13672892014552 0.108431069821615 0.102596753427071 0.113218279715754 0.123241198026945 0.1169033798997 0.132159236530835 0.140208423297358 0.147511573598283 0.154454723571593 0.14561265498867 0.128669377207017 0.0994638288863285 0.106230754245972 0.120503903568484 0.1140598684766 0.10360919625495 0.103448494619394 0.104972515870045 0.180916176894506 0.120479355161351 0.123962538845538 0.0912645513277411 0.0063889941397553 0.00181252485910022 -0.0647961227084632 -0.0573694687516191 -0.0489893282276447 -0.0154913488801565 0.0107978180295517 0.0536335470906609 0.08499328277001 0.103605522114518 0.115386872817032 0.11377059677872
-9999 -9999 -9999 -9999 -9999 -9999 -9999 -9999 -9999 -9999 -9999 -9999 -9999 0.190312838568936 0.174517383650675 0.157036047097939 0.160163599457484 0.171874884909487 0.178247364240959 0.170918095477483 0.149138838002676 0.105366717753919 0.0651129028691543 0.0498029948519444 0.0581252297991429 0.0749435836612631 0.0858481855519352 0.0847528150862387 0.0854889251087307 0.115675140735525 0.138068576443478 0.133692254396066 0.124195252063505 0.0998680853825371 0.0839950196618047 0.109904199342775 0.105218944309543 0.0839077409970785 0.0716874402571013 0.0688090320166174 0.0832742349137356 0.0754045589784074 0.078166007993513 0.0590452102242117 0.0147638720571194 -0.00454060573002446 -0.0424733447895531 -0.0480745998216804 -0.0381561389055799 -0.0113503225498952 0.0254090271584525 0.0646212082805468 0.0964136228199224 0.112105493593912 0.116949478650447 0.101577274253424
-9999 -9999 -9999 -9999 -9999 -9999 -9999 -9999 -9999 -9999 -9999 0.192183831263443 0.183198363954106 0.162787888314676 0.156121503426201 0.161649704109356 0.166591705105402 0.164643362219244 0.153741825098107 0.135520366819766 0.112814422831439 0.0837694064422605 0.063381099895672 0.0634020815407754 0.0752031250553317 0.0795779260028152 0.0673160076085396 0.0694504978535704 0.105877500177166 0.15158712190343 0.167598700748352 0.142759985218694 0.108711852756653 0.0944388942557721 0.0611739410442348 0.0869638091197251 0.0987560411761374 0.0769321319377872 0.0490224389281489 0.0305813609281732 0.0173531113842175 0.00681708217210053 0.00618779539110131 -0.00552906920121576 -0.0240027072063034 -0.0282810770794827 -0.0428788122114416 -0.0293500361152302 -0.00619390241351303 0.0248631650459274 0.058347519404444 0.0870431143704529 0.110270938951335 0.11950894726088 0.115673174656836 0.0865865702570449
-9999 -9999 -9999 -9999 -9999 -9999 -9999 -9999 -9999 -9999 0.192126209816427 0.186647685502649 0.176381923381943 0.172949314663487 0.17708889965889 0.18156079445342 0.17537572066937 0.140814678507855 0.106194875412871 0.0914311119699879 0.0809092759055023 0.0789175895186151 0.0833483604942556 0.0829082467692555 0.0713492689949533 0.0574741745227343 0.0708544989232836 0.118408965501172 0.160464786788793 0.179002813335373 0.181310160793731 0.1558683047084 0.0952310807763239 0.0768915091202055 0.0505721201134274 0.0630029346899176 0.0826178426155532 0.080356033193548 0.0585894073516864 0.0275242693143978 0.00520047753328123 -0.0113670459947384 -0.0219946772024114 -0.0289403632840214 -0.0279230389119638 -0.0181591921800419 -0.00109251362187412 0.0234486552072026 0.0450071311536873 0.0640238166312127 0.0861543657217801 0.101128618442861 0.113722389405878 0.119428824615295 0.115060443071683 0.0779008983609055
-9999 -9999 -9999 -9999 -9999 -9999 -9999 -9999 -9999 -9999 0.181976170116443 0.172335458340389 0.180550827014419 0.185219230439149 0.187613242411872 0.186098148577344 0.172694305512042 0.134680464425791 0.0981148129510733 0.0881957672318787 0.0853872534275323 0.0919149540095531 0.0840037486394334 0.0698487261556979 0.0656416583142149 0.0916115595135544 0.139536781395523 0.173297677667843 0.177171982123446 0.171589400375341 0.179527389037839 0.162893844570548 0.0914995855569748 0.0616882751204756 0.0484369143260232 0.0452298599736159 0.0638736921424977 0.0778121933382179 0.0741945651924468 0.0569374593402379 0.032102960744607 0.0134890366704682 -0.000614666706479583 -0.00129467626378299 0.0149673386592892 0.0346828142488197 0.0541176394117227 0.0713298430645214 0.0815808593314057 0.0850618866109991 0.0908162639509192 0.090284841803419 0.0961384067526587 0.106478008952932 0.116166844864493 0.0823648973824181
-9999 -9999 -9999 -9999 -9999 -9999 -9999 -9999 0.185995215916596 0.159457530596548 0.12376282597598 0.16214297960635 0.185786094332872 0.189003650848649 0.18711810067945 0.183200216126703 0.167304813773707 0.143056018448097 0.120287036676267 0.105026217725499 0.0900596143301043 0.0781336623325979 0.0739342108761351 0.0842204941581839 0.119901185839217 0.124308511751415 0.127672231660211 0.119450777833314 0.119507534636697 0.125718099697852 0.121731593231811 0.11078680569691 0.0911315954921067 0.0505915507086174 0.0571613867630863 0.0388808343450524 0.0471178111753388 0.063908102888129 0.0726193867989646 0.0712393643675145 0.0660166810944915 0.0560051580983467 0.0504355882716904 0.0511768311293681 0.0573195515402131 0.0640941718327509 0.0652169091930825 0.0601360810764957 0.0522884968222712 0.0479103485686876 0.0460656848745548 0.0480320727057842 0.0555621795546106 0.0714397105411679 0.109981791912059 0.0973798541703998
-9999 -9999 -9999 -9999 -9999 -9999 -9999 -9999 0.159867122593497 0.109964741551881 0.160293174268979 0.184311828397614 0.192948652905404 0.18862861399444 0.185132892843955 0.179465988172657 0.16445076908184 0.14385301652508 0.128985279187633 0.107821821934478 0.0881875581639165 0.0798477241191687 0.0753332931962163 0.0712620539942362 0.0672255979192399 0.0669284673033317 0.0640417406395943 0.0638369934450391 0.0619908681660329 0.0592566585526906 0.0566730583271651 0.052641203640461 0.0506559741506044 0.0509084962083364 0.0681289881961658 0.0524529758818707 0.040608725138955 0.0463196945822645 0.0540668812869938 0.0579636391623253 0.0614342190741032 0.0585088232428393 0.0561763277289236 0.0523834314719699 0.0471497869011496 0.0437007195889196 0.0376945686585642 0.0342663650908384 0.0307221168737853 0.0304283128833804 0.0324023817587268 0.0367610958400588 0.0453960565713788 0.0503453276669398 0.0919221059218936 0.11287454903527
-9999 -9999 -9999 -9999 -9999 -9999 -9999 0.184527647290414 0.13598136247839 0.122583385270544 0.182608233850614 0.194218174676672 0.195036013567431 0.187836342692496 0.181015208972706 0.175475103269886 0.157868062092047 0.137773444297074 0.125293824434231 0.114735927527589 0.0990469188313172 0.0901529931323871 0.0793870646665837 0.0748548642596153 0.0695883863388628 0.0649450265364773 0.063606042684735 0.0624829166573719 0.0609268529569052 0.0604435291777229 0.0593921435871277 0.0584412686514103 0.0591315795565279 0.0635842481639468 0.0688977533376577 0.0755696283441689 0.0584465539970218 0.0438342991656799 0.0425657358473033 0.0477794199577596 0.0524740711028558 0.0531367755670614 0.0531102956371278 0.0501371862367915 0.0488152610377596 0.0487696941659809 0.0501066883857905 0.0521454699528235 0.0545523866146295 0.0599044447641399 0.0656055199978041 0.0749060934125327 0.0792029034980561 0.0556851924303965 0.0783058232793232 0.127288499415679
-9999 -9999 -9999 -9999 -9999 -9999 -9999 0.179631432812542 0.129116992679337 0.154855247945571 0.193716936027834 0.193620067269427 0.195325276072784 0.188843056274118 0.17696956086172 0.16355145405961 0.140947181811755 0.120093438812361 0.108381857081858 0.107776402745496 0.108085674146718 0.101762993121425 0.0946017891356217 0.0919424846514257 0.0900942824887963 0.0880267902787503 0.0858455506588663 0.0819885943959427 0.0809433116792878 0.0816973685235415 0.0814234344516703 0.0805223646470919 0.0802006997572079 0.0810271631777147 0.0831465519280731 0.0831142141680971 0.0818209567556184 0.0704524134669164 0.0647013481030931 0.0654457428632751 0.0681765621486616 0.0715682147836203 0.074110216129503 0.074736458363281 0.0717880720626357 0.0675475569702442 0.0616971472809955 0.0616461511493865 0.06415255554122 0.0687391463155982 0.0775853204581112 0.0874494013293199 0.101184355872184 0.0728964360136259 0.0619490312224135 0.111739827658166
-9999 -9999 -9999 -9999 -9999 -9999 0.192738260785885 0.174398510913815 0.141131829341128 0.16761863602852 0.195189364848884 0.188478214345935 0.19693571946297 0.190277743533031 0.172518955356139 0.144825501196806 0.118435196298818 0.0941409223243159 0.083164184988575 0.0870770165609705 0.0959167581940789 0.0936612023378464 0.0885130417867246 0.0854440813581434 0.085737740912332 0.0860466712467818 0.0841250376528233 0.0806677460662738 0.0785917672536314 0.0794934834422091 0.0797448584861369 0.0805634177570743 0.0819962064318765 0.0851946762381197 0.0886367737252693 0.0895071689615133 0.0845400760674963 0.0804833985676347 0.0769293089514616 0.0738841725567917 0.0745607555661438 0.0732053697153107 0.0751366137965772 0.0756160996382206 0.0726513228507533 0.0705492928565629 0.0682979653958953 0.0652549196355069 0.0622410910148785 0.0609077058235398 0.0605249281416813 0.0647605067143339 0.0684780943402041 0.0692345047639676 0.0503453492494748 0.0762704314664607
-9999 -9999 -9999 -9999 -9999 -9999 0.192758235198813 0.181375861331253 0.153197416483633 0.154032402226767 0.180835135737555 0.181534376793326 0.197093725449296 0.191206850271617 0.167889793332629 0.124834765913301 0.0927660997341369 0.0750646390017859 0.0628624678657767 0.0591835549898747 0.0626110759739458 0.061592321649534 0.0593515433841832 0.0579655878018627 0.0595919208869599 0.0626983929925727 0.0616183829376312 0.0613383670964295 0.0612925532412074 0.0618124915829787 0.0641935274832457 0.0650951849697225 0.0684723625252072 0.0721187464136364 0.0763629046755287 0.0795843749341909 0.0784356997703249 0.0790916213554909 0.078642537032685 0.0773318890678623 0.0783908296170847 0.0756654040615279 0.0742308857782992 0.0714639079471467 0.0686445872503427 0.0672819072489936 0.064227911905416 0.0612696106435459 0.0572184225991314 0.0522855001731614 0.0487783898409634 0.0443869997107965 0.0419623849686501 0.0405684924395104 0.0418488580698126 0.0427813795469176
-9999 -9999 -9999 -9999 -9999 -9999 0.192838414915248 0.187853311768677 0.163702753189366 0.130311290902752 0.164654753060803 0.171320375859337 0.195148106671574 0.189776225150192 0.161089754653371 0.108899497994627 0.0778032940953504 0.059119097463907 0.0483734735090617 0.0439438848160677 0.0455634912221883 0.0448598387850075 0.0435566200734585 0.0449914165030377 0.0482083509306816 0.050952032876165 0.0491569115173486 0.047740831061203 0.0496490040577715 0.0506301037234571 0.051859760921356 0.053281304264182 0.0547613255008459 0.0581466995091517 0.0624935737477538 0.0653352702513804 0.0669879288859528 0.0677397780897435 0.0680093506943327 0.0669866350844896 0.0650446293737343 0.0624128219302355 0.0612212744460378 0.061586272085642 0.0642604072387911 0.0678741766453 0.0642912090730959 0.0620698142033962 0.0587664598370262 0.0530501646472583 0.049697450243602 0.0426831246026483 0.0374038081951146 0.0334187305581751 0.0323927741223136 0.0345380209394292
-9999 -9999 -9999 -9999 -9999 -9999 -9999 0.191021242032677 0.170636196594559 0.105618281174995 0.142345796318278 0.15993288556325 0.18779409541171 0.186463844652243 0.157996169259059 0.109463632476285 0.0774148875188517 0.0576732694576448 0.0471791962054746 0.0433360775625029 0.0427657742951514 0.042989329432724 0.0435504091194811 0.0458519446761829 0.0482903589083465 0.0488660282386546 0.0472062235366011 0.0460286626174047 0.0489721919017498 0.0506011207992814 0.050275958667219 0.0491715501405379 0.0484182648980719 0.0489861579443623 0.0498163723432881 0.0514165243050288 0.0524391656017267 0.0541941896692339 0.0545204534438312 0.0535974548987648 0.0522228770920929 0.0527206699158934 0.0549212701389304 0.0576815484729821 0.0620227098087649 0.0655160308959566 0.0657686646576967 0.0647275050472396 0.062645069770782 0.0595916983358853 0.055751645592193 0.0509245876695139 0.0459361047210977 0.0426720773541259 0.0404609838684752 0.0384301852428974
-9999 -9999 -9999 -9999 -9999 -9999 -9999 -9999 0.172261878655174 0.0880260578290598 0.168371475329767 0.147139095697909 0.177043688187908 0.17925477251221 0.150459572030461 0.108059740268771 0.0807993560133479 0.0613004796902804 0.0515185821211726 0.0479196314192624 0.0464080252680859 0.0468825719898199 0.0487094775544265 0.0506285921189614 0.0513108031826928 0.0525625897248095 0.0509924020863354 0.0521691434886094 0.0560121775699314 0.0594472675879094 0.059355227122645 0.0555538270897619 0.0530250171629413 0.0515233162906685 0.049366202740028 0.0489544145859697 0.0485219255450599 0.0491941090031491 0.0488366417973153 0.0487892568608393 0.0505016610465661 0.0512235749693379 0.0544920420243722 0.0642415241293804 0.0748093897118418 0.0876713845929217 0.090874593253134 0.0955475991363304 0.0956611129132582 0.0908164240499015 0.087307507694559 0.075283369259292 0.0650579600958049 0.0564258834583333 0.050646694404847 0.0491592421598981
-9999 -9999 -9999 -9999 -9999 -9999 0.191468028340102 0.182806907481553 0.137485758504698 0.0947862307730008 0.139210865722721 0.14105688649104 0.165483755654826 0.167166287262087 0.141991990832767 0.111073553153596 0.0870196978271831 0.0691290811015056 0.0588868642894839 0.0552038638106038 0.0534787833708472 0.0528180779380039 0.0533482996706445 0.0540867325951732 0.0542993448238945 0.0545528153965802 0.0549993280231267 0.057029611163979 0.0604080866436891 0.0646176788519126 0.0676811343592922 0.0655922022852494 0.0633107936185747 0.0615416543086942 0.0591476099649909 0.0569894829603936 0.0553960308035621 0.0539607065081517 0.053275113140094 0.0549857977824874 0.0606604069406199 0.0695581766379811 0.0804375144336431 0.0904484527642898 0.0981362997376072 0.10418291256213 0.105641209937625 0.106277044469739 0.104725850064262 0.0999751575887311 0.0951017460530495 0.0864158620653484 0.0776466823866142 0.0691389079781921 0.0619715179530345 0.0579934178637154
-9999 -9999 -9999 -9999 -9999 0.189658893613281 0.174613541349878 0.143313718573906 0.0937512207178474 0.105422705915891 0.142619984918847 0.128773829127877 0.149438389595875 0.150414137240425 0.133876296638531 0.116221328613869 0.0965670848956359 0.0766415594988154 0.0655163848907908 0.0621297995487538 0.058419768942053 0.0553443920119649 0.0523454204375587 0.0507143754022697 0.0493723347946661 0.0479001974554118 0.0481525151086777 0.0485187436885576 0.0502079871031658 0.0547656409848599 0.0586802922253243 0.06165373921724 0.0633340691807818 0.0631717708193107 0.0620398771686433 0.0601167458366316 0.0567562361014192 0.0554825592113404 0.0573612032329289 0.0635152687525846 0.0739540893002731 0.0810570113932038 0.0894641411117356 0.0945729422387507 0.0962991185617953 0.0974757352570664 0.0952944556675184 0.0917154812170711 0.0885272522278098 0.0844684646742257 0.0793309470435223 0.0734957645924257 0.0663626572382115 0.0622974751949886 0.0618856438254655 0.0642925797201324
-9999 -9999 -9999 -9999 -9999 0.182063607945622 0.140956358932247 0.086904850301298 0.0743615807251597 0.107573924487902 0.113130970735452 0.113880966184965 0.127003146990916 0.134101634913768 0.135832447502893 0.134751959308751 0.116632155367183 0.093805482388253 0.0794076791651658 0.0717723530708825 0.0668001042225175 0.0592467895312728 0.0508879754365929 0.0452755168402473 0.0392499157811929 0.0348784913961429 0.0316056095037103 0.0296761928528904 0.0291602617712335 0.0301782930173394 0.0336511071630627 0.0366750146490154 0.0406995997238604 0.0426400250565264 0.0437025025484612 0.0454204788888409 0.0459047336678102 0.0488142348359863 0.0533936107912398 0.0597589603209923 0.0681982944323689 0.073095869311226 0.0771449638010123 0.0781348034288713 0.0746622432308573 0.0717555586243342 0.065601906666229 0.0614046780983528 0.0571156777411866 0.0509566174973017 0.0479552515226115 0.0421390533495451 0.0403112629580801 0.0406764828981111 0.0435189080810093 0.0517339929957499
-9999 -9999 -9999 -9999 -9999 -9999 0.111593653687754 0.0333842485176497 0.0708988434923366 0.0968311090004864 0.101966902856887 0.11144939115921 0.12963591385636 0.143317213552211 0.150327615964845 0.159501753107858 0.132423625042993 0.111771730269328 0.0954045421237983 0.0846305054990351 0.0828118336046424 0.0677043287296081 0.0552381353852675 0.0428248209971412 0.0308623392817395 0.0229401681107792 0.015058114072919 0.0101451054607414 0.00435750709498267 0.00126322754484992 0.00243300513356498 0.00265098917052375 0.00744630727253548 0.00950846859256427 0.0130585714253705 0.0195486658370346 0.0226332325462291 0.0293015345412308 0.0352910304557042 0.0405955937097826 0.0485504054205602 0.0489621556882455 0.0495538387020577 0.047658997559393 0.0404941823535944 0.035830977902261 0.0262671189175451 0.0196503546545167 0.0133521506635711 0.00622519397485638 0.006340681457079 0.000594049344048719 0.00256131747292615 0.00526360022543126 0.00847707514622004 0.0183471604605047
-9999 -9999 -9999 -9999 -9999 -9999 0.135022147328251 -0.00870164712408983 0.0293006009221627 0.105147216339027 0.123598710201593 0.132144252159636 0.15144906492916 0.165899195641089 0.167308692933955 0.156136950576862 0.138420584751923 0.128316404780326 0.116178914883469 0.0990244110922772 0.0893281361963255 0.0821580728877863 0.0738122848643947 0.0594621912776894 0.0385911814219809 0.0220168850411772 0.0151808954820233 0.010491162906028 0.00175128086941828 -0.00943550031416418 -0.0172878348273859 -0.0191114044869111 -0.0184331284400069 -0.0178869041272721 -0.0152872166652538 -0.00968695124529384 -0.00391161676021812 0.00337707465418785 0.00939596290746719 0.0140032785232314 0.0187773839467215 0.0188934336270125 0.0178898679629638 0.0146042949623999 0.00732230523877958 0.000289603231599322 -0.00966023103771385 -0.0186981225611248 -0.0259214470284392 -0.0340636969179871 -0.0384704427763874 -0.0398615958558318 -0.0358117153127808 -0.0313901055960786 -0.0287104737811903 -0.0215485484599839
-9999 -9999 -9999 -9999 -9999 -9999 0.172495579946687 0.0545924318782988 -0.00672955351002413 0.100905908360127 0.138292750298796 0.146357294532216 0.175469739379918 0.194945638731438 0.197174542695155 0.181507290533685 0.140039349704109 0.12863846785147 0.118869081201199 0.0983852234508254 0.0951864002093896 0.094090853037564 0.0963501120347129 0.0817824208287094 0.0497708131122506 0.0295527241784063 0.0244476982410052 0.0307522053607499 0.0207120437932174 -0.00225957209558603 -0.0175408514636438 -0.0241768458733231 -0.0222064215516993 -0.0263060229890461 -0.0305881910436913 -0.027520265014802 -0.0253923281922035 -0.0158328832970258 -0.0116179419503128 -0.012135675392726 -0.0069584555786939 -0.00983107725572552 -0.00979196933654392 -0.0127561651971081 -0.0220057217927875 -0.0259435749832885 -0.0366212651312929 -0.0436146783896991 -0.0507577412218956 -0.060507678430775 -0.063029193897752 -0.0719552883507266 -0.0687412280326205 -0.0663813336435075 -0.06731471003052 -0.0581962022442706
-9999 -9999 -9999 -9999 -9999 -9999 -9999 -9999 0.142388711443945 0.112515795120877 0.162875554203762 0.165693461547133 0.186412436953334 0.202828242153864 0.21303280463066 0.200443414615361 0.149379640127167 0.113977293484615 0.107478087740081 0.0981103139910791 0.102936961771929 0.112426869485962 0.118870858803603 0.108163610516905 0.0772304759225066 0.05108615645023 0.051956917884336 0.0639359710894239 0.0582984431190458 0.0365490099545114 0.0171140776788766 0.0144577770225412 0.019042606849353 0.0138818204079612 0.00203891141669366 -0.00752502840984803 -0.00551013510255594 -0.00230141778856929 -0.0026725294744776 -0.00506092819541182 -0.0087126238079609 -0.0102874727146886 -0.0130197019108287 -0.0168173621150602 -0.0226762252756255 -0.0288139827896712 -0.0352019384152361 -0.0420834992526481 -0.0487488318741833 -0.0566633208178566 -0.0672651363928218 -0.0795537143126124 -0.0868629636566501 -0.0876492742338303 -0.087164194267416 -0.0799994026845849
-9999 -9999 -9999 -9999 -9999 -9999 -9999 -9999 0.185931601482552 0.132462881182361 0.185971778672676 0.185014297964954 0.19522917937208 0.206284975508858 0.219562255696264 0.21771324400019 0.161422123461213 0.108235986366848 0.102600130085777 0.0903097135719946 0.114089193111905 0.124698230625371 0.135613893514532 0.12650689298854 0.0948280600546156 0.0729216644964441 0.0748194976866968 0.0936229144445833 0.0928001828913711 0.0748596122168827 0.064028627190426 0.0681101247277874 0.086199091480514 0.086465126902242 0.0710172723275593 0.0563986349051526 0.0552413606403871 0.056484757550305 0.0512766936620113 0.0415160167618248 0.0305770121030777 0.025440066351608 0.0193912436252641 0.0125483054080602 0.00257973104925857 -0.00524301093420654 -0.0100248423084317 -0.0167781333561859 -0.0261990130123938 -0.0393961381433992 -0.0539750847469063 -0.0735751306667786 -0.0901963350118073 -0.0974184284890987 -0.0974042861514257 -0.085497493187198
-9999 -9999 -9999 -9999 -9999 -9999 -9999 -9999 -9999 0.14447892070384 0.173180327920143 0.194880576063941 0.20001566065494 0.207030252040877 0.224807589189243 0.237856842227287 0.194673636458036 0.124018991666007 0.115332526383922 0.109847683325147 0.129132173048356 0.142609710226006 0.145135665265822 0.137456746333679 0.116225313840373 0.0953362557899627 0.0981626112756821 0.110485097194064 0.112437588761496 0.104993560205038 0.10182593256285 0.116365074375027 0.142987691756241 0.15649073120312 0.153419749716156 0.147803667653214 0.15141688837467 0.156638813177042 0.149232176813971 0.135444133941545 0.117084841368691 0.10806998737702 0.0966101263195947 0.0808135202929976 0.0615831953912441 0.0453106022872787 0.0403618381120667 0.0323328478748225 0.0173161000009954 -0.00258255975749022 -0.0250300253677388 -0.0459492379882804 -0.0658799275343013 -0.0819821307350665 -0.0883949710882802 -0.0769711292262143
-9999 -9999 -9999 -9999 -9999 -9999 -9999 -9999 -9999 -9999 0.155481827570314 0.191294765188342 0.198188343733003 0.204574563004482 0.226862656359904 0.259490716546182 0.246130478808233 0.174963323142058 0.153132610893387 0.135427714213168 0.145168709970555 0.149474965852952 0.154034882248546 0.148113763712742 0.129799487529898 0.114805833034505 0.114180426875698 0.12336018975165 0.124798811430945 0.121532626098248 0.125578157538608 0.143890216936619 0.17608587742352 0.200856361917952 0.216558160815145 0.232006045131489 0.247188547932698 0.260537562103306 0.261826057487332 0.252662997250259 0.237610873272671 0.225485714386107 0.208805956139176 0.184971542356807 0.154070284337804 0.127963645761898 0.118350535283333 0.105196807841537 0.0816898391337277 0.0505710977139921 0.0180296972791263 -0.00764907267227166 -0.0307378767919183 -0.0539109108030729 -0.0717653579629117 -0.0684007097981125
-9999 -9999 -9999 -9999 -9999 -9999 -9999 -9999 -9999 -9999 -9999 0.191607747501952 0.195576169595254 0.196600767158856 0.220418901807172 0.273065723962303 0.299361135030829 0.267061867190201 0.231926228152951 0.175890562125347 0.156376927149464 0.154623003478999 0.162545907527034 0.158574958055094 0.144845975525638 0.1345970562361 0.129438546654166 0.131279777018234 0.131912386587226 0.131169492419749 0.137447990323751 0.156135207898798 0.186797940756621 0.217365738834909 0.248125351348878 0.281672661035119 0.307012691702928 0.334565328585144 0.34920961457166 0.350421674861283 0.347698026140515 0.339551370148155 0.331752539507174 0.305715247907382 0.263823711572456 0.233144840731258 0.217792251051007 0.196978192816912 0.163501573237185 0.118162808223077 0.0712532108138974 0.034377428946632 -0.00497592762192967 -0.030439091951639 -0.044517582474907 -0.0475833043596983
