data/03_saidas_enm/CCSM_Maxent_6k_B.balansae2.asc
NCOLS 154 
NROWS 168 
XLLCORNER -112 
YLLCORNER -55.5 
CELLSIZE 0.5 
NODATA_value -9999 
[rows 50 to 74 of 168, columns 56 to 111 of 154]
-9999 -9999 -9999 -9999 -9999 -9999 -9999 -9999 -9999 -9999 -9999 -9999 -9999 0.00405302923172712 0.00940005481243134 0.0222522877156734 0.0306054465472698 0.0408401302993298 0.0679436177015305 0.101916164159775 0.10156162083149 0.0958250761032104 0.0830303132534027 0.0759103074669838 0.060347355902195 0.0573168955743313 0.0508689694106579 0.0462297052145004 0.0404591411352158 0.0340162813663483 0.0316766947507858 0.0367670208215714 0.0452278479933739 0.0551951788365841 0.0645792707800865 0.0741283074021339 0.0891495868563652 0.104858636856079 0.108253121376038 0.110325999557972 0.119146704673767 0.111235737800598 0.111974649131298 0.11783193051815 0.131058350205421 0.172165066003799 0.154281139373779 0.17684742808342 0.186117127537727 0.186608240008354 0.224592298269272 0.2377048432827 0.255540907382965 0.272658050060272 0.276384919881821 0.291647881269455
-9999 -9999 -9999 -9999 -9999 -9999 -9999 -9999 -9999 -9999 -9999 -9999 -9999 0.00510499440133572 0.0117041142657399 0.0217249449342489 0.0292599517852068 0.0524807162582874 0.0800998285412788 0.0982710272073746 0.106411643326283 0.101430125534534 0.0942985564470291 0.086385153234005 0.0718225315213203 0.0584232248365879 0.0481774657964706 0.0370564833283424 0.0310066733509302 0.025619113817811 0.0243114028126001 0.0291310604661703 0.0387870445847511 0.0505845323204994 0.0683491304516792 0.0901084244251251 0.108147770166397 0.119115464389324 0.12177313119173 0.119287595152855 0.12159202247858 0.116408824920654 0.117929890751839 0.122327297925949 0.129025816917419 0.144596114754677 0.149743616580963 0.166238680481911 0.178722769021988 0.195305794477463 0.224515363574028 0.24084809422493 0.253692507743835 0.266314297914505 0.275734424591064 0.291344612836838
-9999 -9999 -9999 -9999 -9999 -9999 -9999 -9999 -9999 -9999 -9999 0.0038776658475399 0.00456659635528922 0.008406862616539 0.014051565900445 0.025960348546505 0.0451984889805317 0.0723410621285439 0.0891459211707115 0.0977850332856178 0.104832999408245 0.102433621883392 0.0917812511324883 0.0804852172732353 0.0635367184877396 0.0513194277882576 0.0385462194681168 0.0282849110662937 0.0214707273989916 0.0172407105565071 0.0163003075867891 0.021479394286871 0.0316936038434505 0.044698391109705 0.0682649239897728 0.0933820977807045 0.119154758751392 0.139011576771736 0.136163517832756 0.131431415677071 0.128447964787483 0.12336453795433 0.124302469193935 0.12674380838871 0.127356454730034 0.134539440274239 0.141905426979065 0.155798584222794 0.172465279698372 0.192727655172348 0.208572342991829 0.225881472229958 0.231269985437393 0.249759986996651 0.263467520475388 0.295003682374954
-9999 -9999 -9999 -9999 -9999 -9999 -9999 -9999 -9999 -9999 0.00382032990455627 0.0038814356084913 0.00743891810998321 0.0119522185996175 0.0198542196303606 0.0346289947628975 0.0590765625238419 0.079888291656971 0.0940174609422684 0.0967935994267464 0.0929685011506081 0.0810101926326752 0.0690481290221214 0.0578791536390781 0.0455827936530113 0.0346687063574791 0.0252833720296621 0.0180039741098881 0.0137987602502108 0.0116885025054216 0.0120248412713408 0.0163952484726906 0.0262805297970772 0.0426558069884777 0.0669688507914543 0.0927889049053192 0.117613077163696 0.137954726815224 0.145074918866158 0.138915777206421 0.134353145956993 0.131990313529968 0.132076472043991 0.133279994130135 0.132088392972946 0.137545838952065 0.145487323403358 0.159578189253807 0.170273020863533 0.182351380586624 0.19389908015728 0.199861094355583 0.20537243783474 0.223811820149422 0.245938926935196 0.287834197282791
-9999 -9999 -9999 -9999 -9999 -9999 -9999 -9999 -9999 -9999 0.00441672094166279 0.00915355514734983 0.0184917785227299 0.0270090661942959 0.0315276347100735 0.0341333784162998 0.0524763278663158 0.0782103687524796 0.0890716761350632 0.0801140293478966 0.0737791657447815 0.0616853386163712 0.0500656962394714 0.0408127531409264 0.0305479392409325 0.0224950090050697 0.0162029694765806 0.0114955389872193 0.0110902721062303 0.011297982186079 0.0116365998983383 0.012370484881103 0.0229104291647673 0.0404584482312202 0.066108837723732 0.0904272198677063 0.106405757367611 0.12293366342783 0.132228523492813 0.141318157315254 0.14578777551651 0.145187452435493 0.145617127418518 0.148476898670197 0.150712609291077 0.153700172901154 0.152962818741798 0.15611620247364 0.1612928211689 0.168856531381607 0.179603815078735 0.191576808691025 0.202855437994003 0.222306236624718 0.248504638671875 0.298697978258133
-9999 -9999 -9999 -9999 -9999 -9999 -9999 -9999 0.0062315589748323 0.00618101330474019 0.0134036000818014 0.0233439151197672 0.0384412966668606 0.0417546778917313 0.03168860450387 0.0323465764522552 0.0476598888635635 0.0687832683324814 0.0739652216434479 0.0621966272592545 0.049098689109087 0.0421738550066948 0.0360124707221985 0.028831860050559 0.0206146780401468 0.0140672540292144 0.0121781332418323 0.0119061032310128 0.0116353435441852 0.0115431603044271 0.0118624344468117 0.0132488608360291 0.0201677177101374 0.0374243631958961 0.0598943941295147 0.0800583586096764 0.0950721055269241 0.10533082485199 0.114180319011211 0.120623484253883 0.12420280277729 0.129077821969986 0.131361812353134 0.135578319430351 0.140333950519562 0.144991502165794 0.151102349162102 0.151745438575745 0.155050024390221 0.162556156516075 0.170063376426697 0.184718057513237 0.197878733277321 0.218228489160538 0.238398313522339 0.279473602771759
-9999 -9999 -9999 -9999 -9999 -9999 -9999 -9999 0.00746347336098552 0.0161257907748222 0.0397174805402756 0.0616829842329025 0.056793849915266 0.0413412898778915 0.0380106568336487 0.0397343561053276 0.0419452227652073 0.0567525811493397 0.0591878518462181 0.0446517206728458 0.0321374349296093 0.0280175767838955 0.0245606135576963 0.0199695639312267 0.0144936963915825 0.0133828902617097 0.0130746057257056 0.0127632040530443 0.0127890426665545 0.0129767451435328 0.0134158032014966 0.0147476838901639 0.0179553721100092 0.0327216498553753 0.0526850894093513 0.0690592229366302 0.0820745751261711 0.0931353345513344 0.0981719121336937 0.100941024720669 0.101372882723808 0.101654559373856 0.10296306759119 0.103894650936127 0.104688934981823 0.108740568161011 0.113448299467564 0.117898441851139 0.119273662567139 0.122348010540009 0.132037714123726 0.151109471917152 0.178283482789993 0.203513354063034 0.230739861726761 0.273184269666672
-9999 -9999 -9999 -9999 -9999 -9999 -9999 0.00609196769073606 0.0106535796076059 0.0295522287487984 0.0713464394211769 0.0859115943312645 0.0651548951864243 0.0498213395476341 0.0471414290368557 0.0469363294541836 0.0510186143219471 0.0503663718700409 0.0475427135825157 0.0335060656070709 0.0241170581430197 0.0214912351220846 0.0190497487783432 0.0177294928580523 0.0157764405012131 0.0147873368114233 0.0145094115287066 0.0144709600135684 0.0145012615248561 0.0146845420822501 0.0150770526379347 0.0161078628152609 0.0178928337991238 0.0290059745311737 0.0446086227893829 0.0584183149039745 0.0707332268357277 0.08128472417593 0.0864911526441574 0.0851249843835831 0.0845742300152779 0.0810780078172684 0.0780084505677223 0.0772649049758911 0.0778665617108345 0.0798704847693443 0.083321750164032 0.0849504917860031 0.0855791494250298 0.091376006603241 0.104080900549889 0.121163666248322 0.151965901255608 0.186151325702667 0.215323626995087 0.277965426445007
-9999 -9999 -9999 -9999 -9999 -9999 -9999 0.00794411450624466 0.0200025029480457 0.0585976466536522 0.097510889172554 0.086123526096344 0.0649974942207336 0.0566476210951805 0.0556572154164314 0.05779192969203 0.0623692348599434 0.0615642294287682 0.059889879077673 0.0469064936041832 0.0353282243013382 0.0307085625827312 0.0272444225847721 0.0266586802899837 0.0256517063826323 0.0234379060566425 0.0231632962822914 0.0219534430652857 0.0226553734391928 0.02485859580338 0.0253601837903261 0.0268660727888346 0.0268112048506737 0.0278380364179611 0.0382122583687305 0.0488122999668121 0.0579766184091568 0.0666714310646057 0.0691518858075142 0.0660607442259789 0.0640856325626373 0.0588317699730396 0.0562740080058575 0.0541444793343544 0.0522614307701588 0.0536177940666676 0.0545816719532013 0.0541066341102123 0.0550162829458714 0.0619496926665306 0.0773403272032738 0.100069656968117 0.130954325199127 0.160985067486763 0.195236727595329 0.256791323423386
-9999 -9999 -9999 -9999 -9999 -9999 0.00775004830211401 0.0135252475738525 0.0355617329478264 0.082002766430378 0.104582853615284 0.0886333286762238 0.0606147907674313 0.0561204217374325 0.0625162124633789 0.0691859722137451 0.0749199464917183 0.0759788751602173 0.0729998201131821 0.0609373562037945 0.0464531295001507 0.0425447560846806 0.0398707017302513 0.039033517241478 0.036222156137228 0.0340558253228664 0.0334862731397152 0.0343628600239754 0.0356145575642586 0.0355735756456852 0.0370337553322315 0.0374310202896595 0.0384915247559547 0.0393747910857201 0.0377417728304863 0.0413258001208305 0.0467414893209934 0.0496438108384609 0.0506871715188026 0.0482926778495312 0.0440553165972233 0.0408803522586823 0.0367527194321156 0.0343474298715591 0.0382144078612328 0.045385830104351 0.0510702691972256 0.057157676666975 0.0650458633899689 0.0773356407880783 0.0943221524357796 0.119162023067474 0.15523274242878 0.185947746038437 0.204246863722801 0.224570363759995
-9999 -9999 -9999 -9999 -9999 -9999 0.0113272508606315 0.0195088014006615 0.0499076619744301 0.101916611194611 0.109860360622406 0.0903814285993576 0.0644816905260086 0.06197764351964 0.0708303451538086 0.0812302827835083 0.0870187804102898 0.0886199548840523 0.086845338344574 0.078796923160553 0.0671583861112595 0.0613800510764122 0.0577035769820213 0.0566733404994011 0.0544389151036739 0.0512527786195278 0.051183108240366 0.0513169169425964 0.0523950085043907 0.0533066093921661 0.053214006125927 0.053862813860178 0.0533034428954124 0.0528100542724133 0.0511693768203259 0.0490451566874981 0.0471904687583447 0.0444787219166756 0.0432290285825729 0.0428845584392548 0.0417201109230518 0.0431704819202423 0.0446692630648613 0.048241138458252 0.0554274469614029 0.0630952566862106 0.0698578059673309 0.0763236284255981 0.0860749408602715 0.101723976433277 0.120261013507843 0.145624414086342 0.174199342727661 0.195433959364891 0.210519641637802 0.214423209428787
-9999 -9999 -9999 -9999 -9999 -9999 0.0141454506665468 0.0227276030927896 0.0603908076882362 0.122867323458195 0.138730078935623 0.10934790968895 0.0755752995610237 0.0708918273448944 0.0816216617822647 0.092872180044651 0.0995673984289169 0.100401841104031 0.0997100621461868 0.0925167202949524 0.0836782827973366 0.0814516097307205 0.0770037770271301 0.0737341716885567 0.0686585530638695 0.0648460984230042 0.0661070421338081 0.0697593539953232 0.0706467851996422 0.0694599002599716 0.0700397118926048 0.068823404610157 0.0687245279550552 0.0673191249370575 0.063542053103447 0.0620876587927341 0.0597940385341644 0.0588661283254623 0.057497963309288 0.0568412765860558 0.0579041056334972 0.0588075332343578 0.062961608171463 0.0679703578352928 0.0749747008085251 0.0816217064857483 0.0887722969055176 0.0994616150856018 0.111359119415283 0.127341628074646 0.148176729679108 0.164330333471298 0.184144631028175 0.201349660754204 0.211511269211769 0.213749721646309
-9999 -9999 -9999 -9999 -9999 -9999 -9999 0.0264551788568497 0.0685874596238136 0.14429897069931 0.164587542414665 0.132108062505722 0.0923394709825516 0.0846614316105843 0.0958912745118141 0.111812725663185 0.117178551852703 0.115660168230534 0.11606453359127 0.111414216458797 0.103394456207752 0.098719134926796 0.0932898297905922 0.0895001590251923 0.0860465466976166 0.0832737684249878 0.0857422277331352 0.0900419801473618 0.093386285007 0.0933509469032288 0.0919466912746429 0.0911071971058846 0.088503472507 0.0865814909338951 0.0837200731039047 0.0801568105816841 0.0782489627599716 0.0762404277920723 0.0763931274414062 0.0780907720327377 0.0792904645204544 0.0830093175172806 0.0875887870788574 0.0943388566374779 0.102070733904839 0.108950033783913 0.118954814970493 0.128651082515717 0.141274377703667 0.159043952822685 0.175515726208687 0.190083235502243 0.201242849230766 0.210633739829063 0.218621477484703 0.215989410877228
-9999 -9999 -9999 -9999 -9999 -9999 -9999 -9999 0.0769010409712791 0.158196359872818 0.207787916064262 0.15288770198822 0.106998383998871 0.0988143533468246 0.11350516974926 0.134265303611755 0.139061570167542 0.138353794813156 0.136505365371704 0.129370212554932 0.120996780693531 0.118240132927895 0.112136974930763 0.107995964586735 0.104954294860363 0.103619143366814 0.107428044080734 0.110895372927189 0.11061904579401 0.109852105379105 0.10912149399519 0.107459209859371 0.106118239462376 0.104896694421768 0.102433949708939 0.0994759052991867 0.0964517146348953 0.0951196178793907 0.0952073335647583 0.0962186902761459 0.0998853072524071 0.104591466486454 0.11190577596426 0.119756944477558 0.128224387764931 0.140071347355843 0.147383138537407 0.157871723175049 0.165680378675461 0.178415283560753 0.188227355480194 0.201831296086311 0.210841849446297 0.219771951436996 0.224019289016724 0.220763742923737
-9999 -9999 -9999 -9999 -9999 -9999 0.0317495763301849 0.0444296672940254 0.105228595435619 0.16555067896843 0.185907021164894 0.156255051493645 0.11533759534359 0.111537210643291 0.131798058748245 0.154986098408699 0.160364598035812 0.155970737338066 0.153902128338814 0.149508625268936 0.144045040011406 0.139897227287292 0.135852485895157 0.132456868886948 0.132001414895058 0.13225319981575 0.132466658949852 0.13193291425705 0.130225867033005 0.129416257143021 0.128251120448112 0.127524062991142 0.125640243291855 0.124219611287117 0.123458780348301 0.12305174767971 0.121633015573025 0.119535334408283 0.120113767683506 0.122307121753693 0.125341817736626 0.13149394094944 0.138465330004692 0.144459247589111 0.148992419242859 0.152479410171509 0.156351447105408 0.159526512026787 0.166971787810326 0.179434239864349 0.190178230404854 0.2014240026474 0.20836153626442 0.211892262101173 0.213455960154533 0.205821320414543
-9999 -9999 -9999 -9999 -9999 0.0580075345933437 0.0479584522545338 0.0700584053993225 0.133534371852875 0.162618577480316 0.181462913751602 0.157505512237549 0.121776290237904 0.122797943651676 0.150655061006546 0.180532842874527 0.180310890078545 0.171209290623665 0.167470455169678 0.167723044753075 0.165927067399025 0.161524444818497 0.156179562211037 0.153173193335533 0.153992861509323 0.154748260974884 0.154191583395004 0.153002828359604 0.149056792259216 0.144215121865273 0.144370719790459 0.145623594522476 0.14516669511795 0.144010841846466 0.142918974161148 0.141501232981682 0.144472286105156 0.147471562027931 0.148182898759842 0.148795410990715 0.148283928632736 0.147081613540649 0.144621565937996 0.146589875221252 0.152265027165413 0.156862854957581 0.160952895879745 0.164672449231148 0.171778678894043 0.183824598789215 0.196320354938507 0.203416377305984 0.211136057972908 0.210341423749924 0.201808735728264 0.18573334813118
-9999 -9999 -9999 -9999 -9999 0.0594888739287853 0.0610588751733303 0.087591826915741 0.130139350891113 0.158282324671745 0.174400359392166 0.158563494682312 0.137365385890007 0.143221691250801 0.167909309267998 0.196578785777092 0.192813575267792 0.182220712304115 0.178447380661964 0.18007980287075 0.182989656925201 0.18148347735405 0.177859634160995 0.174760520458221 0.175429373979568 0.175915658473969 0.174982890486717 0.170526102185249 0.165377348661423 0.161061480641365 0.159200146794319 0.161123216152191 0.161965578794479 0.162435844540596 0.163372218608856 0.163208857178688 0.166456297039986 0.170143783092499 0.175176590681076 0.168035998940468 0.16117824614048 0.158361613750458 0.155993983149529 0.157263204455376 0.162028446793556 0.166146725416183 0.171576350927353 0.175973415374756 0.182556673884392 0.191917821764946 0.198540329933167 0.20559224486351 0.207863658666611 0.205410838127136 0.199982911348343 0.188149526715279
-9999 -9999 -9999 -9999 -9999 -9999 0.0677723586559296 0.0881407409906387 0.120993889868259 0.142913058400154 0.171675249934196 0.155061095952988 0.141493707895279 0.148171871900558 0.166612014174461 0.205770224332809 0.194733142852783 0.186659768223763 0.186282694339752 0.189452514052391 0.196763500571251 0.192061752080917 0.190535634756088 0.189238175749779 0.189720809459686 0.190989807248116 0.188390806317329 0.186644002795219 0.183494314551353 0.180708453059196 0.178261324763298 0.175296857953072 0.177132651209831 0.177697405219078 0.178461313247681 0.182463973760605 0.189687594771385 0.194292366504669 0.196097940206528 0.18703393638134 0.177771419286728 0.175378784537315 0.17259681224823 0.173343405127525 0.17633892595768 0.179318636655807 0.186103209853172 0.191651836037636 0.197935521602631 0.205297753214836 0.206034734845161 0.210700362920761 0.208561599254608 0.204324021935463 0.20111408829689 0.194025605916977
-9999 -9999 -9999 -9999 -9999 -9999 0.0603725798428059 0.0752377957105637 0.102246910333633 0.118464350700378 0.139251261949539 0.134378373622894 0.114510424435139 0.12014751881361 0.138370707631111 0.1606754809618 0.176429763436317 0.188480421900749 0.195333570241928 0.194940119981766 0.195341348648071 0.198066100478172 0.2014240026474 0.201217114925385 0.199613064527512 0.198287203907967 0.201301991939545 0.204718351364136 0.203782200813293 0.200812995433807 0.197232335805893 0.197334796190262 0.198161870241165 0.199723079800606 0.203049793839455 0.209044218063354 0.216243624687195 0.220696061849594 0.223205849528313 0.212478473782539 0.20268426835537 0.198017463088036 0.194300919771194 0.193670928478241 0.195650354027748 0.198375031352043 0.204312726855278 0.210503458976746 0.217448219656944 0.226198196411133 0.229421839118004 0.224542260169983 0.215719357132912 0.208949714899063 0.203915506601334 0.195181891322136
-9999 -9999 -9999 -9999 -9999 -9999 0.0545920953154564 0.065295435488224 0.0800484120845795 0.0925057604908943 0.12025710940361 0.126613646745682 0.101309888064861 0.10003712028265 0.118333518505096 0.13421306014061 0.162766665220261 0.192659318447113 0.207027062773705 0.200614020228386 0.197159588336945 0.204891353845596 0.213963687419891 0.215611591935158 0.211509719491005 0.207705065608025 0.21446305513382 0.224070996046066 0.225641712546349 0.222118929028511 0.218404665589333 0.220817789435387 0.224418953061104 0.227074757218361 0.231008872389793 0.23609334230423 0.24490088224411 0.249629482626915 0.25240233540535 0.244959905743599 0.232395559549332 0.227454319596291 0.22118416428566 0.219204261898994 0.220059052109718 0.220389738678932 0.226087510585785 0.231880202889442 0.238399863243103 0.248137220740318 0.253173053264618 0.239593580365181 0.22473219037056 0.214148133993149 0.207062691450119 0.198447346687317
-9999 -9999 -9999 -9999 -9999 -9999 -9999 -9999 0.0531711094081402 0.0759808719158173 0.123291052877903 0.121983505785465 0.0995435565710068 0.10218384116888 0.116448730230331 0.137812808156013 0.164984330534935 0.203731849789619 0.227365642786026 0.209371164441109 0.205214366316795 0.215550139546394 0.229903265833855 0.23311011493206 0.224840387701988 0.220224782824516 0.228087291121483 0.241618812084198 0.24579980969429 0.243166998028755 0.241774141788483 0.246491998434067 0.254702538251877 0.258858114480972 0.260388314723969 0.264216244220734 0.273791402578354 0.27993431687355 0.281857848167419 0.282851994037628 0.269687175750732 0.261498600244522 0.254525631666183 0.249890685081482 0.247238174080849 0.24609200656414 0.249111220240593 0.253302484750748 0.257769584655762 0.262951791286469 0.261286228895187 0.250021904706955 0.232922688126564 0.221054941415787 0.212293028831482 0.20250104367733
-9999 -9999 -9999 -9999 -9999 -9999 -9999 -9999 0.0514400564134121 0.0710580796003342 0.137761756777763 0.132470354437828 0.104055054485798 0.112313367426395 0.130367949604988 0.153273448348045 0.181036382913589 0.227435365319252 0.261847078800201 0.225206941366196 0.21852733194828 0.230282664299011 0.249262258410454 0.252901077270508 0.240817606449127 0.233306974172592 0.242030933499336 0.258807063102722 0.264838397502899 0.262479931116104 0.26371356844902 0.271527528762817 0.284351259469986 0.289571851491928 0.289737313985825 0.292515784502029 0.299925625324249 0.310929626226425 0.314191997051239 0.314055353403091 0.312761515378952 0.303041398525238 0.29283344745636 0.285310626029968 0.279077291488647 0.273922145366669 0.27457395195961 0.275518119335175 0.276060372591019 0.276706427335739 0.273305296897888 0.263153374195099 0.24675677716732 0.232573285698891 0.220404610037804 0.208645805716515
-9999 -9999 -9999 -9999 -9999 -9999 -9999 -9999 -9999 0.0728977844119072 0.160640031099319 0.1362164914608 0.108771651983261 0.129960775375366 0.158595278859138 0.186593100428581 0.206715136766434 0.254241317510605 0.287220895290375 0.246012777090073 0.236526936292648 0.247406288981438 0.267063230276108 0.271878570318222 0.256707072257996 0.247742235660553 0.255973279476166 0.272246658802032 0.279597401618958 0.277988433837891 0.280145347118378 0.291677206754684 0.308300256729126 0.316371768712997 0.316994667053223 0.319204300642014 0.326751530170441 0.336951196193695 0.345571130514145 0.346923470497131 0.344228744506836 0.345345824956894 0.335821479558945 0.32413712143898 0.312239825725555 0.302516579627991 0.299950212240219 0.297854393720627 0.294935554265976 0.29106593132019 0.285282015800476 0.280381768941879 0.27286434173584 0.258271306753159 0.234620183706284 0.215441390872002
-9999 -9999 -9999 -9999 -9999 -9999 -9999 -9999 -9999 -9999 0.128369316458702 0.117467410862446 0.121394284069538 0.162275955080986 0.206572085618973 0.238781899213791 0.250746786594391 0.288464844226837 0.308035641908646 0.272672295570374 0.255796819925308 0.264256447553635 0.280950903892517 0.284366428852081 0.27520415186882 0.26579549908638 0.271818041801453 0.286015212535858 0.292747586965561 0.292726308107376 0.297026753425598 0.309632360935211 0.327877312898636 0.338328838348389 0.342217355966568 0.347715735435486 0.355255395174026 0.364405184984207 0.371281832456589 0.378266930580139 0.378549784421921 0.37833371758461 0.377061367034912 0.367436081171036 0.350763142108917 0.336558133363724 0.329615861177444 0.323658227920532 0.31644606590271 0.309202373027802 0.3012575507164 0.297327041625977 0.292970448732376 0.279606968164444 0.256041496992111 0.239270031452179
-9999 -9999 -9999 -9999 -9999 -9999 -9999 -9999 -9999 -9999 -9999 0.0747317895293236 0.14404721558094 0.224501222372055 0.269812136888504 0.295559465885162 0.300284206867218 0.324843198060989 0.340000689029694 0.296128779649734 0.270292907953262 0.278636366128922 0.291705906391144 0.295456022024155 0.290533006191254 0.285817980766296 0.288985252380371 0.29900273680687 0.305430859327316 0.306310892105103 0.312211602926254 0.32492008805275 0.342969685792923 0.356361120939255 0.364442050457001 0.375931471586227 0.382514089345932 0.392441064119339 0.399041295051575 0.403034687042236 0.409985959529877 0.411957025527954 0.412276446819305 0.406852394342422 0.390792042016983 0.373339861631393 0.362272262573242 0.352210730314255 0.34273886680603 0.331758171319962 0.3212531208992 0.314176112413406 0.300826072692871 0.294186860322952 0.29047903418541 0.28577846288681
