data/03_saidas_enm/CCSM_SVM_6k_B.balansae5.asc
NCOLS 154 
NROWS 168 
XLLCORNER -112 
YLLCORNER -55.5 
CELLSIZE 0.5 
NODATA_value -9999 
[rows 100 to 124 of 168, columns 56 to 111 of 154]
-9999 -9999 -9999 -9999 -9999 -9999 -9999 -9999 -9999 -9999 -9999 -9999 -9999 -9999 -9999 -9999 -9999 -9999 -9999 -9999 -9999 -9999 -9999 -9999 -9999 -9999 -9999 -9999 0.0842437781183806 0.185686223118081 0.185990327721777 0.145414132757504 0.128682773312118 0.120313275031316 0.108289556637677 0.0955303364684402 0.0861811247696747 0.0941491758626717 0.136126366095578 0.351318630999993 0.656651290164246 0.721337438406785 0.570871075257902 0.428995179220165 0.379310231477946 0.387093668277621 0.459368666924687 0.556893543464963 0.636567119560981 0.709643437538078 0.76841311897328 0.821041989152556 0.865411265744932 0.918961356825455 0.977868524834697 1.02065147957769
-9999 -9999 -9999 -9999 -9999 -9999 -9999 -9999 -9999 -9999 -9999 -9999 -9999 -9999 -9999 -9999 -9999 -9999 -9999 -9999 -9999 -9999 -9999 -9999 -9999 -9999 -9999 -9999 0.081677632068496 0.182824225396104 0.180332466497805 0.145259712372735 0.131136277866038 0.123253710850157 0.111231347275733 0.100346185346831 0.0930550901969052 0.100250268358588 0.146448122044791 0.4092526558643 0.689453826853426 0.711070319848732 0.551990355687931 0.412907034350436 0.362475283668168 0.374250013861647 0.459165028010834 0.540734284858696 0.604032392722978 0.667589184467935 0.713901375574288 0.775442296015174 0.820780285488776 0.872527779436616 0.937001804050461 0.983845233971601
-9999 -9999 -9999 -9999 -9999 -9999 -9999 -9999 -9999 -9999 -9999 -9999 -9999 -9999 -9999 -9999 -9999 -9999 -9999 -9999 -9999 -9999 -9999 -9999 -9999 -9999 -9999 0.0778560784252744 0.083280724563716 0.174496906139054 0.181602332214097 0.14848779334562 0.136191234269307 0.129051476743374 0.117331625518606 0.109217601978219 0.100669436634241 0.110887097452045 0.178170708284754 0.488654822173631 0.71812806955774 0.675350611154267 0.53905215822786 0.414876253243822 0.347170385932828 0.36683917546191 0.434321218099702 0.511650398703392 0.57376584525326 0.632603741103615 0.684677088492975 0.734765248631179 0.779538171626984 0.831539139316763 0.892690020597902 0.93902923359735
-9999 -9999 -9999 -9999 -9999 -9999 -9999 -9999 -9999 -9999 -9999 -9999 -9999 -9999 -9999 -9999 -9999 -9999 -9999 -9999 -9999 -9999 -9999 -9999 -9999 -9999 -9999 0.0810046145517004 0.0844705197143874 0.163828797782592 0.172947501353921 0.146605731198433 0.139072742041142 0.134618200156654 0.121524944314353 0.112365527994102 0.105729317764868 0.119294254160668 0.205473791306207 0.541285942705756 0.687595002299449 0.615862575096643 0.491677134819521 0.391093478246319 0.32958658516731 0.334424535907478 0.389030999444007 0.46743808414151 0.534006988867043 0.59207798650331 0.644944827749042 0.695400170342274 0.736742959261246 0.78892690543552 0.84781901289957 0.895714482883357
-9999 -9999 -9999 -9999 -9999 -9999 -9999 -9999 -9999 -9999 -9999 -9999 -9999 -9999 -9999 -9999 -9999 -9999 -9999 -9999 -9999 -9999 -9999 -9999 -9999 -9999 -9999 0.0822426850792464 0.0892472595109074 0.152394568333995 0.157656648669285 0.139812113580703 0.137281802671129 0.137610142009458 0.120866538549181 0.10812662685112 0.104858794115352 0.127481271011205 0.229920978637819 0.557273718726409 0.661642175017039 0.550065292937518 0.431091680130785 0.356527187792304 0.325123576757126 0.311126690259791 0.360150117432466 0.423797937710271 0.48861781561185 0.557249311005682 0.607476951195895 0.664783541946266 0.705093632943022 0.753791637031159 0.811703330823875 0.857393979705328
-9999 -9999 -9999 -9999 -9999 -9999 -9999 -9999 -9999 -9999 -9999 -9999 -9999 -9999 -9999 -9999 -9999 -9999 -9999 -9999 -9999 -9999 -9999 -9999 -9999 -9999 -9999 0.0842092123152459 0.0954231286575744 0.141947773818007 0.138616977660057 0.128000822499302 0.1320311382538 0.136881449470673 0.115635337853767 0.0984290626905654 0.103485666796969 0.126098333319196 0.230042216171545 0.550815203458329 0.618438963192808 0.485918333851886 0.381761228096583 0.340491610518545 0.325027091345961 0.330426472534557 0.376082458868726 0.406844466325817 0.462180921456782 0.534264986356627 0.585015993701053 0.633327501486326 0.674288754152883 0.720237616061028 0.776803339210886 0.823435512143116
-9999 -9999 -9999 -9999 -9999 -9999 -9999 -9999 -9999 -9999 -9999 -9999 -9999 -9999 -9999 -9999 -9999 -9999 -9999 -9999 -9999 -9999 -9999 -9999 -9999 -9999 -9999 0.0877756707987738 0.102735633559855 0.131787565917562 0.121111207356216 0.117983759147442 0.125522294051483 0.134377673957915 0.108551597548071 0.0949005918604629 0.105235067185838 0.1201210411354 0.218790914959483 0.571147597462638 0.599176828635677 0.426592440546205 0.357658459087731 0.333213068964541 0.341047778842354 0.37640797977059 0.396533324092246 0.434156199453279 0.466594461070155 0.514021990600075 0.577505902494018 0.615591458879517 0.649656295610616 0.694221579472917 0.745721766560759 0.807757531212779
-9999 -9999 -9999 -9999 -9999 -9999 -9999 -9999 -9999 -9999 -9999 -9999 -9999 -9999 -9999 -9999 -9999 -9999 -9999 -9999 -9999 -9999 -9999 -9999 -9999 -9999 -9999 0.0922866599128291 0.108772303360419 0.122575638973955 0.110450798941042 0.112064878759673 0.121878893393094 0.131861527182893 0.104898079674325 0.101910549820686 0.11056172942038 0.118079285019049 0.223387368662813 0.577960025075559 0.551777072332472 0.37893100361249 0.325869299321398 0.317309587116728 0.330492445117927 0.370222116671822 0.392310351771617 0.428670121904653 0.467646287319269 0.503499872782094 0.547510061950734 0.584993942756724 0.6219722539346 0.66782849425481 0.720944721907606 0.783611443995217
-9999 -9999 -9999 -9999 -9999 -9999 -9999 -9999 -9999 -9999 -9999 -9999 -9999 -9999 -9999 -9999 -9999 -9999 -9999 -9999 -9999 -9999 -9999 -9999 -9999 -9999 -9999 0.0971512492568071 0.11230883822941 0.115273090431037 0.105261168513418 0.109060926403307 0.119633332472039 0.131221035696879 0.10389394712405 0.1108408132509 0.115277166335428 0.118343418726252 0.242301469046768 0.594365128019569 0.48462337225564 0.326940691598558 0.291048488949197 0.28799470570342 0.299911668575716 0.317727440288524 0.359115620801596 0.396281642097977 0.438404814505113 0.487634686801273 0.51687539239063 0.54696075560739 0.587643476696873 0.636514046731639 0.698903772034101 0.759922001137603
-9999 -9999 -9999 -9999 -9999 -9999 -9999 -9999 -9999 -9999 -9999 -9999 -9999 -9999 -9999 -9999 -9999 -9999 -9999 -9999 -9999 -9999 -9999 -9999 -9999 -9999 -9999 0.103049541233892 0.114843357234277 0.11045899581824 0.102314300590861 0.107165469186269 0.121156752976242 0.136310179159821 0.10725828683915 0.113163290972477 0.116563367440909 0.132552076152341 0.350486496845625 0.618860406172391 0.426760514409809 0.285758935846281 0.257027700692975 0.258917941428811 0.271102315029754 0.288910177246102 0.324571572703525 0.362552326746297 0.40491021086821 0.451811538356565 0.486104117794807 0.518234583696861 0.552294004789452 0.605489234188608 0.667339989957951 0.726493525550327
-9999 -9999 -9999 -9999 -9999 -9999 -9999 -9999 -9999 -9999 -9999 -9999 -9999 -9999 -9999 -9999 -9999 -9999 -9999 -9999 -9999 -9999 -9999 -9999 -9999 -9999 0.117443873702168 0.107695736506139 0.115561208639471 0.103833787425744 0.0971007292225576 0.104656366147944 0.125035781447526 0.148974222623209 0.114752664885015 0.114704694168662 0.12003824914577 0.20220852923639 0.530368394040658 0.585270295589878 0.330621434684544 0.244804770814824 0.229151413508767 0.233029882698006 0.252023540356924 0.269891182901487 0.303195763783196 0.338826213257047 0.378405013965997 0.419819198245762 0.45360978320914 0.494780974698658 0.529761099195381 0.582056219171326 0.640822915834608 0.691342045330151
-9999 -9999 -9999 -9999 -9999 -9999 -9999 -9999 -9999 -9999 -9999 -9999 -9999 -9999 -9999 -9999 -9999 -9999 -9999 -9999 -9999 -9999 -9999 -9999 -9999 -9999 0.116126371628527 0.112384397516926 0.111509750326824 0.0937167113460027 0.0909823030672352 0.103989874968105 0.13597535735681 0.167490493406021 0.138048525616854 0.124287606818663 0.163370546233031 0.381234254374422 0.594042929279081 0.460901008225781 0.273233023019 0.206397566272024 0.202991917380215 0.203321056112443 0.215517677581617 0.236645136511022 0.270396400615588 0.306888985292566 0.346618028518484 0.39164859599315 0.432145164512495 0.476215853197693 0.518647824935545 0.567787470542058 0.618609890430351 0.665688825559517
-9999 -9999 -9999 -9999 -9999 -9999 -9999 -9999 -9999 -9999 -9999 -9999 -9999 -9999 -9999 -9999 -9999 -9999 -9999 -9999 -9999 -9999 -9999 -9999 -9999 -9999 0.11456232745106 0.114006301241546 0.0975365097658438 0.0839576296402031 0.0854418911916083 0.105702361372574 0.152004149865162 0.197463314718834 0.199876102659704 0.171591612994463 0.324322191753605 0.517359417727391 0.442446702083 0.308814827438665 0.195979642765013 0.178034815585305 0.179254025986469 0.183775748888942 0.192895694229282 0.199142028367048 0.234463243260971 0.276081932592474 0.314810366354234 0.361384366589303 0.404764607692427 0.452807833784503 0.507404714752134 0.55823057399399 0.599641001784049 0.642189737670218
-9999 -9999 -9999 -9999 -9999 -9999 -9999 -9999 -9999 -9999 -9999 -9999 -9999 -9999 -9999 -9999 -9999 -9999 -9999 -9999 -9999 -9999 -9999 -9999 -9999 -9999 0.113859265058258 0.106252071149441 0.0850038291904048 0.0796310003162389 0.0880107296512204 0.122005288481985 0.197546709977692 0.290449302158718 0.3680948071704 0.42010853041487 0.513863502076978 0.436684312664026 0.273455697000658 0.199010547184685 0.167700627759238 0.158586226666092 0.160397970347151 0.168050877598465 0.184270599273703 0.203645657106357 0.229842445562078 0.25976475207626 0.294997438834023 0.337273517797716 0.383723436045179 0.432272059920664 0.483985964699301 0.530838304337717 0.567306266987853 0.5999724856643
-9999 -9999 -9999 -9999 -9999 -9999 -9999 -9999 -9999 -9999 -9999 -9999 -9999 -9999 -9999 -9999 -9999 -9999 -9999 -9999 -9999 -9999 -9999 -9999 -9999 0.0989075228196427 0.109653322813956 0.0910564622083801 0.0781686241766422 0.0796615913504738 0.0999662283737144 0.15131796049611 0.279033304005401 0.420099515711407 0.506352455822448 0.504119762904743 0.433553154546257 0.255952608426067 0.159651547746726 0.144806869254176 0.146868411080285 0.138679063944512 0.144655613445872 0.158835340490311 0.17863466515183 0.2052722193851 0.223790400585604 0.247705454055338 0.275103203069474 0.314604257957452 0.357394073344686 0.40609882891566 0.45324381768005 0.494722280790377 0.526677332531842 0.551351956980345
-9999 -9999 -9999 -9999 -9999 -9999 -9999 -9999 -9999 -9999 -9999 -9999 -9999 -9999 -9999 -9999 -9999 -9999 -9999 -9999 -9999 -9999 -9999 -9999 -9999 0.105354023789998 0.102390900774539 0.078394670782049 0.0710348187280492 0.0780276810219443 0.112052807443771 0.176618563200693 0.303612969898316 0.426892193148579 0.420757746306384 0.332281621010808 0.240906401355879 0.161829922718957 0.121864459965103 0.117213937932138 0.124819694861848 0.12256084398423 0.129496539803336 0.141748789665945 0.165280369678104 0.190067635398465 0.208135157605208 0.227829559576639 0.255043273503396 0.289761030068197 0.3379749192177 0.38081918464349 0.420227720675033 0.457870260066476 0.487341214840597 0.507105916412622
-9999 -9999 -9999 -9999 -9999 -9999 -9999 -9999 -9999 -9999 -9999 -9999 -9999 -9999 -9999 -9999 -9999 -9999 -9999 -9999 -9999 -9999 -9999 -9999 -9999 0.107634849088863 0.0949759483646094 0.0697410504604115 0.0646191844281988 0.0758997421840408 0.128641350899213 0.186147048693287 0.257536803764082 0.283850214937155 0.227694210027573 0.146535928555854 0.126773881995192 0.102075775134825 0.0944107091514144 0.102239156909957 0.107073439199688 0.108021898443239 0.110489596214532 0.122432320039063 0.145589437124533 0.171870180168836 0.185878353673578 0.203093179081235 0.231270950989294 0.271980365918884 0.316359068846997 0.355327200708747 0.390204831300302 0.423844441336884 0.449620638586068 0.465939771276991
-9999 -9999 -9999 -9999 -9999 -9999 -9999 -9999 -9999 -9999 -9999 -9999 -9999 -9999 -9999 -9999 -9999 -9999 -9999 -9999 -9999 -9999 -9999 -9999 -9999 0.113390516752286 0.0908113866293879 0.0612566055975805 0.0512669205654352 0.0638035546901277 0.120517135811336 0.164364515153952 0.166924350329928 0.151487225449937 0.11454898706716 0.0811212389907954 0.0690507018755938 0.0610420740383806 0.0610845747210129 0.0771012107907559 0.0909917884577102 0.0914664310861485 0.0929715243650905 0.0999272482684242 0.112195818488501 0.129717188602823 0.152799050561088 0.183224261832926 0.216880535205725 0.253755585193379 0.292829556147505 0.332026925490801 0.367254721700903 0.398695688010054 0.419951057533771 0.430216342264805
-9999 -9999 -9999 -9999 -9999 -9999 -9999 -9999 -9999 -9999 -9999 -9999 -9999 -9999 -9999 -9999 -9999 -9999 -9999 -9999 -9999 -9999 -9999 -9999 -9999 0.118254994688069 0.0876640625616145 0.0537084793725391 0.0390079873963522 0.0517236598349318 0.119973234476434 0.140636191294062 0.105240077944258 0.0868884539403607 0.0720348555796863 0.0500402862230364 0.0442574741892317 0.0371759545683298 0.0360707008212772 0.0587276744984533 0.0724827248701854 0.0747267071850511 0.0730538370939153 0.0795730748290748 0.0880359857654486 0.0954215479051541 0.128231782207143 0.165105964365184 0.200566998760754 0.237538308854808 0.268717973546974 0.309115440289525 0.344766521529479 0.374263013579879 0.39084706401081 0.398940277750653
-9999 -9999 -9999 -9999 -9999 -9999 -9999 -9999 -9999 -9999 -9999 -9999 -9999 -9999 -9999 -9999 -9999 -9999 -9999 -9999 -9999 -9999 -9999 -9999 -9999 0.122064305097762 0.0867616232348719 0.0500257181940398 0.0294462628915548 0.0375677649672805 0.0902207687131613 0.09789839855393 0.0725248597229444 0.0598755094251517 0.0522999563723797 0.045282936370614 0.0313652843196924 0.0242092755109828 0.0240494576961525 0.0375545389255306 0.050976277742294 0.0515527031669042 0.0489238759109944 0.0559157039008595 0.0681568076506058 0.0874024537300084 0.111800768460963 0.140864628149135 0.175550164595146 0.214175091067278 0.249615004069404 0.287782632723337 0.321074390894011 0.350623984232737 0.36902497908607 0.374799217291782
-9999 -9999 -9999 -9999 -9999 -9999 -9999 -9999 -9999 -9999 -9999 -9999 -9999 -9999 -9999 -9999 -9999 -9999 -9999 -9999 -9999 -9999 -9999 -9999 -9999 0.126595225103582 0.0840523714059491 0.0499639788975405 0.0283075398984936 0.0317191228139679 0.0696510849537485 0.0668742582068646 0.0431791767792263 0.038579356850494 0.035853676464948 0.0301278849694945 0.0208361048673996 0.0132159122703209 0.0113683855429538 0.0237955608533453 0.0327908355776877 0.0336968069417926 0.0345185026227282 0.0443025552569083 0.0600062243334408 0.0770918388800227 0.100948827865067 0.124984612154415 0.154911050724009 0.190367791133706 0.226583385474231 0.265215670565553 0.299165718079276 0.328992521210355 0.346676890337404 0.353310090742518
-9999 -9999 -9999 -9999 -9999 -9999 -9999 -9999 -9999 -9999 -9999 -9999 -9999 -9999 -9999 -9999 -9999 -9999 -9999 -9999 -9999 -9999 -9999 -9999 -9999 0.131149458150206 0.0835191450609477 0.0521077625142841 0.0339428397868169 0.02597629881454 0.0421022722095413 0.0330812579729651 0.0182198626969616 0.0166273123780613 0.0125421593042372 0.00373945120512409 0.000758447500416481 -0.00161726248453997 0.000638926862358669 0.0117194959213235 0.0201808574568999 0.0210335688101163 0.0264282852769087 0.0370043252064205 0.0488435638194802 0.0683223314671644 0.0879087255731051 0.108458170072159 0.136826480691618 0.169060076496468 0.20354947339145 0.245457919531898 0.281671049442067 0.311840513824014 0.328950361917102 0.332932308089874
-9999 -9999 -9999 -9999 -9999 -9999 -9999 -9999 -9999 -9999 -9999 -9999 -9999 -9999 -9999 -9999 -9999 -9999 -9999 -9999 -9999 -9999 -9999 -9999 -9999 0.139124187288512 0.0830204242476161 0.0464887796226507 0.0366665903959381 0.0232321602023378 0.0239306593382891 0.0111867914085764 -0.000435463982102036 0.00377387454576139 0.000154644939670934 -0.00701773986400989 -0.00720770197530629 -0.00778233549438989 -0.00502412170374267 0.0103331781692041 0.0164083485147068 0.0165626721738885 0.0204043589445953 0.0295021047531723 0.04050324387633 0.0560155011887699 0.0736553963092144 0.0936589972057639 0.121064171168445 0.153962308990808 0.187395957614683 0.226937342457142 0.263208640071333 0.290597142883482 0.309399324497644 0.315628486425628
-9999 -9999 -9999 -9999 -9999 -9999 -9999 -9999 -9999 -9999 -9999 -9999 -9999 -9999 -9999 -9999 -9999 -9999 -9999 -9999 -9999 -9999 -9999 -9999 -9999 0.149707110508825 0.0845180933050116 0.039657379322737 0.0348700687680618 0.0201082639378556 0.0125097565220314 -0.00335953973171343 -0.00917084075845709 -0.00314928805279002 -0.00644659911361645 -0.00757220865221708 -0.00960640847034588 -0.00978261967604477 -0.00373116350999858 0.00909260617814345 0.0174409431268817 0.0159818580649393 0.0160761503058314 0.0231798529561183 0.0307063834557217 0.0414258372627896 0.0582095023860117 0.0799560599730557 0.108418180789869 0.143277949265356 0.179610843376492 0.214373687032519 0.240053757766162 0.272141322934322 0.292510087271312 0.300409141402007
-9999 -9999 -9999 -9999 -9999 -9999 -9999 -9999 -9999 -9999 -9999 -9999 -9999 -9999 -9999 -9999 -9999 -9999 -9999 -9999 -9999 -9999 -9999 -9999 0.140752501236305 0.157687434455261 0.0816886106318541 0.0370934391210833 0.0378108615925543 0.0197719210510479 0.00973298061027017 -0.0107224990143497 -0.0143504713855555 -0.00510235814486848 -0.00705984825780459 -0.0105198495365173 -0.011657796675987 -0.0116657962470323 -0.00707374313283371 0.00585589748537463 0.0171466872323514 0.0147940676917687 0.012953005062094 0.0171487416028898 0.0230599006963543 0.0326224281515792 0.0459299226372006 0.0657583115990183 0.093266922758161 0.130043803934293 0.169319202801773 0.199424355421605 0.224718306029021 0.25843138012243 0.272753052922082 0.257389496757482
