data/03_saidas_enm/CCSM_Maha_0k_B.balansae2.asc
NCOLS 154 
NROWS 168 
XLLCORNER -112 
YLLCORNER -55.5 
CELLSIZE 0.5 
NODATA_value -9999 
[rows 100 to 124 of 168, columns 56 to 111 of 154]
-9999 -9999 -9999 -9999 -9999 -9999 -9999 -9999 -9999 -9999 -9999 -9999 -9999 -9999 -9999 -9999 -9999 -9999 -9999 -9999 -9999 -9999 -9999 -9999 -9999 -9999 -9999 -9999 -146.826673860278 -134.132214706019 -131.603728915375 -144.916930374854 -154.735637503529 -161.921926741378 -162.745691142065 -155.019715798239 -128.716938769731 -106.543440207795 -68.0104416978089 -19.6526437344345 -1.69427560774079 -4.41191116456226 -10.8988327199599 -15.931112270605 -19.0891348160705 -17.6049761178091 -10.9036262723261 -5.59481144977104 -3.05354405635072 -1.30768551073885 0.0283137129038579 0.738221378497185 1 0.844912056113998 0.813890874161105 0.798263764151421
-9999 -9999 -9999 -9999 -9999 -9999 -9999 -9999 -9999 -9999 -9999 -9999 -9999 -9999 -9999 -9999 -9999 -9999 -9999 -9999 -9999 -9999 -9999 -9999 -9999 -9999 -9999 -9999 -149.960234743975 -132.3519811525 -129.374983095303 -145.525382174106 -154.467608447251 -156.200236318653 -151.097583710691 -148.709947902724 -117.791598379892 -100.959624459191 -63.4642387897683 -14.8228058716087 -1.06341605154578 -5.62575884332182 -12.4266581588923 -17.6969872209627 -20.6681709806918 -19.1925330719142 -11.636628394174 -7.27979946346036 -5.14665406295226 -2.30068402002784 -1.01014590143467 0.214237678471537 0.762307351569084 0.764205491678797 1 1
-9999 -9999 -9999 -9999 -9999 -9999 -9999 -9999 -9999 -9999 -9999 -9999 -9999 -9999 -9999 -9999 -9999 -9999 -9999 -9999 -9999 -9999 -9999 -9999 -9999 -9999 -9999 -135.143260079038 -154.897647577881 -142.088380320102 -136.975910601845 -145.542375459154 -145.888083631212 -140.502533149321 -134.853100514613 -126.462455465195 -105.742894600328 -88.4600961067083 -51.8026749542487 -10.3902798022603 -1.43953278021742 -7.57250848934583 -13.3200550037437 -18.81135893956 -22.0300503660073 -20.1740795690849 -13.4353428113797 -8.25590200122615 -5.59836724239892 -3.48171015433421 -1.88219785772739 -0.726811358630993 0.067280602563075 0.629492158733649 0.721950663331147 0.867855010267028
-9999 -9999 -9999 -9999 -9999 -9999 -9999 -9999 -9999 -9999 -9999 -9999 -9999 -9999 -9999 -9999 -9999 -9999 -9999 -9999 -9999 -9999 -9999 -9999 -9999 -9999 -9999 -143.733789963511 -166.746276212355 -153.160772257187 -147.437817801746 -151.095580916602 -141.457601909404 -127.847156657333 -121.904340529556 -114.326501637669 -97.3683846328817 -79.6501071216704 -43.0985329032806 -7.25579473187242 -2.55207607471983 -10.2132734654 -16.4033252239974 -21.4970822648441 -24.6182569100192 -23.1108342846388 -16.2751736783234 -10.0755882998379 -6.79737667925996 -4.82856311623488 -3.23568863014843 -1.98865662909046 -1.22574796608626 -0.250987387979382 0.203387567844751 0.514509203385207
-9999 -9999 -9999 -9999 -9999 -9999 -9999 -9999 -9999 -9999 -9999 -9999 -9999 -9999 -9999 -9999 -9999 -9999 -9999 -9999 -9999 -9999 -9999 -9999 -9999 -9999 -9999 -152.599948047997 -177.440611854817 -167.64732786933 -158.798417242758 -156.21849155024 -140.703977706893 -118.666436578611 -114.053510968935 -107.765350667483 -94.1352914798439 -68.6281706905676 -32.4036228461519 -4.88817908259121 -3.41059755271443 -13.5043950552853 -21.0463505365916 -25.3983616755833 -27.1580557646522 -26.0382518925099 -18.7361446518803 -12.5679868183298 -8.86615523508552 -6.4663670008333 -4.88281342671384 -3.4785720678022 -2.39773138516602 -1.34148789355428 -0.658001440236801 -0.212308556107657
-9999 -9999 -9999 -9999 -9999 -9999 -9999 -9999 -9999 -9999 -9999 -9999 -9999 -9999 -9999 -9999 -9999 -9999 -9999 -9999 -9999 -9999 -9999 -9999 -9999 -9999 -9999 -159.739545482957 -187.446116345245 -178.737730146608 -171.367001009254 -167.419259502414 -143.116137638044 -114.128944810494 -107.070515929018 -110.390057920448 -98.7682150566173 -68.8761927504112 -30.1686769477441 -3.91555174228516 -5.17854567198407 -16.6074170934498 -25.6250839563285 -27.9875682793832 -27.9661943141 -25.5252870472742 -18.7619048439318 -13.7925500410778 -10.2537343109296 -7.79000027388691 -6.19103374944988 -4.7453185376559 -3.69515053615147 -2.52874698768081 -1.58169312835165 -1.01139635574531
-9999 -9999 -9999 -9999 -9999 -9999 -9999 -9999 -9999 -9999 -9999 -9999 -9999 -9999 -9999 -9999 -9999 -9999 -9999 -9999 -9999 -9999 -9999 -9999 -9999 -9999 -9999 -162.883312233186 -190.679252618577 -188.5944111286 -184.527332748061 -178.118985196574 -150.067798531597 -111.751099642849 -103.843544086115 -121.249028198176 -113.636032718475 -81.6343482854668 -35.9421786594651 -5.6434179452606 -6.53176421909368 -19.1299645313931 -27.839381800239 -29.123658561218 -26.4681042228127 -21.3166832231714 -17.8448189571772 -13.768433936299 -11.0397512999793 -9.05097097224873 -7.67783182232074 -6.28499818966361 -5.00945706163218 -3.62176242958865 -2.5315347677831 -1.70901314460532
-9999 -9999 -9999 -9999 -9999 -9999 -9999 -9999 -9999 -9999 -9999 -9999 -9999 -9999 -9999 -9999 -9999 -9999 -9999 -9999 -9999 -9999 -9999 -9999 -9999 -9999 -9999 -159.371441701601 -189.780523107999 -202.042482590835 -206.157660880928 -194.40264622333 -157.420527372537 -110.555826654981 -101.095070429528 -136.925281745648 -136.198300902367 -95.3544980918291 -43.1713685504931 -8.25216040965218 -8.25642785050063 -21.6748790157802 -30.8610387439901 -31.279848978853 -27.7028922084183 -22.3366504035744 -18.6329789042538 -14.8966145070547 -12.0704186367584 -10.3715754423449 -9.43524321892477 -8.0668594450548 -6.55623441730539 -4.91623693455409 -3.56380373776172 -2.54938203032205
-9999 -9999 -9999 -9999 -9999 -9999 -9999 -9999 -9999 -9999 -9999 -9999 -9999 -9999 -9999 -9999 -9999 -9999 -9999 -9999 -9999 -9999 -9999 -9999 -9999 -9999 -9999 -151.948445552588 -184.342205007769 -212.681112344042 -236.144360228861 -213.38290515887 -167.674556341618 -109.238417667424 -100.413052489112 -167.465351565335 -154.240927847208 -107.812570308724 -48.7317627060916 -11.1109283913616 -11.9644114443504 -25.0181773649107 -34.3248207318754 -35.3578847476479 -32.5865100922482 -29.1210075393029 -22.5004703355631 -17.5818377549664 -13.9671145976125 -12.1452645857635 -11.362403057475 -9.85396156579873 -8.22993235643755 -6.39147353362119 -4.84035250018053 -3.60424509868458
-9999 -9999 -9999 -9999 -9999 -9999 -9999 -9999 -9999 -9999 -9999 -9999 -9999 -9999 -9999 -9999 -9999 -9999 -9999 -9999 -9999 -9999 -9999 -9999 -9999 -9999 -9999 -147.614002201809 -182.156544539628 -218.860256576374 -239.683120436224 -216.549665097897 -160.878313544472 -99.040660733066 -92.7755725020061 -162.11122627339 -152.811282283125 -105.253428766902 -48.9432127240021 -15.0929674320406 -15.1302761612176 -29.0050100667009 -36.7495226454387 -37.6544495618867 -35.4257749079117 -31.8295723419629 -25.556652920184 -20.4862875612912 -16.6192562730317 -14.3066485339449 -13.0178110805696 -11.5775143514025 -9.98613519006543 -8.0277236786938 -6.43965409857968 -5.09361395370638
-9999 -9999 -9999 -9999 -9999 -9999 -9999 -9999 -9999 -9999 -9999 -9999 -9999 -9999 -9999 -9999 -9999 -9999 -9999 -9999 -9999 -9999 -9999 -9999 -9999 -9999 -128.579050902904 -145.811909105789 -181.299255509267 -219.565778896558 -241.572012617207 -208.133230459752 -151.083861874115 -85.9429709773663 -80.024793528698 -157.864948190496 -133.443672316694 -94.981213014054 -52.0467488027183 -21.2641124083314 -22.6457142793465 -32.6696227267018 -37.9100515408581 -38.5934025401471 -35.9152001855781 -32.2189409809208 -27.400158436494 -22.8774050910441 -19.4373502495372 -16.6987631609144 -14.6850228596279 -12.9476333280567 -11.6245560983418 -9.67078003558757 -8.13787385196562 -6.90973900576395
-9999 -9999 -9999 -9999 -9999 -9999 -9999 -9999 -9999 -9999 -9999 -9999 -9999 -9999 -9999 -9999 -9999 -9999 -9999 -9999 -9999 -9999 -9999 -9999 -9999 -9999 -124.981949616616 -148.813770478623 -187.261613131961 -221.410132815348 -223.943775890928 -186.800816046647 -126.722872265084 -70.749521136968 -58.229111990518 -101.110229185589 -89.8874139165782 -64.0226469682484 -42.8326248728625 -26.4035455850024 -30.0977053442789 -38.0904857253496 -40.2299039770127 -39.8480239347473 -37.6006329682195 -34.3329317127571 -29.6843999541047 -25.227216276937 -21.4210191922734 -18.3864310404335 -16.0683438626352 -13.9631587353825 -12.2755089499165 -10.4309957397816 -9.32460243816288 -8.23571543381819
-9999 -9999 -9999 -9999 -9999 -9999 -9999 -9999 -9999 -9999 -9999 -9999 -9999 -9999 -9999 -9999 -9999 -9999 -9999 -9999 -9999 -9999 -9999 -9999 -9999 -9999 -125.197676902196 -160.987520587693 -201.941951783524 -221.008483009622 -219.638522941182 -156.650483251027 -103.761926877366 -55.7547166047456 -35.6867652716121 -70.4047996696248 -56.9652793738285 -41.2666790376878 -36.3958545326712 -36.6274955739195 -43.7619233043695 -45.5151414131685 -45.0061574464768 -43.5642696483799 -40.9901327413636 -39.2513519801442 -32.8090357144138 -27.1354725000893 -23.009774482639 -20.0149023664409 -17.4988859222048 -15.0828980461683 -12.8415758334831 -11.1020478196881 -10.5203734629787 -9.17834523247848
-9999 -9999 -9999 -9999 -9999 -9999 -9999 -9999 -9999 -9999 -9999 -9999 -9999 -9999 -9999 -9999 -9999 -9999 -9999 -9999 -9999 -9999 -9999 -9999 -9999 -9999 -133.017026576066 -177.381698763566 -209.970882766049 -205.375552622646 -168.112179808083 -113.611695273869 -61.4179452777923 -25.8579865785873 -18.7601843149773 -40.9581491067754 -43.3416970878306 -39.4293860236618 -43.4194127329166 -50.4456894523532 -54.5959652832885 -53.8866135283111 -50.7099567661617 -47.8012202953615 -44.8087072577249 -41.209358156653 -34.8535611759657 -29.2525704299209 -25.0927386629167 -21.9803175014992 -19.3915183238549 -16.8674043452977 -14.7073196897932 -12.9614965777668 -12.3130190284162 -10.3540288394518
-9999 -9999 -9999 -9999 -9999 -9999 -9999 -9999 -9999 -9999 -9999 -9999 -9999 -9999 -9999 -9999 -9999 -9999 -9999 -9999 -9999 -9999 -9999 -9999 -9999 -99.9406062280251 -152.123738629129 -200.267846946271 -218.139801225579 -179.644380784153 -137.97551635706 -76.3509885306573 -32.9166678424229 -9.0800618647646 -20.7131923048252 -54.563173134986 -52.3631746655041 -48.0604448505554 -59.9029223680428 -65.2246054372805 -69.2335465054698 -63.0158412110561 -57.5078957813936 -53.1811678690746 -49.9245502087151 -47.5786835418009 -38.1960294930645 -31.4013280858805 -27.4191542693494 -24.3401378555702 -21.8995405901109 -18.9047696487975 -17.0489125722821 -15.4049903431972 -14.8533109326576 -12.4006161510039
-9999 -9999 -9999 -9999 -9999 -9999 -9999 -9999 -9999 -9999 -9999 -9999 -9999 -9999 -9999 -9999 -9999 -9999 -9999 -9999 -9999 -9999 -9999 -9999 -9999 -113.67851588191 -167.623328944916 -209.518510003765 -209.733727715033 -155.171680146604 -100.430012716264 -52.4473875572045 -20.1903912243393 -12.0785165222712 -30.8815710266768 -54.6020425951159 -62.0862358169228 -65.3900314599358 -74.3018294576758 -75.9714353879558 -75.7459052984186 -68.9338465351184 -62.5879212967326 -57.7596937492604 -54.5619133639573 -50.8604990518429 -41.5784643938651 -34.5167156584717 -30.0783855247636 -26.5614184941295 -23.5822942371042 -21.0077165206651 -19.2424985747187 -17.47338301076 -15.5685870092297 -12.7138311409688
-9999 -9999 -9999 -9999 -9999 -9999 -9999 -9999 -9999 -9999 -9999 -9999 -9999 -9999 -9999 -9999 -9999 -9999 -9999 -9999 -9999 -9999 -9999 -9999 -9999 -118.777696898646 -173.321707912983 -215.044719942692 -201.283360796168 -129.375207037446 -77.443481874588 -41.8881385583641 -21.8847942851534 -25.250004504572 -43.0626736432376 -70.068619772547 -72.3409263993172 -74.6030402692048 -79.6160890158402 -78.3418501651483 -79.2609088871402 -71.2055848396946 -64.678064949257 -60.0977680456688 -56.9546540613491 -54.5322232788629 -44.7572433300997 -37.6072749012181 -32.7254698536503 -28.6472647513915 -25.2799520296982 -22.7391905269011 -21.1127156412643 -19.4068746336944 -15.75001908931 -12.7476496929928
-9999 -9999 -9999 -9999 -9999 -9999 -9999 -9999 -9999 -9999 -9999 -9999 -9999 -9999 -9999 -9999 -9999 -9999 -9999 -9999 -9999 -9999 -9999 -9999 -9999 -97.3935860466237 -160.232744460011 -197.733571280379 -176.147068710901 -108.82384591367 -59.4111861319447 -35.7892572112634 -31.4010261981703 -39.1377772396505 -58.0434994830423 -74.4724048898623 -74.1736848472553 -68.612279666176 -69.926332058613 -72.8616753082163 -73.8550322280438 -69.4127941386051 -64.2579864812444 -61.0984916344633 -59.037498583455 -55.193692176466 -47.3615902942816 -39.6323985659179 -34.2601546473599 -30.4407524558006 -27.3090929145183 -24.5193255191766 -22.5498919711866 -19.3105028196408 -15.6310262207637 -12.7149208642161
-9999 -9999 -9999 -9999 -9999 -9999 -9999 -9999 -9999 -9999 -9999 -9999 -9999 -9999 -9999 -9999 -9999 -9999 -9999 -9999 -9999 -9999 -9999 -9999 -9999 -78.5470919971058 -139.806425599443 -184.223430746546 -160.94413330039 -93.1806984165608 -48.6408637564251 -34.6905038323598 -41.4336375648682 -56.6203908893124 -70.9916517578757 -82.7564357109464 -75.7286860081227 -65.7976471958484 -65.2860647512849 -68.0187371596031 -70.6483856782523 -68.805037860448 -66.3804560535458 -64.7700001390221 -62.9356319012371 -59.5878606707622 -50.198564468946 -41.8424332601745 -36.1003263521348 -32.2803273830057 -29.2729254932465 -26.1185435007827 -23.9427489045013 -19.2970976297618 -15.5314888485153 -12.5713518370028
-9999 -9999 -9999 -9999 -9999 -9999 -9999 -9999 -9999 -9999 -9999 -9999 -9999 -9999 -9999 -9999 -9999 -9999 -9999 -9999 -9999 -9999 -9999 -9999 -9999 -72.2795091992959 -126.368654854753 -166.658152912692 -144.801019621928 -86.5248306247029 -46.8126870212882 -40.0111801379251 -50.5539265673721 -68.3895249609356 -81.602329377505 -85.6692832626665 -76.8869195369202 -68.6677217868688 -67.0031923616535 -67.3356249202545 -69.3000833428251 -71.2132323785737 -74.0609859698787 -73.4061786096774 -67.5683625271354 -60.1024833964595 -52.2359378025116 -44.9238722627739 -38.9457125637607 -34.4198878010056 -30.8475161239834 -27.8449995533612 -24.8462488953562 -19.9144141439308 -15.6772493065442 -12.3361174727324
-9999 -9999 -9999 -9999 -9999 -9999 -9999 -9999 -9999 -9999 -9999 -9999 -9999 -9999 -9999 -9999 -9999 -9999 -9999 -9999 -9999 -9999 -9999 -9999 -9999 -62.2093910563495 -114.862622747717 -163.420531910868 -141.849586110036 -82.4890707985717 -48.2265098518396 -44.5910326802522 -59.0354544604517 -76.6481994073313 -84.2455518138944 -86.4759834736169 -78.2941855683761 -71.4605780209034 -69.310232073097 -67.6220394023291 -68.8072588051038 -72.9443716659536 -79.9750882114164 -79.6241227035077 -70.6159129378958 -61.5651980718867 -54.0116624182099 -47.3747994579815 -41.6350239043536 -36.798581095604 -32.7813959327424 -29.4911295283364 -26.0686134521662 -20.8312900611763 -16.2751823369641 -12.7555004773033
-9999 -9999 -9999 -9999 -9999 -9999 -9999 -9999 -9999 -9999 -9999 -9999 -9999 -9999 -9999 -9999 -9999 -9999 -9999 -9999 -9999 -9999 -9999 -9999 -9999 -53.6378706131446 -105.39887856094 -167.43081663889 -147.90764960841 -87.4695358032556 -53.4857370090419 -51.8639232732018 -65.4902111140292 -79.1843537583838 -84.2539746176234 -82.7635622117741 -78.4830663229355 -74.6824618215198 -72.0046570415761 -67.9118495618931 -67.1811981887434 -72.9761204108817 -81.1398730287966 -81.4646028893169 -73.0673087117432 -63.124278563172 -55.7237595657587 -49.7386024513508 -43.8993483326201 -39.1105960158461 -34.9882158827929 -31.2100112932676 -27.250852524236 -21.8705813462533 -17.3695398814922 -13.9191419169306
-9999 -9999 -9999 -9999 -9999 -9999 -9999 -9999 -9999 -9999 -9999 -9999 -9999 -9999 -9999 -9999 -9999 -9999 -9999 -9999 -9999 -9999 -9999 -9999 -9999 -42.3877210643955 -90.971790826414 -154.453669981953 -152.086252156802 -94.649255299884 -61.3222374965356 -59.0436274076731 -71.6597245477263 -82.4205388403516 -83.6920948808867 -81.5234825566827 -78.2039945010689 -75.543714209766 -72.8023742890261 -67.4184239787996 -66.0802513429346 -72.2316087655734 -81.322505790567 -82.6954986678346 -74.866782225375 -65.5488812365357 -58.4065261174307 -52.1481920889161 -46.2168362462762 -40.9929774882879 -36.7407541954718 -32.8898759075661 -28.7565638276088 -23.8218929348054 -19.1827470372962 -15.8040325566
-9999 -9999 -9999 -9999 -9999 -9999 -9999 -9999 -9999 -9999 -9999 -9999 -9999 -9999 -9999 -9999 -9999 -9999 -9999 -9999 -9999 -9999 -9999 -9999 -9999 -32.3921377956268 -78.2155072810246 -134.886501855033 -147.420004061062 -102.266150825336 -73.812995614899 -68.1141091996684 -77.3485227441238 -85.3175478664495 -84.1416691688106 -79.0073964404692 -77.7805656180757 -74.4183955050561 -71.3191746771292 -67.775822629475 -65.5256218159185 -71.9039604766913 -81.229193705516 -82.9782400987491 -77.1848950861644 -69.6939487562247 -61.8041645094642 -54.740112331968 -48.3184057241231 -42.5613502522029 -38.0022583252741 -34.2579651659092 -31.348215749288 -25.7224506452898 -20.8218833948451 -17.957585891976
-9999 -9999 -9999 -9999 -9999 -9999 -9999 -9999 -9999 -9999 -9999 -9999 -9999 -9999 -9999 -9999 -9999 -9999 -9999 -9999 -9999 -9999 -9999 -9999 -22.2554772089852 -30.375477024589 -66.1548787041824 -115.21644372707 -143.035930518321 -106.509805009069 -78.483461213037 -75.7291769376612 -82.6496427974773 -89.2312767029068 -88.0638122579427 -83.4453795767505 -81.3053663921407 -78.1195085225241 -75.0416657963696 -71.4552730996965 -69.8434929377326 -74.4996603523497 -81.5483046069561 -82.7816848331141 -78.1571820650003 -71.5633699889777 -64.4205566709887 -57.4275168865155 -50.6096824370653 -43.908715270399 -38.4930520067176 -35.4338936647751 -33.4870111504304 -27.2852918674594 -20.8957083125541 -16.8834179500664
