data/03_saidas_enm/CCSM_Maxent_21k_B.balansae1.asc
NCOLS 154 
NROWS 168 
XLLCORNER -112 
YLLCORNER -55.5 
CELLSIZE 0.5 
NODATA_value -9999 
[rows 50 to 74 of 168, columns 56 to 111 of 154]
-9999 -9999 -9999 -9999 -9999 -9999 -9999 -9999 -9999 -9999 -9999 -9999 -9999 5.1042232371401e-05 7.28662489564158e-05 0.00166825042106211 0.00648210989311337 0.0170120690017939 0.0370187871158123 0.0484288707375526 0.0385922864079475 0.0464703626930714 0.0560955703258514 0.054205734282732 0.0402791500091553 0.0313760340213776 0.0244840886443853 0.017796354368329 0.0126328365877271 0.00921026617288589 0.0077013517729938 0.010816796682775 0.0170163735747337 0.0277563966810703 0.0432459488511086 0.0698347315192223 0.0962914079427719 0.17170837521553 0.210091039538383 0.227962628006935 0.301396250724792 0.250129371881485 0.249742195010185 0.22780154645443 0.191638097167015 0.17678290605545 0.131668820977211 0.116275005042553 0.0992001369595528 0.0802115648984909 0.0811194702982903 0.0730736553668976 0.0741087272763252 0.0828721448779106 0.0992118194699287 0.0979356244206429
-9999 -9999 -9999 -9999 -9999 -9999 -9999 -9999 -9999 -9999 -9999 -9999 -9999 6.32208902970888e-05 8.86810739757493e-05 0.0013136729830876 0.00609000353142619 0.0173044186085463 0.0322406329214573 0.0447900332510471 0.0432413555681705 0.0470079518854618 0.0549673326313496 0.0517756156623363 0.032516073435545 0.0208348818123341 0.0150051191449165 0.00991340074688196 0.00647941837087274 0.00448654545471072 0.00382484262809157 0.00617383699864149 0.0111423879861832 0.0210087522864342 0.0372888334095478 0.0568829104304314 0.102531716227531 0.166122645139694 0.202838569879532 0.219996720552444 0.249022632837296 0.233072951436043 0.225519046187401 0.206885904073715 0.17966602742672 0.160685762763023 0.131715759634972 0.121634118258953 0.105709582567215 0.0874186381697655 0.0816670209169388 0.0778108015656471 0.078745998442173 0.0857899338006973 0.0972336158156395 0.0981531143188477
-9999 -9999 -9999 -9999 -9999 -9999 -9999 -9999 -9999 -9999 -9999 4.0340208215639e-05 5.9588419389911e-05 7.53669373807497e-05 0.000124291284009814 0.00139954313635826 0.00546214915812016 0.0165204871445894 0.0319692529737949 0.0444066748023033 0.0464188680052757 0.0518688894808292 0.0512489937245846 0.0446122996509075 0.0293998848646879 0.0179729368537664 0.00943335611373186 0.00425502192229033 0.00236895424313843 0.001308873295784 0.00118526129517704 0.00227484107017517 0.00626243324950337 0.0148116126656532 0.0326372683048248 0.0653187334537506 0.10184795409441 0.153381675481796 0.173223793506622 0.181743204593658 0.191134706139565 0.17832125723362 0.178656831383705 0.164695918560028 0.13948617875576 0.138916820287704 0.11070804297924 0.106139048933983 0.0970175415277481 0.0843738093972206 0.0801739171147346 0.0818517953157425 0.0859179794788361 0.0930966958403587 0.0936262905597687 0.0969664081931114
-9999 -9999 -9999 -9999 -9999 -9999 -9999 -9999 -9999 -9999 3.89082706533372e-05 4.78315378131811e-05 0.000143923607538454 0.000178909191163257 0.00012830353807658 0.000557673163712025 0.00347586977295578 0.0116556854918599 0.0217342637479305 0.0313406959176064 0.0418311394751072 0.0404315926134586 0.0364980474114418 0.0271991323679686 0.0175699330866337 0.0101867094635963 0.00448453100398183 0.00178621825762093 0.000756033812649548 0.000440950389020145 0.000444734207121655 0.00115950452163815 0.00381244206801057 0.0113730039447546 0.0367305427789688 0.0744120255112648 0.107508197426796 0.137537926435471 0.148631438612938 0.149039417505264 0.149271488189697 0.142751812934875 0.139448329806328 0.128761932253838 0.108358472585678 0.0974781736731529 0.0876192152500153 0.0834891796112061 0.0792962908744812 0.0753123611211777 0.0787542089819908 0.0782094150781631 0.0857846587896347 0.0832218080759048 0.0843233540654182 0.0846397429704666
-9999 -9999 -9999 -9999 -9999 -9999 -9999 -9999 -9999 -9999 0.00015788541350048 0.000622754509095103 0.00152615981642157 0.000834857695735991 0.000323299143929034 0.000176640998688526 0.0011953441426158 0.00654015876352787 0.0141917150467634 0.0198345147073269 0.024307556450367 0.0185601301491261 0.0165795385837555 0.0120575753971934 0.00631797825917602 0.00382191734388471 0.00140317541081458 0.00050263392040506 0.000214082756428979 0.000114155780465808 0.000121236691484228 0.000395352457417175 0.00214967643842101 0.00865168031305075 0.031581237912178 0.0770016014575958 0.108415327966213 0.12962594628334 0.135623529553413 0.131463199853897 0.126260653138161 0.123431161046028 0.116092279553413 0.106610849499702 0.091617226600647 0.0808841735124588 0.0723801180720329 0.0711733400821686 0.069418765604496 0.0701898112893105 0.0743046924471855 0.0730044916272163 0.0698991939425468 0.0684684589505196 0.0673452019691467 0.0686597749590874
-9999 -9999 -9999 -9999 -9999 -9999 -9999 -9999 8.72339005582035e-05 0.000325360422721133 0.00240731425583363 0.00343296630308032 0.0049832770600915 0.00262974388897419 0.000705846236087382 0.000192683859495446 0.00056791101815179 0.00343646504916251 0.00746357720345259 0.00794208515435457 0.0089503051713109 0.00751048931851983 0.00565824983641505 0.00408569537103176 0.00214028847403824 0.000899730657692999 0.0003473091928754 0.000156597685418092 0.000135946262162179 0.000127286664792337 0.000122381650726311 0.000266704824753106 0.00138020294252783 0.0067965560592711 0.0235306173563004 0.0565357208251953 0.0945230573415756 0.113287664949894 0.122774288058281 0.120648913085461 0.113218225538731 0.109588950872421 0.107318371534348 0.0986934006214142 0.0863790661096573 0.078894205391407 0.0720627456903458 0.0690755397081375 0.0683775097131729 0.0655734464526176 0.0607450120151043 0.0574128143489361 0.0523453056812286 0.0508272983133793 0.0529473870992661 0.0533958710730076
-9999 -9999 -9999 -9999 -9999 -9999 -9999 -9999 0.000290375261101872 0.00319200521335006 0.0150665743276477 0.0149479862302542 0.0110741555690765 0.00415658857673407 0.00149453117046505 0.00058281741803512 0.000632165640126914 0.00166127877309918 0.00315347779542208 0.00327100488357246 0.00248284335248172 0.00191478640772402 0.00185600225813687 0.00116973498370498 0.000409925065468997 0.000173063075635582 0.000166241443366744 0.00015795354556758 0.000154252527863719 0.000146597740240395 0.000148945619002916 0.000171895444509573 0.00109756784513593 0.00481274584308267 0.018629178404808 0.041380736976862 0.0655820220708847 0.0922974795103073 0.102427512407303 0.106762647628784 0.106723509728909 0.106258563697338 0.100370541214943 0.0934481844305992 0.0802364274859428 0.0700972676277161 0.0623926669359207 0.0546505972743034 0.0500883534550667 0.0424564555287361 0.038182582706213 0.0383657068014145 0.0391759797930717 0.0401376523077488 0.0432772748172283 0.043520625680685
-9999 -9999 -9999 -9999 -9999 -9999 -9999 0.000227490614634007 0.00147204170934856 0.00876288954168558 0.0241376701742411 0.0255396813154221 0.0174468066543341 0.00721876369789243 0.00314893061295152 0.00164594792295247 0.00190685968846083 0.00213863095268607 0.00302499951794744 0.00130241352599114 0.000659342564176768 0.000498525740113109 0.000392212183214724 0.00023957977828104 0.000197223940631375 0.000185524579137564 0.000177869922481477 0.000180331277078949 0.000172363506862894 0.000175790599314496 0.000180599512532353 0.000196091248653829 0.000873626151587814 0.00379369547590613 0.0127766104415059 0.026567954570055 0.0453819036483765 0.0651207789778709 0.0760278701782227 0.0735287517309189 0.0718771293759346 0.0646662563085556 0.0518046170473099 0.0474227480590343 0.0387194193899632 0.0350727885961533 0.0298706367611885 0.0229872893542051 0.0227168239653111 0.0184615291655064 0.0178918223828077 0.0188967064023018 0.021622521802783 0.0276401843875647 0.0333616174757481 0.0365960225462914
-9999 -9999 -9999 -9999 -9999 -9999 -9999 0.000822808418888599 0.00485542183741927 0.0240187589079142 0.0419490225613117 0.0360813140869141 0.0221475325524807 0.011991168372333 0.00752708083018661 0.00575888575986028 0.00624019373208284 0.00644109537824988 0.00574071146547794 0.00329953734762967 0.00155283336061984 0.00084071874152869 0.000482219533296302 0.000472880288725719 0.000438302929978818 0.000359575758920982 0.000357544340658933 0.000292759883450344 0.000306473899399862 0.000355246418621391 0.000332145922584459 0.00033644720679149 0.000875197409186512 0.00298609305173159 0.00859643332660198 0.0175060499459505 0.0283858925104141 0.0406057834625244 0.0430716462433338 0.0393598005175591 0.0357792973518372 0.0280720815062523 0.0245486479252577 0.0200017001479864 0.0147349387407303 0.0118183353915811 0.00855563208460808 0.00792103540152311 0.00721047911792994 0.00524443294852972 0.00487494980916381 0.00547460885718465 0.00839333143085241 0.0122049497440457 0.0170911066234112 0.0214691068977118
-9999 -9999 -9999 -9999 -9999 -9999 0.000874028017278761 0.00321195740252733 0.0157392583787441 0.0411105640232563 0.0618580877780914 0.0458695031702518 0.0258204992860556 0.0152049353346229 0.0123568344861269 0.0113849062472582 0.0126091102138162 0.0125819956883788 0.0126426024362445 0.00738793471828103 0.00341982790268958 0.00236072181724012 0.00163309741765261 0.00153061328455806 0.00134007178712636 0.00124312960542738 0.00117342791054398 0.00134639139287174 0.00134078890550882 0.00119442364666611 0.00130829471163452 0.00113952718675137 0.00114118948113173 0.00282926368527114 0.00652571488171816 0.0117006506770849 0.0161836612969637 0.0205090120434761 0.02184883877635 0.0191002544015646 0.0159669183194637 0.0131477043032646 0.00873745605349541 0.00721640046685934 0.00462994584813714 0.00339682539924979 0.00260672555305064 0.00149850838351995 0.00132131122518331 0.000950212532188743 0.00124667480122298 0.00171521946322173 0.00312528782524168 0.0047798790037632 0.00655316468328238 0.0101260915398598
-9999 -9999 -9999 -9999 -9999 -9999 0.00238394108600914 0.00838897656649351 0.0285109989345074 0.0580742247402668 0.0743005871772766 0.0533851906657219 0.0302117634564638 0.0212493948638439 0.0199431590735912 0.0203073024749756 0.0208643060177565 0.0204996522516012 0.0196379795670509 0.0153258331120014 0.00937966164201498 0.00659901928156614 0.00480449572205544 0.00480614462867379 0.00474605662748218 0.00431949365884066 0.00457864254713058 0.0046289274469018 0.00474191317334771 0.00486904429271817 0.00452159158885479 0.00444849114865065 0.00398513954132795 0.0035041025839746 0.00430319691076875 0.00699844490736723 0.00896994024515152 0.0103102764114738 0.00999426189810038 0.00799798220396042 0.00629687821492553 0.0039973403327167 0.00262994575314224 0.00190214568283409 0.000993279623799026 0.00102046004030854 0.00126311974599957 0.00157495960593224 0.00219638715498149 0.0029183856677264 0.00357746751978993 0.00497811893001199 0.00699454732239246 0.00932077132165432 0.0125281065702438 0.0152761591598392
-9999 -9999 -9999 -9999 -9999 -9999 0.00462289387360215 0.0126976491883397 0.031435489654541 0.0679489821195602 0.0904898941516876 0.0646411404013634 0.0365302376449108 0.0270954966545105 0.0271429494023323 0.0281175933778286 0.0301733668893576 0.0295219793915749 0.0290808398276567 0.0229185335338116 0.0164130982011557 0.0139567386358976 0.0111779123544693 0.0111245922744274 0.0103481886908412 0.0103468615561724 0.0099535221233964 0.0109172016382217 0.0108919683843851 0.010285978205502 0.0107039315626025 0.0093768248334527 0.00905101373791695 0.00801810715347528 0.0060166041366756 0.00550943100824952 0.00526605546474457 0.00525505980476737 0.00488283205777407 0.00341711682267487 0.00232468266040087 0.00187238643411547 0.00183149822987616 0.00206947978585958 0.00202962965704501 0.0026400494389236 0.00303482264280319 0.00382597325369716 0.00501716509461403 0.00585410092025995 0.00822687242180109 0.00928023271262646 0.0122923702001572 0.0156545732170343 0.0186058413237333 0.0224897433072329
-9999 -9999 -9999 -9999 -9999 -9999 -9999 0.0149280643090606 0.030915554612875 0.0747324526309967 0.102492824196815 0.0762705728411674 0.0439029894769192 0.0361491851508617 0.037510983645916 0.040462750941515 0.0422239378094673 0.0404753871262074 0.0389168485999107 0.0338690020143986 0.0277712233364582 0.024960083886981 0.0226550102233887 0.0227822978049517 0.0230442211031914 0.0226299576461315 0.0235528778284788 0.0230151526629925 0.0226992499083281 0.0222109500318766 0.0205226633697748 0.01959596760571 0.0175634045153856 0.0163396298885345 0.0149241024628282 0.0126206558197737 0.0101586375385523 0.00795707292854786 0.0070922588929534 0.00590154062956572 0.00505231134593487 0.00456844456493855 0.00442883092910051 0.0050594424828887 0.00532035948708653 0.00595414079725742 0.00690812105312943 0.00817818660289049 0.0105513241142035 0.0125753935426474 0.0157191902399063 0.0191899593919516 0.0238188784569502 0.0275782290846109 0.0326243862509727 0.034988384693861
-9999 -9999 -9999 -9999 -9999 -9999 -9999 -9999 0.0282280556857586 0.0769183710217476 0.136070191860199 0.0908046066761017 0.052314355969429 0.0448061972856522 0.0466614589095116 0.0507021248340607 0.0536694340407848 0.0516641139984131 0.0490740872919559 0.0418364182114601 0.0357019267976284 0.0337062403559685 0.0327503941953182 0.0328252539038658 0.0333919301629066 0.0340593717992306 0.033782996237278 0.0344837009906769 0.03385204449296 0.0323530770838261 0.031565185636282 0.0291345790028572 0.0274031907320023 0.0253514423966408 0.0227361004799604 0.0211395099759102 0.0186761263757944 0.0152663215994835 0.0136098125949502 0.0108589408919215 0.010119840502739 0.00932575482875109 0.00900187343358994 0.0100415991619229 0.0100076105445623 0.0119477529078722 0.0131806321442127 0.0151884527876973 0.0182813312858343 0.0206700786948204 0.0246741529554129 0.0274035446345806 0.0307155139744282 0.0360039845108986 0.042698685079813 0.0481062084436417
-9999 -9999 -9999 -9999 -9999 -9999 0.0174444317817688 0.0178399570286274 0.0336591266095638 0.0806282013654709 0.108551479876041 0.0881029143929482 0.0628644227981567 0.0580195039510727 0.0625907853245735 0.0693416595458984 0.0679368898272514 0.0622557774186134 0.058393694460392 0.0533731915056705 0.0479731410741806 0.0459485463798046 0.0447089001536369 0.0456639192998409 0.0475036315619946 0.0478538945317268 0.0490711145102978 0.0489192828536034 0.0479463674128056 0.0471085458993912 0.044804397970438 0.043016854673624 0.0400704219937325 0.0384611822664738 0.0362782441079617 0.0330908820033073 0.0308908950537443 0.0281130187213421 0.0256509520113468 0.0215715803205967 0.0190986096858978 0.0172175262123346 0.0166558399796486 0.0185429360717535 0.019066721200943 0.0206441394984722 0.0229078680276871 0.0255145318806171 0.0268290471285582 0.0274202190339565 0.0281964410096407 0.0308538917452097 0.0342857800424099 0.0383407957851887 0.0426135435700417 0.0464371964335442
-9999 -9999 -9999 -9999 -9999 0.032892856746912 0.0249375868588686 0.0264028180390596 0.0487675778567791 0.086507759988308 0.101969592273235 0.0895668938755989 0.0743242874741554 0.0731209143996239 0.080081544816494 0.0934185907244682 0.0863364636898041 0.074317567050457 0.068085104227066 0.0610676668584347 0.0566632673144341 0.0562399066984653 0.0561769753694534 0.0577759295701981 0.0598256215453148 0.0614079236984253 0.0620863698422909 0.0632816106081009 0.0622535049915314 0.059177290648222 0.0577525682747364 0.0556279085576534 0.052811574190855 0.0509124509990215 0.0476513244211674 0.045893557369709 0.043680477887392 0.0409493111073971 0.0400104559957981 0.034477736800909 0.0327939800918102 0.031402762979269 0.0292392112314701 0.0312107186764479 0.0296928379684687 0.0319648012518883 0.0313114896416664 0.0292494148015976 0.0297909565269947 0.0301315765827894 0.0315741896629333 0.0347371585667133 0.038272712379694 0.0421038419008255 0.0451217740774155 0.0461480207741261
-9999 -9999 -9999 -9999 -9999 0.0425449423491955 0.0363116264343262 0.0353510230779648 0.0584685057401657 0.08524389564991 0.0924361869692802 0.0874105468392372 0.0905356258153915 0.096625067293644 0.108024604618549 0.117346361279488 0.102320671081543 0.0847779959440231 0.0770421475172043 0.0717559978365898 0.0679591596126556 0.0668603107333183 0.0674889385700226 0.0691295117139816 0.0720027461647987 0.0740309506654739 0.0763167515397072 0.076661504805088 0.075687400996685 0.0738866180181503 0.0710570886731148 0.068325437605381 0.0653175041079521 0.0629144981503487 0.0604641623795033 0.0577058978378773 0.0563058406114578 0.0543375313282013 0.0532246753573418 0.0522413402795792 0.0516398660838604 0.0469997674226761 0.0443479008972645 0.0413575507700443 0.0382699891924858 0.0356701798737049 0.0344564095139503 0.0334065407514572 0.0337634943425655 0.0347245782613754 0.0356646813452244 0.0386989265680313 0.0418024398386478 0.0446995235979557 0.0474656857550144 0.0490667633712292
-9999 -9999 -9999 -9999 -9999 -9999 0.0545674487948418 0.0539977550506592 0.0780264362692833 0.0869470834732056 0.0868083462119102 0.0870703384280205 0.0979956537485123 0.105422534048557 0.109226949512959 0.133048996329308 0.111345626413822 0.0936871618032455 0.0874528884887695 0.0798691138625145 0.0749590992927551 0.0755667835474014 0.0780308991670609 0.0808610990643501 0.0837558582425117 0.0861957594752312 0.0876169204711914 0.0895471423864365 0.0901686176657677 0.0886874794960022 0.0869679898023605 0.0841652005910873 0.0804103091359138 0.0778210684657097 0.0744086056947708 0.0714137479662895 0.0706561207771301 0.0692948773503304 0.0688531473278999 0.0674043521285057 0.0644053071737289 0.0576988495886326 0.0503475703299046 0.0467415489256382 0.0430529713630676 0.0405270121991634 0.0399994105100632 0.0388190820813179 0.0393853597342968 0.0398060232400894 0.0402552746236324 0.0432312861084938 0.0454967133700848 0.0479650162160397 0.0511437058448792 0.0523992590606213
-9999 -9999 -9999 -9999 -9999 -9999 0.0791617929935455 0.0922065302729607 0.105941817164421 0.0928727984428406 0.0856516137719154 0.0789901837706566 0.0756053552031517 0.0782348960638046 0.0849709957838058 0.0905788317322731 0.0988452509045601 0.0986248254776001 0.0976032391190529 0.0895830020308495 0.0844549089670181 0.0832970887422562 0.0854253768920898 0.0878586694598198 0.0916030779480934 0.0940136536955833 0.0972061231732368 0.100333772599697 0.101458474993706 0.101556561887264 0.100395880639553 0.0989116579294205 0.0966547802090645 0.0943272337317467 0.091470755636692 0.0887540876865387 0.0878384634852409 0.08731359988451 0.0858075544238091 0.0838440954685211 0.0779367163777351 0.0685966163873672 0.0605920441448689 0.0562876649200916 0.0523059144616127 0.0492571108043194 0.0481074042618275 0.0473433658480644 0.0473341643810272 0.0475067831575871 0.0476266667246819 0.0493526123464108 0.0505837686359882 0.052022896707058 0.0545158386230469 0.0549613647162914
-9999 -9999 -9999 -9999 -9999 -9999 0.0953104570508003 0.111194610595703 0.122135490179062 0.0999833941459656 0.0891482830047607 0.0793300271034241 0.0638824701309204 0.0593655370175838 0.0647379085421562 0.0699588730931282 0.0833153650164604 0.101121135056019 0.110412269830704 0.0979582220315933 0.0895963460206985 0.0913151502609253 0.0912924855947495 0.0944384783506393 0.0987295806407928 0.100812196731567 0.105130061507225 0.109533220529556 0.112811677157879 0.114323072135448 0.113745599985123 0.114958480000496 0.113683104515076 0.112634636461735 0.110753186047077 0.107985496520996 0.108878329396248 0.107218317687511 0.105314232409 0.103482455015182 0.0951736122369766 0.0855720564723015 0.0754753574728966 0.0700355097651482 0.0644624829292297 0.0612479187548161 0.0604181066155434 0.0587210282683372 0.0582770742475986 0.0575831644237041 0.0567400120198727 0.0573851317167282 0.0573876760900021 0.0578775927424431 0.0595859363675117 0.0585047192871571
-9999 -9999 -9999 -9999 -9999 -9999 -9999 -9999 0.0980242490768433 0.0989770293235779 0.10157186537981 0.0820073112845421 0.0618756860494614 0.0567242130637169 0.0600504465401173 0.0654274076223373 0.0762436762452126 0.0999555438756943 0.116665221750736 0.105975441634655 0.101695843040943 0.0997556447982788 0.0982221588492393 0.100596755743027 0.104877956211567 0.108230166137218 0.113308809697628 0.118239179253578 0.121721260249615 0.125239178538322 0.127410888671875 0.129758670926094 0.131390646100044 0.131043821573257 0.129289329051971 0.127283349633217 0.127127975225449 0.127238303422928 0.125116854906082 0.122581414878368 0.120119422674179 0.107527524232864 0.0971745997667313 0.0900623202323914 0.0832343250513077 0.0782681703567505 0.0757640302181244 0.0739523768424988 0.0717360898852348 0.0687631443142891 0.0669955015182495 0.0658837705850601 0.0657472684979439 0.0647353827953339 0.0638567730784416 0.0628553628921509
-9999 -9999 -9999 -9999 -9999 -9999 -9999 -9999 0.0806460604071617 0.0913403108716011 0.110498681664467 0.0853869467973709 0.0619718655943871 0.0542245842516422 0.0588781535625458 0.0662439987063408 0.0787509679794312 0.110669575631618 0.134103953838348 0.118383169174194 0.111783973872662 0.109753832221031 0.106579072773457 0.10818487405777 0.112220928072929 0.115529529750347 0.119225442409515 0.125173643231392 0.130208715796471 0.135207429528236 0.139306470751762 0.144330620765686 0.148345783352852 0.150161519646645 0.149405509233475 0.148223489522934 0.148141101002693 0.147712886333466 0.147193238139153 0.144992470741272 0.14279705286026 0.138552367687225 0.126014560461044 0.117189101874828 0.10777835547924 0.100933492183685 0.097569577395916 0.0932640954852104 0.0887129232287407 0.0835641846060753 0.0785223990678787 0.0755821466445923 0.0739417150616646 0.0718105807900429 0.0701550394296646 0.0680573731660843
-9999 -9999 -9999 -9999 -9999 -9999 -9999 -9999 -9999 0.0700705796480179 0.0777398645877838 0.0678453892469406 0.0592998117208481 0.0577606037259102 0.0677468180656433 0.0774643495678902 0.0869271606206894 0.125584721565247 0.1542878895998 0.132541969418526 0.127738550305367 0.12099602073431 0.115903057157993 0.117675602436066 0.119909971952438 0.123140893876553 0.127341896295547 0.131599724292755 0.136055827140808 0.143309459090233 0.149917900562286 0.157288372516632 0.164311498403549 0.167196318507195 0.16774819791317 0.167164698243141 0.167529493570328 0.168097779154778 0.167983427643776 0.166249632835388 0.165139153599739 0.163876891136169 0.162183240056038 0.150215625762939 0.138519167900085 0.129475608468056 0.122330866754055 0.11665216833353 0.108295693993568 0.0987776517868042 0.0912209078669548 0.08741544932127 0.0844207629561424 0.0813464671373367 0.0775777772068977 0.0753798112273216
-9999 -9999 -9999 -9999 -9999 -9999 -9999 -9999 -9999 -9999 0.0497322119772434 0.0406927429139614 0.0595367029309273 0.0697275698184967 0.082392118871212 0.0938380435109138 0.10683535784483 0.137972190976143 0.1722761541605 0.152137592434883 0.142859816551208 0.135632365942001 0.131804496049881 0.127436220645905 0.128805011510849 0.130413353443146 0.132464334368706 0.138198301196098 0.142640650272369 0.14948944747448 0.157608851790428 0.166432157158852 0.176644846796989 0.182616725564003 0.185620859265327 0.187187969684601 0.187198534607887 0.187573879957199 0.187253594398499 0.188317492604256 0.187794089317322 0.186408326029778 0.1862683147192 0.185989320278168 0.176050797104836 0.16598553955555 0.155909210443497 0.145007118582726 0.132354229688644 0.119744807481766 0.109073974192142 0.103852659463882 0.10017379373312 0.0952413529157639 0.089968703687191 0.0858586505055428
-9999 -9999 -9999 -9999 -9999 -9999 -9999 -9999 -9999 -9999 -9999 0.0224988665431738 0.0618306323885918 0.0981766879558563 0.111520603299141 0.117750458419323 0.128531128168106 0.151298552751541 0.174970701336861 0.156009346246719 0.148795068264008 0.142911791801453 0.145220637321472 0.146042987704277 0.137163892388344 0.136707335710526 0.137229770421982 0.143549919128418 0.147369533777237 0.154613092541695 0.162510544061661 0.172276824712753 0.186132609844208 0.194068983197212 0.200637310743332 0.205414742231369 0.206439673900604 0.206865161657333 0.205349549651146 0.205879926681519 0.205722719430923 0.205859243869781 0.207748427987099 0.207742482423782 0.207317292690277 0.205431386828423 0.192186549305916 0.179154857993126 0.163471981883049 0.145366683602333 0.131475150585175 0.125062197446823 0.118455596268177 0.112966239452362 0.109198600053787 0.106079064309597
