data/03_saidas_enm/CCSM_Maxent_0k_B.balansae2.asc
NCOLS 154 
NROWS 168 
XLLCORNER -112 
YLLCORNER -55.5 
CELLSIZE 0.5 
NODATA_value -9999 
[rows 75 to 99 of 168, columns 56 to 111 of 154]
-9999 -9999 -9999 -9999 -9999 -9999 -9999 -9999 -9999 -9999 -9999 0.0308836679905653 0.0815499201416969 0.185611754655838 0.257530003786087 0.273562014102936 0.243286177515984 0.216112151741982 0.211426585912704 0.183214738965034 0.160853877663612 0.159794241189957 0.165957152843475 0.166978001594543 0.16415847837925 0.161631911993027 0.162240952253342 0.165651813149452 0.168101266026497 0.168899893760681 0.173503279685974 0.182221487164497 0.195288509130478 0.20665916800499 0.215901777148247 0.226865634322166 0.234194219112396 0.242566257715225 0.248635411262512 0.252066135406494 0.25712463259697 0.261572599411011 0.261779695749283 0.257558345794678 0.253398269414902 0.241310104727745 0.23053377866745 0.218605563044548 0.205624341964722 0.191732048988342 0.178772166371346 0.170507043600082 0.162393972277641 0.158686950802803 0.15876604616642 0.161233261227608
-9999 -9999 -9999 -9999 -9999 -9999 -9999 -9999 -9999 -9999 -9999 0.0358937606215477 0.075897216796875 0.163966715335846 0.217577278614044 0.244397759437561 0.219505608081818 0.18175844848156 0.178450986742973 0.186047405004501 0.173112407326698 0.16911306977272 0.170867040753365 0.171034604310989 0.16653348505497 0.162087634205818 0.164083033800125 0.166719883680344 0.169420346617699 0.171266824007034 0.175536647439003 0.185602724552155 0.198510691523552 0.210242822766304 0.218747794628143 0.229309976100922 0.240617409348488 0.250777930021286 0.259492427110672 0.265537708997726 0.271541327238083 0.279251515865326 0.283952981233597 0.280894368886948 0.276766508817673 0.274475902318954 0.263548612594604 0.251832842826843 0.239820092916489 0.226864814758301 0.216840580105782 0.20706732571125 0.19949346780777 0.199447154998779 0.206215843558311 0.218413412570953
-9999 -9999 -9999 -9999 -9999 -9999 -9999 -9999 -9999 -9999 -9999 -9999 0.0628695338964462 0.113567277789116 0.168996572494507 0.200890973210335 0.175360724329948 0.13157045841217 0.120804980397224 0.13885098695755 0.179138541221619 0.185914352536201 0.181377500295639 0.178027257323265 0.174758315086365 0.170678988099098 0.168653771281242 0.167859390377998 0.169068843126297 0.170553937554359 0.175584569573402 0.185020446777344 0.197845831513405 0.209478408098221 0.218307077884674 0.229672431945801 0.242768466472626 0.257186770439148 0.269361823797226 0.277483582496643 0.286324977874756 0.296488553285599 0.306668907403946 0.311991095542908 0.306138098239899 0.301767706871033 0.299093157052994 0.286202013492584 0.275529235601425 0.265901744365692 0.259524613618851 0.251906931400299 0.247803926467896 0.250144869089127 0.25805726647377 0.268967986106873
-9999 -9999 -9999 -9999 -9999 -9999 -9999 -9999 -9999 -9999 -9999 -9999 0.0548518374562263 0.0712949484586716 0.118347823619843 0.177029728889465 0.14022096991539 0.0884330943226814 0.0813243463635445 0.103197395801544 0.144416570663452 0.187008485198021 0.200743436813354 0.201972603797913 0.190413475036621 0.189805075526237 0.175506100058556 0.168933063745499 0.168267115950584 0.169244349002838 0.174337685108185 0.182269752025604 0.192372933030128 0.203528419137001 0.213685795664787 0.226200520992279 0.241056621074677 0.257401973009109 0.274149507284164 0.287300527095795 0.301600933074951 0.316232144832611 0.335853636264801 0.343761444091797 0.340629190206528 0.336247026920319 0.328790932893753 0.320591747760773 0.312014639377594 0.307103842496872 0.304612219333649 0.302881091833115 0.301879733800888 0.305190622806549 0.308859586715698 0.316441148519516
-9999 -9999 -9999 -9999 -9999 -9999 -9999 -9999 -9999 -9999 -9999 -9999 -9999 0.0575533509254456 0.078566275537014 0.109677247703075 0.103100433945656 0.0801469385623932 0.0806534066796303 0.0927192568778992 0.110559210181236 0.131407126784325 0.179697930812836 0.235169768333435 0.24760602414608 0.224275380373001 0.198667451739311 0.178743869066238 0.16777928173542 0.167788073420525 0.171207025647163 0.178266063332558 0.186950549483299 0.197636023163795 0.208650007843971 0.221716269850731 0.237701922655106 0.255414932966232 0.273658007383347 0.288576751947403 0.308659166097641 0.330068618059158 0.350630581378937 0.362680554389954 0.366874665021896 0.364431947469711 0.355481088161469 0.352696359157562 0.345949441194534 0.348050266504288 0.353545844554901 0.351973414421082 0.350251913070679 0.351705193519592 0.353588551282883 0.360265374183655
-9999 -9999 -9999 -9999 -9999 -9999 -9999 -9999 -9999 -9999 -9999 -9999 -9999 0.0630243420600891 0.0593701116740704 0.0784909650683403 0.0766777470707893 0.0745825171470642 0.0880187526345253 0.104217074811459 0.11778748780489 0.100806772708893 0.105572998523712 0.132871970534325 0.151125937700272 0.243672594428062 0.244737029075623 0.208352953195572 0.185040950775146 0.174781665205956 0.171692684292793 0.181434139609337 0.184682205319405 0.194861859083176 0.206931352615356 0.217306822538376 0.23674912750721 0.255679130554199 0.274527132511139 0.28875458240509 0.308032125234604 0.334705263376236 0.361477881669998 0.37204247713089 0.383877098560333 0.389758765697479 0.381874412298203 0.370332449674606 0.374213874340057 0.384732812643051 0.395955115556717 0.394458144903183 0.392047643661499 0.390932738780975 0.388823658227921 0.396820873022079
-9999 -9999 -9999 -9999 -9999 -9999 -9999 -9999 -9999 -9999 -9999 -9999 -9999 -9999 0.0610805600881577 0.0465385168790817 0.0565896742045879 0.0820648074150085 0.108084194362164 0.114979945123196 0.115129619836807 0.100856073200703 0.0870082676410675 0.0830186828970909 0.0859528407454491 0.095732718706131 0.11543158441782 0.20412814617157 0.261933267116547 0.233968272805214 0.21312090754509 0.200253710150719 0.206565663218498 0.212607681751251 0.215823218226433 0.225840389728546 0.244092404842377 0.265733152627945 0.284030824899673 0.296840250492096 0.311916053295135 0.333862036466599 0.356178194284439 0.374036192893982 0.388903826475143 0.402841448783875 0.400573194026947 0.393996983766556 0.399768471717834 0.416545540094376 0.430071890354156 0.42926749587059 0.425643622875214 0.420530050992966 0.410421639680862 0.409994095563889
-9999 -9999 -9999 -9999 -9999 -9999 -9999 -9999 -9999 -9999 -9999 -9999 -9999 -9999 0.0671505481004715 0.0370183065533638 0.0489702671766281 0.0898983553051949 0.121132366359234 0.113051407039165 0.107869572937489 0.0842558592557907 0.0686784461140633 0.0615062117576599 0.0611842833459377 0.0725883543491364 0.0720709040760994 0.0916386842727661 0.132409021258354 0.172033995389938 0.260190457105637 0.235144287347794 0.226225987076759 0.226629078388214 0.220672398805618 0.227551341056824 0.241550117731094 0.262017339468002 0.280560910701752 0.296786248683929 0.317645072937012 0.335444152355194 0.348641902208328 0.367323875427246 0.389848977327347 0.40775990486145 0.413723081350327 0.415757566690445 0.423093676567078 0.436881989240646 0.455069690942764 0.453458666801453 0.447677105665207 0.44053715467453 0.424397170543671 0.412320047616959
-9999 -9999 -9999 -9999 -9999 -9999 -9999 -9999 -9999 -9999 -9999 -9999 -9999 -9999 -9999 0.0606749802827835 0.0644864812493324 0.0893510207533836 0.099936343729496 0.0920042246580124 0.0712995752692223 0.0610972419381142 0.0509410835802555 0.0470354110002518 0.0489671193063259 0.0482946671545506 0.0518921986222267 0.0554220788180828 0.0650602206587791 0.084401860833168 0.143546298146248 0.259154766798019 0.242092654109001 0.254442423582077 0.239083185791969 0.230721965432167 0.2383703738451 0.251736730337143 0.267264008522034 0.283213168382645 0.302451103925705 0.332897514104843 0.353843212127686 0.368130654096603 0.388407975435257 0.407714039087296 0.424359500408173 0.437281548976898 0.443632990121841 0.445458441972733 0.449189037084579 0.451756447553635 0.455018550157547 0.446967393159866 0.434496611356735 0.419763624668121
-9999 -9999 -9999 -9999 -9999 -9999 -9999 -9999 -9999 -9999 -9999 -9999 -9999 -9999 -9999 0.034195814281702 0.069466345012188 0.105503350496292 0.0975452363491058 0.0757243558764458 0.0568012148141861 0.0664096921682358 0.0596107430756092 0.0553507395088673 0.0570757240056992 0.0480554401874542 0.0552315823733807 0.0617902688682079 0.0678188428282738 0.0863381028175354 0.119887329638004 0.18706901371479 0.296915113925934 0.287755727767944 0.26887509226799 0.243645906448364 0.251132309436798 0.254190623760223 0.264685422182083 0.280567616224289 0.294653445482254 0.333852142095566 0.364851504564285 0.370047956705093 0.388867020606995 0.409973502159119 0.430068522691727 0.451582551002502 0.45804101228714 0.447804033756256 0.436718285083771 0.433940142393112 0.4390629529953 0.438194066286087 0.428982228040695 0.413909584283829
-9999 -9999 -9999 -9999 -9999 -9999 -9999 -9999 -9999 -9999 -9999 -9999 -9999 -9999 -9999 0.0474630147218704 0.0519636049866676 0.0906913205981255 0.107605814933777 0.0967624559998512 0.101336814463139 0.104257114231586 0.109357714653015 0.109870105981827 0.0974178537726402 0.0930137783288956 0.0805178210139275 0.0742104426026344 0.0777406394481659 0.0894844681024551 0.105825252830982 0.131034344434738 0.283274590969086 0.353622108697891 0.309815347194672 0.290685296058655 0.279201835393906 0.278238624334335 0.288895636796951 0.292448818683624 0.309736013412476 0.35480660200119 0.376559436321259 0.372693955898285 0.388276189565659 0.406575173139572 0.429592043161392 0.450260698795319 0.454449206590652 0.437521487474442 0.417375802993774 0.404633045196533 0.395649343729019 0.395615577697754 0.402921169996262 0.381674319505692
-9999 -9999 -9999 -9999 -9999 -9999 -9999 -9999 -9999 -9999 -9999 -9999 -9999 -9999 -9999 -9999 0.0492205284535885 0.0483830682933331 0.0858103036880493 0.154222175478935 0.140558332204819 0.119607724249363 0.12762613594532 0.138604581356049 0.133823946118355 0.134260341525078 0.111566111445427 0.0936843752861023 0.0812702924013138 0.0845708176493645 0.0969597548246384 0.11377377063036 0.194232851266861 0.32901531457901 0.387345969676971 0.339188784360886 0.328878700733185 0.318936765193939 0.325262039899826 0.340563178062439 0.348602414131165 0.382042229175568 0.383249908685684 0.377919137477875 0.387657880783081 0.400842785835266 0.418638408184052 0.43598935008049 0.430864095687866 0.410416066646576 0.395350217819214 0.389659970998764 0.376702666282654 0.380570769309998 0.392495900392532 0.375297963619232
-9999 -9999 -9999 -9999 -9999 -9999 -9999 -9999 -9999 -9999 -9999 -9999 -9999 -9999 -9999 -9999 -9999 0.0576861202716827 0.0614763759076595 0.0933362394571304 0.14824877679348 0.150261923670769 0.124269112944603 0.11434780806303 0.135262250900269 0.145725876092911 0.128173500299454 0.106551691889763 0.0904382020235062 0.0818550959229469 0.0807825401425362 0.105739735066891 0.143656611442566 0.178944677114487 0.29464054107666 0.415421545505524 0.382945686578751 0.35761547088623 0.368277430534363 0.374479621648788 0.394086748361588 0.39824315905571 0.384382486343384 0.385375320911407 0.387516051530838 0.392901480197906 0.399508774280548 0.394889980554581 0.393346518278122 0.394537776708603 0.397318780422211 0.405189126729965 0.428098350763321 0.446579605340958 0.454737335443497 0.451451390981674
-9999 -9999 -9999 -9999 -9999 -9999 -9999 -9999 -9999 -9999 -9999 -9999 -9999 -9999 -9999 -9999 -9999 -9999 -9999 0.0513330288231373 0.0566735528409481 0.0936335325241089 0.11284276843071 0.105866208672523 0.129057243466377 0.154892027378082 0.150161862373352 0.134811624884605 0.110051192343235 0.0932483077049255 0.0836541205644608 0.100541330873966 0.129383936524391 0.155279889702797 0.186670899391174 0.307001441717148 0.393607646226883 0.424168348312378 0.389636099338531 0.384646028280258 0.389167636632919 0.391503930091858 0.391458451747894 0.391324281692505 0.391790717840195 0.395788937807083 0.393861502408981 0.392629653215408 0.397854954004288 0.41393780708313 0.433111041784286 0.45054429769516 0.483804404735565 0.507085382938385 0.50882226228714 0.511732757091522
-9999 -9999 -9999 -9999 -9999 -9999 -9999 -9999 -9999 -9999 -9999 -9999 -9999 -9999 -9999 -9999 -9999 -9999 -9999 -9999 -9999 0.046498216688633 0.0597137622535229 0.0973788723349571 0.10768324136734 0.117069654166698 0.146085798740387 0.173841029405594 0.165456637740135 0.123455308377743 0.112140022218227 0.112009130418301 0.11380947381258 0.129961848258972 0.158511355519295 0.190730214118958 0.239835977554321 0.386579483747482 0.446088403463364 0.42444384098053 0.400510519742966 0.398081451654434 0.397136598825455 0.401014894247055 0.40041446685791 0.400467723608017 0.402679860591888 0.406552910804749 0.419440448284149 0.438328713178635 0.464883595705032 0.492108196020126 0.518617510795593 0.535009622573853 0.537354350090027 0.529034435749054
-9999 -9999 -9999 -9999 -9999 -9999 -9999 -9999 -9999 -9999 -9999 -9999 -9999 -9999 -9999 -9999 -9999 -9999 -9999 -9999 -9999 -9999 -9999 0.0524403862655163 0.100398205220699 0.10466380417347 0.140560314059258 0.195906579494476 0.20926770567894 0.184645086526871 0.144914761185646 0.132040843367577 0.122718386352062 0.124571219086647 0.138674587011337 0.15812249481678 0.181097760796547 0.241134509444237 0.369579464197159 0.452643573284149 0.413555145263672 0.393374115228653 0.385680019855499 0.396182239055634 0.404203474521637 0.409574449062347 0.416580587625504 0.426805078983307 0.443671077489853 0.470645725727081 0.501744091510773 0.522918283939362 0.543488204479218 0.554589867591858 0.554623305797577 0.548405468463898
-9999 -9999 -9999 -9999 -9999 -9999 -9999 -9999 -9999 -9999 -9999 -9999 -9999 -9999 -9999 -9999 -9999 -9999 -9999 -9999 -9999 -9999 -9999 -9999 -9999 0.0578304789960384 0.126922607421875 0.184793338179588 0.221614733338356 0.251535356044769 0.242809742689133 0.17434461414814 0.150146707892418 0.142969012260437 0.13454757630825 0.127459302544594 0.159051641821861 0.20063379406929 0.243062674999237 0.404272764921188 0.449128359556198 0.412420064210892 0.381634324789047 0.401188910007477 0.413009166717529 0.418075025081635 0.428810000419617 0.440426200628281 0.462270259857178 0.494991511106491 0.524712443351746 0.543590486049652 0.55640184879303 0.565115213394165 0.571428418159485 0.57060843706131
-9999 -9999 -9999 -9999 -9999 -9999 -9999 -9999 -9999 -9999 -9999 -9999 -9999 -9999 -9999 -9999 -9999 -9999 -9999 -9999 -9999 -9999 -9999 -9999 -9999 0.0313955843448639 0.0597861930727959 0.152945414185524 0.246279314160347 0.308377981185913 0.331824421882629 0.299995452165604 0.240282475948334 0.188232481479645 0.161943092942238 0.146682947874069 0.166864439845085 0.200125440955162 0.23161968588829 0.370840579271317 0.50045371055603 0.454755365848541 0.413520216941833 0.428865402936935 0.437315434217453 0.435295164585114 0.443665415048599 0.456785470247269 0.480184853076935 0.514853954315186 0.54547119140625 0.561650395393372 0.570325374603271 0.577698051929474 0.579405605792999 0.579113960266113
-9999 -9999 -9999 -9999 -9999 -9999 -9999 -9999 -9999 -9999 -9999 -9999 -9999 -9999 -9999 -9999 -9999 -9999 -9999 -9999 -9999 -9999 -9999 -9999 -9999 -9999 -9999 0.0560140311717987 0.127225697040558 0.276181995868683 0.378351777791977 0.391138702630997 0.3656385242939 0.310089468955994 0.226790115237236 0.198126718401909 0.189887091517448 0.201803863048553 0.232187733054161 0.37393993139267 0.554060161113739 0.515328228473663 0.464969158172607 0.496076941490173 0.479570209980011 0.462956666946411 0.470828682184219 0.476895242929459 0.499089121818542 0.538786709308624 0.569615602493286 0.579709529876709 0.585451543331146 0.589804232120514 0.589436292648315 0.587424755096436
-9999 -9999 -9999 -9999 -9999 -9999 -9999 -9999 -9999 -9999 -9999 -9999 -9999 -9999 -9999 -9999 -9999 -9999 -9999 -9999 -9999 -9999 -9999 -9999 -9999 -9999 -9999 0.0388214103877544 0.0845901519060135 0.190646469593048 0.326700448989868 0.413564890623093 0.423817485570908 0.383903115987778 0.340716958045959 0.259615778923035 0.206776320934296 0.210116282105446 0.237263411283493 0.373494505882263 0.555217981338501 0.561136245727539 0.512927770614624 0.534979820251465 0.531039655208588 0.517515897750854 0.522974669933319 0.531486451625824 0.543582797050476 0.563793838024139 0.585961222648621 0.594626367092133 0.596232712268829 0.599100410938263 0.597709774971008 0.588853478431702
-9999 -9999 -9999 -9999 -9999 -9999 -9999 -9999 -9999 -9999 -9999 -9999 -9999 -9999 -9999 -9999 -9999 -9999 -9999 -9999 -9999 -9999 -9999 -9999 -9999 -9999 -9999 -9999 0.0713829472661018 0.143509462475777 0.262299329042435 0.384670048952103 0.419912964105606 0.409777790307999 0.393129348754883 0.322560131549835 0.232395708560944 0.212369948625565 0.241241350769997 0.373342603445053 0.523547470569611 0.575666069984436 0.548433601856232 0.568551301956177 0.575935900211334 0.57447612285614 0.583771347999573 0.595640599727631 0.599876761436462 0.603409647941589 0.607044219970703 0.605669796466827 0.599635183811188 0.605291664600372 0.603361785411835 0.590307831764221
-9999 -9999 -9999 -9999 -9999 -9999 -9999 -9999 -9999 -9999 -9999 -9999 -9999 -9999 -9999 -9999 -9999 -9999 -9999 -9999 -9999 -9999 -9999 -9999 -9999 -9999 -9999 -9999 0.0754783004522324 0.123837240040302 0.242257922887802 0.381383299827576 0.39927938580513 0.384451270103455 0.396799951791763 0.344092696905136 0.240426227450371 0.217748448252678 0.247505888342857 0.364515870809555 0.491593450307846 0.574507534503937 0.54659229516983 0.570220232009888 0.600556135177612 0.603360414505005 0.603995263576508 0.61051082611084 0.616653919219971 0.620707869529724 0.621993005275726 0.614202916622162 0.61174088716507 0.61648017168045 0.604833424091339 0.586342990398407
-9999 -9999 -9999 -9999 -9999 -9999 -9999 -9999 -9999 -9999 -9999 -9999 -9999 -9999 -9999 -9999 -9999 -9999 -9999 -9999 -9999 -9999 -9999 -9999 -9999 -9999 -9999 -9999 0.079948328435421 0.122274085879326 0.235889181494713 0.403535574674606 0.364059656858444 0.346504956483841 0.370046943426132 0.338094234466553 0.230649381875992 0.217074245214462 0.251269549131393 0.345261693000793 0.459917277097702 0.565222144126892 0.535905361175537 0.559648990631104 0.587201476097107 0.595251142978668 0.608686625957489 0.602288901805878 0.618005216121674 0.633383512496948 0.630663096904755 0.630519092082977 0.627893388271332 0.620417177677155 0.60340279340744 0.580166041851044
-9999 -9999 -9999 -9999 -9999 -9999 -9999 -9999 -9999 -9999 -9999 -9999 -9999 -9999 -9999 -9999 -9999 -9999 -9999 -9999 -9999 -9999 -9999 -9999 -9999 -9999 -9999 -9999 0.0826581791043282 0.144591331481934 0.292621672153473 0.448862940073013 0.37999239563942 0.356043338775635 0.347770124673843 0.304501235485077 0.220283582806587 0.222067609429359 0.25997394323349 0.325949907302856 0.452868193387985 0.558733642101288 0.527882874011993 0.559066355228424 0.577342987060547 0.580446124076843 0.601033747196198 0.617447912693024 0.627436578273773 0.643611371517181 0.652367830276489 0.649463415145874 0.643625974655151 0.628988683223724 0.609883666038513 0.594542562961578
-9999 -9999 -9999 -9999 -9999 -9999 -9999 -9999 -9999 -9999 -9999 -9999 -9999 -9999 -9999 -9999 -9999 -9999 -9999 -9999 -9999 -9999 -9999 -9999 -9999 -9999 -9999 -9999 0.0838928148150444 0.176479369401932 0.358289033174515 0.458280771970749 0.385106772184372 0.351244360208511 0.336073696613312 0.26612651348114 0.219274133443832 0.22487299144268 0.269737303256989 0.314564108848572 0.452277153730392 0.551198363304138 0.514251232147217 0.566011309623718 0.561977803707123 0.564495205879211 0.582661092281342 0.612067997455597 0.630364775657654 0.632290005683899 0.636217713356018 0.660524964332581 0.652532637119293 0.633800745010376 0.6173495054245 0.619519889354706
