data/03_saidas_enm/CCSM_Maxent_6k_B.balansae4.asc
NCOLS 154 
NROWS 168 
XLLCORNER -112 
YLLCORNER -55.5 
CELLSIZE 0.5 
NODATA_value -9999 
[rows 100 to 124 of 168, columns 56 to 111 of 154]
-9999 -9999 -9999 -9999 -9999 -9999 -9999 -9999 -9999 -9999 -9999 -9999 -9999 -9999 -9999 -9999 -9999 -9999 -9999 -9999 -9999 -9999 -9999 -9999 -9999 -9999 -9999 -9999 0.0278604906052351 0.173223406076431 0.392256617546082 0.457773268222809 0.448390126228333 0.446927726268768 0.40629717707634 0.331629812717438 0.236063152551651 0.174829468131065 0.203846335411072 0.337215930223465 0.490982443094254 0.489455312490463 0.368284732103348 0.305974006652832 0.293544799089432 0.300213664770126 0.315878719091415 0.35251384973526 0.397632390260696 0.430687993764877 0.458621948957443 0.48228445649147 0.503676354885101 0.528174996376038 0.558090925216675 0.586129546165466
-9999 -9999 -9999 -9999 -9999 -9999 -9999 -9999 -9999 -9999 -9999 -9999 -9999 -9999 -9999 -9999 -9999 -9999 -9999 -9999 -9999 -9999 -9999 -9999 -9999 -9999 -9999 -9999 0.0286152958869934 0.190419256687164 0.406955033540726 0.433305114507675 0.422264099121094 0.431967318058014 0.402972102165222 0.327457904815674 0.231360659003258 0.174781426787376 0.212686628103256 0.354507774114609 0.512357115745544 0.480167716741562 0.358249217271805 0.295868486166 0.279973924160004 0.288359463214874 0.303273409605026 0.35495537519455 0.383890986442566 0.411005049943924 0.420578569173813 0.456403970718384 0.477586388587952 0.49979966878891 0.529126763343811 0.555481970310211
-9999 -9999 -9999 -9999 -9999 -9999 -9999 -9999 -9999 -9999 -9999 -9999 -9999 -9999 -9999 -9999 -9999 -9999 -9999 -9999 -9999 -9999 -9999 -9999 -9999 -9999 -9999 0.0168647672981024 0.0329911299049854 0.167131587862968 0.340798556804657 0.378471553325653 0.406553089618683 0.439556449651718 0.405914127826691 0.32282954454422 0.230832830071449 0.191635221242905 0.247668743133545 0.378980547189713 0.531377494335175 0.448916912078857 0.348729014396667 0.29410657286644 0.269191712141037 0.27685135602951 0.291001170873642 0.335058122873306 0.369731903076172 0.393836677074432 0.412185788154602 0.436929970979691 0.458006262779236 0.4780533015728 0.50381064414978 0.527650535106659
-9999 -9999 -9999 -9999 -9999 -9999 -9999 -9999 -9999 -9999 -9999 -9999 -9999 -9999 -9999 -9999 -9999 -9999 -9999 -9999 -9999 -9999 -9999 -9999 -9999 -9999 -9999 0.0177001375705004 0.0374040827155113 0.142695084214211 0.272457480430603 0.311796188354492 0.367598861455917 0.447624772787094 0.394603282213211 0.307163566350937 0.225063562393188 0.19909593462944 0.258295774459839 0.405649214982986 0.516147375106812 0.418199300765991 0.327008783817291 0.285872042179108 0.263192147016525 0.264788508415222 0.277579337358475 0.302667647600174 0.340860903263092 0.368037074804306 0.391595393419266 0.418856680393219 0.444240540266037 0.462761461734772 0.481355458498001 0.497985333204269
-9999 -9999 -9999 -9999 -9999 -9999 -9999 -9999 -9999 -9999 -9999 -9999 -9999 -9999 -9999 -9999 -9999 -9999 -9999 -9999 -9999 -9999 -9999 -9999 -9999 -9999 -9999 0.0194465294480324 0.0489424429833889 0.120735809206963 0.203899726271629 0.253828227519989 0.329111337661743 0.454479068517685 0.374835193157196 0.275888293981552 0.206790491938591 0.183104261755943 0.265893518924713 0.425975978374481 0.509933233261108 0.383986413478851 0.313986480236053 0.27784138917923 0.265608727931976 0.258052587509155 0.265736252069473 0.280408948659897 0.309264004230499 0.345429480075836 0.36897549033165 0.400589317083359 0.418735325336456 0.436630338430405 0.457512497901917 0.472742676734924
-9999 -9999 -9999 -9999 -9999 -9999 -9999 -9999 -9999 -9999 -9999 -9999 -9999 -9999 -9999 -9999 -9999 -9999 -9999 -9999 -9999 -9999 -9999 -9999 -9999 -9999 -9999 0.0239863097667694 0.0687592327594757 0.105932071805 0.152727454900742 0.198022797703743 0.289902865886688 0.451086103916168 0.340362340211868 0.226691842079163 0.170561030507088 0.169623374938965 0.26794022321701 0.438394159078598 0.488462895154953 0.359119951725006 0.296021610498428 0.275480151176453 0.265452444553375 0.263259708881378 0.267231017351151 0.270609200000763 0.292010188102722 0.332486987113953 0.355998367071152 0.37964341044426 0.397675842046738 0.41375744342804 0.434651732444763 0.449750602245331
-9999 -9999 -9999 -9999 -9999 -9999 -9999 -9999 -9999 -9999 -9999 -9999 -9999 -9999 -9999 -9999 -9999 -9999 -9999 -9999 -9999 -9999 -9999 -9999 -9999 -9999 -9999 0.0327079817652702 0.0914437174797058 0.0975767374038696 0.116732344031334 0.156552508473396 0.252302348613739 0.444114774465561 0.295874446630478 0.164486601948738 0.122367508709431 0.144844949245453 0.255260974168777 0.440703481435776 0.473177969455719 0.338918209075928 0.287479251623154 0.270579010248184 0.266161531209946 0.267883956432343 0.271277606487274 0.276471644639969 0.294507563114166 0.319613605737686 0.356758266687393 0.370909929275513 0.381420373916626 0.396383970975876 0.413862466812134 0.437224388122559
-9999 -9999 -9999 -9999 -9999 -9999 -9999 -9999 -9999 -9999 -9999 -9999 -9999 -9999 -9999 -9999 -9999 -9999 -9999 -9999 -9999 -9999 -9999 -9999 -9999 -9999 -9999 0.0492711961269379 0.0961050391197205 0.0906817838549614 0.090420700609684 0.127691000699997 0.226229205727577 0.423176139593124 0.242841482162476 0.11126820743084 0.0962573438882828 0.123888827860355 0.249336197972298 0.446927577257156 0.458389967679977 0.313827931880951 0.272861957550049 0.26650932431221 0.264563649892807 0.266355127096176 0.270930230617523 0.275800198316574 0.290772885084152 0.311857849359512 0.338909655809402 0.351182788610458 0.362975835800171 0.376552134752274 0.393467158079147 0.415505558252335
-9999 -9999 -9999 -9999 -9999 -9999 -9999 -9999 -9999 -9999 -9999 -9999 -9999 -9999 -9999 -9999 -9999 -9999 -9999 -9999 -9999 -9999 -9999 -9999 -9999 -9999 -9999 0.0736794471740723 0.101053148508072 0.0847996771335602 0.0733637660741806 0.10898482054472 0.204743340611458 0.408365815877914 0.198740497231483 0.0948389694094658 0.0984673127532005 0.114733278751373 0.252058953046799 0.459307134151459 0.425281792879105 0.293887495994568 0.260152846574783 0.255626052618027 0.256685465574265 0.258687138557434 0.26414167881012 0.26948082447052 0.276313990354538 0.299913495779037 0.316447556018829 0.326744347810745 0.33729100227356 0.35276672244072 0.375415682792664 0.393290013074875
-9999 -9999 -9999 -9999 -9999 -9999 -9999 -9999 -9999 -9999 -9999 -9999 -9999 -9999 -9999 -9999 -9999 -9999 -9999 -9999 -9999 -9999 -9999 -9999 -9999 -9999 -9999 0.0911159813404083 0.104539319872856 0.080155573785305 0.067905567586422 0.105644419789314 0.218448728322983 0.393037021160126 0.184961929917336 0.0969553515315056 0.103908762335777 0.138328790664673 0.296782672405243 0.491085678339005 0.397063434123993 0.271487444639206 0.238855928182602 0.240536689758301 0.242164582014084 0.245150506496429 0.251224011182785 0.257371306419373 0.264965683221817 0.277315258979797 0.293749690055847 0.304446786642075 0.311651140451431 0.32898473739624 0.34944075345993 0.365674436092377
-9999 -9999 -9999 -9999 -9999 -9999 -9999 -9999 -9999 -9999 -9999 -9999 -9999 -9999 -9999 -9999 -9999 -9999 -9999 -9999 -9999 -9999 -9999 -9999 -9999 -9999 0.046105369925499 0.0950074791908264 0.102965079247952 0.0768545344471931 0.0684231147170067 0.110437504947186 0.234843537211418 0.401182979345322 0.188201263546944 0.100067295134068 0.111420005559921 0.219867721199989 0.382898777723312 0.530806720256805 0.334565967321396 0.249846383929253 0.215915665030479 0.218467563390732 0.22362507879734 0.227400943636894 0.234860241413116 0.241707980632782 0.249852776527405 0.260366380214691 0.272107362747192 0.287715494632721 0.294202506542206 0.311098635196686 0.328722715377808 0.33978658914566
-9999 -9999 -9999 -9999 -9999 -9999 -9999 -9999 -9999 -9999 -9999 -9999 -9999 -9999 -9999 -9999 -9999 -9999 -9999 -9999 -9999 -9999 -9999 -9999 -9999 -9999 0.0841368436813354 0.104198403656483 0.0984638631343842 0.0754659175872803 0.0702080205082893 0.130857154726982 0.288959085941315 0.402786999940872 0.219081223011017 0.132931485772133 0.184621512889862 0.317893743515015 0.465805888175964 0.459125906229019 0.294337898492813 0.225039079785347 0.203750371932983 0.19810838997364 0.197829470038414 0.204312264919281 0.213086366653442 0.222271099686623 0.231483042240143 0.242448151111603 0.255381077528 0.267374336719513 0.276678532361984 0.289830982685089 0.303106099367142 0.312139004468918
-9999 -9999 -9999 -9999 -9999 -9999 -9999 -9999 -9999 -9999 -9999 -9999 -9999 -9999 -9999 -9999 -9999 -9999 -9999 -9999 -9999 -9999 -9999 -9999 -9999 -9999 0.0990097895264626 0.101190373301506 0.0832926258444786 0.0730821564793587 0.0717575624585152 0.160758748650551 0.341390311717987 0.414363175630569 0.276163965463638 0.193001911044121 0.294948190450668 0.425530254840851 0.494617819786072 0.349957257509232 0.23827600479126 0.206157773733139 0.192569687962532 0.188847407698631 0.186969861388206 0.186805918812752 0.194129526615143 0.202035218477249 0.211513847112656 0.22175920009613 0.235499992966652 0.24784891307354 0.259025573730469 0.27297431230545 0.28212970495224 0.288955360651016
-9999 -9999 -9999 -9999 -9999 -9999 -9999 -9999 -9999 -9999 -9999 -9999 -9999 -9999 -9999 -9999 -9999 -9999 -9999 -9999 -9999 -9999 -9999 -9999 -9999 -9999 0.107733674347401 0.0929863676428795 0.0717222988605499 0.0699812397360802 0.104794457554817 0.206722617149353 0.386194348335266 0.446468442678452 0.398198574781418 0.383554518222809 0.443189591169357 0.501796960830688 0.363187938928604 0.267550110816956 0.21919085085392 0.191475242376328 0.18214812874794 0.180851370096207 0.180887281894684 0.185382068157196 0.188614085316658 0.195392027497292 0.203007996082306 0.209083557128906 0.219847396016121 0.230499446392059 0.24107538163662 0.252040386199951 0.258166134357452 0.262786716222763
-9999 -9999 -9999 -9999 -9999 -9999 -9999 -9999 -9999 -9999 -9999 -9999 -9999 -9999 -9999 -9999 -9999 -9999 -9999 -9999 -9999 -9999 -9999 -9999 -9999 0.11081850528717 0.102604024112225 0.0843533799052238 0.0654089003801346 0.0789285004138947 0.136983349919319 0.24730558693409 0.407878547906876 0.505627632141113 0.503476202487946 0.508833646774292 0.525035262107849 0.362029641866684 0.258208930492401 0.2206020206213 0.213342979550362 0.188287764787674 0.180753573775291 0.18291699886322 0.190604209899902 0.206725597381592 0.194626897573471 0.18941442668438 0.194583609700203 0.197995498776436 0.204505622386932 0.215282246470451 0.222522139549255 0.23049184679985 0.23417741060257 0.238823816180229
-9999 -9999 -9999 -9999 -9999 -9999 -9999 -9999 -9999 -9999 -9999 -9999 -9999 -9999 -9999 -9999 -9999 -9999 -9999 -9999 -9999 -9999 -9999 -9999 -9999 0.113302126526833 0.0986065119504929 0.0705661177635193 0.0652752891182899 0.0966535657644272 0.172224149107933 0.264249205589294 0.356279492378235 0.445924997329712 0.468369692564011 0.433768332004547 0.372403651475906 0.281341522932053 0.21583679318428 0.197300642728806 0.196173280477524 0.182418167591095 0.178470283746719 0.180531844496727 0.194137841463089 0.202180117368698 0.192666575312614 0.182221323251724 0.186587944626808 0.188549399375916 0.193563401699066 0.198930948972702 0.203052863478661 0.209551572799683 0.212026908993721 0.213947951793671
-9999 -9999 -9999 -9999 -9999 -9999 -9999 -9999 -9999 -9999 -9999 -9999 -9999 -9999 -9999 -9999 -9999 -9999 -9999 -9999 -9999 -9999 -9999 -9999 -9999 0.110298238694668 0.0959928408265114 0.0693484991788864 0.0644222125411034 0.114215970039368 0.203920930624008 0.263376265764236 0.303055882453918 0.330938458442688 0.336717575788498 0.286804109811783 0.262492716312408 0.217791199684143 0.1901695728302 0.189109280705452 0.183986365795135 0.176367923617363 0.169213846325874 0.172114416956902 0.186318621039391 0.197184860706329 0.187213107943535 0.175838202238083 0.178549960255623 0.179271414875984 0.184211924672127 0.185742929577827 0.186140671372414 0.18969002366066 0.190713509917259 0.192279189825058
-9999 -9999 -9999 -9999 -9999 -9999 -9999 -9999 -9999 -9999 -9999 -9999 -9999 -9999 -9999 -9999 -9999 -9999 -9999 -9999 -9999 -9999 -9999 -9999 -9999 0.108024924993515 0.0939876809716225 0.0682136565446854 0.0656805410981178 0.126646786928177 0.212187558412552 0.253872066736221 0.254892915487289 0.249638006091118 0.249166965484619 0.223052874207497 0.207928419113159 0.185917794704437 0.172895699739456 0.180537104606628 0.186586290597916 0.172971352934837 0.160652205348015 0.158701941370964 0.164229840040207 0.17085674405098 0.168739810585976 0.170456424355507 0.173060461878777 0.172567591071129 0.172582760453224 0.173216938972473 0.173229679465294 0.176424860954285 0.176188305020332 0.175986900925636
-9999 -9999 -9999 -9999 -9999 -9999 -9999 -9999 -9999 -9999 -9999 -9999 -9999 -9999 -9999 -9999 -9999 -9999 -9999 -9999 -9999 -9999 -9999 -9999 -9999 0.106771782040596 0.09223522990942 0.0662952065467834 0.0667953416705132 0.132678911089897 0.224595278501511 0.240070760250092 0.221718221902847 0.205790534615517 0.205355539917946 0.184244379401207 0.178981736302376 0.170142337679863 0.163473308086395 0.178017497062683 0.186069175601006 0.170529693365097 0.15378238260746 0.1541538387537 0.156262457370758 0.159523889422417 0.163825467228889 0.166050717234612 0.167659983038902 0.165522441267967 0.164008036255836 0.163930654525757 0.162652432918549 0.16410119831562 0.161865517497063 0.162382498383522
-9999 -9999 -9999 -9999 -9999 -9999 -9999 -9999 -9999 -9999 -9999 -9999 -9999 -9999 -9999 -9999 -9999 -9999 -9999 -9999 -9999 -9999 -9999 -9999 -9999 0.104617036879063 0.0903210565447807 0.065593920648098 0.0667610391974449 0.12691356241703 0.206724464893341 0.22381466627121 0.203180551528931 0.190623268485069 0.187091842293739 0.174118086695671 0.167463526129723 0.158571630716324 0.15502393245697 0.166398823261261 0.173904120922089 0.159085735678673 0.149048775434494 0.149208709597588 0.152469128370285 0.15710560977459 0.159531831741333 0.160504877567291 0.161868646740913 0.160190105438232 0.157350674271584 0.154327347874641 0.152307376265526 0.154161930084229 0.152822688221931 0.151158913969994
-9999 -9999 -9999 -9999 -9999 -9999 -9999 -9999 -9999 -9999 -9999 -9999 -9999 -9999 -9999 -9999 -9999 -9999 -9999 -9999 -9999 -9999 -9999 -9999 -9999 0.103329047560692 0.088897705078125 0.0651698559522629 0.0632490664720535 0.11788584291935 0.194874972105026 0.205628007650375 0.186125963926315 0.174401298165321 0.174582898616791 0.167036011815071 0.159760639071465 0.147780686616898 0.144071027636528 0.156581059098244 0.162985742092133 0.149029016494751 0.14451989531517 0.144648879766464 0.148574307560921 0.153798475861549 0.155917480587959 0.155602112412453 0.156124591827393 0.153430566191673 0.151590317487717 0.14792238175869 0.144782558083534 0.145534098148346 0.143118664622307 0.142577156424522
-9999 -9999 -9999 -9999 -9999 -9999 -9999 -9999 -9999 -9999 -9999 -9999 -9999 -9999 -9999 -9999 -9999 -9999 -9999 -9999 -9999 -9999 -9999 -9999 -9999 0.102046385407448 0.087505079805851 0.0629256293177605 0.0594379454851151 0.105278238654137 0.17250183224678 0.187975510954857 0.172088548541069 0.155653297901154 0.152971655130386 0.147833228111267 0.142120271921158 0.133916646242142 0.134269207715988 0.147148638963699 0.153601467609406 0.145585119724274 0.141169264912605 0.140816047787666 0.144569709897041 0.149105548858643 0.150558784604073 0.15044566988945 0.15051893889904 0.148636728525162 0.14554999768734 0.141214340925217 0.139170140028 0.140104204416275 0.137971639633179 0.135294541716576
-9999 -9999 -9999 -9999 -9999 -9999 -9999 -9999 -9999 -9999 -9999 -9999 -9999 -9999 -9999 -9999 -9999 -9999 -9999 -9999 -9999 -9999 -9999 -9999 -9999 0.100839599967003 0.0862772688269615 0.0628991201519966 0.055509727448225 0.0935475081205368 0.150541737675667 0.16748733818531 0.159012153744698 0.148233577609062 0.142955005168915 0.139381840825081 0.135144844651222 0.13155509531498 0.133383765816689 0.147147104144096 0.151086926460266 0.142865210771561 0.137944981455803 0.136952042579651 0.139388233423233 0.143302083015442 0.145131811499596 0.144805267453194 0.145529717206955 0.143295601010323 0.141112700104713 0.137617439031601 0.133177220821381 0.132669940590858 0.13061435520649 0.128274962306023
-9999 -9999 -9999 -9999 -9999 -9999 -9999 -9999 -9999 -9999 -9999 -9999 -9999 -9999 -9999 -9999 -9999 -9999 -9999 -9999 -9999 -9999 -9999 -9999 -9999 0.105823814868927 0.0845796763896942 0.0655282959342003 0.0538479276001453 0.0813917964696884 0.128313735127449 0.147134453058243 0.146666243672371 0.14067330956459 0.138463482260704 0.139188349246979 0.134065479040146 0.131304934620857 0.134227156639099 0.146087035536766 0.151596799492836 0.1402228474617 0.134595841169357 0.133204206824303 0.134324625134468 0.136884182691574 0.138876169919968 0.139726400375366 0.140617653727531 0.139266088604927 0.13824437558651 0.133815705776215 0.126909524202347 0.128881528973579 0.128793433308601 0.124253980815411
-9999 -9999 -9999 -9999 -9999 -9999 -9999 -9999 -9999 -9999 -9999 -9999 -9999 -9999 -9999 -9999 -9999 -9999 -9999 -9999 -9999 -9999 -9999 -9999 0.120900802314281 0.119735114276409 0.0933497920632362 0.0684657990932465 0.0524463839828968 0.0695166066288948 0.105714231729507 0.127415791153908 0.132625460624695 0.131374046206474 0.130841225385666 0.131135851144791 0.129053547978401 0.128098428249359 0.129860192537308 0.139470189809799 0.148309573531151 0.13715523481369 0.13059701025486 0.129469573497772 0.130097523331642 0.13171349465847 0.132959961891174 0.133968457579613 0.135645255446434 0.135470286011696 0.13407476246357 0.130196422338486 0.126539036631584 0.133114919066429 0.12989342212677 0.121519014239311
