data/03_saidas_enm/CCSM_Maxent_0k_B.balansae1.asc
NCOLS 154 
NROWS 168 
XLLCORNER -112 
YLLCORNER -55.5 
CELLSIZE 0.5 
NODATA_value -9999 
[rows 50 to 74 of 168, columns 56 to 111 of 154]
-9999 -9999 -9999 -9999 -9999 -9999 -9999 -9999 -9999 -9999 -9999 -9999 -9999 5.111927021062e-05 7.65338045312092e-05 0.000499059213325381 0.00286603695712984 0.0125264097005129 0.0265119113028049 0.03221620246768 0.0272526927292347 0.02467324398458 0.0207116492092609 0.0171876959502697 0.010521269403398 0.0072780535556376 0.00420186435803771 0.0021773602347821 0.000964189181104302 0.000383425242034718 0.000209380246815272 0.000400085526052862 0.0011082508135587 0.00356642133556306 0.0111607080325484 0.0402354896068573 0.076215535402298 0.119224078953266 0.144810318946838 0.164679870009422 0.221299946308136 0.191176936030388 0.198896065354347 0.200528472661972 0.195706009864807 0.218793332576752 0.170266792178154 0.165117487311363 0.149540618062019 0.126381903886795 0.136296421289444 0.114602878689766 0.106105618178844 0.100157096982002 0.099057599902153 0.114528939127922
-9999 -9999 -9999 -9999 -9999 -9999 -9999 -9999 -9999 -9999 -9999 -9999 -9999 0.00010596752690617 0.000240480090724304 0.000528009259141982 0.00334583106450737 0.0123718697577715 0.0220678988844156 0.0246066208928823 0.024155518040061 0.0207116194069386 0.0172568093985319 0.0129623720422387 0.00745769869536161 0.00377764389850199 0.00155869359150529 0.000587085727602243 0.000215221181861125 0.000113696136395447 0.000115248803922441 0.000121058474178426 0.000400670833187178 0.00177278066985309 0.00687016034498811 0.0227638427168131 0.0564894676208496 0.111141294240952 0.136772900819778 0.152410611510277 0.172925308346748 0.170812413096428 0.177954152226448 0.18005895614624 0.178010165691376 0.185368344187737 0.168713122606277 0.164642989635468 0.149767518043518 0.131587356328964 0.125565022230148 0.115855820477009 0.107692420482635 0.101286418735981 0.111266493797302 0.13182045519352
-9999 -9999 -9999 -9999 -9999 -9999 -9999 -9999 -9999 -9999 -9999 0.000127709092339501 0.000401406578021124 0.000711490225512534 0.00134811387397349 0.00157039298210293 0.00394422700628638 0.0110542336478829 0.0153179606422782 0.0154033564031124 0.0138299353420734 0.0108934417366982 0.00772155774757266 0.00483844149857759 0.00224681617692113 0.00101103144697845 0.000346546614309773 0.000120796539704315 0.000115998926048633 0.00011401719530113 0.000116727911517955 0.000123519435874186 0.000156862457515672 0.000918932375498116 0.00430484116077423 0.0152984019368887 0.0372371599078178 0.0792506858706474 0.111698888242245 0.122724652290344 0.129743218421936 0.132390290498734 0.141046211123466 0.144101560115814 0.140326723456383 0.146850198507309 0.131949543952942 0.130698263645172 0.119889378547668 0.10662504285574 0.103739552199841 0.100522413849831 0.0970442816615105 0.0945396944880486 0.119509197771549 0.150383800268173
-9999 -9999 -9999 -9999 -9999 -9999 -9999 -9999 -9999 -9999 0.000135683207190596 0.000495682645123452 0.0016331581864506 0.00299182860180736 0.00220810202881694 0.00167338328901678 0.00230512674897909 0.0058641298674047 0.00911964382976294 0.00914146285504103 0.00776361953467131 0.004757025744766 0.00261445995420218 0.001347218407318 0.000588517403230071 0.000217904598684981 0.000114241127448622 0.000112872650788631 0.000112921305117197 0.000112698267912492 0.00011603302846197 0.000123651960166171 0.000134658126626164 0.000626392895355821 0.00328154442831874 0.013058653101325 0.0312939435243607 0.057364646345377 0.0853612273931503 0.101128056645393 0.104801215231419 0.108956448733807 0.113231182098389 0.11389721930027 0.10657861083746 0.102035604417324 0.0983856767416 0.0895462557673454 0.0843068510293961 0.081247054040432 0.0804496183991432 0.0792079195380211 0.0784979909658432 0.0792217254638672 0.117641039192677 0.15659536421299
-9999 -9999 -9999 -9999 -9999 -9999 -9999 -9999 -9999 -9999 0.000815021223388612 0.00349541287869215 0.00882939342409372 0.00820436514914036 0.00370680913329124 0.00121734873391688 0.000951460271608084 0.00295152165926993 0.00462016323581338 0.00380262034013867 0.00305280648171902 0.00154796207789332 0.000733555294573307 0.000332771334797144 0.00014692300464958 0.000129421343444847 0.000116222225187812 0.000111141678644344 0.000112084919237532 0.000112380810605828 0.000115180482680444 0.000122340090456419 0.000133211651700549 0.000413991074310616 0.00274136546067894 0.0110087851062417 0.0235008262097836 0.0420489571988583 0.05870645865798 0.0760861039161682 0.084691196680069 0.0920030921697617 0.0953599959611893 0.0945265293121338 0.0852785706520081 0.0760273709893227 0.0685280784964561 0.0620646290481091 0.0588579215109348 0.056479200720787 0.0573625676333904 0.0572050213813782 0.058368805795908 0.0635879039764404 0.109758742153645 0.156293824315071
-9999 -9999 -9999 -9999 -9999 -9999 -9999 -9999 0.000204799871426076 0.00147072318941355 0.00703713344410062 0.0132509665563703 0.0167510323226452 0.0109824612736702 0.00434273295104504 0.00174624426290393 0.000979063333943486 0.00125564762856811 0.00176851719152182 0.0011011577444151 0.000553943740669638 0.000321562780300155 0.000183221331099048 0.000165587276569568 0.000144516248838045 0.000128080297145061 0.000117953764856793 0.000112487410660833 0.00011294267460471 0.000113645997771528 0.000116069022624288 0.000121454875625204 0.000129346793983132 0.000282843655440956 0.0019057032186538 0.00743703451007605 0.0166318137198687 0.027504313737154 0.0387891232967377 0.0480153411626816 0.0548590794205666 0.0623528584837914 0.0659106969833374 0.066265694797039 0.0615289658308029 0.0554800219833851 0.0479262620210648 0.0404435880482197 0.0369256772100925 0.036431398242712 0.0365185476839542 0.0383752025663853 0.0399260371923447 0.04792844876647 0.0950370877981186 0.141444638371468
-9999 -9999 -9999 -9999 -9999 -9999 -9999 -9999 0.000813883380033076 0.00663022184744477 0.0320220552384853 0.033451609313488 0.024523813277483 0.0125203691422939 0.00522987125441432 0.00249108509160578 0.00192303501535207 0.00133042596280575 0.00115051050670445 0.00062229682225734 0.000297634484013543 0.000213090868783183 0.000185520155355334 0.000173989610630088 0.000153840737766586 0.000138038201839663 0.000132006156491116 0.000125607140944339 0.000122108263894916 0.000118767900858074 0.000118822514195926 0.000128631145344116 0.000141999320476316 0.000183668948011473 0.00119380583055317 0.00444398866966367 0.00974258966743946 0.0171254612505436 0.0227724686264992 0.0266849584877491 0.0281088352203369 0.0284845661371946 0.028937965631485 0.0282395556569099 0.0247664172202349 0.0222239922732115 0.0180370789021254 0.0154668856412172 0.0139311579987407 0.012918584048748 0.0140901040285826 0.0176787283271551 0.0238367933779955 0.0371484644711018 0.0839047208428383 0.130844563245773
-9999 -9999 -9999 -9999 -9999 -9999 -9999 0.000540154986083508 0.00226199743337929 0.0128606762737036 0.0489244274795055 0.0503776147961617 0.0339695550501347 0.0171659905463457 0.00781998410820961 0.00373419490642846 0.00330353784374893 0.00294842547737062 0.00272245495580137 0.00140741816721857 0.000747774087358266 0.000627916015218943 0.000519070657901466 0.00048763127415441 0.000412289868108928 0.000339461665134877 0.000346174259902909 0.0003731859032996 0.000372321490431204 0.000369549437891692 0.000366264837794006 0.000395489623770118 0.000432992441346869 0.000506119977217168 0.0006413992960006 0.00210140040144324 0.00488621601834893 0.00893710926175117 0.0116312019526958 0.0118767041712999 0.0119484467431903 0.0106466896831989 0.00951114483177662 0.00883422885090113 0.00773215666413307 0.00653067184612155 0.00506237195804715 0.00415994133800268 0.00365370721556246 0.00368111953139305 0.00459296628832817 0.00638467166572809 0.0110634304583073 0.0288983229547739 0.0729877576231956 0.124146044254303
-9999 -9999 -9999 -9999 -9999 -9999 -9999 0.00138130388222635 0.00562445027753711 0.0274494383484125 0.0743588581681252 0.0632539615035057 0.0387589074671268 0.0216855872422457 0.0116677023470402 0.00712264282628894 0.0063049029558897 0.00564046204090118 0.00557961687445641 0.00377408973872662 0.00233431765809655 0.00181337934918702 0.00143646192736924 0.00146025232970715 0.00149040599353611 0.00130779214669019 0.00131185271311551 0.00115855375770479 0.00120126153342426 0.00140524294693023 0.00136776908766478 0.00137095304671675 0.00118564872536808 0.00113099068403244 0.00110953103285283 0.000910591741558164 0.00181872886605561 0.00306243519298732 0.00365979294292629 0.00338148279115558 0.00318205868825316 0.00246980064548552 0.00210909731686115 0.00176165031734854 0.00128343724645674 0.00101827527396381 0.000756046501919627 0.000813132326584309 0.000995479291304946 0.00157693400979042 0.00227448134683073 0.00388941052369773 0.0065217949450016 0.0190963186323643 0.0555915236473083 0.101826965808868
-9999 -9999 -9999 -9999 -9999 -9999 0.00125525402836502 0.00375100458040833 0.0137179475277662 0.0455922298133373 0.100441507995129 0.0756584256887436 0.0395620353519917 0.022417826578021 0.0155935809016228 0.0111404340714216 0.0113155245780945 0.0110191907733679 0.010588058270514 0.00792874023318291 0.00503667630255222 0.00430723465979099 0.00401492463424802 0.00402954127639532 0.00356319244019687 0.00332484534010291 0.00312738097272813 0.00324396532960236 0.00339169381186366 0.00311816576868296 0.00320860696956515 0.00297808204777539 0.00287335715256631 0.00273454003036022 0.00218226225115359 0.00181896716821939 0.00143829267472029 0.00122779340017587 0.000987441162578762 0.000841238244902343 0.00078321184264496 0.000772414670791477 0.000892839801963419 0.00112723268102854 0.00126298284158111 0.00159490888472646 0.00174852297641337 0.00215440103784204 0.00262599624693394 0.00325929396785796 0.00453228643164039 0.00668187299743295 0.0111546572297812 0.0169150214642286 0.0408325009047985 0.0749096646904945
-9999 -9999 -9999 -9999 -9999 -9999 0.0031345768366009 0.00719801243394613 0.020582614466548 0.0630926191806793 0.113830737769604 0.0825798884034157 0.0428923331201077 0.027869688346982 0.0225272346287966 0.0195442587137222 0.0182036999613047 0.0175132229924202 0.0175369083881378 0.0146361272782087 0.0105550028383732 0.00920471362769604 0.00840459857136011 0.0081657562404871 0.00765269016847014 0.00690134521573782 0.00720596499741077 0.00772359780967236 0.0080098295584321 0.00782574340701103 0.00728406384587288 0.00694269454106688 0.00625355914235115 0.0057338634505868 0.00502410251647234 0.00398485502228141 0.00341522786766291 0.00281849037855864 0.00258939643390477 0.00253665470518172 0.00235879234969616 0.00263057765550911 0.00290524214506149 0.00327430944889784 0.00384354754351079 0.00426624808460474 0.00500198779627681 0.00553377671167254 0.00639284960925579 0.00801392085850239 0.00998001080006361 0.0137169901281595 0.0185554847121239 0.0238400436937809 0.0290536563843489 0.0489576496183872
-9999 -9999 -9999 -9999 -9999 -9999 0.00524926139041781 0.00892906449735165 0.0234457496553659 0.0724102631211281 0.133057653903961 0.0959965363144875 0.0502655431628227 0.033432774245739 0.0300064887851477 0.0265374500304461 0.0271838698536158 0.0259933955967426 0.0258034020662308 0.0204594153910875 0.0155889801681042 0.0141743421554565 0.0136046390980482 0.0133312437683344 0.0122134834527969 0.011841812171042 0.0120858969166875 0.0135061787441373 0.0150850201025605 0.0136161232367158 0.0132597303017974 0.0119355507194996 0.0112525755539536 0.0102265477180481 0.00864094402641058 0.00757972244173288 0.00638635130599141 0.00581497512757778 0.0054636956192553 0.00527272280305624 0.00563657144084573 0.00596564309671521 0.00674267020076513 0.00738578103482723 0.00794624723494053 0.00916505139321089 0.00996675062924623 0.0116550540551543 0.0133359543979168 0.0152010824531317 0.0187962055206299 0.0214696452021599 0.0259478706866503 0.031205577775836 0.0339515842497349 0.0358443707227707
-9999 -9999 -9999 -9999 -9999 -9999 -9999 0.0109532400965691 0.0248398147523403 0.0826357528567314 0.142477706074715 0.107767976820469 0.0592737570405006 0.0438859574496746 0.0406686924397945 0.0391503646969795 0.0388635210692883 0.0368920117616653 0.0350401252508163 0.0302956402301788 0.025257620960474 0.0232520997524261 0.0219738408923149 0.0214123837649822 0.0209908541291952 0.0205551646649837 0.0218120869249105 0.0234768856316805 0.0259247627109289 0.025749683380127 0.0236608721315861 0.0221553798764944 0.0200090128928423 0.0185626596212387 0.0169937629252672 0.0147037766873837 0.0132837845012546 0.0120347505435348 0.0117387315258384 0.0122945141047239 0.0128559228032827 0.0139271570369601 0.0147892516106367 0.0162350796163082 0.0182415600866079 0.0196613129228354 0.022131746634841 0.0239416118711233 0.0264437329024076 0.0300850365310907 0.0332993417978287 0.0370247587561607 0.0393172539770603 0.0423053316771984 0.0451309159398079 0.0438280403614044
-9999 -9999 -9999 -9999 -9999 -9999 -9999 -9999 0.0277706179767847 0.0979804843664169 0.182332396507263 0.122872792184353 0.0687148720026016 0.0519747994840145 0.0499492771923542 0.0503720343112946 0.0506134182214737 0.0482777431607246 0.0460147820413113 0.0408567599952221 0.035553302615881 0.0335203222930431 0.0321397371590137 0.0314803868532181 0.0311668198555708 0.0316580235958099 0.0334518253803253 0.036428552120924 0.0392963960766792 0.0388391986489296 0.0373255051672459 0.0343331396579742 0.0317674577236176 0.0293786879628897 0.0265340469777584 0.0246299766004086 0.0227120630443096 0.0217131357640028 0.0213928055018187 0.0212863497436047 0.0225477088242769 0.0237237866967916 0.0263743568211794 0.0267548561096191 0.0268055982887745 0.0272589474916458 0.0275956243276596 0.0282978434115648 0.0297145675867796 0.0323438122868538 0.0350068658590317 0.0392818488180637 0.0432731658220291 0.0481886155903339 0.0537370108067989 0.0534046106040478
-9999 -9999 -9999 -9999 -9999 -9999 0.0180074814707041 0.0212619602680206 0.0480150207877159 0.126965895295143 0.160143971443176 0.122474007308483 0.0763788223266602 0.0629600957036018 0.0633993968367577 0.065893866121769 0.0643741339445114 0.0605735257267952 0.0592013746500015 0.0568726472556591 0.0527975596487522 0.0501711629331112 0.0475629232823849 0.0466881990432739 0.04786042496562 0.0491525493562222 0.0520431883633137 0.0548682473599911 0.0558242201805115 0.0539872497320175 0.0512528009712696 0.0492008067667484 0.046598382294178 0.0449240393936634 0.043513473123312 0.0402103066444397 0.0384431220591068 0.0366454869508743 0.0363858863711357 0.0345975272357464 0.0323363766074181 0.0317349433898926 0.0310693886131048 0.0311957504600286 0.0321736037731171 0.0325811170041561 0.0335469767451286 0.0340364016592503 0.0356248915195465 0.0388322696089745 0.0414609536528587 0.0455827638506889 0.0486197285354137 0.05132906883955 0.0537340603768826 0.0525220632553101
-9999 -9999 -9999 -9999 -9999 0.0363559946417809 0.031061340123415 0.0386879295110703 0.0911422669887543 0.144383460283279 0.162229314446449 0.125833213329315 0.0831794887781143 0.0723602697253227 0.0741784647107124 0.0815045163035393 0.079415000975132 0.0740259811282158 0.0721306949853897 0.0719410926103592 0.0730519592761993 0.0701393932104111 0.0675299242138863 0.066798597574234 0.0684657990932465 0.0715222954750061 0.0742135643959045 0.0738076642155647 0.0724975243210793 0.0696296840906143 0.0672067701816559 0.0646471604704857 0.0619844682514668 0.0600550621747971 0.0577759481966496 0.0567120537161827 0.0537833273410797 0.0484194681048393 0.0441597625613213 0.0402850471436977 0.0370598845183849 0.0363796316087246 0.0356675870716572 0.0359714515507221 0.0373299233615398 0.0387379340827465 0.039950504899025 0.0412819609045982 0.042533028870821 0.0453345403075218 0.0485237315297127 0.051313154399395 0.0546779632568359 0.0553507469594479 0.0536045469343662 0.0494645200669765
-9999 -9999 -9999 -9999 -9999 0.0465713404119015 0.0466840676963329 0.0635101646184921 0.12769715487957 0.156614556908607 0.158924162387848 0.129929423332214 0.100844547152519 0.0923541635274887 0.0949942991137505 0.101301155984402 0.0951256155967712 0.0887206941843033 0.0863631963729858 0.0885343924164772 0.0900635346770287 0.0896169319748878 0.0894197970628738 0.0893795043230057 0.0912981852889061 0.0920581072568893 0.0923843085765839 0.09158755838871 0.0900457948446274 0.0881966724991798 0.0851160883903503 0.0825508162379265 0.0792314261198044 0.0768091082572937 0.074926495552063 0.0730692520737648 0.066605769097805 0.0594232976436615 0.0539779961109161 0.049630843102932 0.0456874556839466 0.0443923212587833 0.0433001220226288 0.0435832217335701 0.0452933795750141 0.0464584492146969 0.048483319580555 0.0497176311910152 0.0514055974781513 0.053930327296257 0.0552494302392006 0.057639479637146 0.0582505874335766 0.0575108267366886 0.0559134893119335 0.0519455671310425
-9999 -9999 -9999 -9999 -9999 -9999 0.0677059516310692 0.095591813325882 0.141132295131683 0.156605109572411 0.166600108146667 0.137862637639046 0.114071287214756 0.105122566223145 0.103046610951424 0.11581814289093 0.1062131524086 0.0997399762272835 0.100738279521465 0.104560546576977 0.107585623860359 0.106744326651096 0.107101485133171 0.107921913266182 0.109366521239281 0.110636658966541 0.111153826117516 0.111794382333755 0.110846988856792 0.108561009168625 0.105474084615707 0.102382451295853 0.0991346314549446 0.0967700108885765 0.094331182539463 0.091325432062149 0.0842159613966942 0.0752969011664391 0.0685493871569633 0.0628980174660683 0.0570478849112988 0.0560474805533886 0.0545474551618099 0.0547058060765266 0.056305754929781 0.0572041235864162 0.0601297169923782 0.0617813840508461 0.0635175630450249 0.0652560964226723 0.0640049502253532 0.06521125882864 0.0634637773036957 0.0611984580755234 0.0594210587441921 0.0555912181735039
-9999 -9999 -9999 -9999 -9999 -9999 0.084949679672718 0.10786184668541 0.142650499939919 0.146905675530434 0.152409389615059 0.128745838999748 0.100847132503986 0.0934064239263535 0.0932986736297607 0.0958240479230881 0.101238138973713 0.10708562284708 0.112887322902679 0.11441358923912 0.116532556712627 0.120042458176613 0.125070989131927 0.126931473612785 0.126862227916718 0.126435458660126 0.129447504878044 0.13273748755455 0.131923288106918 0.128615960478783 0.124225936830044 0.122913978993893 0.120467342436314 0.117975622415543 0.11571691185236 0.113605871796608 0.107098951935768 0.0974541231989861 0.0889346748590469 0.0814444422721863 0.074865810573101 0.0721012651920319 0.0699830055236816 0.0695680007338524 0.0707298740744591 0.0718043148517609 0.0744532272219658 0.0766534879803658 0.0785306841135025 0.0805495008826256 0.0799674242734909 0.0765142515301704 0.0713629499077797 0.0670992881059647 0.0634504780173302 0.0585356131196022
-9999 -9999 -9999 -9999 -9999 -9999 0.0800754055380821 0.103119865059853 0.125516712665558 0.125150680541992 0.146415799856186 0.128348231315613 0.0920466482639313 0.082718163728714 0.0859976708889008 0.0839883238077164 0.0974808409810066 0.114263713359833 0.126967504620552 0.124697744846344 0.124627083539963 0.133228182792664 0.141947388648987 0.145913869142532 0.143715545535088 0.140594318509102 0.146735742688179 0.15441919863224 0.155323714017868 0.150825396180153 0.144525289535522 0.145771995186806 0.145750820636749 0.143875479698181 0.141624391078949 0.137826979160309 0.139411076903343 0.127764090895653 0.117720901966095 0.108713090419769 0.0986063033342361 0.0957820191979408 0.0913518965244293 0.089915543794632 0.0908772125840187 0.0901863649487495 0.0931519046425819 0.0947206616401672 0.0962338820099831 0.0987677499651909 0.0979441627860069 0.0899103358387947 0.0808785557746887 0.0742145180702209 0.0690245255827904 0.0645103082060814
-9999 -9999 -9999 -9999 -9999 -9999 -9999 -9999 0.0805108770728111 0.102519772946835 0.148875072598457 0.130204930901527 0.0935913324356079 0.0874284654855728 0.0901136696338654 0.0930678471922874 0.100321009755135 0.120564445853233 0.137752026319504 0.133648797869682 0.139014363288879 0.149016067385674 0.160826534032822 0.166257411241531 0.161058843135834 0.15827664732933 0.165191546082497 0.176800310611725 0.179281234741211 0.174364522099495 0.170029640197754 0.17138846218586 0.174939915537834 0.174930036067963 0.170752242207527 0.165693074464798 0.165710836648941 0.166604176163673 0.155222982168198 0.143282830715179 0.132001772522926 0.125454634428024 0.120188236236572 0.116617321968079 0.114338763058186 0.112695246934891 0.113366089761257 0.114058390259743 0.113872423768044 0.11325167119503 0.109073154628277 0.100819662213326 0.0905195102095604 0.0823037028312683 0.0753444284200668 0.0726041570305824
-9999 -9999 -9999 -9999 -9999 -9999 -9999 -9999 0.067749559879303 0.0902423188090324 0.15949347615242 0.137664079666138 0.098888136446476 0.094028927385807 0.103261902928352 0.107572548091412 0.114507302641869 0.137117147445679 0.157929107546806 0.150534689426422 0.155467808246613 0.167394831776619 0.182379141449928 0.188817143440247 0.180890932679176 0.175730854272842 0.183566138148308 0.19866307079792 0.20302839577198 0.198154076933861 0.195263296365738 0.199074506759644 0.2061667740345 0.206751137971878 0.202388018369675 0.197874382138252 0.196912720799446 0.196465477347374 0.19596940279007 0.189336597919464 0.174472466111183 0.166264683008194 0.157167479395866 0.150555700063705 0.145212680101395 0.13966728746891 0.138486877083778 0.136072531342506 0.132751062512398 0.129001155495644 0.122335568070412 0.113680720329285 0.1021448969841 0.0921669080853462 0.0836980789899826 0.0805762708187103
-9999 -9999 -9999 -9999 -9999 -9999 -9999 -9999 -9999 0.0816240906715393 0.130119904875755 0.119320787489414 0.0994175001978874 0.110066182911396 0.127925932407379 0.136813655495644 0.135067522525787 0.158005595207214 0.182249531149864 0.168520465493202 0.176447004079819 0.186825826764107 0.201221778988838 0.208920240402222 0.198906093835831 0.193448752164841 0.201202735304832 0.215641900897026 0.221120461821556 0.218105837702751 0.217492118477821 0.224298417568207 0.234734669327736 0.237487882375717 0.233355522155762 0.229940414428711 0.230900034308434 0.23066720366478 0.227710992097855 0.224672764539719 0.221701666712761 0.212469786405563 0.201609402894974 0.190734520554543 0.179410949349403 0.170210227370262 0.165127575397491 0.16013066470623 0.153170987963676 0.144950345158577 0.136058107018471 0.128532096743584 0.120023995637894 0.108553662896156 0.0944056287407875 0.0876707211136818
-9999 -9999 -9999 -9999 -9999 -9999 -9999 -9999 -9999 -9999 0.0667287707328796 0.0629798993468285 0.0992295145988464 0.139017835259438 0.169510036706924 0.182150170207024 0.175319224596024 0.187634602189064 0.208950847387314 0.195093959569931 0.196613326668739 0.205726727843285 0.221589967608452 0.227212339639664 0.218698590993881 0.212254390120506 0.217879071831703 0.231294572353363 0.236624225974083 0.235424071550369 0.237197399139404 0.245789274573326 0.259410560131073 0.265097320079803 0.263758718967438 0.263154774904251 0.263847887516022 0.265300869941711 0.263867646455765 0.25803479552269 0.253238290548325 0.251389503479004 0.250003725290298 0.23637729883194 0.220669955015182 0.206843972206116 0.197624385356903 0.188182190060616 0.177227154374123 0.165460750460625 0.153861716389656 0.146061778068542 0.138229221105576 0.126013666391373 0.1099763661623 0.0982174053788185
-9999 -9999 -9999 -9999 -9999 -9999 -9999 -9999 -9999 -9999 -9999 0.0295250304043293 0.0900450348854065 0.189918026328087 0.224712371826172 0.230953514575958 0.219877496361732 0.223049327731133 0.239663109183311 0.215510830283165 0.207596614956856 0.217473641037941 0.226795881986618 0.229628562927246 0.237186312675476 0.232037842273712 0.234490439295769 0.243751168251038 0.248794361948967 0.249375104904175 0.253532558679581 0.263086706399918 0.27746906876564 0.286679089069366 0.2912617623806 0.296892523765564 0.296701937913895 0.298419207334518 0.296533584594727 0.292115211486816 0.286865532398224 0.282631248235703 0.2803615629673 0.275360614061356 0.263460725545883 0.246568351984024 0.233739197254181 0.22050353884697 0.206120848655701 0.190236151218414 0.175105556845665 0.165033534169197 0.151973724365234 0.141983658075333 0.132922783493996 0.124814808368683
