data/03_saidas_enm/CCSM_SVM_6k_B.balansae4.asc
NCOLS 154 
NROWS 168 
XLLCORNER -112 
YLLCORNER -55.5 
CELLSIZE 0.5 
NODATA_value -9999 
[rows 100 to 124 of 168, columns 56 to 111 of 154]
-9999 -9999 -9999 -9999 -9999 -9999 -9999 -9999 -9999 -9999 -9999 -9999 -9999 -9999 -9999 -9999 -9999 -9999 -9999 -9999 -9999 -9999 -9999 -9999 -9999 -9999 -9999 -9999 0.0975672384543657 0.149655758509142 0.206674716331005 0.206480594095216 0.206654731318549 0.206093548915213 0.198366524876218 0.162640512301365 0.149678465148321 0.187149625885871 0.203614920266131 0.244707895844139 0.468533148951632 0.519384100560851 0.360815184167518 0.278931467863837 0.254625159774975 0.256087998381551 0.295679167841845 0.374462291938165 0.450000883644698 0.521642143251079 0.579361980880735 0.643830253987214 0.700440413776346 0.77083059845088 0.855404833069102 0.927807778359631
-9999 -9999 -9999 -9999 -9999 -9999 -9999 -9999 -9999 -9999 -9999 -9999 -9999 -9999 -9999 -9999 -9999 -9999 -9999 -9999 -9999 -9999 -9999 -9999 -9999 -9999 -9999 -9999 0.10705133234799 0.156335083462555 0.206996559264117 0.206883347296836 0.206969440876681 0.206406619915506 0.19638077610885 0.160275645248064 0.160210111524175 0.195066982776976 0.206001954644019 0.273173455017096 0.508840252124556 0.502430942757065 0.352341407708667 0.27579499250572 0.2516205168978 0.25473565133058 0.307304806578345 0.381030371321516 0.438905628591278 0.488228288591444 0.516732658597337 0.59283939132699 0.651203589459692 0.716433775921029 0.807054722235607 0.880603226768338
-9999 -9999 -9999 -9999 -9999 -9999 -9999 -9999 -9999 -9999 -9999 -9999 -9999 -9999 -9999 -9999 -9999 -9999 -9999 -9999 -9999 -9999 -9999 -9999 -9999 -9999 -9999 0.201365823195779 0.115803945776463 0.157200845549318 0.206885264598008 0.207224104183481 0.207147625532655 0.206521890335221 0.19655217163706 0.164757725832006 0.171709853387522 0.198986684431095 0.209260811153483 0.327859912158138 0.546265198373437 0.460604960127277 0.349203944501609 0.280376598058488 0.248347803101907 0.255695065530627 0.295743240762319 0.360711080895148 0.41461063347741 0.461248665240787 0.503679231821689 0.555649960188057 0.611382269929577 0.672281266355957 0.748511648448605 0.813932351340752
-9999 -9999 -9999 -9999 -9999 -9999 -9999 -9999 -9999 -9999 -9999 -9999 -9999 -9999 -9999 -9999 -9999 -9999 -9999 -9999 -9999 -9999 -9999 -9999 -9999 -9999 -9999 0.20175089948469 0.125204980672858 0.161750038384197 0.206811781438327 0.207321489000723 0.207268220767248 0.206760510701585 0.195430233578899 0.170172680145444 0.182715143460663 0.203112799717814 0.213292039970595 0.372698206962468 0.498126377823679 0.401566010542903 0.319728372172801 0.268480948871349 0.241724833757077 0.242987554188561 0.269059956189326 0.324377175697862 0.378610384128252 0.423504546389694 0.465970501259573 0.518356881870146 0.564674409647399 0.622056780642673 0.688162896926047 0.751992842795329
-9999 -9999 -9999 -9999 -9999 -9999 -9999 -9999 -9999 -9999 -9999 -9999 -9999 -9999 -9999 -9999 -9999 -9999 -9999 -9999 -9999 -9999 -9999 -9999 -9999 -9999 -9999 0.201030241261129 0.133179320604528 0.177038326151847 0.206764007925418 0.207309490112533 0.207304577555536 0.206891605526891 0.194659344850988 0.174160876439538 0.191869422473524 0.206047958128897 0.216418001673347 0.383459931830458 0.462872228337967 0.348739608893474 0.279987619900597 0.250457985667209 0.23897677278447 0.234203867236777 0.255447534816614 0.292636917691435 0.337810102255242 0.39060830314801 0.427408586875457 0.483970032306677 0.521388824900661 0.570903094077953 0.637287371743812 0.69496562221448
-9999 -9999 -9999 -9999 -9999 -9999 -9999 -9999 -9999 -9999 -9999 -9999 -9999 -9999 -9999 -9999 -9999 -9999 -9999 -9999 -9999 -9999 -9999 -9999 -9999 -9999 -9999 0.199916956399863 0.145932726475479 0.191471440980307 0.20701454261593 0.207269609537445 0.207302097259959 0.20702611498915 0.19375307104738 0.1828328262988 0.201025552850782 0.207127554192673 0.215660981728035 0.370609209002901 0.411697884543687 0.30480653194825 0.25651544814882 0.243061629099431 0.238594014627256 0.240838606054177 0.264128229573458 0.28367967980597 0.319530307396811 0.374058609700862 0.409190210871981 0.449717978600613 0.483125093361276 0.525941768475623 0.589148426703974 0.645384476906141
-9999 -9999 -9999 -9999 -9999 -9999 -9999 -9999 -9999 -9999 -9999 -9999 -9999 -9999 -9999 -9999 -9999 -9999 -9999 -9999 -9999 -9999 -9999 -9999 -9999 -9999 -9999 0.199009322107101 0.163604209381986 0.201653293007694 0.207127145797844 0.207241528933118 0.207293167147796 0.207099653387639 0.194769376933211 0.196958534069046 0.205860433870132 0.207312093257668 0.214036445201483 0.387169052871435 0.3916584942838 0.272096343664239 0.246897225915099 0.240595953938127 0.245257394007545 0.263926655697978 0.275237552372523 0.301067990398526 0.3258806141258 0.359030731372722 0.408843270333618 0.434520388506614 0.456872792191202 0.495284036095283 0.546808258603002 0.624116345523194
-9999 -9999 -9999 -9999 -9999 -9999 -9999 -9999 -9999 -9999 -9999 -9999 -9999 -9999 -9999 -9999 -9999 -9999 -9999 -9999 -9999 -9999 -9999 -9999 -9999 -9999 -9999 0.199077860915631 0.180063439385792 0.205468035196892 0.207162643892034 0.207239864951527 0.20729029772322 0.207132445002413 0.198554764522762 0.204869295123105 0.207068509618256 0.207330272649768 0.214818588400188 0.385763047029743 0.34735301096112 0.252271975775111 0.236396596250741 0.23462790983996 0.240178982194453 0.259456325843643 0.270533933474227 0.293817642875954 0.322227602075006 0.34914666203565 0.382012216327731 0.405082216803739 0.429212043064143 0.465781626866446 0.516033928232205 0.589249953203895
-9999 -9999 -9999 -9999 -9999 -9999 -9999 -9999 -9999 -9999 -9999 -9999 -9999 -9999 -9999 -9999 -9999 -9999 -9999 -9999 -9999 -9999 -9999 -9999 -9999 -9999 -9999 0.200273231758239 0.191696134275945 0.206669156839229 0.207201607703563 0.20724495807602 0.207290235486798 0.207135698626476 0.201434865091364 0.206977807590404 0.207270066165354 0.207336284572508 0.217346371847969 0.389697394008066 0.298744705640175 0.234003843495118 0.226257378391565 0.225957601825978 0.229185385341524 0.234440761214015 0.251531037411362 0.269775681854882 0.29617676836972 0.332627898036515 0.353230522117274 0.372498516557419 0.397865852031567 0.435166972047412 0.493650097742787 0.559539902273265
-9999 -9999 -9999 -9999 -9999 -9999 -9999 -9999 -9999 -9999 -9999 -9999 -9999 -9999 -9999 -9999 -9999 -9999 -9999 -9999 -9999 -9999 -9999 -9999 -9999 -9999 -9999 0.202252532155855 0.198042030276932 0.206946830718634 0.207171481941511 0.2072268514129 0.207281078989483 0.207057664747728 0.202830404166089 0.207118778473209 0.207288322261657 0.207536992803409 0.244260598910175 0.395958435415534 0.266231143299239 0.223402595336772 0.219301777744591 0.219592156003772 0.222142818141513 0.22623679610093 0.237508186127682 0.252964426033388 0.275263680860718 0.305461033816653 0.328688952410264 0.350323499370045 0.371512854828943 0.411053209497603 0.465710210068589 0.524418519954159
-9999 -9999 -9999 -9999 -9999 -9999 -9999 -9999 -9999 -9999 -9999 -9999 -9999 -9999 -9999 -9999 -9999 -9999 -9999 -9999 -9999 -9999 -9999 -9999 -9999 -9999 0.207260281014473 0.203217744452394 0.202021438504667 0.207032266637197 0.20710275770834 0.207166309806221 0.207269809691022 0.207132820620616 0.203760866339908 0.207194802885279 0.207294403085241 0.211019302346046 0.32017992425923 0.351062665052873 0.230644143297788 0.214760961407378 0.21494165633805 0.215646298768671 0.219214485229195 0.223206512366348 0.233032951008404 0.246509915084509 0.265557120654671 0.28772529449371 0.308275110851785 0.336203246388044 0.359878831026526 0.400029329457421 0.450702863988686 0.497467868942256
-9999 -9999 -9999 -9999 -9999 -9999 -9999 -9999 -9999 -9999 -9999 -9999 -9999 -9999 -9999 -9999 -9999 -9999 -9999 -9999 -9999 -9999 -9999 -9999 -9999 -9999 0.207111780956983 0.203335404466966 0.205910033116565 0.206911152713378 0.206946292807137 0.20709445397995 0.207292482609308 0.207438551185484 0.205448757736712 0.207141948009735 0.208046731201819 0.244456525097098 0.344391372795356 0.271484431999724 0.214552321370082 0.207114522238855 0.209347214050677 0.210373027032684 0.212541568870517 0.216378815607368 0.224926686360716 0.236746502246776 0.253477143237298 0.276920125797805 0.301091941991934 0.330023901368314 0.359412830315191 0.396574132983921 0.44093132024449 0.481426826675235
-9999 -9999 -9999 -9999 -9999 -9999 -9999 -9999 -9999 -9999 -9999 -9999 -9999 -9999 -9999 -9999 -9999 -9999 -9999 -9999 -9999 -9999 -9999 -9999 -9999 -9999 0.206192848044008 0.205585998739134 0.206925763836537 0.20664597388979 0.206932267661323 0.206922913452237 0.207403225700734 0.208546466033437 0.208870629450271 0.208187531891264 0.227946532687038 0.30092774764595 0.258863141841233 0.215756168271593 0.197351976827563 0.199352448605632 0.20216977541668 0.204131135399935 0.205673286299208 0.206303800503705 0.214750257680257 0.227607217158288 0.241983098102694 0.265167655650271 0.291293317146177 0.322203086510981 0.359373423939157 0.398914589030656 0.436467786497735 0.471279951369481
-9999 -9999 -9999 -9999 -9999 -9999 -9999 -9999 -9999 -9999 -9999 -9999 -9999 -9999 -9999 -9999 -9999 -9999 -9999 -9999 -9999 -9999 -9999 -9999 -9999 -9999 0.204587160296371 0.20700266683542 0.206619325079183 0.206412888855084 0.206465529426633 0.206775163872933 0.208676255899578 0.219722613317594 0.242149344984785 0.257676888538576 0.296923780421149 0.256291999206845 0.2030291407589 0.191437872221097 0.190046452853566 0.191847585084801 0.193642210869429 0.196036840079606 0.199125342402444 0.20370099568731 0.211646504176179 0.220939272701616 0.23349784339155 0.254159079094881 0.283052421927568 0.316234554179158 0.35447022025474 0.391863499757116 0.424651645522127 0.452232279484978
-9999 -9999 -9999 -9999 -9999 -9999 -9999 -9999 -9999 -9999 -9999 -9999 -9999 -9999 -9999 -9999 -9999 -9999 -9999 -9999 -9999 -9999 -9999 -9999 -9999 0.196849177917599 0.205892123901654 0.206887686334699 0.206463310500179 0.20613019932104 0.206305224902116 0.206532260523753 0.21791816488747 0.265563179222144 0.304408243613288 0.268571012561732 0.246946973622496 0.192104722800785 0.182857842840217 0.182663079676474 0.186484909098096 0.184961415219806 0.1852798611719 0.188092254497536 0.192293229022373 0.200661662126702 0.206583797763661 0.215123789784696 0.22448358879532 0.243460445998027 0.270665893539876 0.305005846582035 0.343535962492728 0.378712700008464 0.407792360441319 0.430055897598176
-9999 -9999 -9999 -9999 -9999 -9999 -9999 -9999 -9999 -9999 -9999 -9999 -9999 -9999 -9999 -9999 -9999 -9999 -9999 -9999 -9999 -9999 -9999 -9999 -9999 0.199621046626526 0.206765687968978 0.206319154260497 0.206045823919931 0.20557766442787 0.205135341107153 0.205992426485065 0.224256673645348 0.269870239575564 0.249892272525514 0.208846043576954 0.181517477205658 0.169756939800781 0.174524265971339 0.17654661484459 0.179742748951804 0.177183144286314 0.176917156576165 0.178593017861142 0.183221751824418 0.190643255088476 0.196148624309522 0.203836087989437 0.214228211938948 0.230329330438339 0.261889995417969 0.293434213062943 0.325999596865727 0.358274160173123 0.384954733863192 0.402968682938698
-9999 -9999 -9999 -9999 -9999 -9999 -9999 -9999 -9999 -9999 -9999 -9999 -9999 -9999 -9999 -9999 -9999 -9999 -9999 -9999 -9999 -9999 -9999 -9999 -9999 0.201074319231253 0.206825840024887 0.205815175096676 0.20568223483616 0.203941398838323 0.204031958046226 0.20139394832081 0.200392759655666 0.191966434592622 0.162906203507581 0.145043075536817 0.142515470104886 0.147839274970445 0.159615676040325 0.163724413367428 0.169907693860779 0.166930091787574 0.165419496361086 0.166908830437287 0.170212614587916 0.17829294464495 0.181224173965758 0.188520602389156 0.200159099465965 0.22019025637498 0.249240501117551 0.278037551130389 0.307031558223142 0.336189985014409 0.359853567321624 0.373527552070014
-9999 -9999 -9999 -9999 -9999 -9999 -9999 -9999 -9999 -9999 -9999 -9999 -9999 -9999 -9999 -9999 -9999 -9999 -9999 -9999 -9999 -9999 -9999 -9999 -9999 0.203481238148533 0.206580578877809 0.204686828486225 0.203603506331892 0.199688927354378 0.194641461268288 0.182732985672493 0.152850943752495 0.131119893514066 0.117634802728525 0.111280196919613 0.107545302273192 0.108317101243216 0.118892177619611 0.132469661851631 0.143564802906264 0.146809004284261 0.150955380321018 0.154604092979495 0.153329878772822 0.154738510479297 0.162157598613611 0.175092220023945 0.189225955748048 0.207494566232954 0.232413503899513 0.261493817852445 0.291014238828047 0.318332409831962 0.338210664875106 0.347626546961518
-9999 -9999 -9999 -9999 -9999 -9999 -9999 -9999 -9999 -9999 -9999 -9999 -9999 -9999 -9999 -9999 -9999 -9999 -9999 -9999 -9999 -9999 -9999 -9999 -9999 0.205675156163579 0.206086222067106 0.203303963620992 0.200711654713903 0.19182698125891 0.180987493221378 0.150409781174006 0.115504610421939 0.109442191645789 0.102062145244187 0.0930341316663615 0.0881066544519076 0.0817611710237237 0.0854973954445674 0.100921352479929 0.114492663686442 0.124142630577562 0.136325702528508 0.144318732835186 0.14283925855349 0.142329675394106 0.148375730037645 0.161945668954396 0.176623691909188 0.195547778892464 0.214295803798992 0.244132347405133 0.273783173321978 0.299743382018141 0.316436254485246 0.323739382444456
-9999 -9999 -9999 -9999 -9999 -9999 -9999 -9999 -9999 -9999 -9999 -9999 -9999 -9999 -9999 -9999 -9999 -9999 -9999 -9999 -9999 -9999 -9999 -9999 -9999 0.20768038847225 0.20572900253759 0.202097948838217 0.19693694043979 0.18207086620828 0.155253400903315 0.115693508181271 0.0900133188624965 0.0940266044353664 0.092319233305147 0.0894046656931173 0.0754827373937357 0.069757274373358 0.071265019599172 0.0775720835797751 0.089105396207672 0.103219428965664 0.127599056518631 0.141103713239691 0.137475989772074 0.132243757651461 0.136360382250487 0.145673936294628 0.158442654081828 0.177917849716901 0.199841278881231 0.227814414162713 0.255338715267544 0.280838801962801 0.298511056939524 0.304345081193842
-9999 -9999 -9999 -9999 -9999 -9999 -9999 -9999 -9999 -9999 -9999 -9999 -9999 -9999 -9999 -9999 -9999 -9999 -9999 -9999 -9999 -9999 -9999 -9999 -9999 0.210436693849928 0.204942133530606 0.202140377163647 0.196686569116397 0.176806788821274 0.135051001304232 0.0865886701389351 0.0730050830576048 0.0823763863809008 0.0781327080179492 0.0722814087454308 0.0624459160457398 0.0588870267998765 0.0607386974036599 0.061808237226051 0.068859832674986 0.0882211929930461 0.124311551195277 0.136723434552815 0.126721705923499 0.121654314153753 0.12409189794583 0.131825333592272 0.142710336317858 0.16154717627126 0.182962895434996 0.210850415553957 0.238926531950132 0.264715886678615 0.282254206999917 0.288482862039917
-9999 -9999 -9999 -9999 -9999 -9999 -9999 -9999 -9999 -9999 -9999 -9999 -9999 -9999 -9999 -9999 -9999 -9999 -9999 -9999 -9999 -9999 -9999 -9999 -9999 0.213416087724375 0.204366644615824 0.20280943858796 0.199135036138108 0.177878740932671 0.122314468194669 0.0722848232586261 0.0659084107647321 0.076188121519469 0.0674959171335967 0.0570598809164832 0.0521976021930215 0.0545721497948943 0.057114309777568 0.0538644428060965 0.0565610353521381 0.0774396243965598 0.114951639079359 0.127583471007493 0.119611848345181 0.109973179856882 0.113326937307725 0.121091445106897 0.131337301131173 0.146753645813999 0.1672809086162 0.197017746959011 0.226553544267253 0.252652849198221 0.269470442656432 0.275413404759108
-9999 -9999 -9999 -9999 -9999 -9999 -9999 -9999 -9999 -9999 -9999 -9999 -9999 -9999 -9999 -9999 -9999 -9999 -9999 -9999 -9999 -9999 -9999 -9999 -9999 0.219523457811266 0.202942194911676 0.201184586032278 0.2003220034513 0.182002817805148 0.126348181424025 0.07106115513966 0.0739714776678509 0.0788846989783042 0.065339496603788 0.0554830206553861 0.0487464207868932 0.0521429279666127 0.0549145120779851 0.0468315930235827 0.0488960307864459 0.0665828686024442 0.103472229761139 0.11806405625444 0.106163175511847 0.0971877650069014 0.101388828494978 0.11205336257394 0.122461155211711 0.138763551112102 0.157037039755916 0.18350926980109 0.212838848450174 0.236082562243418 0.255431814204554 0.263440268240584
-9999 -9999 -9999 -9999 -9999 -9999 -9999 -9999 -9999 -9999 -9999 -9999 -9999 -9999 -9999 -9999 -9999 -9999 -9999 -9999 -9999 -9999 -9999 -9999 -9999 0.228366744196487 0.20203825049027 0.198410579201599 0.199556995349029 0.184440883936502 0.142882872077923 0.0933947021587844 0.0775868904521096 0.084001647065449 0.0634293674413204 0.0419031530622238 0.0428056991788188 0.0448447057656422 0.0437814171174967 0.0416430218257056 0.0436248955396426 0.0566438788741467 0.0921083446360914 0.104536978521068 0.0936372481173312 0.0826433235465764 0.0882759721025391 0.103508441432276 0.115441958100338 0.132406080393318 0.153060500961827 0.175087185923062 0.196378773528639 0.223275834750815 0.245980358890338 0.254037610316783
-9999 -9999 -9999 -9999 -9999 -9999 -9999 -9999 -9999 -9999 -9999 -9999 -9999 -9999 -9999 -9999 -9999 -9999 -9999 -9999 -9999 -9999 -9999 -9999 0.223006283055676 0.228089867640105 0.199178048030218 0.196386755312673 0.199900087507999 0.186969114841842 0.150088882419464 0.0987231361833123 0.0849586753396874 0.0873586075138015 0.0680031441962718 0.0457372012343302 0.0455621924114905 0.0481946408220442 0.0463808434412814 0.0392439493846333 0.0416674032633144 0.0530915059965532 0.0802087790648578 0.0914693757145992 0.0807772115212025 0.0697524524644197 0.076649944038274 0.0897542174972398 0.0999532267744995 0.117532925098398 0.141799292170224 0.164356388408429 0.186286359164667 0.217744608702933 0.242117653043364 0.237652268213845
