data/03_saidas_enm/CCSM_Maxent_6k_B.balansae4.asc
NCOLS 154 
NROWS 168 
XLLCORNER -112 
YLLCORNER -55.5 
CELLSIZE 0.5 
NODATA_value -9999 
[rows 75 to 99 of 168, columns 56 to 111 of 154]
-9999 -9999 -9999 -9999 -9999 -9999 -9999 -9999 -9999 -9999 -9999 0.0823131427168846 0.183006703853607 0.334089279174805 0.418807923793793 0.433757245540619 0.404519349336624 0.370551109313965 0.355348169803619 0.296676456928253 0.243624165654182 0.235595002770424 0.234100684523582 0.231460288167 0.228101909160614 0.225021615624428 0.231291130185127 0.240571856498718 0.249889627099037 0.256106495857239 0.267303138971329 0.286886662244797 0.312822341918945 0.336036443710327 0.356136381626129 0.379507184028625 0.401083707809448 0.425997704267502 0.448627501726151 0.467661142349243 0.488203167915344 0.500806450843811 0.512881219387054 0.506146371364594 0.483001440763474 0.46257272362709 0.447649151086807 0.433154821395874 0.419172912836075 0.404008626937866 0.389247626066208 0.379450261592865 0.369538575410843 0.373555570840836 0.389292150735855 0.380280405282974
-9999 -9999 -9999 -9999 -9999 -9999 -9999 -9999 -9999 -9999 -9999 0.0892038270831108 0.177201479673386 0.33506840467453 0.422507405281067 0.456840246915817 0.427766799926758 0.358914494514465 0.353970170021057 0.344030410051346 0.294223457574844 0.272326320409775 0.258509367704391 0.25012069940567 0.239453747868538 0.231183111667633 0.237095192074776 0.246964424848557 0.254981070756912 0.261166244745255 0.271815121173859 0.294486999511719 0.323653191328049 0.346789568662643 0.361877620220184 0.384338796138763 0.409672528505325 0.438504099845886 0.465173602104187 0.485615521669388 0.511559128761292 0.537054836750031 0.551084816455841 0.555402994155884 0.534047603607178 0.507462501525879 0.492879778146744 0.478935658931732 0.467481672763824 0.454336017370224 0.444604337215424 0.436265349388123 0.432388812303543 0.429105699062347 0.42172372341156 0.417480707168579
-9999 -9999 -9999 -9999 -9999 -9999 -9999 -9999 -9999 -9999 -9999 -9999 0.146148502826691 0.261147439479828 0.362351417541504 0.418729871511459 0.374229490756989 0.288179665803909 0.269081622362137 0.314245969057083 0.354367762804031 0.332040458917618 0.308247596025467 0.286065995693207 0.268773287534714 0.254106551408768 0.253049850463867 0.257721722126007 0.262530148029327 0.267459988594055 0.277621895074844 0.29838165640831 0.325752794742584 0.348701268434525 0.365464895963669 0.385787069797516 0.406060010194778 0.429699242115021 0.456354290246964 0.48188129067421 0.508373439311981 0.534494280815125 0.555819690227509 0.56695681810379 0.575800180435181 0.563010931015015 0.546448707580566 0.530313491821289 0.519684612751007 0.509535729885101 0.49623829126358 0.482078373432159 0.468617528676987 0.459185093641281 0.453637450933456 0.449442237615585
-9999 -9999 -9999 -9999 -9999 -9999 -9999 -9999 -9999 -9999 -9999 -9999 0.0921935811638832 0.179269328713417 0.272765785455704 0.370248466730118 0.317064791917801 0.212661385536194 0.198406368494034 0.252847582101822 0.34738501906395 0.383779942989349 0.379325538873672 0.358896940946579 0.313725709915161 0.29127636551857 0.273585826158524 0.270883560180664 0.270942866802216 0.272347718477249 0.280825465917587 0.29716768860817 0.319813400506973 0.334595739841461 0.349075257778168 0.363268554210663 0.382053732872009 0.402906715869904 0.430074751377106 0.461191356182098 0.493783235549927 0.522553622722626 0.551509916782379 0.57059919834137 0.579154312610626 0.581011176109314 0.563571989536285 0.549350082874298 0.537498235702515 0.525845944881439 0.515639305114746 0.505067586898804 0.494338274002075 0.486224353313446 0.480591773986816 0.47717210650444
-9999 -9999 -9999 -9999 -9999 -9999 -9999 -9999 -9999 -9999 -9999 -9999 -9999 0.0990593433380127 0.17903707921505 0.248234063386917 0.237965553998947 0.187017187476158 0.186091423034668 0.223943874239922 0.268759965896606 0.322816550731659 0.421760648488998 0.489138394594193 0.463620543479919 0.391565382480621 0.346003919839859 0.308824121952057 0.280622094869614 0.279397696256638 0.281982511281967 0.297654330730438 0.312819510698318 0.320950448513031 0.332117527723312 0.34309720993042 0.361293137073517 0.381226599216461 0.407463699579239 0.436725169420242 0.471178323030472 0.513345897197723 0.544153213500977 0.572446227073669 0.58392995595932 0.590933740139008 0.574356615543365 0.555422961711884 0.540146231651306 0.533543169498444 0.528242766857147 0.518836081027985 0.508149445056915 0.501021385192871 0.496419101953506 0.494361519813538
-9999 -9999 -9999 -9999 -9999 -9999 -9999 -9999 -9999 -9999 -9999 -9999 -9999 0.0624466426670551 0.119922958314419 0.178393691778183 0.174551978707314 0.170003488659859 0.197318717837334 0.240300059318542 0.227789044380188 0.233400568366051 0.282368808984756 0.346110254526138 0.363658249378204 0.494274705648422 0.483746349811554 0.403354078531265 0.338521510362625 0.30823689699173 0.290125757455826 0.31437411904335 0.311158537864685 0.315317273139954 0.320975661277771 0.325021982192993 0.346523195505142 0.365904897451401 0.390056639909744 0.414947748184204 0.444364339113235 0.488549590110779 0.537070214748383 0.569484233856201 0.586734116077423 0.59667032957077 0.58227264881134 0.553790807723999 0.538504004478455 0.535327672958374 0.53341668844223 0.526153683662415 0.519190967082977 0.514225721359253 0.510414004325867 0.508981347084045
-9999 -9999 -9999 -9999 -9999 -9999 -9999 -9999 -9999 -9999 -9999 -9999 -9999 -9999 0.0983689352869987 0.105059765279293 0.124392926692963 0.176019847393036 0.220267221331596 0.189243540167809 0.153145685791969 0.11392156034708 0.0719921141862869 0.0687142908573151 0.106262229382992 0.187526494264603 0.294066399335861 0.465752094984055 0.520551562309265 0.476722478866577 0.392062842845917 0.35636693239212 0.339867651462555 0.323995530605316 0.325035780668259 0.329834520816803 0.346645772457123 0.364273011684418 0.385161578655243 0.408737570047379 0.433901757001877 0.472134381532669 0.513430535793304 0.555049777030945 0.58486133813858 0.596709907054901 0.585876226425171 0.561063408851624 0.546949744224548 0.542576789855957 0.538876831531525 0.534167945384979 0.527709066867828 0.524438142776489 0.525066256523132 0.524023234844208
-9999 -9999 -9999 -9999 -9999 -9999 -9999 -9999 -9999 -9999 -9999 -9999 -9999 -9999 0.0774758085608482 0.0814169645309448 0.100606329739094 0.178189143538475 0.216952681541443 0.16154582798481 0.10909977555275 0.0502524115145206 0.0382511839270592 0.0345169119536877 0.0361806787550449 0.0470687858760357 0.0580002553761005 0.190022245049477 0.33639132976532 0.442217946052551 0.523716688156128 0.445311635732651 0.381587952375412 0.345247566699982 0.33658692240715 0.336947590112686 0.35655677318573 0.373159050941467 0.385344803333282 0.405508548021317 0.421511769294739 0.455640465021133 0.488801091909409 0.531681835651398 0.571411073207855 0.58694314956665 0.585180819034576 0.571260273456573 0.559870898723602 0.555424749851227 0.547995924949646 0.545365691184998 0.537671148777008 0.533849239349365 0.535816490650177 0.538374900817871
-9999 -9999 -9999 -9999 -9999 -9999 -9999 -9999 -9999 -9999 -9999 -9999 -9999 -9999 -9999 0.0849725380539894 0.116287387907505 0.159289583563805 0.17747475206852 0.133053511381149 0.0733851417899132 0.0323492996394634 0.0257318243384361 0.0233852919191122 0.0241712369024754 0.0237569883465767 0.0280901584774256 0.0342789627611637 0.0460934154689312 0.140168622136116 0.375902205705643 0.540388941764832 0.45219424366951 0.376218169927597 0.352918207645416 0.350017428398132 0.358226299285889 0.372255206108093 0.38821092247963 0.416528135538101 0.444708049297333 0.461228996515274 0.476061254739761 0.506221830844879 0.550271213054657 0.572602987289429 0.577971458435059 0.577646911144257 0.580504238605499 0.576919615268707 0.571909308433533 0.564351379871368 0.554155647754669 0.548191845417023 0.545992612838745 0.540050029754639
-9999 -9999 -9999 -9999 -9999 -9999 -9999 -9999 -9999 -9999 -9999 -9999 -9999 -9999 -9999 0.0196566581726074 0.0915480628609657 0.165009751915932 0.162691876292229 0.11407757550478 0.0684772878885269 0.0408984385430813 0.0269956570118666 0.0244712345302105 0.0243862364441156 0.0198373068124056 0.0235607456415892 0.0290654860436916 0.0342277735471725 0.0518745221197605 0.198381304740906 0.396526277065277 0.531336307525635 0.430057615041733 0.388935685157776 0.363107740879059 0.366796404123306 0.37468296289444 0.389226466417313 0.4125697016716 0.43702957034111 0.471335738897324 0.468843936920166 0.493036448955536 0.526966214179993 0.562093436717987 0.571644842624664 0.580595970153809 0.587204694747925 0.594162702560425 0.5963996052742 0.586690425872803 0.574258506298065 0.567562699317932 0.561962246894836 0.552242696285248
-9999 -9999 -9999 -9999 -9999 -9999 -9999 -9999 -9999 -9999 -9999 -9999 -9999 -9999 -9999 0.0200258418917656 0.03889549523592 0.140806242823601 0.16750094294548 0.134088173508644 0.111321195960045 0.0894109979271889 0.0759618803858757 0.0565194822847843 0.0365415997803211 0.0333263836801052 0.0308587215840816 0.0293113645166159 0.0328899100422859 0.0435090325772762 0.103594295680523 0.259187191724777 0.479640990495682 0.518072843551636 0.449585884809494 0.405440658330917 0.386205852031708 0.38838866353035 0.398714423179626 0.416820168495178 0.439307242631912 0.468339383602142 0.457924872636795 0.481001615524292 0.506674230098724 0.537975370883942 0.563672304153442 0.579549074172974 0.591141581535339 0.59794545173645 0.599109590053558 0.602892994880676 0.595109701156616 0.588911473751068 0.585394978523254 0.580397307872772
-9999 -9999 -9999 -9999 -9999 -9999 -9999 -9999 -9999 -9999 -9999 -9999 -9999 -9999 -9999 -9999 0.0219529569149017 0.0402129851281643 0.121651388704777 0.177937269210815 0.154745370149612 0.141005456447601 0.14583095908165 0.120759852230549 0.0940615311264992 0.0783261656761169 0.045098789036274 0.0344842597842216 0.0307630654424429 0.0386158190667629 0.0667252317070961 0.145102113485336 0.322981327772141 0.46727392077446 0.542100548744202 0.463913947343826 0.417711079120636 0.412309408187866 0.414323627948761 0.426708042621613 0.443119376897812 0.462031453847885 0.444914221763611 0.466952830553055 0.486906349658966 0.515896320343018 0.548182189464569 0.574772715568542 0.587633967399597 0.588561952114105 0.589308500289917 0.594043672084808 0.598796606063843 0.601049780845642 0.597240209579468 0.590205669403076
-9999 -9999 -9999 -9999 -9999 -9999 -9999 -9999 -9999 -9999 -9999 -9999 -9999 -9999 -9999 -9999 -9999 0.0236663520336151 0.0369259379804134 0.0868021547794342 0.175927624106407 0.164863899350166 0.146409139037132 0.140630558133125 0.164790377020836 0.150755822658539 0.118778631091118 0.0975004434585571 0.0773575976490974 0.0570893324911594 0.0506768375635147 0.0817241594195366 0.142641112208366 0.256008207798004 0.426825791597366 0.54800546169281 0.496937781572342 0.445766866207123 0.416126698255539 0.424194425344467 0.422291308641434 0.426986068487167 0.434985429048538 0.450652331113815 0.470434755086899 0.5063636302948 0.534351766109467 0.547378599643707 0.557903349399567 0.568739712238312 0.577458918094635 0.588046610355377 0.594607591629028 0.604454100131989 0.614120781421661 0.606383562088013
-9999 -9999 -9999 -9999 -9999 -9999 -9999 -9999 -9999 -9999 -9999 -9999 -9999 -9999 -9999 -9999 -9999 -9999 -9999 0.0235163941979408 0.042477410286665 0.117493733763695 0.13727442920208 0.138014137744904 0.181534558534622 0.215497985482216 0.205936402082443 0.185399904847145 0.145385906100273 0.0914936363697052 0.0568664446473122 0.0572505556046963 0.0666770413517952 0.10489909350872 0.235092535614967 0.420287877321243 0.520141184329987 0.536451816558838 0.461212128400803 0.430706351995468 0.413106381893158 0.414100259542465 0.423206567764282 0.438441783189774 0.47077414393425 0.49502420425415 0.515085816383362 0.52625560760498 0.538738012313843 0.552324175834656 0.562892735004425 0.580192923545837 0.593353748321533 0.603974878787994 0.619446933269501 0.615661323070526
-9999 -9999 -9999 -9999 -9999 -9999 -9999 -9999 -9999 -9999 -9999 -9999 -9999 -9999 -9999 -9999 -9999 -9999 -9999 -9999 -9999 0.0356225408613682 0.0855699852108955 0.146974459290504 0.156245961785316 0.171861916780472 0.225860729813576 0.237156271934509 0.212061539292336 0.146014511585236 0.102182067930698 0.0671635791659355 0.0441032946109772 0.0554028525948524 0.10318810492754 0.195672661066055 0.350679963827133 0.515969276428223 0.543557047843933 0.499332517385483 0.453517735004425 0.432379603385925 0.42847940325737 0.448986917734146 0.465148389339447 0.483088910579681 0.50120621919632 0.519184708595276 0.533827602863312 0.546974301338196 0.560967981815338 0.579572260379791 0.59695965051651 0.60838657617569 0.619692027568817 0.616059303283691
-9999 -9999 -9999 -9999 -9999 -9999 -9999 -9999 -9999 -9999 -9999 -9999 -9999 -9999 -9999 -9999 -9999 -9999 -9999 -9999 -9999 -9999 -9999 0.0646948888897896 0.158373162150383 0.157870173454285 0.214779138565063 0.28272670507431 0.262014120817184 0.236171126365662 0.187974646687508 0.112719163298607 0.0593136213719845 0.0507724098861217 0.0619577765464783 0.0924466699361801 0.189797386527061 0.35922759771347 0.500191450119019 0.581490099430084 0.500247955322266 0.447155177593231 0.427450656890869 0.430238515138626 0.446429401636124 0.467577368021011 0.488880753517151 0.510762751102448 0.527864396572113 0.543087959289551 0.559910178184509 0.579508185386658 0.598909080028534 0.609793126583099 0.619378626346588 0.618497669696808
-9999 -9999 -9999 -9999 -9999 -9999 -9999 -9999 -9999 -9999 -9999 -9999 -9999 -9999 -9999 -9999 -9999 -9999 -9999 -9999 -9999 -9999 -9999 -9999 -9999 0.0782777443528175 0.185504958033562 0.266317933797836 0.284663677215576 0.303313732147217 0.308054506778717 0.217011064291 0.138979241251945 0.0987160950899124 0.069581151008606 0.0620151944458485 0.109396412968636 0.195239558815956 0.335686087608337 0.518717050552368 0.534533202648163 0.453554600477219 0.410314947366714 0.409143447875977 0.42935585975647 0.453620880842209 0.477412432432175 0.499610662460327 0.518685698509216 0.537358462810516 0.555297255516052 0.575777113437653 0.597620129585266 0.608425855636597 0.618206202983856 0.623139500617981
-9999 -9999 -9999 -9999 -9999 -9999 -9999 -9999 -9999 -9999 -9999 -9999 -9999 -9999 -9999 -9999 -9999 -9999 -9999 -9999 -9999 -9999 -9999 -9999 -9999 0.0198784694075584 0.0654850825667381 0.218737199902534 0.334519445896149 0.375506728887558 0.3615562915802 0.308360069990158 0.279599875211716 0.205358296632767 0.132181689143181 0.0945843756198883 0.114709049463272 0.154828503727913 0.262602567672729 0.453282922506332 0.563675701618195 0.469779253005981 0.410765886306763 0.399811089038849 0.415126234292984 0.438456147909164 0.462418287992477 0.484410315752029 0.505021631717682 0.525717496871948 0.54660576581955 0.568196952342987 0.589999437332153 0.606081247329712 0.616690993309021 0.625964820384979
-9999 -9999 -9999 -9999 -9999 -9999 -9999 -9999 -9999 -9999 -9999 -9999 -9999 -9999 -9999 -9999 -9999 -9999 -9999 -9999 -9999 -9999 -9999 -9999 -9999 -9999 -9999 0.0588567219674587 0.165378361940384 0.352522909641266 0.415586143732071 0.396775096654892 0.369197577238083 0.317131131887436 0.263047516345978 0.216175615787506 0.173541560769081 0.169978201389313 0.249286115169525 0.42211326956749 0.565217673778534 0.48978865146637 0.418402343988419 0.398469716310501 0.406047254800797 0.424243628978729 0.446128249168396 0.467292070388794 0.488467782735825 0.512542009353638 0.53560596704483 0.558502495288849 0.580873012542725 0.603450059890747 0.615843296051025 0.627530515193939
-9999 -9999 -9999 -9999 -9999 -9999 -9999 -9999 -9999 -9999 -9999 -9999 -9999 -9999 -9999 -9999 -9999 -9999 -9999 -9999 -9999 -9999 -9999 -9999 -9999 -9999 -9999 0.0211780183017254 0.0697450712323189 0.19779509305954 0.365466833114624 0.406693339347839 0.418844372034073 0.407380819320679 0.345077484846115 0.279514372348785 0.240691885352135 0.206821203231812 0.258400678634644 0.399387687444687 0.536345899105072 0.501424610614777 0.433792471885681 0.399832278490067 0.397771686315536 0.410739183425903 0.429194718599319 0.448589384555817 0.47099643945694 0.491751819849014 0.516962170600891 0.546059191226959 0.572526514530182 0.59980046749115 0.614593267440796 0.629202783107758
-9999 -9999 -9999 -9999 -9999 -9999 -9999 -9999 -9999 -9999 -9999 -9999 -9999 -9999 -9999 -9999 -9999 -9999 -9999 -9999 -9999 -9999 -9999 -9999 -9999 -9999 -9999 -9999 0.0346030853688717 0.115649834275246 0.31208211183548 0.367170214653015 0.390289187431335 0.413434982299805 0.404368370771408 0.344960600137711 0.275007367134094 0.230402678251266 0.264053672552109 0.380532324314117 0.513659536838531 0.507946312427521 0.416335076093674 0.381448745727539 0.390677243471146 0.397300630807877 0.414918422698975 0.432764559984207 0.455358475446701 0.476191818714142 0.49858283996582 0.535632789134979 0.562607944011688 0.59160977602005 0.613588392734528 0.630334317684174
-9999 -9999 -9999 -9999 -9999 -9999 -9999 -9999 -9999 -9999 -9999 -9999 -9999 -9999 -9999 -9999 -9999 -9999 -9999 -9999 -9999 -9999 -9999 -9999 -9999 -9999 -9999 -9999 0.0245477333664894 0.0799553841352463 0.265153139829636 0.344144016504288 0.405317932367325 0.446722716093063 0.447546303272247 0.369668662548065 0.284617513418198 0.234224781394005 0.2558434009552 0.353431403636932 0.474864542484283 0.511092841625214 0.410225570201874 0.362628161907196 0.355066895484924 0.378265261650085 0.406729996204376 0.423895627260208 0.446273058652878 0.474439591169357 0.496991127729416 0.527938306331635 0.553565502166748 0.584234356880188 0.612152278423309 0.629214942455292
-9999 -9999 -9999 -9999 -9999 -9999 -9999 -9999 -9999 -9999 -9999 -9999 -9999 -9999 -9999 -9999 -9999 -9999 -9999 -9999 -9999 -9999 -9999 -9999 -9999 -9999 -9999 -9999 0.0247454922646284 0.0719001665711403 0.254978209733963 0.350452065467834 0.411126047372818 0.444262027740479 0.454492449760437 0.36985445022583 0.279262363910675 0.209209069609642 0.224844947457314 0.330927044153214 0.462393939495087 0.519755780696869 0.405587404966354 0.346766978502274 0.331638872623444 0.333747982978821 0.376750618219376 0.416763961315155 0.441086798906326 0.470878273248672 0.486913979053497 0.522111296653748 0.54485559463501 0.575075447559357 0.609645843505859 0.626354455947876
-9999 -9999 -9999 -9999 -9999 -9999 -9999 -9999 -9999 -9999 -9999 -9999 -9999 -9999 -9999 -9999 -9999 -9999 -9999 -9999 -9999 -9999 -9999 -9999 -9999 -9999 -9999 -9999 0.0255410522222519 0.0931068956851959 0.292085438966751 0.405567973852158 0.440573453903198 0.46030330657959 0.440540760755539 0.351658850908279 0.254611730575562 0.19488100707531 0.212509378790855 0.320892006158829 0.466219335794449 0.513502836227417 0.398128658533096 0.337259560823441 0.318969488143921 0.323451906442642 0.340938657522202 0.385484993457794 0.433578431606293 0.463721692562103 0.492708206176758 0.514229357242584 0.536285102367401 0.565165877342224 0.599355041980743 0.617656230926514
-9999 -9999 -9999 -9999 -9999 -9999 -9999 -9999 -9999 -9999 -9999 -9999 -9999 -9999 -9999 -9999 -9999 -9999 -9999 -9999 -9999 -9999 -9999 -9999 -9999 -9999 -9999 -9999 0.0258180592209101 0.1406439691782 0.385121077299118 0.453390896320343 0.456943362951279 0.469046115875244 0.419946432113647 0.328097105026245 0.240795567631721 0.175561413168907 0.196546122431755 0.325559765100479 0.480501860380173 0.496015042066574 0.376678287982941 0.318790882825851 0.305135160684586 0.311568111181259 0.327462255954742 0.349325299263 0.397755920886993 0.451799422502518 0.483640760183334 0.50215095281601 0.522552192211151 0.548328459262848 0.581293106079102 0.608873784542084
