data/03_saidas_enm/CCSM_Gower_6k_B.balansae4.asc
NCOLS 154 
NROWS 168 
XLLCORNER -112 
YLLCORNER -55.5 
CELLSIZE 0.5 
NODATA_value -9999 
[rows 56 to 83 of 168, columns 63 to 125 of 154]
-9999 0 0 0 0 0 0 0 0 0 0 0 0 0 0 0 0 0 0 0 0 0 0 0 0 0 0 0 0 0 0.181785651849813 0.274630171604368 0.316817637895479 0.33567912762876 0.32637634548309 0.314993774113516 0.276411610535186 0.207433833873547 0.148176217497757 0.0509115498898521 0 0 0 0 0 0 0 0 0 0.176441976981907 0.38689931658629 0.488195293482052 0.527444730484702 0.517565352000881 0.437078476841145 0.363616617109564 0.305485418575706 0.271804603719796 0.227570842752802 0 0 0 -9999
0 0 0 0 0 0 0 0 0 0 0 0 0 0 0 0 0 0 0 0 0 0 0 0 0 0 0 0 0 0 0 0.0399975313916849 0.0755508694160011 0.095312863583016 0.0540196791493947 0.00650893499828209 0 0 0 0 0 0 0 0 0 0 0 0 0 0.0830790829147489 0.324592882465863 0.434721388359615 0.513178476373672 0.477502267990683 0.416610240138968 0.357416400180359 0.310170715388467 0.277526049166464 0.247635853992516 0.0957501171954139 0 0 0
0 0 0 0.0584429344109804 0 0 0 0 0 0 0 0 0 0 0 0 0 0 0 0 0 0 0 0 0 0 0 0 0 0 0 0 0 0 0 0 0 0 0 0 0 0 0 0 0 0 0 0 0 0 0.225105149188086 0.358926002889703 0.437409687399182 0.44474770343866 0.40151601930753 0.362352474634451 0.327984841967905 0.3021885621791 0.278095644169612 0.240094728118259 0.194435986375545 0.0305172590448558 0
0 0 0 0.102699454396615 0.036766502826809 0 0 0 0 0 0 0 0 0 0 0 0 0 0 0 0 0 0 0 0 0 0 0 0 0 0 0 0 0 0 0 0 0 0 0 0 0 0 0 0 0 0 0 0 0 0.0929393909435982 0.236333623967744 0.348929121076142 0.399257387726315 0.369032693665025 0.337816153510254 0.317964891866501 0.324699849816639 0.231919435225781 0.12462821415647 0 0 0
0 0 0.253959401885727 0.19498199272503 0.119562969092806 0.0783614483923819 0.0745348069539017 0 0 0 0 0 0 0 0 0 0 0 0 0 0 0 0 0 0 0 0 0 0 0 0 0 0 0 0 0 0 0 0 0 0 0 0 0 0 0 0 0 0 0 0 0.0561983190141283 0.165739533344583 0.241105465509418 0.27104519071914 0.286732103283914 0.288630534409206 0.11437130298973 0 0 0 0 0
0 0.135186210256284 0.33073610271307 0.309300972540068 0.234038853950075 0.180524936472829 0.127105738213496 0 0 0 0 0 0 0 0 0 0 0 0 0 0 0 0 0 0 0 0 0 0 0 0 0 0 0 0 0 0 0 0 0 0 0 0 0 0 0 0 0 0 0 0 0 0 0.0354252069389575 0.0749002702129152 0.080433833301562 0.0853520162906498 0 0 0 0 0 0
0 0.0323426555181558 0.372331903761561 0.409755067354879 0.3429135193646 0.287068320724054 0.197437246998291 0.0551292544036175 0 0 0 0 0 0 0 0 0 0 0 0 0 0 0 0 0 0 0 0 0 0 0 0 0 0 0 0 0 0 0 0 0 0 0 0 0 0 1.36127943535236e-05 0 0 0 0 0 0 0 0 0 0 0 0 0 0 0 0
-9999 0.00487259976503873 0.398785173595311 0.500726731853932 0.381822980288961 0.33265601891675 0.218902423132425 0.0959085522133615 0.00308296634139216 0 0 0 0 0 0 0 0 0 0 0 0 0 0 0 0 0 0 0 0 0 0 0 0 0 0 0 0 0.00521424258414116 0.0534431615089001 0.0721662788684274 0.102828498830504 0.116412402965015 0.124233906584514 0.142987471986746 0.143187075822253 0.152252611864612 0.154136313423947 0.140544168366197 0.141676904952049 0.106982791608609 0.0898657868150995 0.0577578486772055 0.0207664261743881 0 0 0 0 0 0 0 0 0 0
0 0.246222944443142 0.423198841381947 0.473376284635819 0.383710254002719 0.370740676225998 0.259360787584166 0.164532021223656 0.0818091132703251 0.0343902337266884 0 0 0 0 0 0 0 0 0 0 0 0 0 0 0 0 0 0 0 0 0 0 0 0 0.050569768441831 0.0969528073075946 0.137172936788926 0.185045500843515 0.218685469984836 0.250105681391788 0.261390633099577 0.244566549916942 0.251028322875791 0.266953425456485 0.30781417769175 0.308038284539021 0.307089473793657 0.305135501737285 0.293224481887892 0.283558659647486 0.261929596128319 0.246488696808872 0.234350077117376 0.206294764788784 0.0653339091030296 0 0 0 0 0 0 0 0
0.187413423637387 0.329259830903269 0.410351597080249 0.39829081723263 0.355632035290538 0.377758507661909 0.274112572227705 0.16812757940615 0.119584030706779 0.0850664466137753 0.0622790794058505 0.053247721508293 0.0279571088065749 0.0369589728735924 0.0368534023095717 0.0566245048654298 0.0708137264984919 0.0775780497862565 0.0952804203694221 0.0985310742277206 0.114048212207561 0.121729880371677 0.109803789753189 0.110665616830877 0.0977544322723568 0.0906615997603142 0.0834307534706569 0.067230920060378 0.0667684741468245 0.0654664950216091 0.0799679175255921 0.0936928715673321 0.123125372289016 0.158248447373691 0.192729944897564 0.248175223436391 0.28191040560242 0.307622404467788 0.231379313318065 0.205414854034532 0.174675971897703 0.163159677126268 0.170349398517567 0.179249248565209 0.22434112720109 0.272667173972018 0.315560922456665 0.360240856792667 0.389222894940176 0.400234200822911 0.393519354304014 0.359907093112024 0.25378742309987 0.149364369044439 0.0181964007830674 0 0 0 0 0 0 0 0
0.207605028851169 0.338011459430706 0.430327933475361 0.3305022876357 0.291821605854371 0.342976851587317 0.309477167085878 0.232563358212581 0.176914658989589 0.135101168686619 0.105198414860945 0.0954723905076127 0.10580876366 0.108881760562576 0.116824709366651 0.134770577544891 0.15078269139844 0.177356806208006 0.195631010117404 0.212744024569134 0.227375219927493 0.237447363056867 0.245159652756808 0.244490056056992 0.241819476448165 0.233481483807976 0.227785444411679 0.224240459473904 0.217813406813019 0.222374020480091 0.22606526011872 0.237088232296764 0.264494518426565 0.28874890298244 0.324712141637116 0.35918937701332 0.340123149596652 0.271461648127243 0.208765038347755 0.176123761142829 0.15055117014831 0.139349914316615 0.143998669063434 0.151492233157642 0.177513831856717 0.205503072659202 0.232909916108013 0.258258582365953 0.269500955412209 0.264701437545332 0.239603335346082 0.195805394218212 0.13082629643414 0.045810567651781 0 0 0 0 0 0 0 0 0
0.219155963579166 0.335864265484777 0.390179594073356 0.212611898022101 0.223833133345379 0.281681289981504 0.344469006190859 0.261813170678039 0.21031434015857 0.190979486055021 0.15551376205672 0.154907143359763 0.168831007264527 0.162973619265864 0.185407407493552 0.206600459667674 0.234116728869869 0.265365037509606 0.284381896071998 0.309843040945277 0.328525196578978 0.346992556162893 0.361197351695101 0.362969884645716 0.36989428425296 0.364292665596118 0.3647534286264 0.364494426529427 0.356853419369729 0.362862931919833 0.363110437205999 0.369863680066447 0.391369089255299 0.403923606656031 0.432581529990489 0.424236809160015 0.344709552886647 0.281007019139645 0.215079908957865 0.193051506035415 0.165164961750052 0.151155187821377 0.149077899812469 0.141048267620432 0.154751882383403 0.160697856293855 0.166931843744804 0.175049501522946 0.169358917635334 0.146305286888769 0.109723513435742 0.0575421004243245 0 0 0 0 0 0 0 0 0 0 0
0.207748339265641 0.29524087453222 0.354434539850109 0.211614178193643 0.216618413459781 0.255695499936426 0.334990395861736 0.290394809087271 0.231243075563119 0.212109299986604 0.197929620475187 0.201767114814669 0.207118423379891 0.215213785890609 0.229043529777326 0.258820356512803 0.28589858450044 0.318598267191733 0.347569663679998 0.374639147614346 0.401728340367219 0.420732956098385 0.438107887331518 0.449763172537713 0.456984320561916 0.459102494893644 0.456888788458701 0.454079212405691 0.452705794960344 0.456624795589937 0.462299956572602 0.468995339346677 0.475350897534196 0.483845857670338 0.495607067237664 0.473931306325436 0.399547176566456 0.338846392521017 0.284189839016131 0.250180883570977 0.22021975381663 0.199915185288711 0.185731676650621 0.168742352455476 0.158811097349606 0.142533699385931 0.12796063892162 0.109780459812717 0.079468578983917 0.0466581999951612 0 0 0 0 0 0 0 0 0 0 0 0 0
0.0515575487050197 0.24815913336367 0.285901491140289 0.156492023606267 0.0526002555421379 0 0.0197568339894288 0.20489258009615 0.246553843475741 0.260140708559514 0.2512972321456 0.267388233321186 0.269271281389766 0.259464258881425 0.286647658398905 0.310022213074255 0.345464613814013 0.387378215430802 0.40507619663801 0.440918279263312 0.465813576323027 0.491797785606275 0.494421499263397 0.488772457055705 0.489101591021957 0.489443472695802 0.487313452311938 0.484030434502548 0.481218271506432 0.483726359599637 0.488421006809167 0.493737798251684 0.497648508196142 0.504072667127953 0.513736239852222 0.524114494569497 0.477160648496333 0.421439294261298 0.365008716334718 0.331833880533322 0.293111309383167 0.264125410464338 0.239298334411776 0.207325356722401 0.1809750133454 0.143498892216016 0.106269860451134 0.0642430481664682 0.0109016664118557 0 0 0 0 0 0 0 0 0 0 0 0 0 0
-9999 0 0.213696986919543 0.0238131198959856 0 0 0 0 0.265121161686191 0.289894940707556 0.299435107663655 0.314937909328611 0.310270123177703 0.314010634862645 0.327979098065668 0.356263114809233 0.390805386973329 0.421020596126502 0.452807826447451 0.481499355399412 0.515018966579714 0.528964296029406 0.523588316575344 0.519346540249302 0.521519697130259 0.526291079929269 0.525554767351739 0.519184155025423 0.514182627793951 0.514781988226812 0.517072399083246 0.519930129679614 0.523151092022449 0.52721845228077 0.534235613375639 0.541807440006815 0.550336435587194 0.509879913281928 0.457873779288455 0.414452070325751 0.373907987266661 0.336172229265985 0.295720225602885 0.253949575495324 0.211329748735855 0.161218481306403 0.10821781262081 0.0459632611575004 0 0 0 0 0 0 0 0 0 0 0 0 0 0 0
-9999 0 0.200270564342884 0 0 0 0 0 0.102971713701374 0.350648946816652 0.35643848165576 0.378062363513719 0.388148513321047 0.365526629634867 0.388005896192627 0.408132202780954 0.441296962698132 0.478374859955472 0.498036852687644 0.531054447065085 0.533028621956876 0.534390110093755 0.55038873547312 0.548709092533604 0.55409903524684 0.563142053305573 0.563102656967188 0.555228625512454 0.548931756648652 0.547579377596034 0.548091467659055 0.549067960761579 0.550013846898681 0.552330501202045 0.556642405503851 0.561481360503508 0.56702415103592 0.572931918722196 0.546665342422104 0.501207076587922 0.45160079804717 0.404255001114476 0.352390557428459 0.299393942552752 0.247256735372953 0.185993243907574 0.118960987935347 0.0410896164812724 0 0 0 0 0 0 0 0 0 0 0 0 0 0 0
-9999 -9999 0.0764521995873285 0.0332901844467199 0 0 0 0 0 0.382483939793763 0.41057323364162 0.41624550155795 0.420799265169164 0.421260571811224 0.430039456736256 0.455813837656077 0.461216647440025 0.485247381496198 0.506293983837267 0.505225438158937 0.495515006303353 0.496841696021398 0.51466827351969 0.534883812660962 0.552336056206653 0.571259227886918 0.597152995347658 0.589963230084174 0.583745714920948 0.581973066701575 0.582053854129655 0.580442905438399 0.578942229093032 0.577636913704149 0.580606724389783 0.583220596638429 0.585797690659785 0.588402025503727 0.590531110847915 0.571848960706099 0.519074340181312 0.462940076453567 0.398518474048153 0.335073839825349 0.273697034721718 0.210567439438654 0.136339670918148 0.047181913624765 0 0 0 0 0 0 0 0 0 0 0 0 0 0 0
-9999 -9999 -9999 0.176986146640741 0 0 0 0 0 0.385050949585441 0.464357257717528 0.483452089871522 0.485958527638739 0.481093005594925 0.492258340444812 0.460925377982382 0.450254263964539 0.465119423952328 0.478763582836967 0.47523045587473 0.46686955019955 0.467070561258344 0.479077688756971 0.495396474189199 0.511372043485669 0.531503681631531 0.560570232063243 0.596718698281751 0.619041625888547 0.617598232151651 0.616304594369399 0.613040158915188 0.609383239517686 0.606582151547075 0.606811847160492 0.607379279105188 0.607626486972819 0.607112289953726 0.606387305901347 0.609796668349738 0.582099308561595 0.519152906877681 0.447382712341136 0.375336665693752 0.307874898912138 0.235663611252244 0.158412086633649 0.0713476395501532 0 0 0 0 0 0 0 0 0 0 0 0 0 0 0
-9999 -9999 -9999 -9999 0 0 0 0 0 0.231085552377421 0.509237823024549 0.5283177318786 0.536245161723018 0.526231477100705 0.494473563239692 0.467177967916476 0.456627605956295 0.457807155244703 0.460267804976483 0.454907928325553 0.447709101948557 0.445662738717925 0.451628846550813 0.460288801137847 0.476306362757044 0.495761941237001 0.523101703784122 0.55914985429449 0.594488871197977 0.636081887217089 0.649870690246289 0.646924916313949 0.639640865805184 0.635732898643777 0.635223530585148 0.635384689868118 0.633032346139221 0.628467116732431 0.62526778497412 0.625816948321396 0.625195525107893 0.574180866583583 0.496997677617358 0.419969691658212 0.344803176591165 0.263915770581643 0.187329070784411 0.112090552332241 0.041760232459615 0 0 0 0 0 0 0 0 0 0 0 0 0 0
-9999 -9999 -9999 -9999 0 0 0 0 0 0.061691449914942 0.520286921209261 0.563678810609525 0.572083965328336 0.574306920767192 0.517533371220369 0.484136927145186 0.465042549560721 0.456486488329918 0.448102952100182 0.439874799046853 0.431718623640172 0.426195622966339 0.426180488742763 0.431427379921003 0.445293842018267 0.46480540168237 0.490287882274272 0.522527948123588 0.558864942240287 0.597215502335252 0.638599110117949 0.67256257804984 0.668309643583654 0.66559115494023 0.665485557792725 0.66555426450818 0.662086609608468 0.654699293317791 0.649077880493618 0.647134772463289 0.646042554694626 0.631677789548841 0.556331362538267 0.476585586608168 0.398855712422984 0.316064753113969 0.243190957095506 0.179030342831346 0.117451812426227 0.0729104797806258 0.0332393171170643 0 0 0 0 0 0 0 0 0 0 0 0
-9999 -9999 -9999 -9999 0 0 0 0 0 0 0.247550121475496 0.524865817132403 0.586609554443205 0.58764941246767 0.561255158633946 0.514771163075377 0.486262893045824 0.45847945065857 0.439901464107439 0.431166494733651 0.420941615099631 0.411472906136413 0.406164306963236 0.405890719838239 0.417971884061552 0.437440531252429 0.461680068690843 0.49204587162575 0.526860183968327 0.564038813363622 0.60413307795618 0.648710006913354 0.687384411434081 0.687307775582166 0.689821124831953 0.690917253144331 0.687312562985312 0.678374481312713 0.6709646991354 0.669673471677648 0.668725466117279 0.670134633246271 0.614542721236353 0.543851419245276 0.463240830539422 0.384304851393764 0.316686144257978 0.258500652727738 0.209659965139809 0.164212895542456 0.126098202836689 0.0936376097295556 0.064206563877491 0.038636289345764 0.00535914310437924 0 0 0 0 0 0 0 0
-9999 -9999 -9999 -9999 -9999 0 0 0 0 0 0 0.159102458605157 0.406318265800241 0.597882797211985 0.612051225694516 0.578648589763191 0.516700885969803 0.484917549367683 0.455946109037448 0.433218443213459 0.41371646469685 0.396229770201743 0.385360875303778 0.383288657774538 0.390788746572279 0.406855706760519 0.428976176209721 0.457022183219852 0.489011884483663 0.524772111538198 0.565997614300709 0.609681469636063 0.657265321728369 0.706776625294641 0.715023880913347 0.719707507121885 0.717375991921257 0.707023066389895 0.697681845477421 0.692043190521607 0.690231420242154 0.691589097852941 0.670026149004153 0.602083819147058 0.532200962670459 0.46219070074029 0.40207540266558 0.350763628394068 0.304092115172471 0.265202372624146 0.227994189024393 0.196114448962405 0.168637339475563 0.138822725992823 0.110523272214749 0.0801173816042997 0.051324521251487 0.027001082817663 0.00211609519529588 0 0 0 0
-9999 -9999 -9999 -9999 -9999 0 0 0 0 0 0 0 0 0.319863296966231 0.57465046980469 0.612214745852444 0.599390506466277 0.529237267304878 0.504322101320023 0.444090400990005 0.407830602995856 0.381871355753605 0.364446098999442 0.359136418810296 0.364980120888472 0.375935857402669 0.393910540523428 0.420268592573832 0.447611540257292 0.484331329850403 0.52390248566753 0.569239890055528 0.616976783122973 0.661813001482021 0.710978778884361 0.720258736414638 0.72854494980782 0.73251690655629 0.723662803913868 0.716086484936511 0.710190598487729 0.711550287472754 0.71068135793108 0.655385241918505 0.597549150192755 0.54106066069637 0.488475604043412 0.439723135080152 0.397484559488566 0.362646889479501 0.331145698045472 0.300162429084065 0.268441366723343 0.238222916560495 0.209764012926892 0.184792737065515 0.160861746036403 0.138326809916726 0.120953338975207 0.099419693897459 0.0809426214740219 0.0611536589559342 0.0434350350583774
-9999 -9999 -9999 -9999 -9999 -9999 0 0 0 0 0 0 0 0 0.199982614533901 0.569754646688168 0.607041866287332 0.639094870720069 0.660250161251549 0.562230736938882 0.465721453328165 0.375905588955517 0.354131404955274 0.342192214162648 0.343176749457047 0.351243741046228 0.365101374846406 0.386251182039486 0.412477710480244 0.447349033545985 0.486021311715073 0.531945186570487 0.581693966180673 0.630205021113271 0.679575792603483 0.69549760981319 0.709010155824141 0.731659030621278 0.742168433494926 0.73547790293457 0.729075632242661 0.730001629046904 0.735717489189902 0.709302470584783 0.666082667092896 0.619291083883236 0.574929470142596 0.53471915076415 0.498071937237242 0.468589736165183 0.439581637811262 0.409578232610957 0.378199813704915 0.345233845631949 0.318127177153294 0.291471060687722 0.270306505348198 0.255407402745883 0.238359587865235 0.222405143422507 0.203891393671527 0.18413486163253 0.170343607360586
-9999 -9999 -9999 -9999 -9999 -9999 0 0 0 0 0 0 0 0 0 0.267831364854729 0.364508746448734 0.467470691597983 0.598051819993394 0.638956001043059 0.637587279170315 0.482727340232274 0.379509786283143 0.346707978206718 0.347777103000746 0.332071305100285 0.340952018591416 0.358678788716458 0.378919821817682 0.412449694149696 0.452009203306673 0.49708043325061 0.551487844747575 0.605023989546061 0.656076049730853 0.672619808622339 0.691837886872627 0.725744252916981 0.743091325708136 0.74865378379415 0.744719486019079 0.739101506755927 0.743442133351586 0.749997413972452 0.723957958516784 0.690382400390813 0.655177339382905 0.619575429690979 0.593513678970173 0.564702479953588 0.542645314284802 0.514755681382383 0.480580519731887 0.451142138414314 0.422157590765447 0.396464157628601 0.378543229313859 0.367363979878689 0.354372291347188 0.337063488325285 0.321123328736442 0.301727971854462 0.284025563196451
-9999 -9999 -9999 -9999 -9999 -9999 -9999 0 0 0 0 0 0 0 0 0 0 0 0 0.207792510052162 0.539091414682886 0.605757687556313 0.662831723410116 0.498162530236274 0.403654908558918 0.362811963191921 0.329528118512296 0.338306952682901 0.356678909172523 0.383802680868128 0.418738504553394 0.464910968039505 0.520834954857288 0.578961157809285 0.634324000819513 0.678042931156654 0.696258424929073 0.721506228355337 0.738636094203463 0.746608516883176 0.737266350159827 0.704919782142229 0.703683161907973 0.70314648190881 0.705280526421307 0.699429269425232 0.705729745579795 0.693326547384276 0.670862134687383 0.646734990736723 0.625544568229352 0.601657783031859 0.57520455009917 0.551437255774041 0.528742483721701 0.5087496724779 0.493251764243801 0.481770023375683 0.469589675937151 0.452709997647503 0.432260650195072 0.411928477152213 0.39556614221949
-9999 -9999 -9999 -9999 -9999 -9999 -9999 0 0 0 0 0 0 0 0 0 0 0 0 0 0 0.234014482782762 0.571964116280471 0.589521794110366 0.601732913641752 0.448210963612488 0.350972135783842 0.32705403973094 0.338111468961715 0.363499038925326 0.391267276308197 0.434864740450639 0.494900764020906 0.554578212020177 0.61358996008992 0.675384075965566 0.696767494621644 0.71567135599662 0.734220263298283 0.742803027221281 0.718474691388931 0.691746151458938 0.693678909283039 0.672654844242594 0.689589544584642 0.680091297287214 0.685806166073771 0.717343024163487 0.728780049026648 0.704673778979593 0.664365331114279 0.670185598859683 0.651728512362447 0.627509299045126 0.612765803921386 0.593199415848339 0.576729442243254 0.574379682695388 0.558884941726242 0.555302273942831 0.53564284030254 0.517214220559174 0.503127424242658
-9999 -9999 -9999 -9999 -9999 -9999 -9999 -9999 0 0 0 0 0 0 0 0 0 0 0 0 0 0 0 0.384571437653433 0.637251014747484 0.599722687230679 0.416716284012752 0.358542400534948 0.351184465337223 0.361229896320273 0.382629778541009 0.422114337257421 0.478341819308695 0.537101709961356 0.596774293388764 0.655622331885287 0.668970588017822 0.71136669521951 0.728153035880115 0.737651253555061 0.732719907502767 0.72660195832005 0.73680496253655 0.739112407672302 0.73202934712595 0.711660604616369 0.709736466121494 0.722610194849655 0.715870893433613 0.714611457327877 0.702465047880585 0.709165619110715 0.697102051039467 0.651978872832919 0.619093086918807 0.599207910416132 0.584752771892225 0.584476522162934 0.582147412093466 0.573387752263597 0.564033829114525 0.582689334989941 0.609616570070168
