data/03_saidas_enm/CCSM_SVM_21k_B.balansae2.asc
NCOLS 154 
NROWS 168 
XLLCORNER -112 
YLLCORNER -55.5 
CELLSIZE 0.5 
NODATA_value -9999 
[rows 75 to 99 of 168, columns 56 to 111 of 154]
-9999 -9999 -9999 -9999 -9999 -9999 -9999 -9999 -9999 -9999 -9999 0.123671409195309 0.129061725946681 0.136718444252336 0.163123175515983 0.21356910600391 0.271904711552736 0.291978899847057 0.304102313790383 0.268948533612304 0.240367765099962 0.224011746502684 0.214743777327143 0.202180445918172 0.182542605997439 0.170607712303471 0.158878772327317 0.163355585448289 0.162164519854976 0.164868469357447 0.174600571144903 0.187665089811376 0.209615447923868 0.229411277592359 0.252912039598084 0.276138421769909 0.291874909643126 0.30674236587251 0.312207293690072 0.314581074457995 0.315416960791179 0.308773441807384 0.305796164469138 0.297221062221256 0.288955970208943 0.287963569082583 0.271755550171454 0.250668410676288 0.216656642654767 0.166016934079771 0.118338988148714 0.0801915896126686 0.0438236618456986 0.0194035041903507 0.00496284892113658 -0.00317719566550634
-9999 -9999 -9999 -9999 -9999 -9999 -9999 -9999 -9999 -9999 -9999 0.121387346373754 0.126037868067215 0.13287412291657 0.15359823893424 0.183060858291765 0.219118693786208 0.225338626095718 0.223930133790361 0.217969660491892 0.226723192845159 0.236099365186412 0.235942442572558 0.227848544112501 0.186590113207719 0.172908276390649 0.160767352189655 0.161207523854422 0.15930586028446 0.160195185032785 0.163657844591467 0.175613688215028 0.192980457480576 0.210814230718495 0.23832986107503 0.259360956129379 0.284734061012855 0.301909396604362 0.315581016772353 0.332598208219801 0.332251340473767 0.329317831415729 0.323564258608864 0.320293706257893 0.332596632589333 0.348045070946851 0.340893325394436 0.326524547951768 0.300536551621818 0.254125216108751 0.215469018199938 0.169274994081685 0.125742897461408 0.0976086195993074 0.0780255616902012 0.065873512438839
-9999 -9999 -9999 -9999 -9999 -9999 -9999 -9999 -9999 -9999 -9999 -9999 0.12724990093071 0.133375333119786 0.144564357626454 0.160118874081861 0.157186250008708 0.149188524241117 0.148182824595667 0.163325091174129 0.191366251366645 0.226996763247038 0.246699586775906 0.243619443866627 0.227807532404569 0.196670888474088 0.180557136341929 0.165473188711698 0.154765876703063 0.147571528634355 0.15369230316815 0.15634614545083 0.172022309307627 0.188269914753355 0.212229926552261 0.238974965305904 0.268505050449383 0.293926474798864 0.314371773379995 0.333064769741736 0.344417672713029 0.343479967621733 0.340612816247929 0.341369984654482 0.358981497867138 0.381715408782957 0.385518810931137 0.38221437844659 0.368055945677271 0.336892142944534 0.305463873747356 0.268424658226779 0.23213187203177 0.202785438424644 0.176374302059537 0.156564905048688
-9999 -9999 -9999 -9999 -9999 -9999 -9999 -9999 -9999 -9999 -9999 -9999 0.131325769969552 0.133168571089064 0.140521112077572 0.141867266555998 0.113465254731628 0.115816775598912 0.121084291753857 0.135823785822292 0.173863830985607 0.202465229193485 0.238154403270937 0.268004379591577 0.263576303719506 0.259224761705056 0.204811855991528 0.176051360991876 0.161563106819513 0.138848196450935 0.151427617849733 0.150091412857547 0.158169808841143 0.172707301775371 0.196388422048903 0.216805200455902 0.251403195128842 0.282819169564805 0.310535881560235 0.339021309109074 0.354351552382608 0.363170787558745 0.368891112561237 0.372042916814805 0.390434344598515 0.41417620287748 0.419396611794271 0.421389257098399 0.419477557229668 0.402167246566553 0.38516646241665 0.365689122807017 0.3398363661872 0.314344570572182 0.277373527002975 0.251490972332772
-9999 -9999 -9999 -9999 -9999 -9999 -9999 -9999 -9999 -9999 -9999 -9999 -9999 0.129116594902451 0.12876593010732 0.109708957417078 0.0906524704250498 0.104939156209452 0.111476067586216 0.116216896587025 0.141627177284773 0.177101845062012 0.221705214953912 0.282726261675984 0.331978385395144 0.327249265271041 0.275940109847511 0.21532770305395 0.176684504832141 0.16678768970945 0.163294789431079 0.155365277550623 0.157595529319718 0.164410229640491 0.173978198036066 0.199338911977525 0.224393140219335 0.258113655406966 0.290505690595122 0.327312772962399 0.3600918769328 0.380870421735788 0.396968638422813 0.404265901324908 0.410877910763874 0.425909175311931 0.437208504121863 0.450284328699893 0.457199013629381 0.456512579898726 0.453764800287013 0.443732223309156 0.428657286111683 0.407431257122481 0.373134986496349 0.347218930570191
-9999 -9999 -9999 -9999 -9999 -9999 -9999 -9999 -9999 -9999 -9999 -9999 -9999 0.127978922786851 0.126174030285158 0.0842349299125957 0.0841111005537305 0.105204677994838 0.110701188842255 0.111100693636578 0.118679720603601 0.124994539339152 0.14042220165008 0.134836054326779 0.169403754303415 0.311472604689134 0.32187260756365 0.278410493457487 0.22883943232766 0.19711150684107 0.183535582231237 0.166887240429807 0.156665431400754 0.161461233944585 0.161158022655072 0.182457754906069 0.201209749028321 0.235696153587659 0.270611889956661 0.319492088867754 0.364474326636016 0.394200760315088 0.418456163233245 0.431948847898966 0.434465194903702 0.430376916433177 0.455193828740822 0.471731883641597 0.482383207460733 0.494005092710758 0.501576720196695 0.500156119231748 0.49206519884989 0.476812954090573 0.443824483949475 0.425204524685894
-9999 -9999 -9999 -9999 -9999 -9999 -9999 -9999 -9999 -9999 -9999 -9999 -9999 -9999 0.125135838578606 0.115143795239164 0.0935266936115727 0.0947164268566411 0.100517631006355 0.108363868903904 0.116234155863489 0.123432333022157 0.132243505867129 0.131747281205348 0.11786806663757 0.087340962398548 0.0927393519472549 0.234311204146697 0.325525591420034 0.30085743338194 0.234962597150715 0.195479615643533 0.166013268934371 0.154467269618145 0.156904079113621 0.165407556665367 0.173979573597001 0.199614165903015 0.236123879678951 0.289858395011061 0.345868075140023 0.384175028115994 0.422459993792671 0.445001041653833 0.449978270754267 0.461009922244004 0.473824240997291 0.491454866589017 0.501448956575155 0.510418917074834 0.520489455976122 0.525155291207678 0.525321852929709 0.515301754266625 0.486860490742023 0.470605520459186
-9999 -9999 -9999 -9999 -9999 -9999 -9999 -9999 -9999 -9999 -9999 -9999 -9999 -9999 0.129703756562268 0.117642085833713 0.110585898008364 0.0817951735209313 0.0855094463835929 0.102571819963776 0.115639910738979 0.132861042178756 0.138568673954298 0.138858812135024 0.138393442115593 0.137580829227998 0.130746559588087 0.082183142547086 0.0988782371288947 0.167027956045804 0.262515129034371 0.244928172506785 0.187438100562477 0.156538444124475 0.145148787877332 0.137675989090866 0.141665226758455 0.150759064561496 0.186784999952104 0.252625022130158 0.323166465219409 0.365808097668846 0.415292027727313 0.449204078696902 0.465441786660208 0.476060845260364 0.490359208926467 0.506739979454723 0.512692970199831 0.516047445433118 0.52365637102224 0.531435062242162 0.538054528981833 0.53405388036187 0.508954042899669 0.493945999813671
-9999 -9999 -9999 -9999 -9999 -9999 -9999 -9999 -9999 -9999 -9999 -9999 -9999 -9999 -9999 0.125492785410859 0.127687859957258 0.0838739808800941 0.0676528985842575 0.0944123018872997 0.121895902218552 0.133044490967751 0.138344021174117 0.138850063547278 0.138920110244845 0.138964183384352 0.138898255769512 0.138751730142005 0.136512043103471 0.113275745397302 0.181219723094104 0.31128464267453 0.239981491251678 0.179465106646663 0.154847232370454 0.125736296900193 0.127634435991374 0.12930148787234 0.153592005243764 0.19680086402635 0.254189036407137 0.338818910768914 0.408613633317173 0.444616825479463 0.468380529977091 0.48380501009768 0.50116663203704 0.515303187430978 0.517963143868166 0.511571300085548 0.510667680568394 0.52036024656238 0.530652565965709 0.531868552563295 0.522207342965673 0.50903105836935
-9999 -9999 -9999 -9999 -9999 -9999 -9999 -9999 -9999 -9999 -9999 -9999 -9999 -9999 -9999 0.131118258638858 0.127254715611119 0.101101275359851 0.0524768050949734 0.0782901508353863 0.121298498296348 0.129094306501646 0.13738483447569 0.138385842425959 0.138824118154772 0.138996771016032 0.138988477604799 0.139001689306893 0.138982912471661 0.135459125029824 0.149223969994301 0.285709488187275 0.348525982792423 0.274000932449545 0.212748695142476 0.144246236951814 0.153109055153575 0.141608621761951 0.139594851856941 0.157610221135712 0.167914799256814 0.30135358042283 0.408541317991203 0.443604854584585 0.46758804395314 0.484059769344927 0.499346372527026 0.516318864741424 0.51326694707181 0.494283640710557 0.482568993325387 0.494721443416167 0.514358217991893 0.524515738688746 0.526064207971325 0.524040885423915
-9999 -9999 -9999 -9999 -9999 -9999 -9999 -9999 -9999 -9999 -9999 -9999 -9999 -9999 -9999 0.130430348811443 0.139524446667884 0.125379840633936 0.0847604550744844 0.052685523471753 0.0727494929156269 0.103875742201614 0.122659842133908 0.131318404959878 0.134620555520345 0.137077565541231 0.138334748969556 0.13882876617683 0.138598155818717 0.135696715319106 0.132885358070354 0.201188494952785 0.402911346487355 0.441331057637502 0.352384610913678 0.272851080082157 0.22178715395566 0.179904349887369 0.172468339274735 0.154808160787001 0.173985553467866 0.318674714005435 0.428587960493331 0.448524263669667 0.461707912456689 0.477794589251679 0.494166143594439 0.504961162324097 0.498637773317583 0.477810193553458 0.459466567627452 0.474827166478604 0.497589550414335 0.516376170977532 0.534308766010133 0.53402197464861
-9999 -9999 -9999 -9999 -9999 -9999 -9999 -9999 -9999 -9999 -9999 -9999 -9999 -9999 -9999 -9999 0.141906905190142 0.115128080319407 0.123050064206601 0.0902068402928335 0.0517719382333593 0.0596847925526884 0.0889099762668193 0.107438733830142 0.115973388851515 0.119096732559135 0.129178028263485 0.134888142872891 0.134981410291181 0.134431802393496 0.13326844557595 0.142505405485351 0.266236118763434 0.466585280677882 0.535641551698174 0.465334520084129 0.380672692274257 0.289864860585845 0.275608536210844 0.263776771667329 0.249646859700075 0.391761442342617 0.456672794738398 0.448904874990165 0.451015756009491 0.465161046166226 0.475370209963432 0.484624609311743 0.479385764552937 0.461992402414096 0.446711419265876 0.475677930158175 0.504514735559796 0.532477697363061 0.553089774021072 0.540879940540828
-9999 -9999 -9999 -9999 -9999 -9999 -9999 -9999 -9999 -9999 -9999 -9999 -9999 -9999 -9999 -9999 -9999 0.142226084271689 0.130035060421261 0.126122572751743 0.125239140496198 0.0653483259365044 0.0569434327842611 0.076521068557093 0.0926696239497393 0.104414694432864 0.118134237802073 0.126110197015457 0.128714579290428 0.132518828296721 0.135084395259021 0.132886449206068 0.140072666997501 0.202719406599064 0.443651431458925 0.599781852575796 0.531320182457671 0.439927391752889 0.407955909468763 0.411700601671596 0.447677419002299 0.449620560294704 0.455995491753432 0.452512600247213 0.443993260403197 0.44692956490128 0.452408935780482 0.455410455966965 0.453011974415524 0.455917418131013 0.461608504495576 0.511802498194253 0.578172487029826 0.614047773367886 0.614319655103564 0.592140208011239
-9999 -9999 -9999 -9999 -9999 -9999 -9999 -9999 -9999 -9999 -9999 -9999 -9999 -9999 -9999 -9999 -9999 -9999 -9999 0.130409752317248 0.102268926846529 0.130014776306354 0.100984578651983 0.0734437906352383 0.07519404876506 0.0880946547999316 0.103101626094796 0.117715697459018 0.121657664028655 0.127606846511314 0.134084670894902 0.133437580141295 0.134385707919201 0.136695117800663 0.191679751693806 0.441406413715849 0.592014728067334 0.588739155790745 0.525195629064656 0.488658874040164 0.453225563120019 0.455101604571682 0.451708834920137 0.44771682714887 0.435702510092345 0.435265758763328 0.439410614452945 0.444821523822108 0.448653845238859 0.463784720379045 0.47767555150221 0.546733690605199 0.639592619895951 0.6817040722778 0.674332236137581 0.643943431944326
-9999 -9999 -9999 -9999 -9999 -9999 -9999 -9999 -9999 -9999 -9999 -9999 -9999 -9999 -9999 -9999 -9999 -9999 -9999 -9999 -9999 0.149745268594026 0.14466332053624 0.131616043748322 0.0969138264028707 0.0763625554133325 0.0860148868089088 0.103036231306228 0.112304678765005 0.118468765051822 0.122780407813623 0.130207708693731 0.13598297124228 0.135846271974527 0.135081734468817 0.163355766049132 0.323052323841485 0.583660896218424 0.619680707043982 0.561712331920098 0.480792914757287 0.449319306311989 0.429308818667326 0.43801839702532 0.437381936989483 0.437478136951155 0.449730102866391 0.470907106017408 0.489718937692872 0.496943397834651 0.524089479753379 0.600866539270931 0.685212093001383 0.724131464067498 0.722114593660777 0.693718705711764
-9999 -9999 -9999 -9999 -9999 -9999 -9999 -9999 -9999 -9999 -9999 -9999 -9999 -9999 -9999 -9999 -9999 -9999 -9999 -9999 -9999 -9999 -9999 0.150348806091442 0.141259228404085 0.102962260041014 0.0772877726656611 0.084471330966629 0.0955199494909076 0.104725909423778 0.110054961905587 0.120542937482134 0.131976361303679 0.134299396724393 0.133720129713655 0.134541233846284 0.164192174247683 0.3403843146512 0.584989574353199 0.63708768363056 0.508475761480336 0.439634668209564 0.393329792177994 0.405234691708098 0.423667516219201 0.438443576232888 0.463635920849865 0.493822875890744 0.516749560390039 0.536282843005204 0.571509700552216 0.642822985963807 0.721959714921935 0.759181499340157 0.755009182928107 0.730936967960128
-9999 -9999 -9999 -9999 -9999 -9999 -9999 -9999 -9999 -9999 -9999 -9999 -9999 -9999 -9999 -9999 -9999 -9999 -9999 -9999 -9999 -9999 -9999 -9999 -9999 0.138021613060173 0.127006379135845 0.074321983012348 0.0726773336449358 0.0922909164702394 0.100399109492932 0.105011837741055 0.115257156502887 0.121471152616029 0.129448249130525 0.133563099904444 0.131363562967726 0.160845796447012 0.338459316668234 0.639160125298159 0.578844610262297 0.457539436934813 0.364156889776537 0.372309750623342 0.403301233246235 0.431756150576294 0.467709580934278 0.498319106384147 0.534226855437171 0.567339432266373 0.60553386433104 0.675220636928644 0.751184841669271 0.782818581919001 0.780645541299427 0.756357619922004
-9999 -9999 -9999 -9999 -9999 -9999 -9999 -9999 -9999 -9999 -9999 -9999 -9999 -9999 -9999 -9999 -9999 -9999 -9999 -9999 -9999 -9999 -9999 -9999 -9999 0.139581957808018 0.132946917016794 0.124365140647447 0.0917848950419918 0.089339789817626 0.0927848865616621 0.0964805451311455 0.0985385140539614 0.0998263653649612 0.109427108577806 0.120532384838364 0.117508175846931 0.127951062258364 0.211513952219248 0.538890892201744 0.663330312476138 0.532171993915231 0.398194650945603 0.375360331309574 0.402437590451844 0.441124705002473 0.484059541958907 0.522080484314216 0.56393016143904 0.611406349359704 0.659858311587 0.720248746074388 0.779035193394112 0.802607227926718 0.795884165095531 0.774671967431362
-9999 -9999 -9999 -9999 -9999 -9999 -9999 -9999 -9999 -9999 -9999 -9999 -9999 -9999 -9999 -9999 -9999 -9999 -9999 -9999 -9999 -9999 -9999 -9999 -9999 -9999 -9999 0.121479777298138 0.126456347895262 0.112063039101323 0.111008283738344 0.105156620881635 0.105804677769628 0.0962052864341539 0.0871405499781702 0.0761507365617594 0.0852468102620197 0.101890434202658 0.159193995703445 0.419662465254403 0.663888282030747 0.608836575624322 0.452847301253762 0.39850455527663 0.410664483179547 0.456671874727047 0.499955655187965 0.553494674970106 0.606490443241395 0.663291710687307 0.721056542924059 0.760015764563365 0.800639293665725 0.821023435460866 0.804566804640495 0.783882518329124
-9999 -9999 -9999 -9999 -9999 -9999 -9999 -9999 -9999 -9999 -9999 -9999 -9999 -9999 -9999 -9999 -9999 -9999 -9999 -9999 -9999 -9999 -9999 -9999 -9999 -9999 -9999 0.103155679283792 0.110119397163017 0.130042768763342 0.116665679589705 0.112472287146276 0.113843243853887 0.108256528282835 0.0944771655655502 0.077607551584818 0.0660081316693745 0.0789132750172323 0.130466506396808 0.335656536983273 0.626797600851808 0.672734111171828 0.545727279742975 0.465194332157211 0.449311783706462 0.472550930789874 0.516769426669859 0.57827065604943 0.640006721991064 0.7055171718999 0.761969155534207 0.79843503262179 0.813266757531814 0.810793216642605 0.811023318991763 0.804743416775904
-9999 -9999 -9999 -9999 -9999 -9999 -9999 -9999 -9999 -9999 -9999 -9999 -9999 -9999 -9999 -9999 -9999 -9999 -9999 -9999 -9999 -9999 -9999 -9999 -9999 -9999 -9999 -9999 0.082985275609165 0.132325274022249 0.120937892578223 0.113353909041538 0.117871191728578 0.116606746405679 0.105371033472554 0.0857881973030382 0.0627317598696809 0.0642207836586554 0.103902170861946 0.276679041376549 0.583870116402634 0.708073974009731 0.598252147453384 0.507470730690099 0.48640312921403 0.471024987907967 0.526303797438004 0.584052608786522 0.651255242535015 0.731306606708156 0.791940945423388 0.821620853570483 0.804375661204272 0.797082316420825 0.830244945312351 0.838954848795298
-9999 -9999 -9999 -9999 -9999 -9999 -9999 -9999 -9999 -9999 -9999 -9999 -9999 -9999 -9999 -9999 -9999 -9999 -9999 -9999 -9999 -9999 -9999 -9999 -9999 -9999 -9999 -9999 0.0713038820616327 0.127900154018641 0.128016145924855 0.113707470808114 0.121268945278863 0.121527077718817 0.109041547039538 0.0870563291222229 0.0595068934171264 0.0559942970197215 0.093860734078363 0.245853361859676 0.540824173537718 0.70953451977231 0.619158382040945 0.518778409788739 0.506114158972988 0.526220495733663 0.560064426429609 0.594744535262041 0.658487482398526 0.753579151575426 0.819149249803702 0.849477332043911 0.832888570275656 0.831131673431108 0.85941324424162 0.885922140973958
-9999 -9999 -9999 -9999 -9999 -9999 -9999 -9999 -9999 -9999 -9999 -9999 -9999 -9999 -9999 -9999 -9999 -9999 -9999 -9999 -9999 -9999 -9999 -9999 -9999 -9999 -9999 -9999 0.064719706130346 0.125633969807881 0.132177088387755 0.114686680849222 0.125100069552539 0.126046138310682 0.111153711316392 0.0870578385552178 0.0578053216074484 0.0534619656914124 0.0845220596350821 0.222257810842092 0.496558048415177 0.690093857485925 0.588264953842693 0.479368229553494 0.460327528309665 0.478504360431828 0.567122847081225 0.604227006649361 0.650789098283403 0.766362173177636 0.845822136109376 0.867186707194307 0.855591644306427 0.870895271075146 0.910394946983226 0.921735708392638
-9999 -9999 -9999 -9999 -9999 -9999 -9999 -9999 -9999 -9999 -9999 -9999 -9999 -9999 -9999 -9999 -9999 -9999 -9999 -9999 -9999 -9999 -9999 -9999 -9999 -9999 -9999 -9999 0.0609271398198655 0.129234679005001 0.129264089948317 0.114539870224507 0.123389177970463 0.124015359282124 0.11012050712681 0.0821227674292691 0.0563059944249547 0.0578916673709531 0.0897963828344998 0.226175361907967 0.499704295374959 0.652069421868218 0.548317408281197 0.427137042898324 0.393024515836212 0.421740335696621 0.524608432768817 0.625611994433083 0.696162733863181 0.7659479529414 0.826181693495239 0.861587899128413 0.881787482726941 0.916325422047279 0.950453697063923 0.960929633834772
-9999 -9999 -9999 -9999 -9999 -9999 -9999 -9999 -9999 -9999 -9999 -9999 -9999 -9999 -9999 -9999 -9999 -9999 -9999 -9999 -9999 -9999 -9999 -9999 -9999 -9999 -9999 -9999 0.0579349729614133 0.134564485542135 0.120945126701678 0.112601219187182 0.122180748893339 0.122878437331993 0.108548208186765 0.0827646911930826 0.0579757614578668 0.0663530480922994 0.0985624327426239 0.247649209354225 0.515780820384295 0.624254606697553 0.486608705925727 0.371284711738783 0.339565520959959 0.353711066835127 0.464610590187489 0.579486171256885 0.675903711350927 0.740864576479431 0.760806221818745 0.841858066949644 0.893456843024663 0.936765182104223 0.967866612079637 0.972990978363343
