data/03_saidas_enm/CCSM_SVM_21k_B.balansae3.asc
NCOLS 154 
NROWS 168 
XLLCORNER -112 
YLLCORNER -55.5 
CELLSIZE 0.5 
NODATA_value -9999 
[rows 75 to 99 of 168, columns 56 to 111 of 154]
-9999 -9999 -9999 -9999 -9999 -9999 -9999 -9999 -9999 -9999 -9999 0.193072654070039 0.189381621498963 0.178069022752091 0.183035444875186 0.196454094969477 0.219242905669682 0.234510547601912 0.240762794687272 0.208588077128832 0.183542244572196 0.172653027320798 0.167907979398634 0.159871257252347 0.149432183105365 0.145294990722309 0.136258771252224 0.13150766575502 0.124237076873596 0.117231471566113 0.113447621527679 0.110323244943 0.113275991732244 0.11888455941905 0.129974203189858 0.143939112725621 0.155024201411673 0.167923329026936 0.177894478589802 0.189237171597033 0.200206806968988 0.207922555061089 0.216497625037694 0.223112730142279 0.231773278723399 0.24253288739231 0.238875560109838 0.227311406375835 0.206534186814881 0.175567153376975 0.148405816332779 0.130382734798644 0.114559845081066 0.104796261463366 0.100084088668095 0.0978945337502782
-9999 -9999 -9999 -9999 -9999 -9999 -9999 -9999 -9999 -9999 -9999 0.193085754210994 0.19095472798941 0.173928186797137 0.17972378045527 0.188820129635386 0.200442052649456 0.214182473083055 0.218367248926912 0.207939662632345 0.190461563811116 0.179638551268026 0.171545095607091 0.162575742951667 0.145228584742394 0.140723533410174 0.133605049505839 0.128394721205463 0.120987328510754 0.115669479637515 0.111555185823895 0.108162003540696 0.108744843946962 0.113314523966522 0.125352198875213 0.138521811306649 0.152562445078635 0.166543264807374 0.181035476037421 0.201498194912665 0.215281396655956 0.221736027329634 0.230484279096646 0.240215734828538 0.259692733295452 0.28365334823055 0.284769526191003 0.278140936817245 0.263445929029641 0.234379536148101 0.211319504023566 0.184359747278518 0.160947938588965 0.146349003170917 0.137443225914925 0.133254112499152
-9999 -9999 -9999 -9999 -9999 -9999 -9999 -9999 -9999 -9999 -9999 -9999 0.193939079279253 0.188919085669016 0.182586212041784 0.181736617056706 0.180215863378956 0.188472561422308 0.195046330677594 0.202242180864786 0.201771961818242 0.197160371418697 0.182508923001359 0.165795217246511 0.156906322764994 0.145381692460039 0.134785762001237 0.1242012063822 0.115629891425983 0.109547211419064 0.107758887668848 0.101997476798137 0.101995812552556 0.104888888153446 0.113637516528088 0.127360551130102 0.143021103060903 0.160007538996122 0.177439052197894 0.197328038084609 0.217291494673543 0.228085407723317 0.23939294545343 0.252141497569443 0.275620850975092 0.301546880660371 0.310977171192813 0.313499813187604 0.307975224861962 0.291801043067783 0.274524798834385 0.251019884676893 0.228029666964745 0.210773359511595 0.19717965258304 0.188608057674465
-9999 -9999 -9999 -9999 -9999 -9999 -9999 -9999 -9999 -9999 -9999 -9999 0.193798531808468 0.193883563514991 0.189940091193351 0.172692763503888 0.162263748022334 0.182197980373176 0.185678925845741 0.188737328173656 0.202282042362379 0.208863579967496 0.198749446177204 0.187435137134459 0.177180271519347 0.176573542918504 0.142395449445541 0.123044409772149 0.111905572827501 0.10409674734109 0.106279670385812 0.0997494239527956 0.0981536704919409 0.10005297399856 0.106643183699621 0.115122275153983 0.132312833606589 0.150377349026369 0.169698557513248 0.193758911492831 0.212655645046504 0.233068474199274 0.255840428041358 0.271795710275263 0.294419935767024 0.31787998450658 0.328493656415783 0.332066523108608 0.3358404631939 0.333929841005272 0.330474836447356 0.316703046906922 0.297023153503263 0.280594840631811 0.257655245071513 0.242410917512615
-9999 -9999 -9999 -9999 -9999 -9999 -9999 -9999 -9999 -9999 -9999 -9999 -9999 0.194124532188148 0.1917346071479 0.163728157814091 0.151756262376987 0.179190406304853 0.183913970437605 0.182308937003672 0.186406648569469 0.198437332470164 0.214485644772652 0.235437421726022 0.249726107405011 0.225670015799604 0.179226454341953 0.135342446609354 0.112840302200995 0.105513977879999 0.104026257167617 0.0987703741153346 0.0967761026306614 0.0964586005337743 0.09827149380367 0.108258155274578 0.11845216952642 0.135751556451449 0.155330162211017 0.18132405348099 0.209107985280389 0.23591549626618 0.266527354752115 0.29016225055732 0.310294214546387 0.329769350925485 0.338596075970794 0.345166179895374 0.352151429495154 0.36143967138413 0.369464667679667 0.364238620491256 0.351246392413434 0.335908243885698 0.3121038484878 0.295305543337139
-9999 -9999 -9999 -9999 -9999 -9999 -9999 -9999 -9999 -9999 -9999 -9999 -9999 0.19401157340444 0.193266502152688 0.142878964367176 0.151569680523208 0.182115171266926 0.186024485090452 0.184972614848653 0.187632620693743 0.184724187940677 0.191939958980409 0.191380810463549 0.20010683314358 0.252308265132848 0.238404604761023 0.180835304868246 0.135635481761088 0.108922665907561 0.104483768284563 0.0933750595273329 0.0921586454471201 0.0920407681185884 0.092042602625994 0.102205935219454 0.105891722591272 0.123123092407718 0.142991050450164 0.173796302609965 0.205493044382926 0.2351725933748 0.269621640568934 0.30021209512966 0.32534078284425 0.341383774839265 0.348711195609333 0.349696834584725 0.356098630664961 0.37290669240572 0.389427810303994 0.390063610629256 0.384369661456667 0.373427704926431 0.349154184296801 0.333722692217841
-9999 -9999 -9999 -9999 -9999 -9999 -9999 -9999 -9999 -9999 -9999 -9999 -9999 -9999 0.194606665555951 0.187127314739946 0.165991412118793 0.171266210442991 0.17822105727922 0.18436586461674 0.188062132478665 0.190164356146151 0.192376804329704 0.191483207031251 0.187571385957023 0.180414306938518 0.177965212013325 0.222014208565616 0.2356694478402 0.176179903057358 0.110359403864312 0.0863356713616941 0.0798425968687961 0.0793551090668733 0.0831468299173727 0.0866207766667392 0.0895637237320774 0.101776105025253 0.122433573663563 0.156311276889942 0.194446485942265 0.225734682171741 0.263194424346967 0.297606176899862 0.325255750219638 0.347460543707143 0.353917143995309 0.354898204979313 0.359290797294707 0.371471694880214 0.384337224827551 0.392090917051471 0.392966579409684 0.38792795416992 0.371127277774598 0.357540972167109
-9999 -9999 -9999 -9999 -9999 -9999 -9999 -9999 -9999 -9999 -9999 -9999 -9999 -9999 0.194567979419032 0.193085894363342 0.181812447409842 0.148098550502511 0.158510661061705 0.180175159755705 0.18831027299971 0.192659472363354 0.192986649512154 0.1929882448836 0.192966656145634 0.192541747004985 0.190546272526836 0.179420519213316 0.175474007581476 0.189512462886318 0.146222974712992 0.115135804558204 0.0743469425141746 0.0660152553364786 0.0728733908458289 0.0704445892870478 0.070443671102456 0.0761252237614558 0.0959639536418125 0.135669264417135 0.182802985698178 0.215629256216522 0.254660033639311 0.290875061992767 0.323352031704454 0.345912515484657 0.35797463997976 0.360018091125929 0.362484101200855 0.370861390746447 0.37454516420797 0.388351480197457 0.39386898616637 0.393392441353336 0.380959781662167 0.37311623349599
-9999 -9999 -9999 -9999 -9999 -9999 -9999 -9999 -9999 -9999 -9999 -9999 -9999 -9999 -9999 0.194963737120404 0.192025397451513 0.14038383953473 0.121459666139995 0.172132899683766 0.191001437517605 0.19277389862553 0.192986168555929 0.192989098912073 0.192989228841062 0.192989295029867 0.192988905150957 0.192980376403368 0.192477793740782 0.185925935172456 0.207785547969467 0.237226694758204 0.111915517848301 0.0633446818534307 0.0619510685503801 0.0577037394377198 0.0641657985968073 0.0670751067250682 0.0781229340907815 0.101992820753022 0.142623195166206 0.203814820215716 0.250460555952134 0.281085120622249 0.313854557149092 0.342170963551503 0.362443768120921 0.373656730028165 0.378380006455381 0.378371869785813 0.380596651544978 0.389520054284875 0.394297942190604 0.396012587662706 0.391899340947641 0.378251697403358
-9999 -9999 -9999 -9999 -9999 -9999 -9999 -9999 -9999 -9999 -9999 -9999 -9999 -9999 -9999 0.189314290884491 0.196811084091118 0.156238650036777 0.0747353693446482 0.147643390127965 0.190847982341485 0.1922795234488 0.19297429536677 0.19298729383698 0.192989070765701 0.192989321586765 0.19298931881979 0.192989321836477 0.192989304440255 0.192785676137948 0.191946323018017 0.240145002311644 0.244976211555817 0.122126129681693 0.0792788050120445 0.0595651664536561 0.0685833961723902 0.0681079537138382 0.0679660017865566 0.0727277788858399 0.0794771291429403 0.182853864798036 0.251765109104333 0.275193385288726 0.305225852394567 0.337186113943968 0.36001238129799 0.384382222923661 0.389943046054922 0.380666413318813 0.378644646859719 0.388398477116611 0.399369053053701 0.408688360438429 0.410675251956491 0.401074517377009
-9999 -9999 -9999 -9999 -9999 -9999 -9999 -9999 -9999 -9999 -9999 -9999 -9999 -9999 -9999 0.188809189802361 0.199544195381823 0.189651637243827 0.133855587612121 0.0764279728152027 0.129065371783309 0.177672870435367 0.190209899497313 0.192446096311008 0.192831873978645 0.192955177325467 0.192985171089904 0.192989008986697 0.192987789930332 0.192896559374857 0.192030564625478 0.197214987928108 0.290995313228603 0.309328133190718 0.195468322796329 0.128001284652929 0.108625232840289 0.0851934165675727 0.078648778562752 0.0624450969269787 0.0713825018564183 0.202772786370959 0.269712930190056 0.277457802264808 0.294766537264034 0.323518712471255 0.353793367098576 0.381568287915623 0.39048318551785 0.381615666007471 0.372027349711888 0.392172533773315 0.419215435861434 0.443961036259805 0.464696704650619 0.475574131879461
-9999 -9999 -9999 -9999 -9999 -9999 -9999 -9999 -9999 -9999 -9999 -9999 -9999 -9999 -9999 -9999 0.192953991391067 0.194746018740174 0.185982095706871 0.12855678385326 0.0586820956188672 0.0887470378867163 0.155510355672533 0.180011653616636 0.187097191441337 0.188730647906709 0.192202309590697 0.192880950921416 0.192895303369445 0.192867686830295 0.192729109902809 0.191367203519232 0.21021282770115 0.316069100127434 0.3982299315008 0.304297276551539 0.216754173199956 0.151347520419723 0.152121270360186 0.150307664643537 0.140304926755954 0.272238321750795 0.290652278567478 0.278427643610787 0.286944696557744 0.310048584027734 0.337316458581826 0.368933943636807 0.384227589810655 0.381678354337569 0.375211109155935 0.41207781676345 0.45625321242971 0.502100480031954 0.537683425041632 0.547809887931535
-9999 -9999 -9999 -9999 -9999 -9999 -9999 -9999 -9999 -9999 -9999 -9999 -9999 -9999 -9999 -9999 -9999 0.193350317768784 0.201964360732171 0.184969112056876 0.169611454088459 0.0868263888153162 0.0879294867508176 0.137397663146129 0.16559356307765 0.179120536016613 0.18902750947845 0.191816403920499 0.192369012777634 0.192776088419374 0.192917077950911 0.192579065031343 0.191502844648721 0.198217741565374 0.30749955310648 0.456581290977036 0.383605478857686 0.284641431453094 0.251291376494712 0.277138377473264 0.312117590795725 0.309436716284755 0.298177841994194 0.29099867358435 0.288757173284145 0.299461037673623 0.319539010795802 0.341036101889965 0.358178588578613 0.380850208461035 0.401310697773375 0.457027923466623 0.534788913738399 0.594570962768643 0.625117712295614 0.633484342108963
-9999 -9999 -9999 -9999 -9999 -9999 -9999 -9999 -9999 -9999 -9999 -9999 -9999 -9999 -9999 -9999 -9999 -9999 -9999 0.199290092442513 0.17403431913098 0.188418274452889 0.162794176831808 0.132397259799059 0.139442366719902 0.160067240132431 0.178539549091549 0.18878841842544 0.190669046532182 0.192214787918803 0.192872889019871 0.192784954026092 0.192758728716204 0.192033510195438 0.197077981171968 0.29937979770226 0.441760953483701 0.439835661566911 0.359851285672837 0.332753234440749 0.308121223594046 0.313563877797011 0.307574865702207 0.303511864388426 0.296071652951452 0.297087136978735 0.310144571435295 0.327043257976605 0.346957083731965 0.383636285159039 0.413705092145655 0.497256049352578 0.606982852100189 0.675697245309318 0.696637211567189 0.695082025655763
-9999 -9999 -9999 -9999 -9999 -9999 -9999 -9999 -9999 -9999 -9999 -9999 -9999 -9999 -9999 -9999 -9999 -9999 -9999 -9999 -9999 0.195924579712191 0.194455415639047 0.190772026172572 0.166344724901328 0.142277571744814 0.156923937345704 0.177491935810252 0.185424742144489 0.189376716801482 0.190988731301186 0.192432099757925 0.192921807222381 0.192886671109958 0.19215226446517 0.193467643476856 0.247399754501489 0.431428430891927 0.464892371864661 0.419854291338708 0.350667320098863 0.327259734262674 0.316586649587656 0.32258939813317 0.3197182037552 0.31603602051204 0.330996549580333 0.352836478071608 0.382313682938002 0.422106948425364 0.472079466303695 0.570235308580533 0.678855937065354 0.735623790996128 0.744781514382781 0.712390245458433
-9999 -9999 -9999 -9999 -9999 -9999 -9999 -9999 -9999 -9999 -9999 -9999 -9999 -9999 -9999 -9999 -9999 -9999 -9999 -9999 -9999 -9999 -9999 0.194218619334255 0.193067293220749 0.170779068293652 0.13311177660823 0.148120994335918 0.166989250565805 0.178816911193496 0.184437468559649 0.190128148338197 0.192586767743853 0.192801914817475 0.192699263589884 0.192409281414857 0.193704789470313 0.25570671745944 0.422605231004792 0.507972156970279 0.413588572617458 0.352698228764761 0.319849958558123 0.329554256113722 0.340198506107703 0.349425014592564 0.372278970040453 0.400281097873856 0.432459558525697 0.481002296566097 0.54191655002852 0.632328815985454 0.730320855330403 0.782858780875736 0.783361025210488 0.756212870276533
-9999 -9999 -9999 -9999 -9999 -9999 -9999 -9999 -9999 -9999 -9999 -9999 -9999 -9999 -9999 -9999 -9999 -9999 -9999 -9999 -9999 -9999 -9999 -9999 -9999 0.196708935188641 0.185126570997856 0.112076207272215 0.119304179151251 0.159210993367203 0.173606768752259 0.180404948198352 0.18777153916735 0.190221124288584 0.192214774323104 0.19274593797386 0.191515804528035 0.192608194437671 0.254609802884478 0.468951529568856 0.492069402365113 0.397932522549581 0.324089670799407 0.32745692245655 0.358645808045374 0.387198963166778 0.418452939081438 0.45418912394199 0.493250195501224 0.542996244568092 0.59897548150751 0.678658594665259 0.761199691758546 0.807792702338089 0.836790431264926 0.830997756732459
-9999 -9999 -9999 -9999 -9999 -9999 -9999 -9999 -9999 -9999 -9999 -9999 -9999 -9999 -9999 -9999 -9999 -9999 -9999 -9999 -9999 -9999 -9999 -9999 -9999 0.193463788576636 0.19528987930256 0.180269815904889 0.137946106001423 0.143274050286479 0.155736912228062 0.1654838987049 0.171928348461616 0.175357560924731 0.184070733183286 0.189762826010888 0.187055498727267 0.186774074474449 0.196669177126506 0.334430290303968 0.518828086996142 0.488083905643762 0.388776631526063 0.356911877331812 0.383884053244754 0.427144673650325 0.465450367202149 0.505643218209534 0.546490810864791 0.602000421844358 0.662930565959582 0.728827954899858 0.796478655260854 0.841287883158696 0.869743890906929 0.870143229021246
-9999 -9999 -9999 -9999 -9999 -9999 -9999 -9999 -9999 -9999 -9999 -9999 -9999 -9999 -9999 -9999 -9999 -9999 -9999 -9999 -9999 -9999 -9999 -9999 -9999 -9999 -9999 0.191047704606733 0.184034030914242 0.168169735565148 0.17770796395021 0.172767521448646 0.174497035106525 0.165255802607846 0.155802382593519 0.135506273246823 0.150940210649638 0.166462587305235 0.174208649408433 0.24601185138046 0.428822897665218 0.560800095026952 0.478225991256147 0.40640359185728 0.416526507135557 0.466802334713597 0.506018424376589 0.552826805434557 0.596904207564719 0.658029572550359 0.718384327712809 0.769934949038004 0.828944876219995 0.876609283520243 0.897469134435122 0.892534521340013
-9999 -9999 -9999 -9999 -9999 -9999 -9999 -9999 -9999 -9999 -9999 -9999 -9999 -9999 -9999 -9999 -9999 -9999 -9999 -9999 -9999 -9999 -9999 -9999 -9999 -9999 -9999 0.183652705622438 0.165646451049388 0.184095077738444 0.179739779965829 0.1792791494326 0.181276179113221 0.177071516372826 0.160749468531596 0.130579563894734 0.105564702407429 0.124326945231313 0.15113208656507 0.208613136547347 0.36154884886306 0.579847350249685 0.571336899815265 0.489686844083373 0.471175087808039 0.502496920859689 0.543575016506125 0.598884997298721 0.647639778745432 0.70216501095975 0.759014934300493 0.817388088791751 0.864759182080519 0.888877899567178 0.914058261536638 0.919626145222798
-9999 -9999 -9999 -9999 -9999 -9999 -9999 -9999 -9999 -9999 -9999 -9999 -9999 -9999 -9999 -9999 -9999 -9999 -9999 -9999 -9999 -9999 -9999 -9999 -9999 -9999 -9999 -9999 0.110510667059002 0.181513662389103 0.179902547846163 0.177807126754906 0.184487427117536 0.184611616659939 0.173585478093194 0.142811763397658 0.0913767250683963 0.0868130834822523 0.118844636888121 0.189798855808329 0.324706477769356 0.560188468965646 0.595507582950053 0.528658241626098 0.523484663176722 0.516797453705751 0.568787521635722 0.622426651925831 0.678179879086499 0.738775321134559 0.784586133639146 0.84902536255377 0.86892987094829 0.885269864791232 0.942366527340978 0.957952187458312
-9999 -9999 -9999 -9999 -9999 -9999 -9999 -9999 -9999 -9999 -9999 -9999 -9999 -9999 -9999 -9999 -9999 -9999 -9999 -9999 -9999 -9999 -9999 -9999 -9999 -9999 -9999 -9999 0.0848500236406584 0.172087660082554 0.183728225860623 0.177126796026906 0.187183432641875 0.188356017460956 0.178837229185213 0.146196559211316 0.0836580930150658 0.0624344542233342 0.103614274525178 0.181573236844183 0.29411146656126 0.533036411513779 0.593146805245111 0.532640665879873 0.535637746301323 0.573085743896715 0.610865187994114 0.64256652512552 0.700100208996679 0.777993626069362 0.827546910800371 0.884593617206116 0.898845247355864 0.918178912835073 0.969625044592572 0.994319998276261
-9999 -9999 -9999 -9999 -9999 -9999 -9999 -9999 -9999 -9999 -9999 -9999 -9999 -9999 -9999 -9999 -9999 -9999 -9999 -9999 -9999 -9999 -9999 -9999 -9999 -9999 -9999 -9999 0.0711337345023332 0.164217673011772 0.18586665404926 0.177820277646064 0.189834312234228 0.190819439192927 0.181638227986729 0.148093244301444 0.0823261760821952 0.0583429341369056 0.100511069914171 0.178640445591837 0.276542823688844 0.506628311694631 0.552329874087308 0.482273354698693 0.470332855339752 0.48817040546603 0.610055851509697 0.654289118982169 0.692397363176418 0.804926109135547 0.849101780282874 0.913113824557261 0.921269700848946 0.957987042834728 1.0163984011569 1.01826228734289
-9999 -9999 -9999 -9999 -9999 -9999 -9999 -9999 -9999 -9999 -9999 -9999 -9999 -9999 -9999 -9999 -9999 -9999 -9999 -9999 -9999 -9999 -9999 -9999 -9999 -9999 -9999 -9999 0.0724182036880647 0.165723844118176 0.180855200127499 0.178544116810461 0.18929006440293 0.190272085182861 0.181974464767041 0.144389227958679 0.0812005357265334 0.0714728759488001 0.116322360166476 0.185976640912171 0.286762823205353 0.490087009927806 0.518744569937211 0.432946268576842 0.400817505025435 0.428676783977233 0.545985091231376 0.667113258131279 0.741590344054673 0.813424471178524 0.878651210671277 0.920511828296774 0.94953837133703 1.00220752192939 1.04810028361721 1.04625316372342
-9999 -9999 -9999 -9999 -9999 -9999 -9999 -9999 -9999 -9999 -9999 -9999 -9999 -9999 -9999 -9999 -9999 -9999 -9999 -9999 -9999 -9999 -9999 -9999 -9999 -9999 -9999 -9999 0.0750687649495005 0.172429552163471 0.171341427913996 0.178262002107318 0.189042474477664 0.189942156688575 0.181051382303181 0.14784697641171 0.0869162612619053 0.0929479989054054 0.136292889148868 0.196260805160171 0.305344864350519 0.49817869206563 0.48536804002938 0.393109433622007 0.358075136752682 0.366598341151768 0.486252096837453 0.610200795293007 0.720881390257702 0.795360067411213 0.802964533388327 0.901175993245127 0.961876089019193 1.01773146886056 1.0520645506069 1.04487769847785
