data/03_saidas_enm/CCSM_Maha_21k_B.balansae1.asc
NCOLS 154 
NROWS 168 
XLLCORNER -112 
YLLCORNER -55.5 
CELLSIZE 0.5 
NODATA_value -9999 
[rows 100 to 124 of 168, columns 56 to 111 of 154]
-9999 -9999 -9999 -9999 -9999 -9999 -9999 -9999 -9999 -9999 -9999 -9999 -9999 -9999 -9999 -9999 -9999 -9999 -9999 -9999 -9999 -9999 -9999 -9999 -9999 -9999 -9999 -9999 -158.969696305873 -139.03098940977 -142.070960179835 -172.754167535631 -195.512723085803 -207.082083360901 -205.291058383714 -188.078392496065 -141.432607146986 -100.185672652402 -60.5312870500052 -28.2908435424995 -17.5281567335687 -16.1011048191969 -22.877512990423 -31.1694062038267 -35.388707936415 -32.3746911105374 -22.4682758712929 -11.4776507335454 -5.2566431566795 -2.6722809082981 -1.62959846870299 -1.0387190367436 -0.844851164772156 -1.46233397713558 -1.6028587759972 -1.54655315343566
-9999 -9999 -9999 -9999 -9999 -9999 -9999 -9999 -9999 -9999 -9999 -9999 -9999 -9999 -9999 -9999 -9999 -9999 -9999 -9999 -9999 -9999 -9999 -9999 -9999 -9999 -9999 -9999 -156.880278718512 -132.084046881402 -137.007406804609 -168.867056957123 -193.656239292931 -202.233554281813 -192.48317506972 -176.650038895577 -126.561653362922 -89.5596270675379 -50.7855692065255 -20.9750181746641 -13.3905422144133 -18.6182376736851 -27.4893833445541 -35.2888068652835 -38.1253064070777 -35.2974924665279 -23.4516678525701 -9.06894103734275 -4.47688267153279 -3.87660322670526 -4.77167477475489 -2.5692503401743 -2.10520147956944 -2.32505617120505 -2.5939031608599 -2.54341468715514
-9999 -9999 -9999 -9999 -9999 -9999 -9999 -9999 -9999 -9999 -9999 -9999 -9999 -9999 -9999 -9999 -9999 -9999 -9999 -9999 -9999 -9999 -9999 -9999 -9999 -9999 -9999 -147.920430113511 -161.752261458424 -139.655880554053 -140.955765283964 -167.751142088797 -182.955501400401 -182.221390189588 -174.31973156565 -149.212355693638 -111.245426748766 -75.7848917507846 -39.101320556051 -14.3062494223418 -11.7088278054546 -22.8993653642395 -31.1159687305624 -37.8348773343728 -40.7943919480799 -37.1230776960183 -24.5945601926905 -11.5308361440242 -6.50869241381669 -5.44512565796637 -4.57802954590176 -3.59493315703656 -2.40162388987368 -2.11245213623874 -3.06785491222501 -3.42528308355459
-9999 -9999 -9999 -9999 -9999 -9999 -9999 -9999 -9999 -9999 -9999 -9999 -9999 -9999 -9999 -9999 -9999 -9999 -9999 -9999 -9999 -9999 -9999 -9999 -9999 -9999 -9999 -155.7781732833 -170.674344543893 -145.388748057797 -144.431784846963 -164.233029781025 -174.252937812867 -168.456442880692 -154.087305228171 -133.710403758174 -100.564124783251 -64.9338450848057 -31.1086556134149 -13.1612562029368 -16.1630594594117 -28.7071754851137 -37.0170465583433 -40.629597884101 -44.7407529119479 -41.3381649937474 -29.1882682613102 -15.4528185341945 -9.27755874492802 -7.26502848503053 -5.81683372944549 -4.49998288743129 -3.10743980165377 -2.44243282428005 -3.15682817632168 -3.79461886490099
-9999 -9999 -9999 -9999 -9999 -9999 -9999 -9999 -9999 -9999 -9999 -9999 -9999 -9999 -9999 -9999 -9999 -9999 -9999 -9999 -9999 -9999 -9999 -9999 -9999 -9999 -9999 -164.135871343779 -180.557128110368 -161.981181612802 -155.002086641608 -168.803745837436 -171.721661114271 -157.367069652912 -138.120871536566 -122.311684234384 -93.1116322727018 -56.1403616401131 -27.7988501862566 -13.565286072465 -22.8951199636378 -34.2252714634188 -43.7369065657095 -49.4465140369666 -48.9369690497052 -44.9205343498417 -33.8539778577593 -20.5805559866939 -13.4564727036787 -10.0460427895058 -8.22749088158752 -6.07973352280763 -4.75117676066205 -4.00239015046346 -3.9307231552118 -3.99640331608034
-9999 -9999 -9999 -9999 -9999 -9999 -9999 -9999 -9999 -9999 -9999 -9999 -9999 -9999 -9999 -9999 -9999 -9999 -9999 -9999 -9999 -9999 -9999 -9999 -9999 -9999 -9999 -172.78462825819 -193.916688631322 -171.751788293847 -166.398266102738 -174.057507630526 -171.809532054123 -151.379536675027 -131.272693882846 -120.06449235964 -91.2833111643793 -51.2810446305185 -26.1526836984333 -14.6121890619776 -28.6135331896595 -41.0447724457007 -50.9736865597445 -53.4023741588244 -50.5871710183135 -45.4903413905684 -33.2997552906172 -22.5173593479379 -15.4223645748094 -10.8061831947464 -8.76175414769284 -6.76540924310386 -5.88988617582294 -4.88609171754837 -4.09008389780415 -3.94465995984531
-9999 -9999 -9999 -9999 -9999 -9999 -9999 -9999 -9999 -9999 -9999 -9999 -9999 -9999 -9999 -9999 -9999 -9999 -9999 -9999 -9999 -9999 -9999 -9999 -9999 -9999 -9999 -176.155451061619 -200.770359137949 -189.62308964384 -183.191392679934 -186.349891211409 -180.300224093577 -145.658384374907 -129.271745689684 -124.291137936431 -94.6199256665533 -48.2520416729029 -22.1679698383529 -12.3694918047155 -32.343486999113 -47.8815152281048 -54.8817069121652 -55.787309655819 -50.3306015861049 -39.349897356731 -31.3581679815351 -21.3937255686276 -15.2498118257572 -11.0779335810957 -8.1864877343574 -7.04720877126696 -6.20289869252398 -5.22496047609528 -4.22520833763607 -3.67463629394702
-9999 -9999 -9999 -9999 -9999 -9999 -9999 -9999 -9999 -9999 -9999 -9999 -9999 -9999 -9999 -9999 -9999 -9999 -9999 -9999 -9999 -9999 -9999 -9999 -9999 -9999 -9999 -173.006093115686 -203.964706573263 -212.505865654833 -212.992249585309 -207.762795116345 -187.288316228947 -143.403144090073 -127.237672479578 -129.800736607042 -96.7362096811439 -46.3098352190678 -19.1459027713727 -11.8715233892519 -36.4658042821623 -55.1741685099441 -61.1550518128452 -59.6522080761794 -53.6139307169405 -43.0035434197692 -33.6262064407459 -24.2497379628481 -17.3054570622164 -12.5755791586613 -9.59631059250535 -8.10128953571253 -7.22340224758191 -5.97896468224285 -4.61434440496207 -3.16739851411312
-9999 -9999 -9999 -9999 -9999 -9999 -9999 -9999 -9999 -9999 -9999 -9999 -9999 -9999 -9999 -9999 -9999 -9999 -9999 -9999 -9999 -9999 -9999 -9999 -9999 -9999 -9999 -166.413651311294 -203.12045870234 -231.23454414525 -251.309735574527 -227.987177724664 -198.402747912433 -141.29326706538 -124.574037219355 -142.027915586368 -104.650872231861 -46.3163535391172 -17.7339382535979 -12.6974588555512 -44.9735572472058 -63.202980480417 -68.8466930660048 -67.2264963224196 -60.0920610816316 -52.8342795292598 -42.9335190338985 -31.142940493627 -22.5485754153515 -15.6677128499047 -12.3830096692548 -10.3923591519053 -8.76247903658924 -7.21690215804046 -5.55130816440178 -3.22299803571734
-9999 -9999 -9999 -9999 -9999 -9999 -9999 -9999 -9999 -9999 -9999 -9999 -9999 -9999 -9999 -9999 -9999 -9999 -9999 -9999 -9999 -9999 -9999 -9999 -9999 -9999 -9999 -163.694043134291 -205.951272356901 -247.040338509831 -264.118399192433 -238.44706926104 -191.048273455598 -128.376529198445 -115.096988578696 -130.774227676844 -95.0551455771553 -41.8602555771555 -17.7733524739115 -16.831348315206 -48.7738007050481 -71.1233073269784 -74.902442118816 -73.0116508068018 -66.4160079030295 -58.6042282813917 -48.6461504687107 -36.4532271025899 -27.1423629183931 -19.5981024812484 -15.2542061090004 -12.3659091389023 -10.3440893867348 -8.50458710453659 -6.23121473153601 -3.77542064186508
-9999 -9999 -9999 -9999 -9999 -9999 -9999 -9999 -9999 -9999 -9999 -9999 -9999 -9999 -9999 -9999 -9999 -9999 -9999 -9999 -9999 -9999 -9999 -9999 -9999 -9999 -138.715709166759 -164.801359690289 -210.352265434831 -253.660609121029 -273.296277184787 -230.768638041833 -181.182047029945 -115.576641780523 -96.7182244394019 -118.898078493112 -81.4804018280311 -40.3680212977104 -20.7441339770843 -25.6122724303334 -62.1803585070879 -79.9536248036627 -80.7576631620743 -78.1216308345584 -70.8534294785485 -63.0880483060452 -51.1702656975298 -39.0785479527762 -30.5026780273249 -23.0689106341975 -18.232679973972 -14.6493445286436 -11.8885741920084 -9.2889361718783 -5.82769723372218 -3.90554985610145
-9999 -9999 -9999 -9999 -9999 -9999 -9999 -9999 -9999 -9999 -9999 -9999 -9999 -9999 -9999 -9999 -9999 -9999 -9999 -9999 -9999 -9999 -9999 -9999 -9999 -9999 -141.199246083207 -177.1933516988 -227.264953461263 -267.431969226305 -262.07332176765 -219.402487604342 -161.118523796122 -99.1503268935931 -73.6986758940531 -73.4207354045076 -50.2747795618312 -30.6198938893992 -25.5605441934008 -41.6772416989262 -68.5332866812673 -82.9403275987163 -84.8894623290357 -81.9797422920857 -73.3417779485582 -63.8182334221574 -52.6168641467929 -42.1886713515569 -33.8475201340904 -26.2030401520089 -20.5343053833096 -16.1123358532334 -12.8743523088194 -9.18032423144403 -5.73280658494969 -3.89267577063929
-9999 -9999 -9999 -9999 -9999 -9999 -9999 -9999 -9999 -9999 -9999 -9999 -9999 -9999 -9999 -9999 -9999 -9999 -9999 -9999 -9999 -9999 -9999 -9999 -9999 -9999 -149.414380702082 -202.116339532884 -253.839529304684 -273.666124372321 -265.278679002262 -194.02697723875 -140.08078908813 -84.9315004432513 -47.8733529147546 -45.0382057098951 -32.2487549072545 -26.5620066344865 -41.5063931557338 -60.8149735316116 -80.6839312590834 -86.0228466272388 -85.4057335056861 -81.6809841003455 -72.8230950967228 -66.735176210422 -55.05503328016 -44.7166596741436 -36.9719423015921 -28.9145542657844 -22.8197041446334 -18.0766180034685 -13.4529466950752 -9.55838355088239 -5.97145025858759 -4.15370223544587
-9999 -9999 -9999 -9999 -9999 -9999 -9999 -9999 -9999 -9999 -9999 -9999 -9999 -9999 -9999 -9999 -9999 -9999 -9999 -9999 -9999 -9999 -9999 -9999 -9999 -9999 -169.931140711269 -230.280117139685 -271.375368097189 -263.291107748267 -212.649360999979 -156.605816428735 -100.220866648467 -51.4277906141652 -26.0018817443672 -27.0616592098655 -29.9379939721446 -39.6840656444588 -63.3239832035067 -77.8236872869165 -86.9233635634928 -88.0614145086793 -85.964369971931 -80.5219754911035 -70.5533567828948 -61.2982706333841 -53.5170233006048 -47.1114950775711 -40.6300159423632 -32.6610680260752 -25.8693347260472 -20.4834121066881 -14.7562777961137 -10.499340244848 -6.90964141502892 -4.60357210410322
-9999 -9999 -9999 -9999 -9999 -9999 -9999 -9999 -9999 -9999 -9999 -9999 -9999 -9999 -9999 -9999 -9999 -9999 -9999 -9999 -9999 -9999 -9999 -9999 -9999 -131.832083805954 -198.187935611496 -267.034852648986 -291.202382322285 -242.68628942644 -190.38144038495 -119.989637798273 -69.0405649889991 -30.033024639491 -22.2235810399585 -40.8371595836428 -44.9506355664164 -63.8477506733006 -85.7775529583147 -93.2396699983817 -96.2776074801711 -94.3544410586636 -89.113444516622 -81.3125029680415 -69.1966191383905 -59.338374800048 -53.8807354962365 -49.8435775237098 -44.7895739647904 -36.2776825636233 -29.6928882240907 -23.7703151690754 -16.8640465691686 -12.0536711624513 -7.9089261268504 -5.43103911775294
-9999 -9999 -9999 -9999 -9999 -9999 -9999 -9999 -9999 -9999 -9999 -9999 -9999 -9999 -9999 -9999 -9999 -9999 -9999 -9999 -9999 -9999 -9999 -9999 -9999 -149.39938219364 -223.626602047024 -287.210852649874 -290.880513130139 -224.633586728569 -159.046833921278 -101.860236075763 -56.4078511998542 -28.9966826878077 -33.0469864071564 -52.3400279516099 -66.9859190697122 -83.1506349961466 -100.443648102234 -104.740899743271 -104.714066357192 -100.574629153523 -93.5973965086081 -85.2449339994219 -73.4408385603389 -63.1041773962464 -56.3349825251981 -52.910887930704 -48.47357339804 -40.8375445820073 -32.846708826106 -26.897267032348 -19.9846475511432 -14.9583574223488 -10.5467998892475 -7.40264995555869
-9999 -9999 -9999 -9999 -9999 -9999 -9999 -9999 -9999 -9999 -9999 -9999 -9999 -9999 -9999 -9999 -9999 -9999 -9999 -9999 -9999 -9999 -9999 -9999 -9999 -157.041914978786 -233.426696583812 -302.317793633412 -293.800970004027 -204.063006859092 -142.79245187546 -91.9023378634704 -60.5203213564319 -48.0503197153154 -57.9744477065562 -79.3459762047657 -87.8701704261283 -100.509951614542 -110.760439515356 -112.384050479008 -112.540823175594 -106.65006622577 -99.9604443521043 -92.0930871924165 -79.5322252328137 -68.5993069961343 -63.0384898273336 -59.1913317741707 -53.7452182625667 -45.023799974988 -37.0210553989382 -31.2177802971909 -24.4483406857592 -18.8308349191556 -13.6710514996024 -10.2441199129972
-9999 -9999 -9999 -9999 -9999 -9999 -9999 -9999 -9999 -9999 -9999 -9999 -9999 -9999 -9999 -9999 -9999 -9999 -9999 -9999 -9999 -9999 -9999 -9999 -9999 -140.611885343483 -220.255593043727 -283.732884210254 -266.785511989691 -183.377300448916 -124.281844857747 -91.7320016780928 -74.745043210242 -72.7231140077817 -82.823591833497 -95.2650992878238 -102.832828488245 -110.704173290227 -117.039392042337 -115.037991004281 -112.045077418124 -109.392075193251 -105.958388496501 -100.758867529792 -91.5351913879526 -82.2312755080221 -73.1145790377761 -65.1343359082963 -58.1285551193384 -49.8959350390592 -42.2458512864794 -35.6024300719342 -28.6812784776736 -22.7705970051781 -17.2302869602949 -13.1462475589687
-9999 -9999 -9999 -9999 -9999 -9999 -9999 -9999 -9999 -9999 -9999 -9999 -9999 -9999 -9999 -9999 -9999 -9999 -9999 -9999 -9999 -9999 -9999 -9999 -9999 -123.906445140492 -201.4372238313 -270.328034781897 -252.53502020355 -169.81976282173 -113.645762498814 -93.0455286384158 -92.5170204833628 -96.4541029736256 -101.065422421995 -110.200291993349 -114.986807142946 -121.270957680333 -125.243860859395 -118.946233274425 -114.742148366373 -114.950356281899 -115.013634892127 -112.281915707772 -104.476583874395 -98.4459429971036 -85.2885843389573 -72.947947191993 -64.381175019711 -55.7338407043183 -48.8820491644139 -41.9640702280313 -34.746717934727 -27.9726958576543 -21.834203280278 -17.3198592249186
-9999 -9999 -9999 -9999 -9999 -9999 -9999 -9999 -9999 -9999 -9999 -9999 -9999 -9999 -9999 -9999 -9999 -9999 -9999 -9999 -9999 -9999 -9999 -9999 -9999 -120.565769947798 -189.784682395567 -253.893033557051 -235.955224288467 -165.168166037819 -118.112721266324 -101.459034558871 -104.382667382229 -108.352661044008 -112.610362264221 -117.421468366482 -122.049643644324 -127.383388911158 -130.231170292016 -125.982847047829 -121.902570452115 -123.732084560617 -128.463886826258 -126.788272131784 -116.409950138822 -104.588299432258 -92.9638189635718 -81.6481403890572 -72.2979528566442 -63.0086314971794 -55.1983351911483 -47.5199442914453 -40.9267430757103 -34.3989051948034 -27.454970144175 -22.4622302689643
-9999 -9999 -9999 -9999 -9999 -9999 -9999 -9999 -9999 -9999 -9999 -9999 -9999 -9999 -9999 -9999 -9999 -9999 -9999 -9999 -9999 -9999 -9999 -9999 -9999 -109.825855402364 -179.334250259523 -253.293563106025 -238.621982084178 -171.366339674036 -125.166615222215 -112.195088295381 -119.164552561936 -122.623164010122 -125.299919928209 -126.249122297837 -131.216070610477 -136.261547179254 -138.206537012977 -133.120022457361 -129.56954379279 -132.754449244073 -139.47145893082 -136.93073822037 -123.401700493307 -111.461325130545 -100.896688675786 -89.5605149196696 -80.451579568565 -71.0610066307866 -62.8264844683601 -55.0982445476776 -47.3550828375549 -41.5337144896185 -34.3087156963616 -28.9346571920983
-9999 -9999 -9999 -9999 -9999 -9999 -9999 -9999 -9999 -9999 -9999 -9999 -9999 -9999 -9999 -9999 -9999 -9999 -9999 -9999 -9999 -9999 -9999 -9999 -9999 -100.358398086528 -169.511428037723 -249.379322425382 -248.28851378822 -181.044784926891 -136.011772753513 -127.346398387303 -137.179498802039 -140.239079687004 -141.03691649281 -143.477150121911 -144.535248348829 -148.406534176118 -148.776756413693 -140.44472607981 -136.225177093627 -139.206826769214 -144.597407270022 -141.722324178105 -130.265585598072 -117.162913165343 -106.87376660922 -97.9147760057934 -88.4074647475982 -79.1764264058411 -70.4445673314274 -61.4095071919383 -53.8651385381931 -47.2562988844178 -41.3179916953397 -35.4360542603404
-9999 -9999 -9999 -9999 -9999 -9999 -9999 -9999 -9999 -9999 -9999 -9999 -9999 -9999 -9999 -9999 -9999 -9999 -9999 -9999 -9999 -9999 -9999 -9999 -9999 -86.0698828272354 -153.771426252075 -233.370663584992 -255.876320648918 -197.732277147764 -151.246541229585 -144.576769394096 -154.241055832031 -156.970360697576 -156.315662526439 -157.270792695757 -155.283619132546 -156.014697581297 -154.436570029694 -143.886139631537 -140.104248797106 -142.564425362279 -147.870982548106 -145.44652494267 -134.059486081861 -123.397223964496 -114.567195350277 -104.931763454033 -96.9932843196929 -87.6615865477186 -79.6744726594736 -70.8549716287496 -61.7324738404868 -57.4664900452172 -52.1119435935768 -49.0434968509359
-9999 -9999 -9999 -9999 -9999 -9999 -9999 -9999 -9999 -9999 -9999 -9999 -9999 -9999 -9999 -9999 -9999 -9999 -9999 -9999 -9999 -9999 -9999 -9999 -9999 -74.9760766575582 -139.209123514465 -214.847289324137 -254.319495826497 -210.393634422528 -170.967346420138 -163.453981405295 -169.632353275705 -170.729640231132 -164.556973445499 -158.698015915214 -159.474503833626 -158.341001233016 -154.902634112516 -145.777454713531 -140.351408522418 -142.809491918262 -149.356906541095 -147.911121882841 -138.590982460421 -129.873424274067 -120.671226006164 -113.051594570901 -104.076042559047 -94.4860489265125 -86.9206080047501 -77.8473168793253 -74.0726847681952 -67.6181111620971 -61.6407926645201 -61.7451392411776
-9999 -9999 -9999 -9999 -9999 -9999 -9999 -9999 -9999 -9999 -9999 -9999 -9999 -9999 -9999 -9999 -9999 -9999 -9999 -9999 -9999 -9999 -9999 -9999 -48.5747404180101 -73.6315655466988 -125.582458696644 -196.065096196624 -249.659384758119 -216.064573216683 -183.555960069624 -176.721850670855 -183.291133076777 -183.062436682508 -175.593561462224 -169.591884102007 -168.138882716562 -166.427903172292 -162.949935093123 -151.85204679397 -144.084066055272 -145.581858272944 -150.848236440893 -149.609848354611 -142.245055087041 -133.457955607034 -126.62176838185 -119.324428620366 -110.799123372938 -100.500730387434 -91.244835734447 -86.1011198877909 -83.1207848061154 -78.0072422413797 -69.4129764467794 -64.897462454524
