data/03_saidas_enm/CCSM_Maxent_0k_B.balansae4.asc
NCOLS 154 
NROWS 168 
XLLCORNER -112 
YLLCORNER -55.5 
CELLSIZE 0.5 
NODATA_value -9999 
[rows 100 to 124 of 168, columns 56 to 111 of 154]
-9999 -9999 -9999 -9999 -9999 -9999 -9999 -9999 -9999 -9999 -9999 -9999 -9999 -9999 -9999 -9999 -9999 -9999 -9999 -9999 -9999 -9999 -9999 -9999 -9999 -9999 -9999 -9999 0.0262792352586985 0.158599242568016 0.409598588943481 0.485293567180634 0.467516779899597 0.424127399921417 0.371273249387741 0.267919480800629 0.173234879970551 0.124924927949905 0.157897219061852 0.28268039226532 0.444041609764099 0.534907221794128 0.421834468841553 0.360542744398117 0.345798909664154 0.355073541402817 0.377943724393845 0.435639142990112 0.464899659156799 0.499859213829041 0.529763638973236 0.547967076301575 0.562677919864655 0.582379937171936 0.600401222705841 0.612346470355988
-9999 -9999 -9999 -9999 -9999 -9999 -9999 -9999 -9999 -9999 -9999 -9999 -9999 -9999 -9999 -9999 -9999 -9999 -9999 -9999 -9999 -9999 -9999 -9999 -9999 -9999 -9999 -9999 0.0268497634679079 0.188970804214478 0.413530856370926 0.45701077580452 0.449669390916824 0.405463486909866 0.363595604896545 0.258405208587646 0.168316349387169 0.121258616447449 0.164805456995964 0.302053153514862 0.465593755245209 0.520594477653503 0.398173809051514 0.343934953212738 0.334189206361771 0.34505107998848 0.372558891773224 0.420566201210022 0.447791963815689 0.48259499669075 0.51003760099411 0.532103359699249 0.550029873847961 0.568188786506653 0.59490692615509 0.60663515329361
-9999 -9999 -9999 -9999 -9999 -9999 -9999 -9999 -9999 -9999 -9999 -9999 -9999 -9999 -9999 -9999 -9999 -9999 -9999 -9999 -9999 -9999 -9999 -9999 -9999 -9999 -9999 0.0204245876520872 0.0316643975675106 0.166251465678215 0.33947166800499 0.395507484674454 0.432224541902542 0.414785206317902 0.364000052213669 0.254682391881943 0.168679863214493 0.136628076434135 0.195826545357704 0.331710696220398 0.488041579723358 0.485567361116409 0.379175215959549 0.332199215888977 0.324539661407471 0.334023326635361 0.357173979282379 0.410985797643661 0.437516063451767 0.46788278222084 0.494961500167847 0.51629900932312 0.533504009246826 0.553084075450897 0.576835334300995 0.594712972640991
-9999 -9999 -9999 -9999 -9999 -9999 -9999 -9999 -9999 -9999 -9999 -9999 -9999 -9999 -9999 -9999 -9999 -9999 -9999 -9999 -9999 -9999 -9999 -9999 -9999 -9999 -9999 0.0207249075174332 0.0359323546290398 0.138050243258476 0.263781130313873 0.319845885038376 0.40154293179512 0.425191640853882 0.353160381317139 0.23883792757988 0.164671003818512 0.144331768155098 0.213487610220909 0.354991465806961 0.516921043395996 0.454119622707367 0.356579929590225 0.317589938640594 0.312702417373657 0.322783321142197 0.33853080868721 0.384571194648743 0.424377799034119 0.453761965036392 0.480637162923813 0.501471221446991 0.519154131412506 0.537313401699066 0.555647313594818 0.571066558361053
-9999 -9999 -9999 -9999 -9999 -9999 -9999 -9999 -9999 -9999 -9999 -9999 -9999 -9999 -9999 -9999 -9999 -9999 -9999 -9999 -9999 -9999 -9999 -9999 -9999 -9999 -9999 0.0219788681715727 0.047758661210537 0.114834703505039 0.194094270467758 0.258196145296097 0.356891006231308 0.433950275182724 0.334157556295395 0.21083502471447 0.150040537118912 0.14341002702713 0.208025574684143 0.37179508805275 0.534002125263214 0.427928864955902 0.341932266950607 0.307877898216248 0.303953409194946 0.311564087867737 0.326487094163895 0.355899065732956 0.396174937486649 0.43150982260704 0.455230981111526 0.480938881635666 0.497605443000793 0.513158023357391 0.530114769935608 0.545047581195831
-9999 -9999 -9999 -9999 -9999 -9999 -9999 -9999 -9999 -9999 -9999 -9999 -9999 -9999 -9999 -9999 -9999 -9999 -9999 -9999 -9999 -9999 -9999 -9999 -9999 -9999 -9999 0.0262068882584572 0.0674798861145973 0.0998453497886658 0.144635006785393 0.201096221804619 0.315070778131485 0.431517153978348 0.298477739095688 0.168018013238907 0.122838251292706 0.122301504015923 0.209758475422859 0.386129200458527 0.536737084388733 0.407870680093765 0.327511996030807 0.299605995416641 0.294618219137192 0.301353543996811 0.31504562497139 0.344898283481598 0.381635636091232 0.41934597492218 0.443060606718063 0.464728891849518 0.477532297372818 0.490508407354355 0.507560133934021 0.522448718547821
-9999 -9999 -9999 -9999 -9999 -9999 -9999 -9999 -9999 -9999 -9999 -9999 -9999 -9999 -9999 -9999 -9999 -9999 -9999 -9999 -9999 -9999 -9999 -9999 -9999 -9999 -9999 0.034794993698597 0.0924120843410492 0.0981291085481644 0.112308092415333 0.160360381007195 0.277211725711823 0.425494641065598 0.252563744783401 0.118651933968067 0.106420986354351 0.103463508188725 0.196567237377167 0.389214336872101 0.527644991874695 0.390649825334549 0.317166298627853 0.292974144220352 0.287580043077469 0.293288439512253 0.31391978263855 0.345889866352081 0.380899697542191 0.408979296684265 0.43492716550827 0.456647157669067 0.462681949138641 0.474080741405487 0.48950132727623 0.508535921573639
-9999 -9999 -9999 -9999 -9999 -9999 -9999 -9999 -9999 -9999 -9999 -9999 -9999 -9999 -9999 -9999 -9999 -9999 -9999 -9999 -9999 -9999 -9999 -9999 -9999 -9999 -9999 0.0520241372287273 0.0973803028464317 0.0916682034730911 0.087287113070488 0.131543397903442 0.251384794712067 0.407691836357117 0.208691835403442 0.103300109505653 0.108185611665249 0.104515515267849 0.190113306045532 0.396191507577896 0.520199835300446 0.37175852060318 0.305066376924515 0.286062449216843 0.28152522444725 0.285393178462982 0.30254277586937 0.331365138292313 0.365630328655243 0.392455220222473 0.415149629116058 0.435411065816879 0.445256054401398 0.455385893583298 0.471183955669403 0.488737612962723
-9999 -9999 -9999 -9999 -9999 -9999 -9999 -9999 -9999 -9999 -9999 -9999 -9999 -9999 -9999 -9999 -9999 -9999 -9999 -9999 -9999 -9999 -9999 -9999 -9999 -9999 -9999 0.0768297463655472 0.102628700435162 0.0860331356525421 0.0709692016243935 0.112202048301697 0.226175621151924 0.394786238670349 0.171857252717018 0.102994978427887 0.112816996872425 0.110510110855103 0.192939311265945 0.409815311431885 0.496218800544739 0.353873938322067 0.292523771524429 0.276876091957092 0.273543536663055 0.277988940477371 0.288165092468262 0.303458780050278 0.336374014616013 0.375035732984543 0.395710706710815 0.415401339530945 0.420951932668686 0.433495789766312 0.452471166849136 0.468349367380142
-9999 -9999 -9999 -9999 -9999 -9999 -9999 -9999 -9999 -9999 -9999 -9999 -9999 -9999 -9999 -9999 -9999 -9999 -9999 -9999 -9999 -9999 -9999 -9999 -9999 -9999 -9999 0.0926337987184525 0.106166407465935 0.0816783159971237 0.0675669014453888 0.108491748571396 0.239695623517036 0.382729887962341 0.162365838885307 0.105070024728775 0.114738546311855 0.124002814292908 0.256636589765549 0.449865400791168 0.467829287052155 0.328280627727509 0.278898626565933 0.267596125602722 0.26461198925972 0.267973005771637 0.276660829782486 0.288555651903152 0.314284116029739 0.346710592508316 0.372121542692184 0.388006716966629 0.397100478410721 0.411784559488297 0.428910672664642 0.442999482154846
-9999 -9999 -9999 -9999 -9999 -9999 -9999 -9999 -9999 -9999 -9999 -9999 -9999 -9999 -9999 -9999 -9999 -9999 -9999 -9999 -9999 -9999 -9999 -9999 -9999 -9999 0.0534654147922993 0.0965595915913582 0.103768572211266 0.0770812183618546 0.0683691874146461 0.112744688987732 0.255550861358643 0.383816093206406 0.169914588332176 0.107920318841934 0.116611465811729 0.169156566262245 0.352182567119598 0.514923512935638 0.39978563785553 0.302871853113174 0.264369428157806 0.25557479262352 0.252982884645462 0.255630552768707 0.26445135474205 0.274432688951492 0.300295740365982 0.324234664440155 0.344535857439041 0.364635109901428 0.376462191343307 0.392447173595428 0.407477706670761 0.417725741863251
-9999 -9999 -9999 -9999 -9999 -9999 -9999 -9999 -9999 -9999 -9999 -9999 -9999 -9999 -9999 -9999 -9999 -9999 -9999 -9999 -9999 -9999 -9999 -9999 -9999 -9999 0.0905146896839142 0.106096662580967 0.0990794226527214 0.0756535157561302 0.0699719339609146 0.135090127587318 0.313514053821564 0.38164883852005 0.208118930459023 0.111815631389618 0.139300674200058 0.27620592713356 0.454284995794296 0.548737645149231 0.354782074689865 0.272759884595871 0.247881278395653 0.242200583219528 0.239948481321335 0.242148086428642 0.249902009963989 0.262886822223663 0.284687221050262 0.305368959903717 0.323978781700134 0.340998858213425 0.355145931243896 0.370022058486938 0.381460726261139 0.389252126216888
-9999 -9999 -9999 -9999 -9999 -9999 -9999 -9999 -9999 -9999 -9999 -9999 -9999 -9999 -9999 -9999 -9999 -9999 -9999 -9999 -9999 -9999 -9999 -9999 -9999 -9999 0.100875973701477 0.101857841014862 0.0856178998947144 0.0731900259852409 0.072012647986412 0.169667571783066 0.374025493860245 0.397698909044266 0.266809016466141 0.161034926772118 0.251322418451309 0.413731217384338 0.54924863576889 0.454878389835358 0.303228050470352 0.251925081014633 0.231705874204636 0.227553442120552 0.226088777184486 0.227304384112358 0.240093320608139 0.253190845251083 0.269289463758469 0.287642866373062 0.306202471256256 0.32163468003273 0.334571480751038 0.348388671875 0.356957793235779 0.362948685884476
-9999 -9999 -9999 -9999 -9999 -9999 -9999 -9999 -9999 -9999 -9999 -9999 -9999 -9999 -9999 -9999 -9999 -9999 -9999 -9999 -9999 -9999 -9999 -9999 -9999 -9999 0.1084885597229 0.0934318527579308 0.0719568505883217 0.070243813097477 0.109663233160973 0.22770468890667 0.43425440788269 0.462765544652939 0.365142017602921 0.325432032346725 0.401306509971619 0.524334847927094 0.473760515451431 0.358777940273285 0.288889288902283 0.249516159296036 0.230892971158028 0.227199271321297 0.233523979783058 0.241502702236176 0.24335889518261 0.244144529104233 0.253458023071289 0.267421662807465 0.283723771572113 0.297847300767899 0.310471534729004 0.322726458311081 0.329073429107666 0.332586169242859
-9999 -9999 -9999 -9999 -9999 -9999 -9999 -9999 -9999 -9999 -9999 -9999 -9999 -9999 -9999 -9999 -9999 -9999 -9999 -9999 -9999 -9999 -9999 -9999 -9999 0.112133890390396 0.103262424468994 0.0846478715538979 0.0655113533139229 0.0810678005218506 0.151444971561432 0.283871650695801 0.501596748828888 0.502475917339325 0.461549550294876 0.462259590625763 0.524991273880005 0.465372532606125 0.346622228622437 0.28405037522316 0.251859784126282 0.239960849285126 0.232463866472244 0.232893869280815 0.23430061340332 0.237944737076759 0.246821776032448 0.236100181937218 0.236928299069405 0.247414708137512 0.261447697877884 0.275499284267426 0.285389333963394 0.294756263494492 0.297928094863892 0.299803256988525
-9999 -9999 -9999 -9999 -9999 -9999 -9999 -9999 -9999 -9999 -9999 -9999 -9999 -9999 -9999 -9999 -9999 -9999 -9999 -9999 -9999 -9999 -9999 -9999 -9999 0.114022076129913 0.0991535186767578 0.071533165872097 0.0653825998306274 0.10213977098465 0.19545878469944 0.312790989875793 0.472190916538239 0.529017746448517 0.530551373958588 0.509673774242401 0.441575795412064 0.345328390598297 0.275568693876266 0.247636362910271 0.231973946094513 0.225187927484512 0.223302021622658 0.224178090691566 0.226616248488426 0.230700418353081 0.236386314034462 0.228552788496017 0.226171895861626 0.232322126626968 0.243882849812508 0.251722812652588 0.258001923561096 0.265921413898468 0.267760276794434 0.266535550355911
-9999 -9999 -9999 -9999 -9999 -9999 -9999 -9999 -9999 -9999 -9999 -9999 -9999 -9999 -9999 -9999 -9999 -9999 -9999 -9999 -9999 -9999 -9999 -9999 -9999 0.110921896994114 0.0964830294251442 0.0695282071828842 0.0645180270075798 0.124293029308319 0.237203449010849 0.332077145576477 0.416466951370239 0.431601166725159 0.409789681434631 0.345858067274094 0.311446249485016 0.263516128063202 0.235571250319481 0.223895654082298 0.217057809233665 0.2165157943964 0.215529441833496 0.216896459460258 0.219182521104813 0.223595410585403 0.227862074971199 0.215107724070549 0.212336763739586 0.217165276408195 0.227321147918701 0.230580285191536 0.232858791947365 0.237475976347923 0.237293630838394 0.236583918333054
-9999 -9999 -9999 -9999 -9999 -9999 -9999 -9999 -9999 -9999 -9999 -9999 -9999 -9999 -9999 -9999 -9999 -9999 -9999 -9999 -9999 -9999 -9999 -9999 -9999 0.10853174328804 0.0943409502506256 0.0683559700846672 0.0678403750061989 0.139672383666039 0.24762812256813 0.334460973739624 0.355829864740372 0.342960238456726 0.308935165405273 0.268647521734238 0.245745599269867 0.228938594460487 0.216934323310852 0.215216681361198 0.214878246188164 0.212730541825294 0.203253537416458 0.198295086622238 0.203507393598557 0.208884462714195 0.206866845488548 0.20211461186409 0.202765703201294 0.204412952065468 0.208016887307167 0.21009624004364 0.211396008729935 0.215527042746544 0.213464289903641 0.209951251745224
-9999 -9999 -9999 -9999 -9999 -9999 -9999 -9999 -9999 -9999 -9999 -9999 -9999 -9999 -9999 -9999 -9999 -9999 -9999 -9999 -9999 -9999 -9999 -9999 -9999 0.107168219983578 0.0925404205918312 0.066444955766201 0.0701825246214867 0.148217007517815 0.277964860200882 0.324988812208176 0.310461103916168 0.280736118555069 0.249373197555542 0.2197255641222 0.209599271416664 0.206016018986702 0.204737976193428 0.206594422459602 0.211525171995163 0.208396404981613 0.186918884515762 0.178403168916702 0.179584130644798 0.182646527886391 0.186490505933762 0.188896223902702 0.191346734762192 0.190576478838921 0.191844701766968 0.192874670028687 0.193014517426491 0.194998726248741 0.190101161599159 0.187384843826294
-9999 -9999 -9999 -9999 -9999 -9999 -9999 -9999 -9999 -9999 -9999 -9999 -9999 -9999 -9999 -9999 -9999 -9999 -9999 -9999 -9999 -9999 -9999 -9999 -9999 0.104850195348263 0.0904267802834511 0.0690208822488785 0.0710202530026436 0.14260558784008 0.252445936203003 0.301586329936981 0.280729085206985 0.250338673591614 0.225789606571198 0.20673656463623 0.195523664355278 0.189296245574951 0.189706429839134 0.197201520204544 0.202623948454857 0.19567783176899 0.171243190765381 0.171842843294144 0.174772992730141 0.178476050496101 0.179187417030334 0.17802919447422 0.180030912160873 0.179736018180847 0.17898003757 0.178064897656441 0.176499262452126 0.178517401218414 0.174801528453827 0.169095486402512
-9999 -9999 -9999 -9999 -9999 -9999 -9999 -9999 -9999 -9999 -9999 -9999 -9999 -9999 -9999 -9999 -9999 -9999 -9999 -9999 -9999 -9999 -9999 -9999 -9999 0.103339351713657 0.0888807028532028 0.0687843412160873 0.0681224167346954 0.132988587021828 0.23256716132164 0.270434409379959 0.256107270717621 0.229053288698196 0.210657939314842 0.197229251265526 0.185894593596458 0.178040385246277 0.179328501224518 0.188308447599411 0.195380285382271 0.181365042924881 0.164437428116798 0.165021196007729 0.168617725372314 0.173580810427666 0.173824802041054 0.171341925859451 0.170253023505211 0.168436110019684 0.168741807341576 0.167953699827194 0.165012508630753 0.165293902158737 0.160063102841377 0.155077889561653
-9999 -9999 -9999 -9999 -9999 -9999 -9999 -9999 -9999 -9999 -9999 -9999 -9999 -9999 -9999 -9999 -9999 -9999 -9999 -9999 -9999 -9999 -9999 -9999 -9999 0.101823203265667 0.0871856957674026 0.0666425079107285 0.0643743053078651 0.11900682747364 0.201339840888977 0.235418066382408 0.230624914169312 0.216081172227859 0.202555626630783 0.192007347941399 0.181782066822052 0.174131974577904 0.174255877733231 0.18314790725708 0.189848124980927 0.171035781502724 0.158978119492531 0.159021183848381 0.162892252206802 0.166888728737831 0.167024075984955 0.165315866470337 0.163632050156593 0.160866484045982 0.160211905837059 0.158900782465935 0.157105669379234 0.157085075974464 0.151452302932739 0.143523886799812
-9999 -9999 -9999 -9999 -9999 -9999 -9999 -9999 -9999 -9999 -9999 -9999 -9999 -9999 -9999 -9999 -9999 -9999 -9999 -9999 -9999 -9999 -9999 -9999 -9999 0.100246414542198 0.0856858193874359 0.0665324628353119 0.0586685352027416 0.10538712143898 0.171862125396729 0.194672241806984 0.194098353385925 0.190008133649826 0.187517508864403 0.18102040886879 0.175290405750275 0.165687575936317 0.166699782013893 0.178716957569122 0.184380829334259 0.16632442176342 0.153698429465294 0.153362333774567 0.15578718483448 0.159586146473885 0.160539746284485 0.158969476819038 0.158307373523712 0.154361605644226 0.153287500143051 0.152897700667381 0.149741634726524 0.147808760404587 0.143409669399261 0.135579496622086
-9999 -9999 -9999 -9999 -9999 -9999 -9999 -9999 -9999 -9999 -9999 -9999 -9999 -9999 -9999 -9999 -9999 -9999 -9999 -9999 -9999 -9999 -9999 -9999 -9999 0.0985805690288544 0.0836570039391518 0.0691262111067772 0.0534515343606472 0.0906745195388794 0.144183948636055 0.168225228786469 0.169362187385559 0.166114494204521 0.172064825892448 0.176293477416039 0.168794229626656 0.164073541760445 0.16764360666275 0.174442112445831 0.179902404546738 0.16530467569828 0.14868475496769 0.147825866937637 0.149108305573463 0.151767507195473 0.153163060545921 0.153191730380058 0.153120428323746 0.150516137480736 0.148674964904785 0.148486167192459 0.142228052020073 0.142931312322617 0.137959629297256 0.130319863557816
-9999 -9999 -9999 -9999 -9999 -9999 -9999 -9999 -9999 -9999 -9999 -9999 -9999 -9999 -9999 -9999 -9999 -9999 -9999 -9999 -9999 -9999 -9999 -9999 0.114418305456638 0.11250077188015 0.0881704613566399 0.067553386092186 0.0524202734231949 0.0766258910298347 0.117622315883636 0.143555194139481 0.150729119777679 0.149380594491959 0.151433184742928 0.157942250370979 0.154534056782722 0.152603983879089 0.157745257019997 0.167246788740158 0.171380370855331 0.160939738154411 0.142777636647224 0.142278015613556 0.143123731017113 0.144812792539597 0.145814016461372 0.146383941173553 0.147469103336334 0.147261798381805 0.149331942200661 0.146674737334251 0.141310632228851 0.143529295921326 0.133437111973763 0.123822815716267
