data/03_saidas_enm/CCSM_Maha_6k_B.balansae5.asc
NCOLS 154 
NROWS 168 
XLLCORNER -112 
YLLCORNER -55.5 
CELLSIZE 0.5 
NODATA_value -9999 
[rows 75 to 99 of 168, columns 56 to 111 of 154]
-9999 -9999 -9999 -9999 -9999 -9999 -9999 -9999 -9999 -9999 -9999 -57.3419600966928 -72.9792695787032 -88.4918146215096 -73.4154887008768 -44.717395319936 -21.5193159151384 -6.10412480001135 -1.89303062929215 -3.54302150035618 -7.59134794163404 -10.0330402408663 -12.3428405042177 -13.7170372915073 -14.5077538084749 -15.1512274877386 -15.2914290313017 -15.6004252486045 -15.5777171727903 -15.5456484393852 -15.1551661346316 -14.1511967809866 -13.1677461142775 -11.9284390219942 -10.7151395894801 -9.05632749919566 -6.90166867059587 -5.03695891316796 -3.41878724993261 -2.26877150448381 -1.64450482218372 -1.28489056732284 -1.5318393615027 -1.25439175527208 -0.874339344993563 -1.04326070773014 -1.40797564055468 -2.05136560385664 -2.17615398584132 -2.14629817546966 -2.53353331032436 -3.13943462404963 -4.37938211795865 -5.94419691626366 -7.72303810890598 -10.0845940765283
-9999 -9999 -9999 -9999 -9999 -9999 -9999 -9999 -9999 -9999 -9999 -55.2684003123368 -66.9204779633932 -82.8664081703289 -68.4522149363593 -47.9141494293713 -27.7196341858272 -10.5541417266036 -3.61431059618852 -2.58474761950769 -4.60503347524466 -8.21036235074581 -11.0542431465977 -12.8924366829753 -15.4586779316241 -16.9796356879727 -17.1713043760077 -17.4067032383564 -17.6419190229345 -18.1144506885545 -18.1005487731303 -16.9519843452819 -15.877421940265 -14.654879483994 -13.1777490932314 -11.5423801190718 -9.05755976673261 -6.83487624139203 -4.79968016406174 -3.34501783805605 -2.20922052406671 -0.994010306854653 -0.714590701531603 -1.06745207012431 -0.930436369541359 -0.907989176766364 -0.676584832331238 -0.768189621955149 -1.20281633399033 -1.84942849673022 -1.56973403327148 -1.70952540019645 -2.27030953552947 -3.29558273004747 -5.00632238221747 -7.76772139933424
-9999 -9999 -9999 -9999 -9999 -9999 -9999 -9999 -9999 -9999 -9999 -9999 -64.5539536428448 -68.4561557643665 -65.7821544557855 -52.5903587918943 -37.2091649906749 -25.5518630565021 -16.6288023485958 -7.2393458506466 -2.94637791983526 -3.81796160921936 -6.79200722988966 -10.0990492742671 -13.8395917430408 -16.9535823683619 -18.2621721990396 -18.7252646979957 -19.3443751615138 -20.2443572027954 -20.6252569565702 -19.8792911070314 -18.9307263753286 -16.7665932336399 -15.3192226473283 -13.7529763370455 -11.4072755828672 -8.97706693014678 -6.50155541376598 -4.50658228650391 -2.62780798628696 -0.771168784120711 0.00562428143838567 -0.0895553590667193 -0.600206699283535 -1.01914671063878 -0.756464273835357 -0.580371654028687 -0.600379785730428 -0.834260429303354 -1.10185166010973 -1.05203551557432 -1.03206754590236 -1.47008252329395 -2.60481017724544 -4.76707366665693
-9999 -9999 -9999 -9999 -9999 -9999 -9999 -9999 -9999 -9999 -9999 -9999 -73.3123591836925 -64.0967842407497 -61.9011129148803 -63.04142983856 -54.4700780923045 -52.9591543904906 -46.3712532852241 -26.0605135888269 -8.971367371827 -3.33924263917279 -1.82274708677367 -4.79188848339202 -11.6927849836291 -14.7212710357495 -17.9692992727571 -19.2474810686576 -20.4077249498901 -22.0122005539733 -22.9238315695839 -22.250067272841 -20.9810865392612 -19.1542992617413 -17.6298907034058 -16.1288306989655 -13.886350114822 -11.6646506608583 -8.82262069419134 -6.16662597483298 -3.52505034699809 -1.01622834779487 0.17839083985674 0.2796684625318 -0.0330323047713335 -0.632935489584657 -1.23699455402755 -1.22174571081458 -1.03661352693115 -0.724561975116631 -0.233217206994479 -0.233031468681232 -0.514937101699871 -1.02569287998022 -1.51011646648402 -2.73359984662135
-9999 -9999 -9999 -9999 -9999 -9999 -9999 -9999 -9999 -9999 -9999 -9999 -9999 -72.2550539277763 -66.2785837014393 -73.9816261905431 -78.681256628973 -84.9720247822435 -77.5242944169837 -59.2222570133698 -33.7863734089845 -13.135951691951 -1.09043686553621 0.76943298211277 0.130614589593713 -4.73282376337701 -9.66752011506627 -14.419210731919 -19.9247493012284 -22.1782750897521 -23.9209825288042 -23.388734386388 -22.2034638602412 -20.8888134273231 -19.673484022134 -18.8180069292234 -16.4115285056458 -14.1075086702867 -11.1286501498551 -8.39900500339554 -5.30958230886054 -2.0030959125283 -0.352350629914733 0.11310560594574 0.0164152865483042 -0.500951539300496 -1.33863130327082 -1.52887225004514 -1.23722356975804 -0.486236007088003 -0.00371488002282439 -0.0237645675273517 0.0803448224551893 -0.0632050311627241 -0.654016037882345 -1.68115395793305
-9999 -9999 -9999 -9999 -9999 -9999 -9999 -9999 -9999 -9999 -9999 -9999 -9999 -66.5404054835781 -71.3712558695486 -90.2552983335379 -99.4388388336885 -120.656608292706 -117.657061707944 -89.9229552900175 -72.6931607543423 -43.6499447266568 -24.8272537942306 -19.2864814736921 -17.6996082339963 0.035977598582559 0.137810908821087 -3.74722309435945 -10.6959869151576 -18.4275356039071 -21.9135061160286 -19.0890115644408 -21.0785898303577 -20.668450071183 -20.654148463816 -21.3808642235 -17.758710050512 -15.5592286940375 -12.8336745290135 -10.8642721105352 -8.39426074005405 -4.2283364991821 -1.12647092715756 -0.276061079493952 -0.195661087529659 -0.54952260224335 -1.0493632750319 -1.57318885333979 -1.47563256709867 -0.774565988900948 0.107975954418628 0.4731845072003 0.493138958183757 0.185457164562661 -0.230094868341352 -0.80290891517213
-9999 -9999 -9999 -9999 -9999 -9999 -9999 -9999 -9999 -9999 -9999 -9999 -9999 -9999 -73.8436859287391 -75.2681939917541 -97.1804141431189 -123.086348937286 -127.937442264037 -112.382577463465 -97.0812624150418 -91.2519279724445 -115.379129553411 -129.029438993959 -90.3846419870381 -53.4765147800924 -27.8674058069805 -12.4880347022893 -4.17605301847403 -3.86138610738551 -6.84033662944316 -10.686785595959 -13.6094545809622 -16.5452837814766 -18.085798764426 -18.3620810549479 -16.0575233342138 -14.1464165701771 -12.2540822622738 -10.6744648794291 -9.15187449510246 -5.75480750792526 -3.09313650241633 -1.60196005494829 -0.637960141502658 -0.921143117640212 -1.28644141348346 -1.49635144296363 -1.41745239451305 -0.88024749463135 -0.50192232725368 0.0663151755655558 0.350298240137454 0.486132447037195 0.451187025254507 0.118044112026867
-9999 -9999 -9999 -9999 -9999 -9999 -9999 -9999 -9999 -9999 -9999 -9999 -9999 -9999 -66.7230329944711 -50.4492238720928 -83.7435662350363 -115.505357151827 -133.847873505787 -127.880956765127 -129.375248405785 -165.103634487771 -307.181567334579 -378.135210412133 -288.111494729351 -251.349968811035 -158.513584842132 -66.2485536006043 -31.9129434962591 -11.8031759527314 -4.09948751026154 -2.7104225160078 -6.02447547329921 -10.7514952663484 -14.7025497970088 -15.5376170126801 -12.678079107017 -11.238239455687 -11.1238434146543 -10.2531778766066 -10.5023145840709 -7.59849033441623 -5.6013390355436 -3.08891707173247 -1.48444234826125 -1.3289370342292 -1.68541563067349 -1.78792830884128 -1.64398689687077 -1.06412877396415 -0.856742924766302 -0.522850687980174 -0.139280970196126 0.15724200950373 0.476969135238035 0.497095876889766
-9999 -9999 -9999 -9999 -9999 -9999 -9999 -9999 -9999 -9999 -9999 -9999 -9999 -9999 -9999 -67.8116049685831 -72.8442064740062 -104.239605280442 -135.208369712024 -147.641860525056 -168.869728227301 -203.77337457359 -288.836104177609 -357.770875545834 -397.697978700056 -453.569546643259 -411.088972860071 -370.337663036462 -251.402914839305 -82.2466527120691 -16.3176003596149 -4.93123208186113 -1.71468128559563 -6.2044588460442 -9.51120336615444 -10.2647236876109 -10.8691993713645 -11.031259209713 -9.95538669773429 -7.59891898368087 -5.76845866567506 -5.90485305059846 -6.66348997630617 -5.65610590896972 -3.16087950592168 -2.08707697857624 -2.30636395103213 -1.92905194812791 -1.47484020207061 -0.973349901516199 -0.608929292703867 -0.423496652670844 -0.424997306657066 -0.0462282550051838 0.272096633395744 0.385703300116654
-9999 -9999 -9999 -9999 -9999 -9999 -9999 -9999 -9999 -9999 -9999 -9999 -9999 -9999 -9999 -67.7105145087336 -84.2314336900809 -101.625472734614 -138.014984686336 -158.801945524676 -194.067394300092 -219.424826300574 -270.799137956095 -300.264147614305 -365.760882149694 -529.939807045758 -515.838252877987 -644.539006920902 -527.117583697836 -193.679706842426 -52.1167898682783 -13.2326827912598 -3.55393821006874 -3.26967719278634 -5.9770529106484 -7.18886396086886 -8.54758773274314 -9.52702428630998 -7.8640329663715 -4.53409135503852 -2.6069280431522 -3.69124226849066 -6.78343216163863 -7.75571321369762 -4.74252367207233 -2.8567942209358 -2.9601374428333 -2.21581735045789 -1.56659536693075 -1.01966857373108 -0.598167644906958 -0.437300716464784 -0.354958196491621 -0.0413597040505338 0.232716561594785 0.308959519318739
-9999 -9999 -9999 -9999 -9999 -9999 -9999 -9999 -9999 -9999 -9999 -9999 -9999 -9999 -9999 -69.0390260641682 -85.6645922648844 -104.629068870024 -127.82160499601 -153.031273775563 -190.564619815037 -212.011970354061 -240.018694119484 -251.654316065301 -261.486997384169 -277.000936545538 -313.707595833771 -361.860077077143 -322.214011457938 -202.555857985651 -98.9498022124284 -31.3729050349432 -8.58669077060834 -3.10922293081025 -3.18738651122562 -5.6935858628625 -8.61080846010265 -7.69264136396555 -6.00131189069916 -3.26282463552618 -1.90371960757288 -3.11441824560492 -7.59952691181338 -9.29727207339072 -8.00321357542839 -4.44039490180814 -3.52106183679211 -2.58718187350719 -1.80369700056254 -1.41192581573243 -1.00331094096107 -0.81949224352074 -0.621446396965969 -0.194845929912325 -0.0710407157278063 -0.0590611304853681
-9999 -9999 -9999 -9999 -9999 -9999 -9999 -9999 -9999 -9999 -9999 -9999 -9999 -9999 -9999 -9999 -82.3082127816024 -121.987719230032 -129.545743343872 -148.786123085754 -194.507677156735 -207.019932770196 -230.277547780178 -235.722121851783 -225.231918032386 -230.658311242834 -234.639641081896 -246.967207126332 -220.275268398407 -182.908021216716 -133.277473275022 -68.2553690552685 -21.0002746445731 -8.44979543413253 -3.00127387408659 -3.00445820735874 -6.03655189554075 -6.4098862363185 -6.07897421651452 -3.55995898796955 -2.06238535766016 -4.40658987020343 -9.97055276782216 -11.3358157697463 -9.23572430649796 -5.33074501338727 -3.46871688467383 -2.32291081929659 -1.27803265301836 -1.01508439196166 -1.40210800275762 -0.507407313206578 -0.18977671249813 0.0686571464468639 0.547404120513812 0.764933268699197
-9999 -9999 -9999 -9999 -9999 -9999 -9999 -9999 -9999 -9999 -9999 -9999 -9999 -9999 -9999 -9999 -9999 -82.4699787436182 -112.303355791072 -142.647273317508 -167.64897924641 -169.141540881413 -177.877438402064 -197.124904025362 -204.67038701044 -214.176469600427 -215.781263935951 -217.555626682072 -197.087299385481 -171.65369269378 -158.55556672043 -114.255945947877 -70.5131526733171 -34.449219871489 -11.0392730446296 -2.13071964040225 -2.65070692609446 -5.1287356606685 -7.50323836600376 -7.18998726498574 -8.88080209300686 -9.59450186409435 -11.7401695770605 -10.7719354540333 -7.94458384629439 -4.65714284851152 -3.22413777147762 -1.95247349037087 -0.790072653380617 -0.2002318565076 0.121030731292438 0.257104498109827 0.266829607335133 0.153163335941888 0.270632953950027 -0.186951386140722
-9999 -9999 -9999 -9999 -9999 -9999 -9999 -9999 -9999 -9999 -9999 -9999 -9999 -9999 -9999 -9999 -9999 -9999 -9999 -119.417717497805 -159.220217445106 -136.966692388743 -123.603201722883 -147.645544937707 -172.045344160082 -192.026833481886 -215.64658352398 -227.298106162554 -196.787595845884 -174.129990228828 -161.629735719273 -144.265235982661 -134.626759132594 -104.125154195544 -40.4488981789916 -10.5313368252173 -4.56988943022665 -2.19465024423125 -5.09531794528403 -7.76430782094199 -14.0263618707556 -11.3566320709397 -10.8136236900609 -9.68945590389882 -6.18808218942807 -4.71065642202073 -3.61671383334986 -2.20288501540112 -0.761620215775611 0.117272203882764 0.52632467114902 0.493753245883409 0.368842415216011 0.0531621775626705 -0.0315834795827974 -0.795935507356125
-9999 -9999 -9999 -9999 -9999 -9999 -9999 -9999 -9999 -9999 -9999 -9999 -9999 -9999 -9999 -9999 -9999 -9999 -9999 -9999 -9999 -100.52503954599 -104.999483442271 -107.931865083943 -127.851540630124 -164.962979566367 -192.582699777944 -217.1637117087 -212.096095313555 -176.716451226749 -160.963065797635 -145.819016842036 -175.982721292211 -173.406077338176 -107.173783867089 -58.2587067520752 -19.6173330109972 -3.37706809494377 -2.29935129784687 -3.0443932051303 -5.43774333075304 -7.36127569961623 -8.95567953318961 -6.74789202205563 -6.06635566437459 -5.07634616991951 -3.86405048737045 -3.25569252862966 -1.59283942112425 -0.0168929638212445 0.473789392938547 0.498578382510236 0.321991486958637 -0.0153744309918422 -0.304578414208586 -0.543385247619178
-9999 -9999 -9999 -9999 -9999 -9999 -9999 -9999 -9999 -9999 -9999 -9999 -9999 -9999 -9999 -9999 -9999 -9999 -9999 -9999 -9999 -9999 -9999 -89.1874179750435 -99.3358283420822 -119.388474745176 -156.874290644383 -197.232807441993 -215.318511147878 -200.729624732137 -174.053480119482 -145.259524821224 -154.688049965506 -169.932124132482 -147.869615361432 -120.733806212012 -57.4691810814602 -14.8635113781202 -2.98136115007485 -0.788057711044634 -1.22634938931725 -4.07592798863052 -5.9163085263806 -6.44181541241579 -5.97655705395306 -5.3281116944005 -4.24059225408525 -3.49230378284744 -1.89585624104686 -0.216549077410624 0.445983364391796 0.469887248252118 0.275375380297797 -0.0479840915165295 -0.614496079486569 -0.694394258987235
-9999 -9999 -9999 -9999 -9999 -9999 -9999 -9999 -9999 -9999 -9999 -9999 -9999 -9999 -9999 -9999 -9999 -9999 -9999 -9999 -9999 -9999 -9999 -9999 -9999 -87.030004754156 -114.505665518951 -163.496095654823 -208.515381512247 -215.818528579889 -193.543112408479 -162.208983571585 -150.032170309952 -140.446105192936 -140.837354160849 -161.248991769748 -100.689242409938 -52.7225972552282 -16.6483257579305 -1.53963224216458 -1.1501832656505 -3.22641376928965 -5.68853105299761 -6.1182370493483 -6.13468464129481 -5.45489469689584 -4.43538279908084 -2.81582191536773 -1.54921090268332 -0.204806119038808 0.458076760085003 0.407283555229329 0.148455433876079 -0.0482603185595518 -0.827405162127606 -1.19738377085339
-9999 -9999 -9999 -9999 -9999 -9999 -9999 -9999 -9999 -9999 -9999 -9999 -9999 -9999 -9999 -9999 -9999 -9999 -9999 -9999 -9999 -9999 -9999 -9999 -9999 -88.3246344200407 -113.882894998437 -137.279474994803 -189.782519544088 -239.575248194552 -246.760236653469 -223.042056043089 -192.112522347379 -152.854934748155 -123.269463019457 -123.09488238878 -96.0458135154003 -68.0012946092243 -29.9027109983506 -2.42548915834853 -2.31643177557119 -3.5857373044013 -5.77748116417223 -6.57223119607905 -6.45015691624215 -6.16507246916068 -5.49574913128605 -3.73527946715344 -2.21097461815864 -0.697418101283361 0.108788615354606 0.125111759074651 0.0709492270375656 -0.0300411711592692 -0.887983366323148 -1.59527713860171
-9999 -9999 -9999 -9999 -9999 -9999 -9999 -9999 -9999 -9999 -9999 -9999 -9999 -9999 -9999 -9999 -9999 -9999 -9999 -9999 -9999 -9999 -9999 -9999 -9999 -9999 -9999 -139.911170107472 -177.068189956487 -255.075646518644 -332.637914577904 -302.489429680484 -262.06769902413 -211.300936079043 -157.54617808648 -132.321478508047 -89.413211436199 -72.0977541539244 -38.7006106307109 -8.65744879053848 -5.6592862997419 -6.30292591750329 -6.20697952274307 -5.76898488760568 -7.008783950907 -7.49117935496706 -6.0576471507254 -5.78639515941177 -4.31299320161472 -1.77115133228667 -0.75777154880624 -0.218228142119906 0.00530767863246484 0.0183947872915285 -1.10619474087319 -1.81889156848647
-9999 -9999 -9999 -9999 -9999 -9999 -9999 -9999 -9999 -9999 -9999 -9999 -9999 -9999 -9999 -9999 -9999 -9999 -9999 -9999 -9999 -9999 -9999 -9999 -9999 -9999 -9999 -175.997193566054 -215.559725902227 -276.245343890567 -334.30542169578 -342.927725368244 -309.574108763443 -267.91278196493 -215.460447156529 -166.91358552481 -113.812580108131 -76.8447814305198 -44.3013758143809 -18.8210995939622 -10.5078081472635 -8.12679091915603 -8.34837110220257 -8.52470962491596 -7.9070252960344 -7.95010352161992 -7.04941805452781 -6.26915714058473 -4.84132173959134 -3.29727080859918 -1.67073797414729 -0.232861655286668 0.229997332697023 -0.0557679758640177 -1.15780621630377 -1.68743649575576
-9999 -9999 -9999 -9999 -9999 -9999 -9999 -9999 -9999 -9999 -9999 -9999 -9999 -9999 -9999 -9999 -9999 -9999 -9999 -9999 -9999 -9999 -9999 -9999 -9999 -9999 -9999 -9999 -270.90581563757 -276.956829237464 -295.127939491924 -324.578958658281 -303.028839247886 -280.897692704108 -244.499802966344 -192.216072813848 -130.495247565102 -91.3019467311655 -54.3854056863949 -27.4944739536385 -13.7743806257383 -10.5582262023348 -13.8460562711241 -14.0158750642494 -10.8789955604542 -7.34210995379598 -7.00513920114467 -6.0894001095436 -4.61695310940074 -3.80141194591515 -2.37147712878799 -0.316992883301254 -0.0150601752820512 -0.741548372142912 -1.25021893390544 -1.55039638566638
-9999 -9999 -9999 -9999 -9999 -9999 -9999 -9999 -9999 -9999 -9999 -9999 -9999 -9999 -9999 -9999 -9999 -9999 -9999 -9999 -9999 -9999 -9999 -9999 -9999 -9999 -9999 -9999 -300.365065039359 -293.094993102082 -283.927611623087 -295.663708788165 -269.583171756996 -256.966547794712 -244.259581765537 -190.348889925254 -137.893304996802 -97.4086914609436 -59.5005302496638 -31.4465731012567 -16.5817774538884 -12.7392907117251 -17.9219403402263 -17.9443870560474 -17.7858243184486 -13.4166755769456 -8.10009864200828 -5.50937459704737 -3.61122622733757 -3.24632163674816 -2.17634152703812 -0.433396241927783 -0.0473532910174324 -0.66811113919855 -1.17880037653512 -1.14187880880723
-9999 -9999 -9999 -9999 -9999 -9999 -9999 -9999 -9999 -9999 -9999 -9999 -9999 -9999 -9999 -9999 -9999 -9999 -9999 -9999 -9999 -9999 -9999 -9999 -9999 -9999 -9999 -9999 -313.03289452472 -281.348031182431 -278.514092845793 -273.737781090897 -230.112338333173 -226.30018010814 -230.222291226071 -186.905780587433 -136.273659412383 -97.4688954455855 -62.183728339266 -35.7080336207509 -19.2023814917325 -11.8176730034559 -20.1100748079849 -23.2206210115627 -24.6785516503879 -24.8258043505935 -12.4025189286103 -5.90011693578054 -3.3522873110651 -2.70872437296237 -3.01619445657245 -0.368346438905357 0.00795538945229313 -0.268858601908921 -0.563227190280856 -0.943173787933045
-9999 -9999 -9999 -9999 -9999 -9999 -9999 -9999 -9999 -9999 -9999 -9999 -9999 -9999 -9999 -9999 -9999 -9999 -9999 -9999 -9999 -9999 -9999 -9999 -9999 -9999 -9999 -9999 -293.320134180037 -262.367986950691 -235.307101265692 -249.386770632099 -232.185955473115 -234.963095544606 -230.641339751705 -185.184483380122 -133.125243173329 -93.9093667526723 -58.3668401486468 -31.1401788683108 -16.7450700954149 -13.7268535580493 -21.6605101863903 -26.031308121623 -29.8954231736499 -29.3838721377125 -19.999295904963 -11.2884035486016 -5.96249170090758 -3.04274717483911 -1.32888851036619 -0.1443534425547 0.358196554819662 0.597846047754609 0.558064515292894 0.0866598778977467
-9999 -9999 -9999 -9999 -9999 -9999 -9999 -9999 -9999 -9999 -9999 -9999 -9999 -9999 -9999 -9999 -9999 -9999 -9999 -9999 -9999 -9999 -9999 -9999 -9999 -9999 -9999 -9999 -273.554479212699 -231.453927907602 -198.407519164711 -232.116529235937 -237.863050783783 -243.669325843617 -234.709375675726 -192.037705209498 -123.923149587958 -87.6269450370835 -54.2634685546855 -26.3077847431204 -15.45314900822 -14.5238297238445 -24.3133094374467 -26.9537108691651 -32.4369883296705 -33.6271144007643 -26.0999392748773 -17.3590217815676 -10.09991226086 -3.76252888160871 -0.978574171225941 -0.296943981036385 0.290139920474067 0.735383334832675 0.817850078432979 0.582823654461506
