data/03_saidas_enm/CCSM_Gower_6k_B.balansae5.asc
NCOLS 154 
NROWS 168 
XLLCORNER -112 
YLLCORNER -55.5 
CELLSIZE 0.5 
NODATA_value -9999 
[rows 84 to 111 of 168, columns 63 to 125 of 154]
-9999 -9999 -9999 -9999 -9999 -9999 -9999 -9999 0 0 0 0 0 0 0 0 0 0 0 0 0 0 0 0 0.47901585247216 0.630030759410673 0.522582089006737 0.417457519933162 0.359724330632338 0.358146767993897 0.367786187395663 0.400121176742508 0.455636661781504 0.512004077489284 0.573578373915188 0.632298363496253 0.649635150752003 0.707369882728955 0.719160944504739 0.731445004623551 0.737885420607812 0.745616154104967 0.751324622119118 0.75313378970984 0.752627717126862 0.752237060931806 0.748991367772348 0.745342659857239 0.747471264819254 0.740553473248648 0.741567992375397 0.73156698431484 0.704851476895994 0.677732465964864 0.65691366768651 0.64313687498609 0.634312723077037 0.638721133356811 0.642296039020235 0.630178889291822 0.616931315292104 0.630861228463615 0.663712831039887
-9999 -9999 -9999 -9999 -9999 -9999 -9999 -9999 0 0 0 0 0 0 0 0 0 0 0 0 0 0 0 0 0.148263901221908 0.527437502906447 0.639329327677202 0.580360886886092 0.446951959650307 0.394113790829587 0.394219279971296 0.418409895002463 0.464796560516046 0.516435432203054 0.566165306903008 0.614324143668052 0.626146636846269 0.636427729871837 0.71598228082647 0.724167837282443 0.731777219489694 0.738044545803261 0.743922891658801 0.750579896654155 0.743211680934433 0.737268539913743 0.731545409200582 0.723739738838129 0.721169210601306 0.720663033284763 0.721371032179824 0.713790312058019 0.696742026830121 0.677392012058324 0.660875668603801 0.651394488134342 0.647754490560669 0.652710639926442 0.65667976272611 0.653030566054368 0.64813781540622 0.663447087075922 0.671715675771253
-9999 -9999 -9999 -9999 -9999 -9999 -9999 -9999 -9999 0 0 0 0 0 0 0 0 0 0 0 0 0 0 0 0 0.325778691836837 0.50877413602079 0.637296303494414 0.614662089850959 0.510317152068576 0.455358210084643 0.44581824415209 0.480490119771422 0.52010404006554 0.557092288392411 0.592993884023459 0.60199591683575 0.634802578924886 0.703801348357363 0.70372789521756 0.71077073866401 0.71587629045934 0.721773628001217 0.731524671954839 0.713592679822075 0.697102589581018 0.684494763103587 0.670314676358013 0.67145990297308 0.684275381197445 0.693998566022948 0.694411495556024 0.688899158596727 0.673865144189753 0.659162925714665 0.651856432975537 0.651466125892363 0.661671085113913 0.675119991935516 0.682326499031869 0.684582599652896 0.704164564358557 0.670369911727416
-9999 -9999 -9999 -9999 -9999 -9999 -9999 -9999 -9999 -9999 0 0 0 0 0 0 0 0 0 0 0 0 0 0 0 0 0.0282219037514857 0.515085742037165 0.663087398361642 0.691311800985281 0.570923656078373 0.500611250184674 0.501587948113293 0.523962366230708 0.542822311345983 0.56626367935625 0.593880072603092 0.622796889453763 0.651597600041593 0.667141528647466 0.660378253995476 0.656265995324519 0.656172293695607 0.64201971696627 0.632171619909676 0.607940410092999 0.59813361297195 0.606155331222079 0.618224076588164 0.655245471473414 0.68649140377451 0.697284127759239 0.688555772150385 0.673473719948558 0.657217395023148 0.640951609165758 0.647579480774627 0.671418288836842 0.697057903260225 0.712956737619293 0.726949211639914 0.718366846075762 0.675907201020523
-9999 -9999 -9999 -9999 -9999 -9999 -9999 -9999 -9999 -9999 -9999 -9999 0 0 0 0 0 0 0 0 0 0 0 0 0 0 0 0 0.479362491422653 0.632683860272408 0.706746595831866 0.628096956322322 0.559239752354684 0.521550259263663 0.52206248066397 0.531398134578252 0.550062235633684 0.574014692551337 0.59985753753828 0.631283353846898 0.623853331116473 0.609838182279168 0.592500256379038 0.547107315683109 0.540543401370875 0.514179344882827 0.513970925089755 0.543689597644193 0.569507468594113 0.633889250365149 0.680407500843323 0.693897323577402 0.684326351532099 0.667242491803508 0.652577139543074 0.640270491885549 0.652183620630592 0.683490438043769 0.713787903186039 0.729834691160356 0.742800287493634 0.744986933003075 0.699815622598496
-9999 -9999 -9999 -9999 -9999 -9999 -9999 -9999 -9999 -9999 -9999 -9999 -9999 -9999 0 0 0 0 0 0 0 0 0 0 0 0 0 0 0 0.210668829728145 0.664374367717015 0.709747387006667 0.680145185592425 0.552315034306814 0.497753043960801 0.489800730149072 0.502414024483467 0.530281445081558 0.564529948517901 0.602354993289979 0.628345702803674 0.608373169180927 0.569223902468614 0.524153907718384 0.504637069834159 0.498958154140751 0.503881155333404 0.513685787960789 0.551117302028471 0.614080118558395 0.661806121589559 0.682353171179592 0.669521214874435 0.656375057876204 0.665608368910016 0.665396807110013 0.683298007574855 0.713136041481474 0.727709053649332 0.739646690048435 0.747914427441241 0.755761279071117 0.738169554599065
-9999 -9999 -9999 -9999 -9999 -9999 -9999 -9999 -9999 -9999 -9999 -9999 -9999 -9999 -9999 -9999 0 0 0 0 0 0 0 0 0 0 0 0 0 0 0.223017313757678 0.663038275295793 0.717683185742079 0.630515279131193 0.505304030593781 0.454095042924056 0.455084893213639 0.487918501176506 0.531713611072074 0.576807098362673 0.620791965168636 0.612168207341037 0.569225211638168 0.521709164492354 0.504256101493806 0.498118190954598 0.494645749628305 0.497538490675876 0.518245887352942 0.568472439144344 0.625797709738781 0.656942015571263 0.666835148060531 0.678416725252004 0.660761604062973 0.656908554285276 0.668129693089271 0.690727585519946 0.720467956370195 0.753795915303712 0.754986788297246 0.75780438301239 0.761628135624729
-9999 -9999 -9999 -9999 -9999 -9999 -9999 -9999 -9999 -9999 -9999 -9999 -9999 -9999 -9999 -9999 -9999 -9999 0 0 0 0 0 0 0 0 0 0 0 0 0 0.137604504645023 0.681626422313354 0.719342940476687 0.528567674430935 0.423879655639789 0.412503944421366 0.450482467722665 0.501319495814152 0.551657210350779 0.598436155968984 0.609886185162832 0.5672457472718 0.520027405282674 0.500288008574188 0.495087725269896 0.485539951709099 0.470754190760841 0.471589179102686 0.507702097595099 0.549582169808892 0.615583219762875 0.675741550728793 0.612125923432154 0.606415263533676 0.611415348470645 0.637562229199065 0.679992878163838 0.720049603189924 0.758237976828193 0.759132729117923 0.759526621744695 0.760796586034914
-9999 -9999 -9999 -9999 -9999 -9999 -9999 -9999 -9999 -9999 -9999 -9999 -9999 -9999 -9999 -9999 -9999 -9999 0 0 0 0 0 0 0 0 0 0 0 0 0 0 0.374644667381473 0.696150002901992 0.574952576858949 0.424880496258398 0.387466983970592 0.416325966466885 0.466334846240921 0.515824838349505 0.563841675945387 0.601811937196061 0.569992384997091 0.523053419790891 0.499384419747688 0.488020566180921 0.473909813054952 0.45928089061932 0.454066206449929 0.476474738046082 0.520459693069562 0.606579921091987 0.680949963374149 0.606161031742232 0.601721530800976 0.619084384621364 0.654551167317078 0.703115848363316 0.747994226345183 0.762455473057762 0.761359144920269 0.760171885234706 0.760571862716989
-9999 -9999 -9999 -9999 -9999 -9999 -9999 -9999 -9999 -9999 -9999 -9999 -9999 -9999 -9999 -9999 -9999 -9999 -9999 -9999 0 0 0 0 0 0 0 0 0 0 0 0 0.0308719287427739 0.466813049278451 0.62284507187984 0.436075587725218 0.372544819694258 0.387464912023317 0.429625976196028 0.473946910276189 0.5193635441263 0.5601297888364 0.566747739173277 0.52054400358887 0.492975772944615 0.479775678160739 0.467827149470943 0.454969533442518 0.458588601758913 0.489472173382925 0.52913634520881 0.614199863933644 0.690352022601503 0.632370070888909 0.642172762309812 0.670825476663697 0.708626507438162 0.751283217432978 0.764021699048976 0.761010905818779 0.758857060067754 0.758199682395466 0.758525613247749
-9999 -9999 -9999 -9999 -9999 -9999 -9999 -9999 -9999 -9999 -9999 -9999 -9999 -9999 -9999 -9999 -9999 -9999 -9999 -9999 0 0 0 0 0 0 0 0 0 0 0 0 0 0.258304005753364 0.678853963493576 0.469836166882098 0.36974958265062 0.359781354224739 0.387751561424614 0.425335694066303 0.465270405849429 0.510728568729709 0.547087939973703 0.505934195028734 0.473764233400494 0.459332995567588 0.4557189020955 0.462687611633979 0.48480917326379 0.526300945787725 0.577882522979199 0.637900196768184 0.689553254617332 0.700658699064201 0.709188815911731 0.736875977096875 0.759896191582127 0.757937150260808 0.755126869439575 0.7517692684666 0.748824422470761 0.750838867847625 0.754082623436142
-9999 -9999 -9999 -9999 -9999 -9999 -9999 -9999 -9999 -9999 -9999 -9999 -9999 -9999 -9999 -9999 -9999 -9999 -9999 -9999 -9999 0 0 0 0 0 0 0 0 0 0 0 0 0.135752120090996 0.582014384282285 0.489453904192128 0.361195503282428 0.333886697686677 0.345343214848835 0.379974552369304 0.414738584600052 0.463167739703709 0.515943843608351 0.482141347545678 0.460030782940124 0.437098845356092 0.445274871057709 0.477831561372341 0.518007880327938 0.582752982833732 0.630098593559148 0.665126454869216 0.687725723741659 0.705127414926889 0.726109510287673 0.734164237066169 0.738903361030997 0.740184601634978 0.738264695755541 0.737530513469391 0.733623113650318 0.740869349678752 0.751570012860409
-9999 -9999 -9999 -9999 -9999 -9999 -9999 -9999 -9999 -9999 -9999 -9999 -9999 -9999 -9999 -9999 -9999 -9999 -9999 -9999 -9999 0 0 0 0 0 0 0 0 0 0 0 0 0.0905514702192292 0.535007569181974 0.517096113129865 0.363908042604384 0.315963813247799 0.321353128280047 0.351242679334115 0.388457735106817 0.441520755249233 0.494831913538952 0.486978467215558 0.468529388019964 0.443619295239118 0.461277636023808 0.508308243098822 0.574199252987852 0.637537294967683 0.675298737218687 0.697532835063401 0.697739230007563 0.691830162306478 0.702105642128029 0.709880084432708 0.716151844467166 0.721539024817054 0.722928420281829 0.728651341527862 0.733050639987537 0.747439425815689 0.760229418872726
-9999 -9999 -9999 -9999 -9999 -9999 -9999 -9999 -9999 -9999 -9999 -9999 -9999 -9999 -9999 -9999 -9999 -9999 -9999 -9999 -9999 0 0 0 0 0 0 0 0 0 0 0 0 0.0740755713761423 0.549114447166063 0.508593832443554 0.344282918351893 0.2965961767039 0.296174194398587 0.328930599804285 0.371569653204929 0.426698945288752 0.495770588109511 0.516564389977172 0.490178339440609 0.464597428180049 0.494420048797113 0.559822755897918 0.622535084653085 0.678357096942696 0.718850200019288 0.727836392207997 0.710215441305783 0.683585675764959 0.691743861849446 0.691571540224889 0.697129541018246 0.707392365534104 0.708886477107643 0.728252009902558 0.740429678175576 0.758156532166951 0.763757438810506
-9999 -9999 -9999 -9999 -9999 -9999 -9999 -9999 -9999 -9999 -9999 -9999 -9999 -9999 -9999 -9999 -9999 -9999 -9999 -9999 -9999 0 0 0 0 0 0 0 0 0 0 0 0 0.135794537184561 0.565350149179 0.488968528021736 0.321706620502137 0.268248559803605 0.276460516921246 0.30951885394805 0.352782226244288 0.409216845111517 0.475750945760281 0.527466630359031 0.521609143938392 0.520630670613377 0.562645063623458 0.622203253810011 0.670504872510887 0.712643270061169 0.732334751163961 0.73722182874404 0.728530129882711 0.710469105998659 0.7034962245732 0.697926493620635 0.701949519294759 0.712920604539589 0.724415183050269 0.739945669463489 0.755557219655523 0.765360438379789 0.745758434652147
-9999 -9999 -9999 -9999 -9999 -9999 -9999 -9999 -9999 -9999 -9999 -9999 -9999 -9999 -9999 -9999 -9999 -9999 -9999 -9999 -9999 0 0 0 0 0 0 0 0 0 0 0 0 0.206320024752032 0.525716532925061 0.43481872649112 0.271667272807764 0.233734325911901 0.249464459540918 0.283113494579734 0.328225056714731 0.38316589168117 0.449643869584174 0.515082901055638 0.560781255388993 0.584211921385241 0.623273281725869 0.669793661786519 0.712098864993635 0.733157747512687 0.745029646144561 0.749171928437301 0.742242965286496 0.732558671524558 0.728827573205489 0.720616007914366 0.721721051751909 0.730306271489473 0.739575471224671 0.755075026325218 0.76450836101136 0.755242233460716 0.709371052501529
-9999 -9999 -9999 -9999 -9999 -9999 -9999 -9999 -9999 -9999 -9999 -9999 -9999 -9999 -9999 -9999 -9999 -9999 -9999 -9999 -9999 0 0 0 0 0 0 0 0 0 0 0 0 0.298739016612925 0.529083275366096 0.415312153656639 0.241012362447153 0.205426088879074 0.22349247175331 0.257498338581408 0.298668928306506 0.35274637254796 0.417592196506053 0.478248903412253 0.525524794645573 0.569581574751997 0.62384034011851 0.694177146086954 0.733169268204766 0.748248108577286 0.754987782148222 0.753171644194546 0.758156741634079 0.756124107528205 0.753731870729107 0.751264609786741 0.751824620155364 0.753383841094745 0.757821489494569 0.765360438379789 0.73970301411593 0.708680048704361 0.66272760239997
-9999 -9999 -9999 -9999 -9999 -9999 -9999 -9999 -9999 -9999 -9999 -9999 -9999 -9999 -9999 -9999 -9999 -9999 -9999 -9999 -9999 0 0 0 0 0 0 0 0 0 0 0 0 0.390869729337922 0.546782502567875 0.391120637778831 0.215720642566188 0.174589239669992 0.197937061191166 0.230286367564991 0.267839897159347 0.321101972236421 0.386082382682742 0.445973910451726 0.48776283487687 0.52782970086229 0.578133788080718 0.644750843835918 0.711783279977474 0.747187805835894 0.730398557545459 0.723206797530664 0.724533755971267 0.717545693311142 0.735185993936787 0.702054643181233 0.697510381405281 0.73408035269076 0.759131458253269 0.741514019678564 0.699109075206991 0.637100486181934 0.586433704308346
-9999 -9999 -9999 -9999 -9999 -9999 -9999 -9999 -9999 -9999 -9999 -9999 -9999 -9999 -9999 -9999 -9999 -9999 -9999 -9999 0 0 0 0 0 0 0 0 0 0 0 0 0.0950047413757364 0.479893154308761 0.55711671373033 0.373967166456383 0.218618151442101 0.153228364108828 0.17629280501509 0.208799823897351 0.245418660755054 0.298477434049017 0.361250635096882 0.417991631906856 0.459905053337843 0.4941028133698 0.541527614552946 0.600976273243774 0.658848385965942 0.718511832234558 0.711222755541149 0.701920789672175 0.701375890105826 0.701007168637523 0.700938046103856 0.656440717877536 0.653880874103257 0.685604982352832 0.699749736435545 0.660190257247454 0.599797183452621 0.545330283841051 0.509469773238741
-9999 -9999 -9999 -9999 -9999 -9999 -9999 -9999 -9999 -9999 -9999 -9999 -9999 -9999 -9999 -9999 -9999 -9999 -9999 -9999 0 0 0 0 0 0 0 0 0 0 0 0 0.177990381094893 0.543699999792213 0.524149807901293 0.328541434055195 0.206186371271331 0.148293140130041 0.156018833099885 0.186682044118836 0.223980280209635 0.275909198776702 0.340266944024478 0.398567216286072 0.438646874293801 0.472561318057033 0.516149143140413 0.57165877267624 0.622477848181088 0.68151135813184 0.697089377325911 0.687584412265227 0.688750543881412 0.69020471758685 0.704067031557721 0.660465177785485 0.660403128967851 0.675782990309091 0.632279652581311 0.570138610508529 0.499287995046102 0.44565892903821 0.430884060380645
-9999 -9999 -9999 -9999 -9999 -9999 -9999 -9999 -9999 -9999 -9999 -9999 -9999 -9999 -9999 -9999 -9999 -9999 -9999 -9999 0 0 0 0 0 0 0 0 0 0 0 0 0.270211950186971 0.515052849530341 0.49529859720161 0.306639490697343 0.197378986696812 0.165199457741799 0.14963514424099 0.167312940481835 0.204079837919672 0.257156177723144 0.323829555697289 0.383450649304521 0.428775847220528 0.469375023486359 0.512276313344318 0.561972432033695 0.611723965660756 0.66264609802138 0.683215308469589 0.680960441588071 0.687647546144208 0.695338018921047 0.704164843339297 0.690195899768233 0.650546390641358 0.599591364543063 0.541335763152026 0.473970890178566 0.412018839822669 0.378809659402085 0.36915427210391
-9999 -9999 -9999 -9999 -9999 -9999 -9999 -9999 -9999 -9999 -9999 -9999 -9999 -9999 -9999 -9999 -9999 -9999 -9999 -9999 0 0 0 0 0 0 0 0 0 0 0 0 0.337972733489299 0.480942898233382 0.442222154444237 0.268871591775425 0.200902809200167 0.174614624241423 0.171861315174324 0.179510661391309 0.189386803986581 0.236133602248925 0.303375401584564 0.365095808901086 0.412606731023151 0.459319503020925 0.504175179667428 0.551124526862475 0.598033966551307 0.641550895004007 0.673762880171549 0.680710100298589 0.691521951614813 0.692622926269295 0.654711993607761 0.617546624982708 0.560729259808626 0.500717608199591 0.440306799521193 0.381352328510789 0.329350280969606 0.319851994017968 0.35158966785932
-9999 -9999 -9999 -9999 -9999 -9999 -9999 -9999 -9999 -9999 -9999 -9999 -9999 -9999 -9999 -9999 -9999 -9999 -9999 -9999 0 0 0 0 0 0 0 0 0 0 0 0 0.437169959446291 0.494942959754125 0.402917044378794 0.255246929785954 0.197474733825556 0.183559355755664 0.187452750593658 0.197945072291656 0.213674626804975 0.232033752664576 0.281283006377479 0.342867057685586 0.392925123686244 0.440194528823747 0.486220495342108 0.535873720862115 0.580362057986726 0.61837213665895 0.656109516183581 0.665936211358959 0.659699930708392 0.638907506734586 0.57859125500921 0.510268157199843 0.4408715578114 0.393680516371383 0.331089381805773 0.279541877933904 0.247579812430914 0.282234577873551 0.3786562247303
-9999 -9999 -9999 -9999 -9999 -9999 -9999 -9999 -9999 -9999 -9999 -9999 -9999 -9999 -9999 -9999 -9999 -9999 -9999 -9999 0 0 0 0 0 0 0 0 0 0 0 0 0.461169392259995 0.446355254819091 0.350012393075938 0.225785673398308 0.19720824408517 0.189330436725304 0.193452099667613 0.208641435753934 0.224592695060323 0.24721903494101 0.275881015146063 0.317121671436006 0.368336154270245 0.417386803471811 0.46518797838174 0.512968433818915 0.557954553059095 0.59220656979734 0.624859364970038 0.617734751305513 0.598799466845453 0.586659761928226 0.526673029230701 0.442911628000344 0.368496545319741 0.323136438596239 0.269808202296371 0.221318918503759 0.201742120653939 0.266426879171069 0.277048098351161
-9999 -9999 -9999 -9999 -9999 -9999 -9999 -9999 -9999 -9999 -9999 -9999 -9999 -9999 -9999 -9999 -9999 -9999 -9999 -9999 0 0 0 0 0 0 0 0 0 0 0 0 0.470976801971375 0.396478725769486 0.307705932255303 0.201022493111097 0.178961080593859 0.180766184224682 0.187143599330182 0.204241025122296 0.224905031460139 0.248373888162206 0.280557663965671 0.308913388485739 0.343271808081572 0.393654539211795 0.441198702574929 0.489871536695087 0.53425886317272 0.566219846732526 0.579215510274197 0.565475366210253 0.545492603304302 0.520654821846939 0.502724931694079 0.424510150209751 0.345725111923087 0.295431792484407 0.251288689778746 0.192966757130283 0.169576610202184 0.262045874173969 0
-9999 -9999 -9999 -9999 -9999 -9999 -9999 -9999 -9999 -9999 -9999 -9999 -9999 -9999 -9999 -9999 -9999 -9999 -9999 -9999 0 0 0 0 0 0 0 0 0 0 0 0 0.375823258800282 0.31706212403613 0.253434683728187 0.149266151022049 0.147415683328211 0.152207769210297 0.164213513265868 0.186310444879253 0.210714283875823 0.238197184519645 0.271008335662665 0.302446982601305 0.331859072066187 0.368190937791649 0.414499589986086 0.458325607827737 0.502359253007669 0.534876123291416 0.517317251834838 0.494331588195573 0.466178890971465 0.440761893764462 0.416976468634007 0.395266816469426 0.335646077357083 0.282528617355486 0.237505752709217 0.175466564027774 0.157995958157195 0.164474271013006 0
-9999 -9999 -9999 -9999 -9999 -9999 -9999 -9999 -9999 -9999 -9999 -9999 -9999 -9999 -9999 -9999 -9999 -9999 -9999 0 0 0 0 0 0 0 0 0 0 0 0 0.278144495286513 0.250265632304997 0.212325711721034 0.201223349739038 0.0889169867246091 0.0929112442133473 0.111809333749267 0.126894429009939 0.154780008102472 0.185294482906306 0.215447879072406 0.254305577218772 0.285304482304026 0.318510596787735 0.347221392461087 0.38202656136042 0.417130618809258 0.457467216469997 0.498967579617225 0.4585292852463 0.433076307767262 0.402154123495904 0.363409511590876 0.347398173932308 0.312740471177123 0.294083062135894 0.261503436638696 0.222490101587194 0.165807772888757 0.11686162700092 0.0680242378492888 0
-9999 -9999 -9999 -9999 -9999 -9999 -9999 -9999 -9999 -9999 -9999 -9999 -9999 -9999 -9999 -9999 -9999 -9999 -9999 0 0 0 0 0 0 0 0 0 0 0 0.0437441348449025 0.190646629805325 0.119173942314286 0.0988590209511223 0.12342288727785 0.0670471649841425 0.0463874054947527 0.0485004056383734 0.0754345941582927 0.109338343584968 0.146443251551901 0.181552912900484 0.220386095148967 0.257878141960047 0.295376559043805 0.324454298377394 0.360680602913584 0.39340308521536 0.435288091958035 0.430572680504786 0.392772184274959 0.360073735039866 0.318513422537565 0.284720828776902 0.248500521685748 0.218636240699903 0.196143906568326 0.154428362512738 0.11838878965843 0.0660854675427047 0.0193265221147959 0 0
