data/03_saidas_enm/CCSM_Maha_6k_B.balansae1.asc
NCOLS 154 
NROWS 168 
XLLCORNER -112 
YLLCORNER -55.5 
CELLSIZE 0.5 
NODATA_value -9999 
[rows 75 to 99 of 168, columns 56 to 111 of 154]
-9999 -9999 -9999 -9999 -9999 -9999 -9999 -9999 -9999 -9999 -9999 -69.3980316907271 -52.5314622752313 -61.614720535374 -51.2096510339314 -30.8623160812747 -14.4921181467886 -3.87243400868317 -1.19606549739284 -2.5856830430585 -6.04805427545857 -8.74963413559236 -11.6251390070134 -13.302226316632 -13.9027910742845 -14.4035250887994 -13.4299946519515 -12.2116548472878 -11.1098274220106 -9.88147077472096 -8.71217516715244 -7.33641031579035 -6.05987880071647 -4.99279375605274 -3.97177203046517 -3.1589938540609 -2.54646769780405 -2.26105397831406 -2.42052268734068 -2.27299354790551 -1.97820264811935 -2.0354683654458 -2.5817949593685 -2.30835530300991 -2.3260645804433 -2.8631992274431 -3.01987945264164 -2.82427123136972 -2.76632719547228 -2.80279674281471 -3.21885490672589 -3.78896805650337 -4.98244471897939 -6.3422907558766 -7.64744956022388 -9.36635494747306
-9999 -9999 -9999 -9999 -9999 -9999 -9999 -9999 -9999 -9999 -9999 -59.7816685104175 -48.2660150811279 -58.8572139460205 -48.6436348425001 -34.5176789107822 -20.5811295896199 -8.85696793254587 -3.07872295850277 -1.33520128173028 -3.51102998542098 -7.16509478065042 -10.3826162276782 -12.7527772895119 -13.5128611818268 -13.754672496062 -12.9370052986874 -11.8193894385851 -10.924489907927 -10.0965846950496 -9.26756513751107 -7.86146075690856 -6.32412519823456 -5.20947520617572 -4.22950203428984 -3.19984833343136 -2.39694266640776 -1.63182414935149 -1.2503773281292 -1.21722312935125 -1.65229657511654 -1.15481978649778 -1.14243994259451 -1.67999804844732 -1.59975419959852 -1.72791070333757 -1.68473560640708 -1.85684117913072 -2.29319039153138 -1.8797787596258 -1.67468489181748 -1.84351282910099 -2.33844806958716 -3.14006634693618 -4.35085565659812 -6.32538968977149
-9999 -9999 -9999 -9999 -9999 -9999 -9999 -9999 -9999 -9999 -9999 -9999 -47.5604206178283 -48.2137394422186 -46.9185514650816 -38.7156931566059 -30.1687166919967 -25.6735201230381 -18.5023849449973 -6.95966795755808 -1.52728533830087 -2.6403701642481 -6.25311687426414 -10.3179161496751 -11.0759251865994 -11.9305262072904 -11.7236240000496 -11.1724164669591 -10.7829363080883 -10.3675339237608 -9.78180396042077 -8.58212010781461 -7.27081152381371 -6.16689077248596 -5.13014715057664 -4.07228703434913 -3.03761576705135 -2.05646600186922 -1.21898081027009 -0.674362927804458 -0.642806092519496 -0.770523699570751 -0.152111072486079 -0.369508835323382 -0.823457920187107 -1.32740325763844 -1.24606294694122 -1.11980918551291 -1.13853315039166 -1.11770121670573 -1.21427479502504 -0.966556665975349 -0.885710985770512 -1.12962257973109 -1.83222157962156 -3.29206458128157
-9999 -9999 -9999 -9999 -9999 -9999 -9999 -9999 -9999 -9999 -9999 -9999 -50.3320876644472 -48.0483106962033 -44.3661334305455 -46.017114347283 -45.0433809734904 -53.3436119262095 -50.7400946442055 -27.043491947741 -7.75710588485547 -1.8483776929665 -1.30448191195651 -5.1711322808453 -8.48190732398617 -9.96343938060346 -10.4321944786481 -10.4815828285686 -10.5668730668657 -10.7334391439687 -10.6361157649538 -9.69508257154726 -8.77441714731776 -7.82223081126113 -6.68933043677919 -5.72117601846548 -4.58949142732027 -3.57541068787987 -2.3715709287896 -1.31466879291139 -0.911434973729466 -1.21552778887486 0.0519881719512029 0.200005660152788 -0.174339998762412 -0.780107417518531 -1.26824202116459 -1.66113741865939 -1.36405458243633 -0.565653798548938 -0.0417264441843761 -0.0626722297963458 -0.266372947032085 -0.591547221951198 -0.879574249275429 -1.65525456194682
-9999 -9999 -9999 -9999 -9999 -9999 -9999 -9999 -9999 -9999 -9999 -9999 -9999 -50.8767041218982 -49.4365162129823 -56.6580500682343 -66.0874738263536 -76.6651832382529 -75.5771676890219 -58.395672281435 -36.0049619445623 -15.0333441008237 -1.63310968173251 0.779525892084811 -0.0733511486604961 -5.54571002723481 -6.83533683366666 -8.21109159312464 -10.1898072883772 -10.4248601661955 -10.8741216580659 -10.3712948109291 -9.92181382493453 -9.31067371800846 -8.47193657561987 -7.82142295192366 -6.59489010188248 -5.47677268018248 -4.02818172272092 -2.68317815046747 -1.74206155948681 -1.91145792380993 -0.617854214093284 0.00937690119958212 -0.0706244535114204 -0.61315017278886 -1.42989272480912 -2.07963613546064 -1.91466638944276 -1.40323728502237 -0.320737203272212 0.101819521152387 0.24987560053832 0.225088473368667 -0.124792334329191 -0.834330906098826
-9999 -9999 -9999 -9999 -9999 -9999 -9999 -9999 -9999 -9999 -9999 -9999 -9999 -48.4578958361286 -57.2824799727242 -72.2810651489626 -83.0264837290596 -102.238653944706 -102.838447077931 -85.9341345474213 -81.1663930728641 -55.5661065090115 -34.536526606427 -23.5675089391409 -19.0523502796803 0.253120493878306 0.132046168895102 -4.59729131500965 -8.82731078617938 -8.93370174360426 -10.189745095912 -9.66084492621675 -10.1645326126426 -10.0333798338879 -9.96064062761449 -10.1805905749905 -8.37156783435877 -7.22852569953711 -5.77842679155793 -4.57598465488284 -3.33198566628845 -2.4888044440989 -1.74172302685441 -0.566393609621608 -0.329428532849294 -0.451431064264068 -1.43914182318238 -1.42951400116704 -1.24066869990863 -0.741048071100781 -0.495731343934249 -0.503217120620432 -0.248132843044636 -0.194075073487622 -0.214713284461604 -0.527486713783285
-9999 -9999 -9999 -9999 -9999 -9999 -9999 -9999 -9999 -9999 -9999 -9999 -9999 -9999 -57.2340851803325 -65.2023421119431 -82.8706870057675 -102.145494377773 -108.506506737322 -109.359160784705 -118.552637630548 -141.844481302633 -188.789080941361 -199.904113383012 -143.358616968348 -87.22342110917 -45.3914999090079 -10.7073020420808 -2.72116667870952 -4.2282300656587 -8.00632845060446 -7.3139343393175 -8.39218385246257 -9.71365690301949 -9.81773302201437 -9.84876471814388 -8.78809708951134 -8.09263682238792 -6.95021704934579 -5.54730588137272 -4.4242262315001 -3.21472704856067 -2.92783978029077 -2.38551354141032 -0.887236008796566 -0.620143980184509 -1.29271210838783 -1.366666074575 -1.2353558903217 -0.717606170244712 -0.312485048568744 -0.1853493491458 -0.15360960799074 0.0303147833950725 0.126264101933821 0.0231514388112469
-9999 -9999 -9999 -9999 -9999 -9999 -9999 -9999 -9999 -9999 -9999 -9999 -9999 -9999 -50.7030250877875 -77.5677984765214 -73.5056782632532 -94.6160385861357 -110.114977214275 -123.773655105207 -155.749742463396 -245.53168148905 -458.740068098758 -539.710611350239 -421.608282090547 -354.348770471897 -236.036924829072 -102.52371026707 -47.551769169858 -20.2657134098543 -7.20324881202821 -4.8240819389222 -6.71690138361349 -8.74424051568824 -9.38132853156363 -9.62422600173082 -8.45168946479297 -8.2865833393098 -7.98371173397638 -6.40367294733679 -5.78935485722913 -4.36467302662889 -3.4946674960838 -2.71527137739444 -2.06413913796628 -1.12369660907394 -1.62096608860189 -1.80870303020962 -1.66585538731044 -1.0810289447933 -0.882291374730465 -0.414567365046794 -0.373759295007737 -0.20853548837424 -0.0556902255767151 0.084435857982791
-9999 -9999 -9999 -9999 -9999 -9999 -9999 -9999 -9999 -9999 -9999 -9999 -9999 -9999 -9999 -48.7504939623393 -60.442880597489 -85.1270806236786 -111.587749670345 -132.794868395324 -183.5159182989 -274.692158732581 -422.199824137121 -532.124070496724 -593.772756935358 -668.493326316305 -595.387150899865 -522.772920075262 -359.508588116717 -136.303593966031 -33.2562357710775 -5.44783001885041 -3.14803739221734 -7.05868388352198 -8.76800258211319 -8.4411200073832 -8.57984052169709 -8.87444813215665 -7.98258360112492 -6.22390037825818 -4.80667773842674 -4.2673746043979 -4.27189374637824 -3.79089744156611 -3.02884572113029 -2.20410512968994 -2.06716032687183 -2.10042995065879 -1.63354426770607 -1.08987566855954 -0.68876202052119 -0.439981310617038 -0.360205201777512 -0.305824429181268 -0.320887292054744 -0.230602764506214
-9999 -9999 -9999 -9999 -9999 -9999 -9999 -9999 -9999 -9999 -9999 -9999 -9999 -9999 -9999 -44.7707946093667 -57.6563220310939 -77.7346393088851 -113.234725837742 -133.654243576445 -181.204241664237 -232.385462168264 -311.698035530161 -394.374126025806 -531.971513824731 -789.898009723192 -755.800754262456 -896.40784043531 -736.922149649741 -307.100849579633 -100.424544144171 -28.2355445830015 -4.12742376662322 -4.61569475494562 -6.86979129973014 -7.45196824539996 -8.50403200301258 -8.75684607762975 -7.83991085325387 -5.04797578779662 -2.83064348258789 -4.6325088448209 -4.78964758095031 -4.97865697730538 -3.53911212945996 -3.2612068865201 -2.70296693148032 -2.19472209994747 -1.79848237640488 -1.18666439995184 -0.69465764331848 -0.502808550175541 -0.375609901860038 -0.341350366155092 -0.298327288695469 -0.30094916429556
-9999 -9999 -9999 -9999 -9999 -9999 -9999 -9999 -9999 -9999 -9999 -9999 -9999 -9999 -9999 -46.30385348871 -56.859189043145 -63.5934349716682 -91.5298433798763 -122.89442418523 -161.733140178908 -186.858648563678 -219.747162561776 -248.802794323076 -298.34238755164 -351.208684100081 -442.474194080822 -529.28364416332 -488.261430305247 -329.155731313535 -179.663889761655 -66.7571752913724 -7.68465695980022 -3.85246511491129 -4.58649490760974 -6.68334709339325 -8.47371640609426 -8.61711533603425 -6.87287131662169 -3.44625860998291 -1.82281630818152 -4.04186590518249 -5.44323916608338 -5.97228688013902 -5.12070051648391 -3.46712331538839 -3.56301712193093 -2.37557348107396 -1.64195724181324 -1.37135274851324 -1.07737360613271 -0.841778396940354 -0.725097446781087 -0.585226095762609 -0.270373937278785 0.0562550811845031
-9999 -9999 -9999 -9999 -9999 -9999 -9999 -9999 -9999 -9999 -9999 -9999 -9999 -9999 -9999 -9999 -52.4595828808742 -62.9704692348276 -73.9147350145262 -101.771788077064 -152.257111562477 -169.413136442074 -191.88126684637 -204.497134609748 -209.479201740852 -218.680637299631 -252.0775971524 -287.364815762718 -297.839877293526 -290.51062131967 -235.851942023713 -133.468694940365 -37.8739679034566 -8.45499247305593 -2.68613298316458 -4.26023265960333 -7.14224849243816 -7.81453332273254 -7.29560402091295 -4.06518219528628 -2.10130402726074 -5.53067754670306 -6.78360804391945 -7.44887226181297 -6.06393044209628 -4.14818872354383 -3.9123959959789 -2.24105886223788 -1.28981090723891 -0.899220311421617 -0.92580369382841 -0.488846637403345 -0.23707583110666 0.0397904874916044 0.297167131572616 0.181964365354591
-9999 -9999 -9999 -9999 -9999 -9999 -9999 -9999 -9999 -9999 -9999 -9999 -9999 -9999 -9999 -9999 -9999 -51.7489391468861 -61.2928580327658 -77.2536670849168 -106.105617901468 -122.305157762793 -142.430712484024 -164.448683839234 -173.533780568241 -183.655953074242 -197.159385874342 -211.139933170158 -213.339762186041 -238.141187176726 -270.642302640271 -206.723081647192 -130.076633899417 -64.0656774930688 -16.0415352162358 -1.71040109564061 -3.90751055479787 -6.14658233194096 -7.85210577381786 -6.81700617624337 -6.65707073336306 -6.95682568241502 -8.13799192293559 -7.78913110661902 -6.55410390020234 -5.63824543073321 -3.67825225336062 -1.94545262467868 -0.941262451530174 -0.52004200035589 -0.167940979755885 -0.107285240805276 -0.0550116580788891 -0.095946461430312 -0.00431270781492299 -0.294262041461101
-9999 -9999 -9999 -9999 -9999 -9999 -9999 -9999 -9999 -9999 -9999 -9999 -9999 -9999 -9999 -9999 -9999 -9999 -9999 -67.0861121186725 -82.9611180311414 -80.9214861627465 -91.8530197512251 -117.852485070381 -139.757186347749 -157.750242219134 -176.846699587359 -188.239450396121 -178.341912793901 -189.462655097105 -241.626027679921 -241.245904793111 -227.47050550526 -177.275815585412 -71.6462501509564 -14.8036665879038 -4.62498380260877 -3.31264172432846 -6.08967400788891 -6.36662039638381 -9.16610393893183 -8.09023342699391 -8.22313848999832 -8.0559065223273 -6.89651037180921 -5.75698223677565 -4.09960899427381 -2.28366579387477 -0.914153620165503 -0.144865676242534 0.192711920166458 0.214807602769358 0.147567395988517 -0.0832856315738411 -0.243830712480903 -0.579672033283478
-9999 -9999 -9999 -9999 -9999 -9999 -9999 -9999 -9999 -9999 -9999 -9999 -9999 -9999 -9999 -9999 -9999 -9999 -9999 -9999 -9999 -66.1199397327461 -69.5381068348157 -78.6770501964803 -101.92355426422 -134.268421494324 -157.166305912623 -174.052836932074 -173.753325833789 -163.302521664048 -169.386417679257 -199.034345323913 -283.319744029432 -279.673432656487 -177.726210762376 -96.6695448164154 -31.3095600267036 -4.6249430285113 -2.66536025065038 -3.97480196987635 -6.32829452617458 -7.51971508612916 -8.46848917823508 -8.06067031165076 -7.51643915484829 -5.92703916860959 -4.29244709558831 -3.42158296033682 -1.79031930256522 -0.268844010557312 0.178911025496071 0.226999178203283 0.144843529017689 -0.0597552606212148 -0.520999035440592 -0.519972284092318
-9999 -9999 -9999 -9999 -9999 -9999 -9999 -9999 -9999 -9999 -9999 -9999 -9999 -9999 -9999 -9999 -9999 -9999 -9999 -9999 -9999 -9999 -9999 -57.5492396757958 -72.87493391986 -93.5988615731511 -122.742960717986 -155.08663667829 -170.870675117257 -162.314870846322 -150.840983175976 -151.407836447833 -217.206797023353 -265.285629517028 -237.355690123082 -197.355556538358 -101.134574590868 -25.3340063896924 -5.36850597992571 -1.2137624382363 -1.5190116209132 -4.80852518710711 -6.63394352423824 -7.14003125143825 -6.60641533043698 -5.78585429193519 -4.53543634289344 -3.64245199968244 -2.07421172199517 -0.472637753120599 0.149699162911897 0.192276105137888 0.098082556913598 -0.0406903930239286 -0.477212656260874 -0.627960334561938
-9999 -9999 -9999 -9999 -9999 -9999 -9999 -9999 -9999 -9999 -9999 -9999 -9999 -9999 -9999 -9999 -9999 -9999 -9999 -9999 -9999 -9999 -9999 -9999 -9999 -58.3823514854472 -80.76932046558 -119.079867592902 -154.983552057614 -161.729433675737 -152.053748856845 -136.229247357649 -142.129025038377 -159.532217190865 -205.532761882955 -257.58974737453 -167.394474880621 -91.6020307019048 -33.5944871019327 -1.61385305675956 -1.12058930241171 -3.59941662522215 -6.0211106398094 -5.69639128272045 -5.91956625630842 -5.32704231526201 -4.2878740583278 -2.71307211146605 -1.66217201944997 -0.530014285418198 0.121450994011754 0.081790551507694 -0.0968239933061579 -0.0567594925979371 -0.53071908667294 -0.787434298028333
-9999 -9999 -9999 -9999 -9999 -9999 -9999 -9999 -9999 -9999 -9999 -9999 -9999 -9999 -9999 -9999 -9999 -9999 -9999 -9999 -9999 -9999 -9999 -9999 -9999 -57.366380460389 -64.5780747190099 -83.5334987895646 -123.349832288554 -160.144397967411 -169.499761758956 -163.445276909072 -154.705142101693 -125.169001326141 -126.984813388453 -159.084610283148 -135.213159544632 -101.838505708957 -47.6544925799216 -2.97853268569052 -2.81008716807979 -3.68789205654821 -5.86214838063914 -5.54817436924022 -5.79971762199624 -5.70256800485469 -5.34808110242465 -3.65615710568505 -2.38001913012045 -1.11544671550837 -0.355053663508193 -0.313070178030051 -0.215984586317651 -0.0202643415435797 -0.521378237308471 -0.975672499028068
-9999 -9999 -9999 -9999 -9999 -9999 -9999 -9999 -9999 -9999 -9999 -9999 -9999 -9999 -9999 -9999 -9999 -9999 -9999 -9999 -9999 -9999 -9999 -9999 -9999 -9999 -9999 -69.895532646692 -99.9074991307692 -165.948474080681 -235.485228733063 -211.248689687668 -183.315989921936 -154.743130767236 -125.944658741663 -107.476076153411 -87.9791132936517 -81.1542099908283 -44.3908605068373 -7.29519762550603 -4.74191334719562 -2.25571024278299 -5.87650376267753 -5.13004488413 -6.61338498145087 -7.14635090792485 -6.03626379315761 -6.00775648412273 -4.84041745062302 -2.5059898562491 -1.52364273354936 -0.797814036484248 -0.321826724697712 0.0353334344291886 -0.687843063271774 -1.04852457815472
-9999 -9999 -9999 -9999 -9999 -9999 -9999 -9999 -9999 -9999 -9999 -9999 -9999 -9999 -9999 -9999 -9999 -9999 -9999 -9999 -9999 -9999 -9999 -9999 -9999 -9999 -9999 -92.8189925517656 -120.513091639997 -177.577837877645 -231.896970581575 -239.553507069952 -211.930915721059 -182.665850936952 -152.257668462627 -131.230750402217 -91.4452765336795 -70.8831701419862 -42.8206484402923 -14.9938811813951 -8.48889269124384 -2.26384620496205 -6.19859751361747 -8.26741977881907 -7.91996225014733 -8.09154815998309 -7.50433155189796 -7.00187441821985 -5.78998032138827 -4.42494703964466 -2.65820465520346 -0.761350071249387 0.0430585924214817 0.0750031148466778 -0.804950632876567 -0.965466123523479
-9999 -9999 -9999 -9999 -9999 -9999 -9999 -9999 -9999 -9999 -9999 -9999 -9999 -9999 -9999 -9999 -9999 -9999 -9999 -9999 -9999 -9999 -9999 -9999 -9999 -9999 -9999 -9999 -161.667765891328 -175.639471253839 -196.29719952805 -220.064195649109 -201.814963639303 -186.25008545024 -164.711489914906 -134.974217448079 -103.92020784619 -76.2304429126166 -47.3639746946414 -21.8523233283445 -10.8864105579875 -3.66846566708154 -7.23851023939539 -13.6158360253604 -11.6629260032929 -7.8061446227327 -7.93371920564485 -7.31197235659372 -5.89396333175295 -5.15480754732733 -3.47781689488985 -0.817317387039953 -0.0102744640437429 -0.507295939354248 -0.896978048803401 -0.915336329626612
-9999 -9999 -9999 -9999 -9999 -9999 -9999 -9999 -9999 -9999 -9999 -9999 -9999 -9999 -9999 -9999 -9999 -9999 -9999 -9999 -9999 -9999 -9999 -9999 -9999 -9999 -9999 -9999 -183.849166391239 -187.760758849799 -184.61842068539 -193.718498329205 -176.740658263905 -171.819215150932 -162.516382316124 -130.650097361742 -108.473726628968 -79.5682111311064 -50.5356683948184 -25.5371097678929 -13.388367083149 -5.69454630702501 -8.9213770473445 -15.3880484480355 -18.6049087141647 -15.4556382811723 -9.60456157320301 -6.7751473726448 -4.64746518756884 -4.42770534366098 -3.16887809122313 -0.932172104354423 -0.017383389570814 -0.434899434034177 -0.818660528960482 -0.781550243065418
-9999 -9999 -9999 -9999 -9999 -9999 -9999 -9999 -9999 -9999 -9999 -9999 -9999 -9999 -9999 -9999 -9999 -9999 -9999 -9999 -9999 -9999 -9999 -9999 -9999 -9999 -9999 -9999 -194.22252761476 -178.069803613783 -182.098904878136 -175.862801083466 -156.137442095348 -157.426785095158 -155.986051912741 -128.223431593106 -105.633514506927 -81.2346987391533 -53.7585178050994 -29.5739197911939 -15.8377136123354 -6.34604969162733 -11.5675578291591 -19.686803141505 -23.5064527715087 -25.5370015875135 -15.2270901095284 -7.35098428364737 -4.2173129844386 -3.70023385999644 -4.16096667158906 -0.824675591611745 0.0321876168290858 -0.108387342809217 -0.354266116016601 -0.757162852103531
-9999 -9999 -9999 -9999 -9999 -9999 -9999 -9999 -9999 -9999 -9999 -9999 -9999 -9999 -9999 -9999 -9999 -9999 -9999 -9999 -9999 -9999 -9999 -9999 -9999 -9999 -9999 -9999 -178.003395299444 -162.081248940273 -145.978715187835 -158.049175316321 -158.401917713824 -163.708642643341 -159.413224420963 -130.861899767358 -105.521167189937 -80.078118355736 -51.4853370568111 -26.6361971936757 -14.1914114206554 -8.64588822752428 -14.562965163818 -23.6277357808186 -29.5858300287379 -29.5856760856972 -24.4794931510345 -14.0304267045751 -7.5476342227435 -4.03853899545933 -1.99355121105492 -0.460466251703637 0.294862033118843 0.604836776338247 0.587051260120798 0.163760925732366
-9999 -9999 -9999 -9999 -9999 -9999 -9999 -9999 -9999 -9999 -9999 -9999 -9999 -9999 -9999 -9999 -9999 -9999 -9999 -9999 -9999 -9999 -9999 -9999 -9999 -9999 -9999 -9999 -164.323123581163 -135.997485019966 -119.45992229405 -150.162223416696 -163.602817497853 -171.822261642775 -164.095043554324 -138.607876538169 -100.757010142223 -78.0822238443166 -49.8643782141183 -23.1944634783599 -13.9564461365533 -10.9178224903999 -18.8919752586147 -28.701094529031 -34.9811954334675 -36.3138912826662 -29.0891820509861 -21.1397489736658 -12.3943186010512 -4.81913041951744 -1.26010045790037 -0.562935882621428 0.0970787485483587 0.605813965948695 0.728867982480213 0.574040946386099
