data/03_saidas_enm/CCSM_Gower_21k_B.balansae3.asc
NCOLS 154 
NROWS 168 
XLLCORNER -112 
YLLCORNER -55.5 
CELLSIZE 0.5 
NODATA_value -9999 
[rows 56 to 83 of 168, columns 63 to 125 of 154]
-9999 0 0 0 0 0 0 0 0 0 0 0 0 0 0 0 0 0 0 0 0 0 0 0 0 0 0 0 0.0847476305043741 0.232623575882625 0.245358192921542 0.257236095440539 0.261644075069141 0.260340910271515 0.25667419893073 0.244418135198426 0.229934074508117 0.219433220505212 0.208698497495133 0.202965410804487 0.20160594103432 0.19861520104392 0.175390586169831 0.124305276503843 0.0994675675940335 0.0879522219390941 0.0935362715259003 0.108302097546017 0.11127316724011 0.117585280708449 0.107228348621244 0.0728105230727142 0.00982835637909774 0 0 0 0 0 0 0 0.0694100579045851 0.177535394876004 -9999
0 0 0 0 0 0 0 0 0 0 0 0 0 0 0 0 0 0 0 0 0 0 0 0 0 0 0 0 0 0.143422223247639 0.230492184107234 0.235780752935505 0.234172017171484 0.226976201162358 0.218943399970494 0.20695594196936 0.197556440033828 0.190871747880057 0.185993162782096 0.152785820471572 0.029213870473927 0 0 0 0 0 0 0 0 0 0 0 0 0 0 0 0 0 0 0 0.0473792941965689 0.0698443111860049 0.0715795893804756
0 0 0 0 0 0 0 0 0 0 0 0 0 0 0 0 0 0 0 0 0 0 0 0 0 0 0 0 0 0 0.127062862912763 0.202287137944446 0.210076699226826 0.200964207720103 0.193057527796652 0.159093162879089 0.0876248404201012 0 0 0 0 0 0 0 0 0 0 0 0 0 0 0 0 0 0 0 0 0 0 0 0 0.0195148243008825 0.0716171506411337
0 0 0 0 0 0 0 0 0 0 0 0 0 0 0 0 0 0 0 0 0 0 0 0 0 0 0 0 0 0 0 0 0 0 0 0 0 0 0 0 0 0 0 0 0 0 0 0 0 0 0 0 0 0 0 0 0 0 0 0 0 0 0
0 0 0 0 0 0 0 0 0 0 0 0 0 0 0 0 0 0 0 0 0 0 0 0 0 0 0 0 0 0 0 0 0 0 0 0 0 0 0 0 0 0 0 0 0 0 0 0 0 0 0 0 0 0 0 0 0 0 0 0 0 0 0.0142585032193108
0 0 0 0 0 0 0 0 0 0 0 0 0 0 0 0 0 0 0 0 0 0 0 0 0 0 0 0 0 0 0 0 0 0 0 0 0 0 0 0 0 0 0 0 0 0 0 0 0 0 0 0 0 0 0 0 0 0 0 0 0 0 0
0 0 0 0 0 0 0 0 0.0189202633758224 0 0 0 0 0 0 0 0 0 0 0 0 0 0 0 0 0 0 0 0 0 0 0 0 0 0 0 0 0 0 0 0 0 0 0 0 0 0 0 0 0 0 0 0 0 0 0 0 0 0 0 0 0 0
-9999 0 0 0 0 0 0 0.0141762565244781 0.110676264157919 0.0855939299477483 0.0238865907059387 0 0 0 0 0 0 0 0 0 0 0 0 0 0 0 0 0 0 0 0 0 0 0 0 0 0 0 0 0 0 0 0 0.0159763453551388 0.0334933385387053 0.0680036359206342 0.0881391607767807 0.0965813360360236 0.111066016453847 0.0884193521669098 0.0917144202641389 0.0677482540467829 0.04130764219369 0.0240343200983193 0 0 0 0 0 0 0 0 0
0 0 0 0 0 0 0 0.0990439671076314 0.219287254639353 0.159567146085177 0.106701623506426 0.0666136957831615 0.0208436948598256 0 0 0 0 0.00513024941377371 0.0185404869343411 0.0394943788414094 0.0448363187781071 0.0488392388082938 0.0512478438046783 0.0351488098975975 0.0186680911247064 0 0 0 0 0 0 0 0 0 0 0 0 0 0.0104282088443429 0.0647058786800323 0.101699036114058 0.127778695529279 0.172538532756623 0.196708640137506 0.22856754518839 0.230564322418303 0.232287725214696 0.233411128634447 0.232607415280211 0.22953730600524 0.225304833323983 0.221775728655642 0.220127019945435 0.216738607580471 0.212225576244174 0.207390579579149 0.204026602917739 0.203518611445301 0.204865785443718 0.167290663831316 0.0638376285701197 0 0
0.03624530350072 0 0 0 0 0 0.0458402234071275 0.212258284962203 0.275165074660808 0.22183760351545 0.176958616995828 0.142083029848007 0.0617139898114412 0.0380736436749906 0.0444713759984562 0.049077097876942 0.0758307780665598 0.10764074176944 0.135089869133877 0.150188454959732 0.174196433019207 0.189613638961454 0.186763667465696 0.185096051588346 0.168758898372936 0.148057178716983 0.130204129358383 0.0832599269933176 0.0634132681833411 0.0357549081151923 0.00241881217499285 0 0 0 0 0.0279043443979556 0.0589232662164443 0.104488632003769 0.148909290179905 0.183483866763099 0.229130954531954 0.196671905733348 0.146667388630904 0.126226341836811 0.167431775023074 0.19309374287366 0.248172163661034 0.246188835418472 0.244185621998782 0.243966853882389 0.241668183508809 0.239456892593031 0.239211943365686 0.237643741571656 0.232718264233901 0.228284773606116 0.175295587086904 0.0875458530940478 0.00938280036672179 0 0 0 0
0.065417032262419 0 0 0 0 0.0108988312185025 0.14122809237761 0.299428967557595 0.316066890660616 0.275552322872693 0.208951789434298 0.173067426535452 0.152847757515706 0.112962990236925 0.102919993951849 0.116729786129672 0.145669132655416 0.186093029807155 0.217567752752669 0.244097697101169 0.240164374780525 0.235430923424406 0.230344525758265 0.225561408211311 0.221992424100752 0.219227807872203 0.217651673824915 0.218236260630882 0.201194738509185 0.173303377179771 0.141635244103163 0.132471337461297 0.120034309601986 0.111209582011328 0.124791664468071 0.141020731469208 0.169733495979158 0.212309922280946 0.246518827413382 0.23533502100517 0.163305189597332 0.133213372733792 0.101705617988518 0.0810535800417684 0.0962549810384652 0.120353722581445 0.157728884540802 0.195665981765834 0.225768415750506 0.243945313203786 0.248968755807244 0.225044328089376 0.194296566178511 0.156028214774194 0.0980678062119296 0.0410886126807292 0 0 0 0 0 0 0
0.118479599757019 0 0 0 0 0 0.105927010214183 0.243228463597912 0.334510236606596 0.29983640961387 0.24935416765595 0.238785764803774 0.202727983964457 0.144368801714849 0.157414703681688 0.169392755489862 0.204886758866857 0.247032216690313 0.25636300214228 0.251523392614849 0.246595453005945 0.242618526668371 0.238602157240428 0.236144608041757 0.232920139300133 0.230549798135323 0.229314891234107 0.230140453348793 0.232269024421158 0.234562926092386 0.238203362818251 0.241667980916879 0.246227844751137 0.231419952432325 0.243166697428714 0.249627257394334 0.264740630382971 0.268615621811774 0.262805953257899 0.204752693145381 0.136478234000835 0.112132982209051 0.0777093799240921 0.0562494755785623 0.0685475765423653 0.071004185333496 0.0868254331656729 0.115279896912258 0.122213456126452 0.11912734857154 0.109729459023575 0.0756118228657527 0.0489252063067501 0 0 0 0 0 0 0 0 0 0
0.255794552060835 0.0755983115100792 0 0 0 0 0 0 0.18433126912347 0.27971039743342 0.268101911013313 0.264175904725805 0.244029444019942 0.208148429538328 0.194215110258479 0.206160371866818 0.242591533034562 0.2674182100016 0.265140406596809 0.257334118766662 0.250361512312395 0.247397498872758 0.246930602394117 0.246431228870701 0.244637402002647 0.243111432834022 0.242747795903695 0.244086788304939 0.246716104292248 0.249842051019921 0.254026026309939 0.257734050820445 0.262803633356398 0.268185908744283 0.273918013643268 0.27912350419625 0.283213398910783 0.287547775332822 0.289549196593131 0.224304218227268 0.172418733337554 0.143654828769644 0.111828753429008 0.0838958798878009 0.0756081551329985 0.0598023503861029 0.0530245732946845 0.0561504467941957 0.0377710518851632 0.030195253361831 0.00148713693949964 0 0 0 0 0 0 0 0 0 0 0 0
0.222136859366055 0.157226000044996 0 0 0 0 0 0 0 0.254914591207703 0.263770807230142 0.267202434012172 0.269553871791515 0.235797970372835 0.247901116504226 0.242595338317012 0.266702359208998 0.268282841190783 0.270584690699264 0.262383161597713 0.253480368322518 0.2520458148663 0.25384925705903 0.25608936278085 0.255053260898926 0.254638259122351 0.255472704113967 0.257513241200757 0.261583157234194 0.264593704481749 0.270140391012814 0.27521204622005 0.280895778399752 0.286851887637321 0.292801607437098 0.29893649626088 0.303276701096905 0.307873137972377 0.309699987325018 0.285437601699151 0.232129808655026 0.200876671778328 0.158352013031905 0.127856745565389 0.103795646542782 0.0703909018092603 0.0421107518877885 0.0216123726395887 0 0 0 0 0 0 0 0 0 0 0 0 0 0 0
-9999 0.170051099037077 0 0 0 0 0 0 0 0.16687660299676 0.266049561258605 0.281188134138714 0.275688604775352 0.299564707657436 0.275411041641303 0.270222768008345 0.259586115076372 0.268329125654788 0.27343241637109 0.267643866243613 0.257804132044225 0.256872100078336 0.261706691559501 0.265383376656838 0.267350450793018 0.267610017807311 0.269415049567492 0.27240044424774 0.275818045434617 0.280700292771312 0.286613670695649 0.292149386094505 0.298791409271022 0.306566794039849 0.313084301099399 0.319510080766649 0.324310854979502 0.328961212476338 0.330610934146194 0.330296604974827 0.31514758827911 0.275156174634527 0.227010232845692 0.185086117078148 0.142238697849345 0.101636703220449 0.0542505612274575 0.00379414084196728 0 0 0 0 0 0 0 0 0 0 0 0 0 0 0
-9999 0 0 0 0 0 0 0 0 0.0891321038066955 0.29410492807467 0.307946164571139 0.282119184312943 0.311139792587421 0.293892861075961 0.265818154522579 0.25716858557587 0.267672727801639 0.277676810808227 0.270112090478595 0.26121638792095 0.261892421607312 0.268090223017352 0.274624498455107 0.278333520341269 0.281167843777727 0.284472616843597 0.287799862029701 0.292397015768925 0.294785699295396 0.301141070474979 0.307998838472935 0.315574467598797 0.325774347913719 0.332669611002716 0.340781267207327 0.346104074071765 0.351899325316926 0.353696814423714 0.350574124750916 0.344335882874852 0.329125717123485 0.300203121613782 0.246692251998207 0.19126373726782 0.139284821712154 0.0778551240414348 0.0150961628051232 0 0 0 0 0 0 0 0 0 0 0 0 0 0 0
-9999 -9999 0 0 0 0 0 0 0 0 0.31726794912553 0.333173597388538 0.298432696882993 0.31697634141831 0.299182100016 0.268008687557531 0.258284648934159 0.270727627097865 0.279805677976491 0.274710054585538 0.265657343282156 0.265752545905253 0.27498829122538 0.283812073647881 0.290930374867796 0.295771916810559 0.301068667236002 0.304953570085379 0.308065724977819 0.311714841988684 0.314587190372 0.319544770738661 0.32862226059348 0.340265312313641 0.348589877052672 0.358187685319669 0.366221234543275 0.373040541242522 0.376826018206261 0.371788834795112 0.360285540338651 0.34112975649489 0.317683231414009 0.296883647818345 0.238093735152117 0.17944282763921 0.116488704412656 0.0344664246735202 0 0 0 0 0 0 0 0 0 0 0 0 0 0 0
-9999 -9999 -9999 0 0 0 0 0 0 0 0.333573420354359 0.343256535407875 0.313772209789658 0.31899668164808 0.298628400687358 0.281716867907984 0.268303100383782 0.273184381512811 0.280106885424394 0.275355263130554 0.271117008787295 0.271789894506746 0.278834982119963 0.289720558197908 0.299258648597544 0.309496491523346 0.316745511290085 0.321882868618614 0.325320043302726 0.326595499757929 0.329710896121248 0.332565416414725 0.339325223422536 0.348997647855746 0.357366065955621 0.369214888740668 0.380257426812367 0.390376769043122 0.396671175635775 0.391621930212794 0.378297708321645 0.355875145190883 0.328947779072981 0.308647163816874 0.296004725841481 0.226373784693535 0.152988822552258 0.0816971706208687 0.010130052655773 0 0 0 0 0 0 0 0 0 0 0 0 0 0
-9999 -9999 -9999 -9999 0 0 0 0 0 0 0.264389708198344 0.334181445488226 0.301389541685108 0.306611457768414 0.291910826304952 0.296040647213686 0.291524000390639 0.279242223067221 0.277718762921729 0.27302810521482 0.276039805677976 0.276676879377804 0.282389753627434 0.293200370691285 0.304461552207421 0.320507549925924 0.331242117096058 0.338379493125381 0.344066809623844 0.34659543742195 0.34595362618776 0.346410206061966 0.351967489709369 0.35481459202141 0.365073348667984 0.377016080604576 0.389246119065875 0.404701732732414 0.414469936396523 0.411207489460025 0.397675127736809 0.37800628762236 0.352700498480041 0.333503043034682 0.337521438381924 0.273233703555565 0.202448005705705 0.143160457002075 0.0837198287155935 0.0376143045695574 0.000588542414691084 0 0 0 0 0 0 0 0 0 0 0 0
-9999 -9999 -9999 -9999 0 0 0 0 0 0 0.00502511361591074 0.303697438579914 0.285771262282785 0.277811425353705 0.283892642900036 0.298826784938796 0.298582209727322 0.287785181906774 0.27812263772615 0.267432827788548 0.275045453317625 0.27827367780195 0.284653266509164 0.296241743080187 0.308282061991053 0.326415379948178 0.339064908376501 0.349337877626163 0.358491417374699 0.361204497333059 0.36345342359583 0.364233309022302 0.36761896302022 0.372286400575153 0.38003311079389 0.38876161267332 0.399971024159347 0.417113013051076 0.432468390464258 0.43191088864093 0.42234309514756 0.407926404065968 0.388426213941234 0.376094006811245 0.379088035024508 0.34844384533853 0.279295500605626 0.228652218888232 0.175073206658853 0.135544313418445 0.100124053017141 0.0597247488825641 0.0140134094883345 0 0 0 0 0 0 0 0 0 0
-9999 -9999 -9999 -9999 0 0 0 0 0 0 0 0 0.138868593637509 0.243578968256442 0.271290957335178 0.307391187354939 0.315877389286108 0.296769884657661 0.27735319357607 0.275074875899456 0.282739988322393 0.285066055358505 0.288540132941863 0.296675601490246 0.309013605866231 0.32806245233895 0.342960346006238 0.354811537558466 0.368408479355363 0.375650766836428 0.379233714206162 0.383306154846726 0.3908389279874 0.396663975830263 0.399479504969216 0.405843229169913 0.41416349272643 0.430335440289405 0.450410212295564 0.451212008818463 0.447458510211672 0.441868843023461 0.430823718008656 0.428153649875432 0.429203543592589 0.431119560623633 0.366672284088938 0.313820255099178 0.266732164652116 0.226958112432868 0.190399503607762 0.154709954406865 0.11047072711708 0.0750456407516252 0.0195374010934735 0 0 0 0 0 0 0 0
-9999 -9999 -9999 -9999 -9999 0 0 0 0 0 0 0 0 0.064696246175306 0.264134662336394 0.292032911318759 0.306326738186813 0.311485663763888 0.30804185029807 0.30333146325398 0.293354995085847 0.283179307861508 0.260783649067212 0.262087045464958 0.264289905061059 0.284852662671026 0.305644557058854 0.335025026806622 0.368491839873737 0.383118617055539 0.392711002092411 0.400289124657412 0.4067020631131 0.414551752368248 0.418697842967359 0.424773699619543 0.429266004243002 0.439958993315505 0.455483986926068 0.456173309260259 0.452595870455364 0.446958102726782 0.443504347777178 0.442577421931245 0.440116400062995 0.440580987895968 0.442120708468323 0.413157515094329 0.365175270009477 0.325851769803312 0.28620628126903 0.249568140554726 0.21195013607932 0.173929453155202 0.121150392743397 0.0686496939437882 0.0203041502776924 0 0 0 0 0 0
-9999 -9999 -9999 -9999 -9999 0 0 0 0 0 0 0 0 0 0 0.276978024489728 0.297495475446897 0.331270729310169 0.364758551976778 0.330457494135223 0.30513004324039 0.285779633865039 0.22542313410209 0.233055203367416 0.227128533313566 0.236821675348254 0.253209877448823 0.281839330655502 0.303127141119428 0.344508059231439 0.382069310368436 0.415654475827147 0.42419297764424 0.430936234449771 0.43858794463734 0.452610391823182 0.454473053195446 0.455820320697831 0.465182810646154 0.456394054100672 0.444018150422966 0.433833215217783 0.430235471787257 0.435215167161627 0.438084250134989 0.445641395563355 0.452194558810295 0.45050466275198 0.454983374231771 0.421544268633498 0.380721244846514 0.344859891321861 0.309665679081363 0.269812288011481 0.232490983812043 0.188271446455992 0.147080298123614 0.0622527819431211 0.00615345819582558 0 0 0 0
-9999 -9999 -9999 -9999 -9999 -9999 0 0 0 0 0 0 0 0 0 0.0318089396598272 0.317253729076674 0.342782626131658 0.3578701770134 0.337883205232898 0.309722771125144 0.303538481038434 0.261827601632231 0.226831350441183 0.203563253847773 0.206535179090886 0.212851497490241 0.221278789128274 0.248655132483655 0.27975962966452 0.319875308668667 0.363626006824814 0.418315956001621 0.446522130311285 0.454957216740119 0.467104815869909 0.470898739358729 0.472095184961237 0.480047510404914 0.446813833018359 0.427609931830454 0.41359692787077 0.410355780912527 0.416305148713103 0.427765450638949 0.442823214767819 0.453475550080993 0.455889306980442 0.467286407712383 0.487048001784857 0.480148267774862 0.447194461131556 0.414209382240555 0.377572592796213 0.338638644416269 0.296496395069126 0.260351274852428 0.192204993315718 0.127893229854367 0.0500068013921426 0 0 0
-9999 -9999 -9999 -9999 -9999 -9999 0 0 0 0 0 0 0 0 0 0 0.0728231585223182 0.196026677240821 0.318262210898128 0.334902174071142 0.30739318210625 0.304068929047111 0.321738654332454 0.243672131459778 0.217804384497819 0.186340642545597 0.185801196272863 0.178856923418255 0.198721267496372 0.227431121265798 0.268048848537823 0.313623999223728 0.373156423782969 0.431585967537605 0.468886502806158 0.473948277760809 0.480313466856999 0.487012059933965 0.464629070299376 0.438447033612311 0.412322686060115 0.394430148713103 0.394829491765659 0.392192983936285 0.414546070689345 0.436852754904608 0.452776699739021 0.459052966387689 0.47135929438145 0.500484770593353 0.536865185160187 0.55491924682014 0.521234403127328 0.489553299749771 0.457879338799156 0.410928498772532 0.37617402838542 0.310171440124327 0.256906887718989 0.185781635031506 0.110068434745501 0.0643603770068932 0.0274533335701272
-9999 -9999 -9999 -9999 -9999 -9999 -9999 0 0 0 0 0 0 0 0 0 0 0 0 0.105754601910722 0.317315012789265 0.314032524835693 0.310290838896819 0.316924540220212 0.312373784950919 0.224491916059625 0.172717814422503 0.163490184889765 0.167901888277514 0.183462630564851 0.217267930322858 0.26280736887405 0.328523886849544 0.395825508836791 0.459841820338234 0.480922084182661 0.488646633961057 0.495467966579604 0.484326750734941 0.449540896103312 0.425314834188265 0.404132497525198 0.39233275400468 0.391236810430166 0.405696403662707 0.428610258054356 0.446767711708063 0.457971552900768 0.475433755924526 0.494533265463763 0.517566472807175 0.543763695779338 0.567330822909167 0.594315239155867 0.557118342164204 0.525155788557395 0.494436982431431 0.43178998356341 0.376111290851465 0.307285127485243 0.240828126439746 0.200927247882624 0.164599127105343
-9999 -9999 -9999 -9999 -9999 -9999 -9999 0 0 0 0 0 0 0 0 0 0 0 0 0 0 0.209442372068195 0.311824522142778 0.2937668800635 0.327347022314202 0.320062955024073 0.204675638584446 0.153055967800138 0.13576627559627 0.159025588934926 0.177601497104164 0.217050858455372 0.29426464403431 0.361717022706998 0.430192267698677 0.488562979077968 0.500275192566227 0.50804830207184 0.499174362925966 0.467959666351692 0.446420114515839 0.421298061780058 0.399762222147228 0.38784689412347 0.399552988885889 0.418849695149388 0.432842450728942 0.44633912099532 0.468903540841733 0.472886134734221 0.481958421451284 0.514710551280898 0.55808908724802 0.600986892923566 0.621739714044088 0.603586916093695 0.60118209739748 0.527174585880799 0.496015458785751 0.439771935229641 0.368255779445974 0.339378754278378 0.306026322996247
-9999 -9999 -9999 -9999 -9999 -9999 -9999 -9999 0 0 0 0 0 0 0 0 0 0 0 0 0 0 0 0.174298196769258 0.391368565628357 0.370913762329537 0.272411520129804 0.198267723385516 0.153628327148378 0.149676055547748 0.160051685432589 0.200110566055996 0.267127089385092 0.339537277548791 0.411143955550682 0.479902606895749 0.51334396161766 0.524321452095839 0.508631818829494 0.483511472207223 0.460527835898128 0.433466494555436 0.408713974757019 0.392907583018358 0.397592551970842 0.405574350926926 0.418169687050036 0.432907695509359 0.436342045761339 0.452151249775018 0.463277040961723 0.500959520113391 0.552069956278498 0.596791484806215 0.621892250183372 0.630416383557431 0.639054691509632 0.621121050881363 0.571606465659469 0.527177867536421 0.491682901210069 0.471298221677253 0.451120865564339
