data/03_saidas_enm/CCSM_Maha_0k_B.balansae4.asc
NCOLS 154 
NROWS 168 
XLLCORNER -112 
YLLCORNER -55.5 
CELLSIZE 0.5 
NODATA_value -9999 
[rows 100 to 124 of 168, columns 56 to 111 of 154]
-9999 -9999 -9999 -9999 -9999 -9999 -9999 -9999 -9999 -9999 -9999 -9999 -9999 -9999 -9999 -9999 -9999 -9999 -9999 -9999 -9999 -9999 -9999 -9999 -9999 -9999 -9999 -9999 -244.57514566594 -220.895920598608 -209.165149982774 -217.155955810377 -219.123602149588 -217.280006517724 -199.734047174152 -161.762034003198 -118.824097186851 -100.542523709034 -70.2423246846015 -22.3576853467275 -2.56072253447131 -5.57480086369172 -12.0912396248505 -16.4435454832088 -19.3655395793983 -17.7898954198328 -9.83242133821605 -4.21069560829102 -2.17143095225221 -0.841091187622529 0.242463283156956 0.779758940870465 1 0.795036588872855 1 0.848779030786194
-9999 -9999 -9999 -9999 -9999 -9999 -9999 -9999 -9999 -9999 -9999 -9999 -9999 -9999 -9999 -9999 -9999 -9999 -9999 -9999 -9999 -9999 -9999 -9999 -9999 -9999 -9999 -9999 -249.698004776928 -220.32727701592 -210.127160273714 -221.782432540646 -226.400159192217 -215.873224730966 -182.650887229 -146.88030823537 -107.526923897846 -98.5071982654931 -69.5809587235304 -18.3971021584663 -1.4089566218836 -5.72370744386924 -12.395262932388 -16.5979905999505 -19.8734911963103 -18.467230796851 -9.5277993524475 -5.16777129025845 -3.91524052847988 -1.36471249650959 -0.561412254671829 0.446145039096441 0.806384410690055 0.748818483456744 1 1
-9999 -9999 -9999 -9999 -9999 -9999 -9999 -9999 -9999 -9999 -9999 -9999 -9999 -9999 -9999 -9999 -9999 -9999 -9999 -9999 -9999 -9999 -9999 -9999 -9999 -9999 -9999 -216.851443283843 -257.304596672284 -238.948408099415 -229.767551893395 -229.230770854755 -218.84116220698 -195.566616374321 -159.017825943887 -120.335644641625 -96.4632400369247 -88.9834825806867 -58.6080352103992 -14.0832043132077 -1.85005876329139 -7.06973387780882 -12.5689443059567 -16.2770217963329 -20.2134402476778 -18.7147794198616 -10.9967174064996 -5.71792515697995 -3.73480180431564 -2.07550620283883 -0.899197400673537 -0.0965202388093451 0.444465211860823 0.760311278050582 0.825322014566781 0.85106417199725
-9999 -9999 -9999 -9999 -9999 -9999 -9999 -9999 -9999 -9999 -9999 -9999 -9999 -9999 -9999 -9999 -9999 -9999 -9999 -9999 -9999 -9999 -9999 -9999 -9999 -9999 -9999 -230.154018295236 -275.97782991042 -258.795714904594 -251.306039495688 -243.665204726604 -216.986741112166 -178.805738927242 -135.944060675881 -106.188512008911 -89.8208465117608 -83.3229323866568 -51.7862869720734 -9.43457018704247 -3.65424936989947 -9.50761376608436 -15.335711408516 -18.5557504590247 -22.8245140220673 -21.7380472827818 -13.9867790250798 -7.31579493315741 -4.41892882715644 -2.86296609358873 -1.71212495990653 -0.836565813249659 -0.374016920658828 0.245560602872296 0.341282515051296 0.683332396892071
-9999 -9999 -9999 -9999 -9999 -9999 -9999 -9999 -9999 -9999 -9999 -9999 -9999 -9999 -9999 -9999 -9999 -9999 -9999 -9999 -9999 -9999 -9999 -9999 -9999 -9999 -9999 -244.91950683993 -293.950288172543 -283.292231609857 -269.376622600653 -253.253931273546 -217.072206705034 -164.365203530816 -119.154773320993 -98.9506782563645 -89.2740617484701 -73.7717994599771 -39.7375165698727 -6.18200271791884 -4.25263551740481 -13.3209743013956 -20.5631112387085 -23.9665798078905 -25.7495057938758 -25.1200360853459 -16.4849538303462 -9.58388764667518 -5.9803394815813 -3.95398554136242 -2.7745120239773 -1.7892641781676 -1.05950490075604 -0.471880951091232 -0.178576972950008 0.224938421380358
-9999 -9999 -9999 -9999 -9999 -9999 -9999 -9999 -9999 -9999 -9999 -9999 -9999 -9999 -9999 -9999 -9999 -9999 -9999 -9999 -9999 -9999 -9999 -9999 -9999 -9999 -9999 -255.96703442582 -310.533646489993 -300.696638695759 -281.413898844891 -266.835153346081 -219.471676846453 -155.475338060347 -108.980783945004 -102.468243872263 -97.7992299379395 -77.8509488021386 -38.2741803029369 -5.17711883405591 -5.87656620805054 -16.7451883444024 -25.7972876676518 -27.2293324876864 -26.6130694398511 -23.9092735191514 -15.6989184821428 -10.179772288443 -6.77482194182149 -4.68684419584233 -3.557852043037 -2.60211315066317 -1.90898542815633 -1.26513261990475 -0.774110760726309 -0.223086873272126
-9999 -9999 -9999 -9999 -9999 -9999 -9999 -9999 -9999 -9999 -9999 -9999 -9999 -9999 -9999 -9999 -9999 -9999 -9999 -9999 -9999 -9999 -9999 -9999 -9999 -9999 -9999 -258.595890991729 -316.361112402184 -306.586949263084 -290.31524649167 -277.122292956038 -226.679717523552 -148.183073292737 -104.378567745033 -117.280819991679 -119.993846090399 -91.7928239959957 -48.2819854229904 -7.5121848347446 -6.66252714794873 -19.0221406174975 -27.9738729733199 -28.3928473194856 -24.4831353818947 -17.6894935706318 -13.807541952162 -9.44538719080929 -6.99844688563065 -5.58571534603052 -5.03602426176117 -3.90007765020712 -2.82020652251382 -1.95923595743293 -1.46769654272225 -0.683632089345004
-9999 -9999 -9999 -9999 -9999 -9999 -9999 -9999 -9999 -9999 -9999 -9999 -9999 -9999 -9999 -9999 -9999 -9999 -9999 -9999 -9999 -9999 -9999 -9999 -9999 -9999 -9999 -248.493593530328 -307.902796021742 -318.861322559787 -314.529961479542 -297.324392157142 -236.15968715239 -143.129500478944 -102.55616782763 -139.970354617547 -142.124197316789 -108.2895183099 -55.6515254098475 -10.9845617371348 -7.80469431420291 -21.0298157596357 -30.9168825398697 -30.5386349005481 -25.9457310441975 -18.9342560151437 -14.548018896242 -10.398061151552 -7.63101983226667 -6.47776997462919 -6.43101947545931 -5.30171427958572 -3.96604719855074 -2.85830278742537 -2.15573294632902 -1.51843991123109
-9999 -9999 -9999 -9999 -9999 -9999 -9999 -9999 -9999 -9999 -9999 -9999 -9999 -9999 -9999 -9999 -9999 -9999 -9999 -9999 -9999 -9999 -9999 -9999 -9999 -9999 -9999 -231.076814889641 -291.40120255066 -326.934165469649 -353.856120140207 -324.541627464294 -252.871896439645 -140.07358130356 -103.120545000645 -178.200724464079 -168.533153566484 -128.437057951064 -64.7737425100065 -13.9092274228688 -10.4701681487512 -23.6259859415764 -34.0714241432332 -34.8678891232378 -31.2197725452552 -27.3253354288615 -19.2722081605029 -13.3570568034305 -9.29030503153073 -7.51569602550337 -7.4525518505697 -6.43488942025163 -5.07854368992867 -3.88297080467908 -2.74786359526851 -1.71716085264423
-9999 -9999 -9999 -9999 -9999 -9999 -9999 -9999 -9999 -9999 -9999 -9999 -9999 -9999 -9999 -9999 -9999 -9999 -9999 -9999 -9999 -9999 -9999 -9999 -9999 -9999 -9999 -218.321834878264 -281.57882593273 -331.66607845268 -357.860433297982 -331.470431837109 -247.333791672051 -125.653285009286 -96.5486537123271 -172.691804488384 -175.180119502516 -132.527583587596 -67.812829201044 -18.0811480664945 -12.9466222095287 -26.4996833307227 -35.447594691849 -36.3382219388022 -33.4179807145559 -29.151724700165 -21.6612794255052 -15.556249564565 -11.1731931224708 -8.8353544360323 -8.14903397953877 -7.30234328074085 -5.64107103180338 -3.78639828428116 -2.04714477602366 -0.889319700982084
-9999 -9999 -9999 -9999 -9999 -9999 -9999 -9999 -9999 -9999 -9999 -9999 -9999 -9999 -9999 -9999 -9999 -9999 -9999 -9999 -9999 -9999 -9999 -9999 -9999 -9999 -159.636718013634 -211.279339948082 -274.733978924532 -327.135954243847 -358.402018803038 -322.26210446804 -239.645960006755 -110.72427258563 -84.2243383940826 -171.800615329095 -161.573454007527 -126.039008009398 -72.0920622162161 -24.7156774488572 -20.0753815892597 -28.6573917782327 -34.7257397550177 -35.4484468477236 -31.7895996824605 -27.52572461287 -21.6833997743086 -16.193616410121 -12.7601501845684 -10.3848830227256 -8.96683890545322 -7.85932930153171 -5.36686598840138 -3.46841428555661 -1.73749861280744 -0.429120250809186
-9999 -9999 -9999 -9999 -9999 -9999 -9999 -9999 -9999 -9999 -9999 -9999 -9999 -9999 -9999 -9999 -9999 -9999 -9999 -9999 -9999 -9999 -9999 -9999 -9999 -9999 -158.436231899226 -212.321349920104 -276.206839886558 -323.419165620598 -331.942725008905 -293.124247738997 -206.608798546482 -90.3156647508982 -62.4926598981335 -116.662252546061 -115.455084919515 -86.706821533543 -56.0723358033584 -31.3086483026105 -25.8411286381876 -31.5047843852811 -34.1866617389571 -33.6817335976147 -30.5115223823192 -26.5053040041219 -21.5995348612192 -17.2602297079051 -13.9112215813793 -11.3682810292098 -9.7108267210628 -6.82800897052553 -4.36810234247742 -2.4998248717146 -0.947381087386585 0.194970272444483
-9999 -9999 -9999 -9999 -9999 -9999 -9999 -9999 -9999 -9999 -9999 -9999 -9999 -9999 -9999 -9999 -9999 -9999 -9999 -9999 -9999 -9999 -9999 -9999 -9999 -9999 -162.918497834622 -224.177095062384 -286.952918390936 -315.016648541548 -317.067739419362 -248.661471110643 -173.547443408758 -69.0823517739388 -40.8216772021224 -87.5330795399604 -76.7349723019822 -57.8592304150062 -45.3375368078578 -36.6410249469264 -35.9935990049674 -35.8070299538469 -35.2462864234829 -33.7385628254704 -30.5265903456222 -28.3055766494895 -22.8593595033965 -18.1637110947902 -14.8758143124723 -12.3005378779007 -9.59050502933473 -6.49271605137261 -3.52400822739104 -1.73056654667464 -0.429450609710443 0.579637942749079
-9999 -9999 -9999 -9999 -9999 -9999 -9999 -9999 -9999 -9999 -9999 -9999 -9999 -9999 -9999 -9999 -9999 -9999 -9999 -9999 -9999 -9999 -9999 -9999 -9999 -9999 -174.955940466664 -237.275142588789 -287.989220446551 -293.1899045792 -256.605030980585 -187.011409633945 -102.466385106189 -30.7920431578288 -25.3176196341684 -55.6597442822614 -62.9854568221339 -48.8635152391058 -45.920394718364 -45.4749322340832 -45.2638794810087 -42.333782793541 -38.74165814892 -35.7642286815355 -32.5769619939733 -29.2185186511468 -23.6919342973008 -19.1763745182983 -16.0150057505713 -13.2465917340992 -9.37421360770086 -6.04353940889984 -3.26985827496847 -1.48374109546699 -0.225186452630614 0.6407912046989
-9999 -9999 -9999 -9999 -9999 -9999 -9999 -9999 -9999 -9999 -9999 -9999 -9999 -9999 -9999 -9999 -9999 -9999 -9999 -9999 -9999 -9999 -9999 -9999 -9999 -133.526472461748 -199.376704099519 -259.291139257664 -291.391108488357 -261.764795859663 -219.898229636192 -127.601495409523 -49.0187464533488 -10.818558667587 -30.5413108537931 -72.9127844495431 -66.7280955761803 -53.1338537457654 -54.5677625845784 -56.2356322509646 -58.8881015703694 -50.5530864797895 -44.5221499237399 -40.3947905361506 -37.566956643279 -36.5036068083088 -26.7711462237962 -20.4106742194722 -17.3445908575224 -13.2163604002019 -9.65925422423078 -6.31646803972407 -3.38658130207806 -1.57792728897886 -0.327016954223849 0.342442296162664
-9999 -9999 -9999 -9999 -9999 -9999 -9999 -9999 -9999 -9999 -9999 -9999 -9999 -9999 -9999 -9999 -9999 -9999 -9999 -9999 -9999 -9999 -9999 -9999 -9999 -150.629162211922 -219.658785637911 -272.890264149357 -281.783204331675 -228.929632570541 -160.489230417318 -82.7244935174318 -25.3041849310816 -13.5426495860286 -37.5542254515535 -70.2932676967908 -74.6681590152862 -64.8951186620084 -65.5619411759791 -64.6670028352969 -63.4589266097873 -55.6029097222939 -48.9970977693725 -44.5214237199423 -42.3176432722383 -39.6803087868467 -29.7239068383844 -22.5958367993446 -18.8657069008349 -14.0006408605023 -9.69744591439646 -6.25235893637786 -3.61308336081193 -1.79620096308229 -0.439345626568432 0.301747785031604
-9999 -9999 -9999 -9999 -9999 -9999 -9999 -9999 -9999 -9999 -9999 -9999 -9999 -9999 -9999 -9999 -9999 -9999 -9999 -9999 -9999 -9999 -9999 -9999 -9999 -156.720127992888 -224.382042966545 -277.296582527143 -266.974655150763 -190.166920498773 -122.999296378261 -53.1172218805311 -20.1582309111325 -26.802567673977 -52.0471140405805 -79.5939973431834 -75.6456773587054 -68.9388259457353 -69.0458610091006 -66.4366475159155 -65.8025395521558 -57.3806089708314 -50.5053557880975 -46.0997784183127 -43.7697330962304 -42.9949138650599 -32.0558684376559 -24.734855266129 -19.8205226829683 -14.3389347951274 -10.0904401288975 -6.60684899537454 -3.87220182518719 -1.95360532718524 -0.536168830690991 0.156267820889808
-9999 -9999 -9999 -9999 -9999 -9999 -9999 -9999 -9999 -9999 -9999 -9999 -9999 -9999 -9999 -9999 -9999 -9999 -9999 -9999 -9999 -9999 -9999 -9999 -9999 -124.449841691885 -199.580851571749 -246.588751672166 -224.840299897347 -148.912254148789 -78.4450272390017 -36.8503631828895 -28.0737598588841 -40.6762543601954 -60.6320457279678 -76.0763165573474 -71.4973803630884 -61.4013781589104 -60.2697077533465 -62.2723934099659 -62.5148604898965 -56.2704861497323 -50.0513456429784 -46.4843815450286 -44.0429698091523 -40.4084372406757 -33.0913028891982 -25.9188658101542 -20.661352487493 -15.3744211313229 -10.8898667037695 -7.11215013322657 -4.18212147273878 -2.27199349890293 -0.865616259834276 -0.163909297808678
-9999 -9999 -9999 -9999 -9999 -9999 -9999 -9999 -9999 -9999 -9999 -9999 -9999 -9999 -9999 -9999 -9999 -9999 -9999 -9999 -9999 -9999 -9999 -9999 -9999 -96.7913256919293 -169.636017496351 -220.75979010853 -193.469120844006 -115.285381103836 -54.1733461448118 -31.8651592033563 -39.393934122428 -53.7761979613101 -68.8672105039381 -79.8956059197723 -70.2380172284868 -58.9959330913587 -57.5942275469642 -59.0110225384768 -60.903117238441 -56.1738975574386 -51.8288236006084 -49.4190381621587 -46.5301402813216 -43.2206261880811 -35.138340262381 -27.7605500465525 -21.9921805693905 -16.2289899034628 -12.2517283578651 -8.19083395036702 -4.92368588170346 -2.86908924521855 -1.36606403729782 -0.742365043994
-9999 -9999 -9999 -9999 -9999 -9999 -9999 -9999 -9999 -9999 -9999 -9999 -9999 -9999 -9999 -9999 -9999 -9999 -9999 -9999 -9999 -9999 -9999 -9999 -9999 -87.8101669555395 -150.71019401962 -196.156245658477 -167.58954652545 -98.6669713681613 -47.6210647251605 -34.9706325895664 -48.0707165033306 -63.6269459610554 -77.3298237606277 -81.6727361370762 -70.3970912254113 -61.1729540554919 -59.2125386859978 -58.7842285924114 -59.3678596114553 -58.0352063245619 -57.8270645036857 -56.0225058627493 -50.3969269247697 -43.887676580484 -36.8970335701062 -30.3343005189082 -24.4146882865064 -18.4843837080162 -13.7055859095067 -9.48676896975337 -6.17324080619457 -4.05583570721495 -2.43412729039964 -1.76548140824515
-9999 -9999 -9999 -9999 -9999 -9999 -9999 -9999 -9999 -9999 -9999 -9999 -9999 -9999 -9999 -9999 -9999 -9999 -9999 -9999 -9999 -9999 -9999 -9999 -9999 -74.3203164144481 -135.748901599595 -191.294601056384 -162.197049167423 -90.7225743361154 -45.7372893388649 -39.2418344859841 -54.1592408374162 -69.2140110268388 -77.1781327423887 -80.0583097422618 -69.8704818764869 -62.7829773857402 -60.8389550858306 -58.7695463768825 -58.8767537645945 -59.4945949317013 -62.4520124524941 -60.7820124433904 -52.7441325111241 -45.3871254613803 -38.7393098738362 -32.70231306753 -26.8997636589031 -20.5195661181748 -15.9213258911302 -11.5384660987333 -7.82611547263165 -5.52340681173316 -3.71893802282857 -3.19943456830762
-9999 -9999 -9999 -9999 -9999 -9999 -9999 -9999 -9999 -9999 -9999 -9999 -9999 -9999 -9999 -9999 -9999 -9999 -9999 -9999 -9999 -9999 -9999 -9999 -9999 -62.6624055141489 -123.546853006566 -197.582259621258 -170.082122689514 -94.399252557777 -49.3643867434123 -44.9244486479315 -58.1391876365455 -68.6170336069131 -73.5539781445284 -72.2795485258619 -68.1038981631437 -64.6193806519573 -62.6561472436201 -59.2995792162172 -57.8521806950968 -59.9553870777063 -63.6684054391983 -62.3214239174572 -55.0144060221728 -46.9010428352818 -40.3651275400102 -35.0928285462385 -29.3755377955164 -23.5102390613408 -18.3400055349113 -13.4553075489951 -9.63854363261427 -7.16365746108988 -5.45046042701832 -4.75386238030239
-9999 -9999 -9999 -9999 -9999 -9999 -9999 -9999 -9999 -9999 -9999 -9999 -9999 -9999 -9999 -9999 -9999 -9999 -9999 -9999 -9999 -9999 -9999 -9999 -9999 -48.0917789802884 -104.947976127799 -180.651802645538 -173.658860695609 -101.914657530225 -56.0555720437444 -50.2285293232957 -62.0049755813264 -69.4549299272426 -71.1147649392768 -69.9627834598631 -67.3549866179399 -65.2597012035224 -63.0328818311561 -58.8016457077078 -57.1439140233595 -59.6724769637987 -64.1535349071987 -63.5906008141512 -56.5453562758988 -49.0584255971952 -42.942263977726 -37.4166261708925 -32.4040442097385 -26.0724440827522 -21.3053258042475 -16.7520008523589 -12.3341125428733 -10.05579037547 -7.86240025098723 -7.08725821699064
-9999 -9999 -9999 -9999 -9999 -9999 -9999 -9999 -9999 -9999 -9999 -9999 -9999 -9999 -9999 -9999 -9999 -9999 -9999 -9999 -9999 -9999 -9999 -9999 -9999 -35.5486473038139 -87.7627279803023 -153.11118713609 -163.798402886736 -108.697493778887 -68.7081773176953 -57.7616685272011 -65.5603982475428 -70.5788711793115 -70.8001518921175 -67.8591031430659 -66.9195570568494 -64.2555354802367 -61.7466485521956 -58.8355732424085 -56.5121282313797 -59.3395061300448 -64.2420957218461 -64.1767258957979 -58.744781954065 -52.6106532714737 -45.9457928166777 -39.7932447090055 -34.3628558340063 -28.9299454548432 -24.6664307570971 -19.5767292174802 -16.2983011442791 -12.9336195589658 -9.61083642839712 -9.49814280895472
-9999 -9999 -9999 -9999 -9999 -9999 -9999 -9999 -9999 -9999 -9999 -9999 -9999 -9999 -9999 -9999 -9999 -9999 -9999 -9999 -9999 -9999 -9999 -9999 -23.3020253936941 -32.3093492474493 -71.4150001385751 -127.058310052823 -155.873012382036 -112.210436807198 -75.2533663468559 -64.2956713111136 -68.9387740523089 -72.4583462290639 -72.2388763097363 -70.0875801498462 -68.4458701748743 -66.1691000063004 -63.7938612424964 -60.4974989208415 -58.779124639322 -60.5796225178732 -64.3676851203784 -64.3474821454389 -60.020361911034 -54.4309835762085 -48.3154437854123 -42.1847763812391 -36.529676687238 -30.7249803032622 -25.1937311076426 -20.9854598106019 -17.8373517798444 -13.6317156123243 -8.65631764533061 -6.85631234495126
