data/03_saidas_enm/CCSM_Maxent_0k_B.balansae4.asc
NCOLS 154 
NROWS 168 
XLLCORNER -112 
YLLCORNER -55.5 
CELLSIZE 0.5 
NODATA_value -9999 
[rows 75 to 99 of 168, columns 56 to 111 of 154]
-9999 -9999 -9999 -9999 -9999 -9999 -9999 -9999 -9999 -9999 -9999 0.0391961969435215 0.0943867862224579 0.220209494233131 0.316569775342941 0.329404145479202 0.252953141927719 0.189361929893494 0.175853818655014 0.140979111194611 0.107685066759586 0.0994552373886108 0.0995388627052307 0.0981503054499626 0.0969009399414062 0.0954946428537369 0.0959588065743446 0.0984021499752998 0.100367784500122 0.101815514266491 0.106532566249371 0.115741543471813 0.129353821277618 0.143148586153984 0.156316265463829 0.171846300363541 0.185862317681313 0.201397255063057 0.216381445527077 0.229695960879326 0.240138038992882 0.249088615179062 0.257453858852386 0.247116506099701 0.236433357000351 0.226641550660133 0.216324180364609 0.202628344297409 0.187459632754326 0.171224996447563 0.1567422747612 0.14920400083065 0.142220288515091 0.139501839876175 0.140524223446846 0.144017651677132
-9999 -9999 -9999 -9999 -9999 -9999 -9999 -9999 -9999 -9999 -9999 0.0474635101854801 0.0833747759461403 0.183520287275314 0.269345551729202 0.316810995340347 0.253608226776123 0.175683483481407 0.152582809329033 0.153862670063972 0.128035753965378 0.113953329622746 0.108469970524311 0.103966437280178 0.0986301228404045 0.0936617106199265 0.0954898521304131 0.0974851697683334 0.0994400531053543 0.100896060466766 0.104365311563015 0.11417780071497 0.127971664071083 0.141505107283592 0.152752667665482 0.16745288670063 0.18402174115181 0.201450452208519 0.219156786799431 0.235010102391243 0.253198951482773 0.270351558923721 0.278442680835724 0.283304870128632 0.271653085947037 0.2582026720047 0.247065618634224 0.235234782099724 0.22273750603199 0.20907287299633 0.199144512414932 0.189820632338524 0.18379220366478 0.186249390244484 0.197706446051598 0.217676758766174
-9999 -9999 -9999 -9999 -9999 -9999 -9999 -9999 -9999 -9999 -9999 -9999 0.0721454322338104 0.129855528473854 0.207677811384201 0.256723403930664 0.214607000350952 0.142876625061035 0.116270080208778 0.120006114244461 0.15037402510643 0.150519907474518 0.128032311797142 0.114913240075111 0.108692325651646 0.102393865585327 0.0992052555084229 0.0974151715636253 0.0972068458795547 0.0976339131593704 0.101387895643711 0.11007746309042 0.12266631424427 0.135258495807648 0.146212875843048 0.160723134875298 0.178118377923965 0.198702245950699 0.219366833567619 0.237641960382462 0.259570240974426 0.28544357419014 0.311034083366394 0.316384881734848 0.3142069876194 0.29777580499649 0.281572550535202 0.268919706344604 0.259187608957291 0.251700699329376 0.247760772705078 0.241189733147621 0.239192739129066 0.245705246925354 0.260293275117874 0.279966205358505
-9999 -9999 -9999 -9999 -9999 -9999 -9999 -9999 -9999 -9999 -9999 -9999 0.0720662623643875 0.0869591906666756 0.142079830169678 0.214032083749771 0.174558952450752 0.106157019734383 0.0904991552233696 0.104349926114082 0.129821702837944 0.158888280391693 0.165592610836029 0.148762971162796 0.12978383898735 0.124638080596924 0.106391824781895 0.0980064570903778 0.0952281206846237 0.0942984223365784 0.0972621142864227 0.104150824248791 0.113089546561241 0.124128118157387 0.135876223444939 0.149996787309647 0.16804800927639 0.188643544912338 0.213396891951561 0.237362951040268 0.264071553945541 0.298308163881302 0.341544985771179 0.363594740629196 0.352144807577133 0.347769677639008 0.321868032217026 0.303161799907684 0.296438038349152 0.296939492225647 0.299994558095932 0.3003870844841 0.301334053277969 0.309462398290634 0.319060951471329 0.333755105733871
-9999 -9999 -9999 -9999 -9999 -9999 -9999 -9999 -9999 -9999 -9999 -9999 -9999 0.0737037733197212 0.0917180702090263 0.128534540534019 0.126639634370804 0.101566836237907 0.0988505333662033 0.11328798532486 0.119998708367348 0.123700894415379 0.150972604751587 0.189203664660454 0.213497698307037 0.176451802253723 0.138861984014511 0.110552489757538 0.0941079780459404 0.0924696624279022 0.0934374555945396 0.0987814590334892 0.10571064054966 0.11519630253315 0.126288145780563 0.139484703540802 0.157673120498657 0.178688257932663 0.203779667615891 0.228023901581764 0.261504232883453 0.302752494812012 0.347576379776001 0.379011780023575 0.386553287506104 0.38532543182373 0.360954016447067 0.34078586101532 0.332619726657867 0.341944605112076 0.355539858341217 0.357332319021225 0.357565015554428 0.363038688898087 0.369701206684113 0.382988333702087
-9999 -9999 -9999 -9999 -9999 -9999 -9999 -9999 -9999 -9999 -9999 -9999 -9999 0.101236619055271 0.0711560174822807 0.08644700050354 0.0913669317960739 0.101034060120583 0.121919877827168 0.13803231716156 0.140419453382492 0.0926186144351959 0.0907923653721809 0.107865959405899 0.120568685233593 0.196264028549194 0.208138585090637 0.154889509081841 0.115499153733253 0.100245289504528 0.094590812921524 0.101947650313377 0.10306715965271 0.110638357698917 0.121020466089249 0.130812436342239 0.150605604052544 0.171585857868195 0.196459338068962 0.22080098092556 0.249792367219925 0.296294361352921 0.341379374265671 0.379659682512283 0.408010691404343 0.422894477844238 0.399664312601089 0.366126626729965 0.360484510660172 0.380483508110046 0.402752846479416 0.404311180114746 0.404103368520737 0.406161934137344 0.407302588224411 0.420770585536957
-9999 -9999 -9999 -9999 -9999 -9999 -9999 -9999 -9999 -9999 -9999 -9999 -9999 -9999 0.0817911401391029 0.053371112793684 0.0654608309268951 0.106733463704586 0.139232411980629 0.13129249215126 0.0925832986831665 0.0439156889915466 0.0300561897456646 0.0245999526232481 0.0269143711775541 0.0520033426582813 0.0881001204252243 0.161014676094055 0.222461596131325 0.186309576034546 0.135734111070633 0.118571870028973 0.116577856242657 0.116154976189137 0.122093044221401 0.131151050329208 0.148127183318138 0.169846922159195 0.194017305970192 0.218221217393875 0.24718151986599 0.284292578697205 0.326669931411743 0.369626492261887 0.408663630485535 0.425639629364014 0.424859374761581 0.403584271669388 0.400781214237213 0.417793303728104 0.43751123547554 0.441596478223801 0.439945966005325 0.437317162752151 0.428828984498978 0.430894643068314
-9999 -9999 -9999 -9999 -9999 -9999 -9999 -9999 -9999 -9999 -9999 -9999 -9999 -9999 0.110522769391537 0.0460740365087986 0.0561905838549137 0.115219488739967 0.149057030677795 0.108511812984943 0.0641260221600533 0.0409065037965775 0.029343469068408 0.0228925291448832 0.0195031147450209 0.0209883861243725 0.0191494561731815 0.0477718487381935 0.101249426603317 0.142091751098633 0.215954214334488 0.175490140914917 0.142000004649162 0.125814869999886 0.122017778456211 0.126709476113319 0.138942241668701 0.157342404127121 0.180416285991669 0.20863576233387 0.246323078870773 0.279457002878189 0.310985535383224 0.350778222084045 0.398470550775528 0.427327364683151 0.433583617210388 0.434580087661743 0.441826403141022 0.455221712589264 0.472104549407959 0.46801495552063 0.465862274169922 0.460265457630157 0.44221818447113 0.42947044968605
-9999 -9999 -9999 -9999 -9999 -9999 -9999 -9999 -9999 -9999 -9999 -9999 -9999 -9999 -9999 0.0899735540151596 0.0769168883562088 0.105129815638065 0.112462133169174 0.0823221057653427 0.0410363413393497 0.0288431271910667 0.0223607011139393 0.0193210039287806 0.0189018752425909 0.017769468948245 0.0169446133077145 0.0167830288410187 0.0185287017375231 0.0402709618210793 0.129349455237389 0.23525333404541 0.197768181562424 0.151957124471664 0.13506580889225 0.129541456699371 0.134983375668526 0.145450249314308 0.163387790322304 0.188687518239021 0.221504896879196 0.267610430717468 0.309001743793488 0.34364178776741 0.384970456361771 0.424831032752991 0.445621311664581 0.46202290058136 0.476274222135544 0.482916235923767 0.481945663690567 0.476629674434662 0.473586678504944 0.466066539287567 0.453398913145065 0.444854944944382
-9999 -9999 -9999 -9999 -9999 -9999 -9999 -9999 -9999 -9999 -9999 -9999 -9999 -9999 -9999 0.0313321575522423 0.085007518529892 0.113236665725708 0.101772800087929 0.0742523670196533 0.0436112992465496 0.0287117324769497 0.0251206830143929 0.0229072272777557 0.0240453667938709 0.0222924370318651 0.0226765591651201 0.0266091767698526 0.0265551805496216 0.0294879395514727 0.0875277295708656 0.180384665727615 0.285392165184021 0.209727600216866 0.172790452837944 0.146923959255219 0.145841836929321 0.145889729261398 0.157565668225288 0.180240705609322 0.206607788801193 0.259828299283981 0.312443107366562 0.338496208190918 0.375709533691406 0.419300079345703 0.456510484218597 0.486578315496445 0.498151421546936 0.491973549127579 0.483661204576492 0.470022648572922 0.465162813663483 0.456290751695633 0.446609735488892 0.452114909887314
-9999 -9999 -9999 -9999 -9999 -9999 -9999 -9999 -9999 -9999 -9999 -9999 -9999 -9999 -9999 0.034680187702179 0.0467086061835289 0.0960325598716736 0.100061230361462 0.0966408252716064 0.0884029865264893 0.0689113512635231 0.0540429130196571 0.045813649892807 0.0393229238688946 0.0394269675016403 0.0347939878702164 0.0323686376214027 0.0320302359759808 0.0355913676321507 0.0528096556663513 0.127448573708534 0.274945050477982 0.345286846160889 0.263400077819824 0.204630434513092 0.179233834147453 0.171093195676804 0.17882627248764 0.200167208909988 0.230876371264458 0.276250541210175 0.322123676538467 0.33762189745903 0.365606337785721 0.404238492250443 0.449106484651566 0.493029654026031 0.502504229545593 0.48006746172905 0.457604587078094 0.444248527288437 0.425551772117615 0.417056769132614 0.419753223657608 0.419395625591278
-9999 -9999 -9999 -9999 -9999 -9999 -9999 -9999 -9999 -9999 -9999 -9999 -9999 -9999 -9999 -9999 0.0328438095748425 0.0338468179106712 0.0740671083331108 0.143088579177856 0.138928905129433 0.119142450392246 0.120658360421658 0.115852996706963 0.0902853384613991 0.0740007534623146 0.0440945439040661 0.0397218577563763 0.0340444631874561 0.0352715589106083 0.0425871461629868 0.0803808271884918 0.193223148584366 0.321578234434128 0.400281459093094 0.309271842241287 0.257322907447815 0.225540921092033 0.22383026778698 0.246417000889778 0.276224583387375 0.312831342220306 0.333886116743088 0.339748114347458 0.359643816947937 0.389194935560226 0.428426831960678 0.466127246618271 0.471923142671585 0.453342944383621 0.433361858129501 0.421264559030533 0.408551454544067 0.416631698608398 0.424756228923798 0.422199249267578
-9999 -9999 -9999 -9999 -9999 -9999 -9999 -9999 -9999 -9999 -9999 -9999 -9999 -9999 -9999 -9999 -9999 0.0351001992821693 0.0428086742758751 0.0722657665610313 0.126159518957138 0.137661263346672 0.127601861953735 0.12324845045805 0.152927100658417 0.154274106025696 0.115688979625702 0.0910294950008392 0.0664892643690109 0.0439917035400867 0.0342208780348301 0.0530499778687954 0.0959639996290207 0.176296457648277 0.303754806518555 0.433173000812531 0.382429599761963 0.318443387746811 0.293800354003906 0.308417201042175 0.342240154743195 0.355868816375732 0.349002927541733 0.35184121131897 0.361146777868271 0.378643959760666 0.398540884256363 0.399834364652634 0.404265344142914 0.413881927728653 0.41255995631218 0.418751567602158 0.426945239305496 0.448724299669266 0.474650621414185 0.48892405629158
-9999 -9999 -9999 -9999 -9999 -9999 -9999 -9999 -9999 -9999 -9999 -9999 -9999 -9999 -9999 -9999 -9999 -9999 -9999 0.0287228748202324 0.0304509531706572 0.0871335342526436 0.122818641364574 0.122810564935207 0.162605538964272 0.212128609418869 0.196407675743103 0.174295157194138 0.133393377065659 0.0785686075687408 0.0442194826900959 0.0445648580789566 0.054963443428278 0.0762697830796242 0.172563925385475 0.323614746332169 0.403785735368729 0.438150703907013 0.374046593904495 0.357900708913803 0.35356530547142 0.3614402115345 0.36127382516861 0.363628625869751 0.36716416478157 0.370928138494492 0.374851882457733 0.369388073682785 0.374903857707977 0.394167363643646 0.40398171544075 0.426436007022858 0.45679846405983 0.48413559794426 0.514138042926788 0.530357539653778
-9999 -9999 -9999 -9999 -9999 -9999 -9999 -9999 -9999 -9999 -9999 -9999 -9999 -9999 -9999 -9999 -9999 -9999 -9999 -9999 -9999 0.0378245152533054 0.0665830001235008 0.128397077322006 0.139550089836121 0.152910575270653 0.199876695871353 0.219804838299751 0.191579893231392 0.126654118299484 0.0824239924550056 0.0485962703824043 0.0476551949977875 0.056760311126709 0.0740522667765617 0.150755137205124 0.263993889093399 0.405443519353867 0.470214307308197 0.439387530088425 0.389278560876846 0.377829164266586 0.376850813627243 0.374228209257126 0.375688940286636 0.375780612230301 0.383516430854797 0.390846520662308 0.400607019662857 0.415452420711517 0.4361831843853 0.4660924077034 0.493914008140564 0.516671538352966 0.535047113895416 0.532567143440247
-9999 -9999 -9999 -9999 -9999 -9999 -9999 -9999 -9999 -9999 -9999 -9999 -9999 -9999 -9999 -9999 -9999 -9999 -9999 -9999 -9999 -9999 -9999 0.0607564933598042 0.149915874004364 0.138548478484154 0.181302234530449 0.26772266626358 0.24722558259964 0.208278879523277 0.156302943825722 0.0868367552757263 0.0510884746909142 0.0539062097668648 0.0624845921993256 0.0719872936606407 0.14536164700985 0.291031450033188 0.424103528261185 0.525937378406525 0.451094925403595 0.400241166353226 0.379685193300247 0.377036988735199 0.384643822908401 0.395504176616669 0.410616904497147 0.425711244344711 0.441361993551254 0.462812423706055 0.48919466137886 0.508915185928345 0.524093210697174 0.53851443529129 0.547351956367493 0.543623208999634
-9999 -9999 -9999 -9999 -9999 -9999 -9999 -9999 -9999 -9999 -9999 -9999 -9999 -9999 -9999 -9999 -9999 -9999 -9999 -9999 -9999 -9999 -9999 -9999 -9999 0.0658539906144142 0.152482345700264 0.221921920776367 0.281256079673767 0.295072197914124 0.275276094675064 0.182237103581429 0.107232242822647 0.0711968615651131 0.0599694810807705 0.0629155337810516 0.0788113921880722 0.151375159621239 0.281833469867706 0.463260442018509 0.516740798950195 0.43206250667572 0.388007342815399 0.385513812303543 0.403291016817093 0.425406038761139 0.448689103126526 0.47201868891716 0.49138131737709 0.515492379665375 0.537413477897644 0.548815250396729 0.544443249702454 0.549858152866364 0.566191017627716 0.566088616847992
-9999 -9999 -9999 -9999 -9999 -9999 -9999 -9999 -9999 -9999 -9999 -9999 -9999 -9999 -9999 -9999 -9999 -9999 -9999 -9999 -9999 -9999 -9999 -9999 -9999 0.0232983194291592 0.056827075779438 0.178119480609894 0.274511903524399 0.369729697704315 0.346249133348465 0.293677538633347 0.238590955734253 0.165214583277702 0.0989634469151497 0.0669932141900063 0.0831560045480728 0.117359511554241 0.216922655701637 0.405234158039093 0.547112703323364 0.457995623350143 0.396893113851547 0.384024173021317 0.397645771503448 0.419861078262329 0.444104582071304 0.47023794054985 0.493876725435257 0.516988575458527 0.540263295173645 0.560349464416504 0.571991086006165 0.572911739349365 0.587132036685944 0.584212183952332
-9999 -9999 -9999 -9999 -9999 -9999 -9999 -9999 -9999 -9999 -9999 -9999 -9999 -9999 -9999 -9999 -9999 -9999 -9999 -9999 -9999 -9999 -9999 -9999 -9999 -9999 -9999 0.0399207957088947 0.112108908593655 0.304618835449219 0.403627544641495 0.373284518718719 0.339043706655502 0.296467274427414 0.221583604812622 0.173448741436005 0.135124608874321 0.13314887881279 0.20909021794796 0.383538573980331 0.545877873897552 0.491782426834106 0.417587488889694 0.394116580486298 0.397752970457077 0.414591789245605 0.437959879636765 0.46219676733017 0.486423313617706 0.513693034648895 0.539177298545837 0.560059368610382 0.575118660926819 0.58559262752533 0.596919596195221 0.585448205471039
-9999 -9999 -9999 -9999 -9999 -9999 -9999 -9999 -9999 -9999 -9999 -9999 -9999 -9999 -9999 -9999 -9999 -9999 -9999 -9999 -9999 -9999 -9999 -9999 -9999 -9999 -9999 0.0164127890020609 0.0457039549946785 0.153387367725372 0.379977941513062 0.424155384302139 0.424254447221756 0.383461117744446 0.329267740249634 0.26177778840065 0.198950082063675 0.168772950768471 0.220340862870216 0.36508646607399 0.524163067340851 0.526951730251312 0.441549837589264 0.403585463762283 0.399847209453583 0.413124173879623 0.433497846126556 0.455819606781006 0.480049401521683 0.507256865501404 0.534087479114532 0.557900190353394 0.577700912952423 0.588687002658844 0.601230144500732 0.586829364299774
-9999 -9999 -9999 -9999 -9999 -9999 -9999 -9999 -9999 -9999 -9999 -9999 -9999 -9999 -9999 -9999 -9999 -9999 -9999 -9999 -9999 -9999 -9999 -9999 -9999 -9999 -9999 -9999 0.0245354231446981 0.0851443633437157 0.265130817890167 0.3937768638134 0.445428103208542 0.459149807691574 0.404261350631714 0.336035192012787 0.24824558198452 0.191504567861557 0.226302832365036 0.353883296251297 0.51170802116394 0.558121860027313 0.457871824502945 0.40941795706749 0.402504205703735 0.412371277809143 0.432082444429398 0.452438354492188 0.476175487041473 0.505139768123627 0.529495477676392 0.555010199546814 0.579878389835358 0.591284513473511 0.604223310947418 0.589563846588135
-9999 -9999 -9999 -9999 -9999 -9999 -9999 -9999 -9999 -9999 -9999 -9999 -9999 -9999 -9999 -9999 -9999 -9999 -9999 -9999 -9999 -9999 -9999 -9999 -9999 -9999 -9999 -9999 0.019553929567337 0.0603687129914761 0.220970749855042 0.380482882261276 0.464567840099335 0.481514781713486 0.440398931503296 0.35734349489212 0.260144799947739 0.197168722748756 0.219860211014748 0.336864352226257 0.474143773317337 0.556784391403198 0.461259692907333 0.412081748247147 0.40876641869545 0.417780876159668 0.437051206827164 0.456752628087997 0.48094242811203 0.507270753383636 0.531232416629791 0.554052233695984 0.578656613826752 0.592799782752991 0.605564773082733 0.592793166637421
-9999 -9999 -9999 -9999 -9999 -9999 -9999 -9999 -9999 -9999 -9999 -9999 -9999 -9999 -9999 -9999 -9999 -9999 -9999 -9999 -9999 -9999 -9999 -9999 -9999 -9999 -9999 -9999 0.0206728763878345 0.0580038614571095 0.208789616823196 0.404974848031998 0.4637271463871 0.471267819404602 0.426119387149811 0.348322838544846 0.247337996959686 0.171863853931427 0.192066311836243 0.307847857475281 0.434387475252151 0.548811733722687 0.454025447368622 0.395114123821259 0.384228110313416 0.390264183282852 0.44012176990509 0.461153894662857 0.48514860868454 0.512275338172913 0.534429967403412 0.556113839149475 0.578313529491425 0.593632280826569 0.60618793964386 0.596019089221954
-9999 -9999 -9999 -9999 -9999 -9999 -9999 -9999 -9999 -9999 -9999 -9999 -9999 -9999 -9999 -9999 -9999 -9999 -9999 -9999 -9999 -9999 -9999 -9999 -9999 -9999 -9999 -9999 0.0228243283927441 0.0794146433472633 0.31912088394165 0.460620790719986 0.479167997837067 0.452789306640625 0.40444877743721 0.315181046724319 0.21337816119194 0.153212442994118 0.175557509064674 0.28244212269783 0.427916616201401 0.546323716640472 0.44953453540802 0.383393824100494 0.365148991346359 0.372893869876862 0.41617277264595 0.459681123495102 0.484079420566559 0.51384425163269 0.541155874729156 0.55963808298111 0.578135192394257 0.594582498073578 0.606054365634918 0.603719592094421
-9999 -9999 -9999 -9999 -9999 -9999 -9999 -9999 -9999 -9999 -9999 -9999 -9999 -9999 -9999 -9999 -9999 -9999 -9999 -9999 -9999 -9999 -9999 -9999 -9999 -9999 -9999 -9999 0.0242678634822369 0.120451025664806 0.408609956502914 0.489288240671158 0.478407114744186 0.434584587812424 0.381916105747223 0.278165459632874 0.187886312603951 0.127681076526642 0.153801068663597 0.275468558073044 0.43658059835434 0.542498886585236 0.434575647115707 0.36951532959938 0.355190336704254 0.363904297351837 0.38491353392601 0.437127292156219 0.479241788387299 0.513079106807709 0.545773088932037 0.55780303478241 0.573475003242493 0.592581510543823 0.604337930679321 0.611990869045258
