data/03_saidas_enm/CCSM_SVM_0k_B.balansae2.asc
NCOLS 154 
NROWS 168 
XLLCORNER -112 
YLLCORNER -55.5 
CELLSIZE 0.5 
NODATA_value -9999 
[rows 75 to 99 of 168, columns 56 to 111 of 154]
-9999 -9999 -9999 -9999 -9999 -9999 -9999 -9999 -9999 -9999 -9999 0.0845011699661332 0.108155720906082 0.189004300072148 0.261157740148981 0.344567627275398 0.385936272037747 0.4047606075378 0.440062822567164 0.411075752848563 0.369381106197539 0.36290719034153 0.375637824534452 0.377058926992376 0.369885048563484 0.362569501938772 0.361624207980508 0.367804533026307 0.37127683608638 0.374626968853021 0.386632927197439 0.410426636133053 0.445483487160567 0.479331123673045 0.512489457086835 0.548572938009303 0.575914651275127 0.602175781481188 0.614898913256045 0.611658496059245 0.602794309615359 0.581996961063876 0.558653231701447 0.518990813043339 0.466567263426303 0.423769050415589 0.39084879962608 0.356021881757289 0.310349885266764 0.253364838149157 0.188325431669396 0.127023598202206 0.0637973394509915 0.0200695299572725 -0.00769018218188477 -0.0266724910738475
-9999 -9999 -9999 -9999 -9999 -9999 -9999 -9999 -9999 -9999 -9999 0.0738276207552864 0.0868310688922247 0.175161095433433 0.22784006810726 0.279002100420404 0.311735417868593 0.290800485612041 0.299406579883004 0.351013473080896 0.39619360743119 0.395231014353785 0.395131321204493 0.396428036618544 0.381227163910652 0.372461223730549 0.371800293367463 0.372925140187979 0.374340087358611 0.375704891172365 0.382421696425654 0.406237787608841 0.43647153502475 0.468584342004276 0.500741778185008 0.534257147016246 0.572549047198598 0.60719129016544 0.633265579919399 0.648792909227793 0.647729654249917 0.644297597650626 0.624048401691689 0.594312561239084 0.566134750296325 0.536218056157238 0.507518825438356 0.473556248329092 0.42884671121305 0.37142976843409 0.313243619666845 0.245353926172255 0.178812168724154 0.134893377939479 0.105658405879424 0.0863500933991367
-9999 -9999 -9999 -9999 -9999 -9999 -9999 -9999 -9999 -9999 -9999 -9999 0.0640862090502974 0.125232774813196 0.180087112324655 0.219474698825194 0.212374386010272 0.16526074404892 0.137195217217195 0.187535725618518 0.32236525727115 0.403555011397819 0.424299741472985 0.422640869898759 0.412814778402359 0.395151574797594 0.384679312379131 0.378194375298959 0.374494626601441 0.373975860207559 0.381859532982299 0.399973855292309 0.425393145995225 0.453311175759287 0.482443501693622 0.516475224562512 0.557168886132971 0.599487947920586 0.637134065885133 0.666424214673106 0.685584835790639 0.696528260822165 0.693830381970472 0.678413989362567 0.65887956703595 0.637031192971816 0.609605286495654 0.576653699840777 0.53705758977494 0.48819697815092 0.438871521633183 0.381819989636845 0.326336061401208 0.284114904957399 0.251920671416021 0.224098735634279
-9999 -9999 -9999 -9999 -9999 -9999 -9999 -9999 -9999 -9999 -9999 -9999 0.0815499026705036 0.0844843800234242 0.132799892777781 0.188334131450556 0.149043783223763 0.120219170826949 0.11526693251379 0.135730035059392 0.208772486691057 0.317257639531315 0.434658316451639 0.482059619495212 0.454545364685424 0.439790915399251 0.401228205957044 0.381253700968659 0.37371518082609 0.369427006729628 0.377816405675427 0.391526853381168 0.41195910497486 0.436519434093866 0.463977841055824 0.49414723773232 0.536657922804513 0.582313335223763 0.627691783955207 0.66873792059617 0.705481452288233 0.737027102499685 0.757439886102331 0.758037610581847 0.745058329847736 0.731281488758503 0.692838239571016 0.658167007082777 0.625922986501882 0.589871663587888 0.554736864186262 0.518327098533217 0.479676415060524 0.443677990814477 0.40297703135367 0.371926863508692
-9999 -9999 -9999 -9999 -9999 -9999 -9999 -9999 -9999 -9999 -9999 -9999 -9999 0.0775621596903434 0.0947790875714213 0.122809428053161 0.103638227312416 0.103136926337266 0.11062850533405 0.128946532190936 0.164370451051787 0.183709993983237 0.304580647847091 0.471941540551041 0.541976391699255 0.535742277493184 0.485121668298403 0.425193210828351 0.375076252730257 0.368880557957807 0.371389344363153 0.383234474557672 0.400449509793568 0.421593097867406 0.446492833836366 0.476480456811329 0.515163039913557 0.559063921894392 0.607032724358863 0.654707140086195 0.705485687813859 0.755433143371657 0.79461978401658 0.810460068280883 0.801367351312186 0.780228255418774 0.746617081306664 0.71679663854343 0.692911361771462 0.676295919536263 0.66111177770179 0.636543622954456 0.610138174601143 0.581702925419365 0.54843389863312 0.521785848102343
-9999 -9999 -9999 -9999 -9999 -9999 -9999 -9999 -9999 -9999 -9999 -9999 -9999 0.0884946255184025 0.0827342022784809 0.094223665451245 0.0844330546789453 0.0877700294272225 0.0914880309133951 0.105044181997594 0.120706574726906 0.1220984228698 0.0714460913412008 0.0631653467733598 0.145778669782638 0.496624541045896 0.536473486240235 0.509952224142164 0.439942331331481 0.393388315628442 0.374975968858536 0.393547984602174 0.393081781337274 0.410526710324568 0.433846462163554 0.45794612456179 0.495203213759829 0.536991003017615 0.584491237266547 0.636267032746231 0.68945959493178 0.752553083014812 0.806000465807463 0.838040777510031 0.837735660560465 0.809388426830275 0.789880066384162 0.758126645681242 0.74056572142365 0.745295049416572 0.744186729402289 0.730180077354621 0.711324341319842 0.689540920256426 0.660876888216317 0.649653513144913
-9999 -9999 -9999 -9999 -9999 -9999 -9999 -9999 -9999 -9999 -9999 -9999 -9999 -9999 0.0763435742191351 0.097070959257591 0.0935914219565019 0.080404234443424 0.0792978027787044 0.0959471975305163 0.115946817167883 0.127727565143386 0.131549047403767 0.125725023798752 0.084906675177672 0.000763446100140008 0.0250816281893806 0.369910691416104 0.57023414833056 0.567906132127551 0.486342719349633 0.441161825307419 0.425102003635825 0.411336142078152 0.42548131691201 0.44768325564119 0.477870402209261 0.517056832733633 0.564621250634746 0.619620339088715 0.676734663230657 0.73814034687726 0.796625700509106 0.839942264440366 0.855560911662064 0.848415201287855 0.8291167531168 0.807566121024911 0.793867389189276 0.796522785246198 0.800768562182557 0.791271930330203 0.776706589642578 0.758369212824801 0.732403992221333 0.718707023699308
-9999 -9999 -9999 -9999 -9999 -9999 -9999 -9999 -9999 -9999 -9999 -9999 -9999 -9999 0.0947085211159325 0.0816634076394038 0.101555527319189 0.0770401258872341 0.0672758872592125 0.0937925090369432 0.120713914274473 0.136036668218258 0.13893073856432 0.138978562618989 0.138668221111834 0.136760975862793 0.118253624509017 0.00215088219820858 0.0630381975408881 0.222756968777121 0.55176130329364 0.537461195297527 0.474690713689899 0.429034498280036 0.417567403266084 0.431330825229912 0.452953171877619 0.484405196551873 0.531433801498788 0.596267736032191 0.664133566650697 0.725598653249261 0.782165573859401 0.828527179932546 0.860619073640907 0.86696047276252 0.859621503616397 0.847046601390195 0.836888017365283 0.83736915945147 0.839366342963093 0.828720058016312 0.815334993832677 0.799414077101093 0.77302696999932 0.755001301274083
-9999 -9999 -9999 -9999 -9999 -9999 -9999 -9999 -9999 -9999 -9999 -9999 -9999 -9999 -9999 0.0799420574179191 0.0936958373497183 0.0888688139217 0.0585978913809197 0.0820306109385152 0.120507461351612 0.135474091174187 0.138766968601821 0.13895901258327 0.138978443565505 0.138989415232216 0.138953541228652 0.138804813648219 0.135326330123348 0.0531452173719321 0.0781760694471443 0.476773508683096 0.556178765572546 0.476721360318461 0.436091980821691 0.417843264555731 0.433713395914444 0.457958588291979 0.495155043628216 0.542752080413177 0.606891918307461 0.70693001806064 0.776711427799736 0.817285918986614 0.854135250135198 0.874025563885349 0.879731675407926 0.879398597493095 0.873155191894021 0.863038106325699 0.854371835508766 0.843748315139875 0.832049888085925 0.816768346126066 0.797133993028804 0.777556701615584
-9999 -9999 -9999 -9999 -9999 -9999 -9999 -9999 -9999 -9999 -9999 -9999 -9999 -9999 -9999 0.107878716148672 0.0710239571657262 0.115622425038228 0.0625940797383804 0.0603556341195883 0.106228851583152 0.124952658782435 0.136083658655658 0.138357195752485 0.138923508510031 0.139001190777362 0.138999594673922 0.13900316708966 0.1389983980888 0.135641637854678 0.0951966101786856 0.234685486164489 0.594114108600557 0.575833257546863 0.504381048157335 0.425078559036154 0.443836959568467 0.453298313345225 0.466631054630541 0.470875200892631 0.486674691088086 0.668541305021153 0.778354250107963 0.802327840238148 0.839498794911698 0.871627879827476 0.886200514838944 0.899233489814311 0.89245034397979 0.868282837067619 0.843299885523802 0.833144444689111 0.829418400457174 0.819449908554392 0.80577918420885 0.796252653716355
-9999 -9999 -9999 -9999 -9999 -9999 -9999 -9999 -9999 -9999 -9999 -9999 -9999 -9999 -9999 0.111431255255935 0.102375311270032 0.0987489814159331 0.116263148179081 0.0631717066030804 0.0560554888142991 0.0814771242307943 0.108126619501115 0.124498567289801 0.133640520082107 0.137083003511146 0.138591946364563 0.138903812301159 0.138795536255363 0.137185713571939 0.130669796543615 0.158867414220995 0.510651152781181 0.713995727719616 0.652325751550095 0.556240511350534 0.512893168531646 0.492758964208307 0.483665329728972 0.451166259231647 0.458068922788369 0.665159054901905 0.786443283133126 0.79246543669622 0.814738448145974 0.851492500679623 0.882243023654881 0.900624376650411 0.894632676437126 0.864822033259541 0.827326352557286 0.817259041261111 0.806207836851939 0.801262065311213 0.805917657924162 0.790383402435397
-9999 -9999 -9999 -9999 -9999 -9999 -9999 -9999 -9999 -9999 -9999 -9999 -9999 -9999 -9999 -9999 0.124229230305938 0.0598671456820924 0.108294253620614 0.142763015036358 0.0887182306883239 0.0635736146721416 0.068034593692416 0.0832193306476559 0.0963244979173352 0.105922544585858 0.124306954476806 0.131524161986452 0.133551337494258 0.134749113875919 0.134368971651191 0.138834659655671 0.262842807922566 0.584839947577032 0.749167883449778 0.717348646357217 0.649038255112792 0.594578730838773 0.574456595750569 0.55349938557292 0.522425162528919 0.727008957025458 0.789180559459446 0.777003243574354 0.797755407952532 0.832939859795801 0.868141420961152 0.886577217412658 0.880793087540793 0.852500900928294 0.821030951191773 0.825991564324841 0.813969611467923 0.812076368954761 0.816697670959719 0.784326044801819
-9999 -9999 -9999 -9999 -9999 -9999 -9999 -9999 -9999 -9999 -9999 -9999 -9999 -9999 -9999 -9999 -9999 0.123400551226283 0.0839574820949893 0.0926210139463 0.172086381775714 0.119598959772181 0.0586789280840038 0.0504755282708294 0.0569123824163857 0.0683604849310366 0.0848444250887561 0.0996094435874453 0.112024838377402 0.127634886680068 0.134376074490812 0.134362847730848 0.135515812712736 0.162749230939893 0.454445652883178 0.796487326444497 0.796279912359585 0.739019754273895 0.70194258574123 0.714418690722963 0.7600686570319 0.780629489059986 0.781004580021137 0.781187887957109 0.799463033050276 0.823163453211777 0.841303309639653 0.840244384334815 0.83368754045673 0.82924140643918 0.822189929812842 0.848382702127415 0.876561440130819 0.885881169726058 0.870140808249461 0.838217321880707
-9999 -9999 -9999 -9999 -9999 -9999 -9999 -9999 -9999 -9999 -9999 -9999 -9999 -9999 -9999 -9999 -9999 -9999 -9999 0.0878760505631269 0.0435317535708883 0.116480745952874 0.121517436060822 0.0726961760847907 0.0504614092058186 0.0486060488127831 0.0562399582136571 0.0709250142921673 0.0846976297660619 0.111318589510252 0.130625990104083 0.133781997216088 0.135200028316579 0.130723165578531 0.141167224976475 0.443867063932791 0.714150118035426 0.84424451834044 0.805848088718268 0.773840799964185 0.743783311004538 0.760451238520737 0.767784548953104 0.777686306694164 0.790891007811512 0.80140316869845 0.813192861402575 0.809767579677262 0.808254186236715 0.814683303292734 0.812450642197677 0.86425686839449 0.915191959268668 0.935626605639854 0.924690962145132 0.891378947691712
-9999 -9999 -9999 -9999 -9999 -9999 -9999 -9999 -9999 -9999 -9999 -9999 -9999 -9999 -9999 -9999 -9999 -9999 -9999 -9999 -9999 0.126865283278038 0.117065549576 0.128284619375049 0.100607649052646 0.0511730299066546 0.0474468839483831 0.0571336376310417 0.067505092674055 0.0840457059009349 0.104607894541621 0.126598701565704 0.136499359245857 0.136827953802577 0.130231728930426 0.110441352482592 0.224631184487981 0.683266027992988 0.865852707338313 0.848165645634895 0.774747405962036 0.742545237711528 0.743241870518322 0.752808126342772 0.768261775834219 0.786385683022811 0.805555453809615 0.825291647183546 0.839758354588451 0.838817139297449 0.855004398825084 0.900938474415992 0.949538064807518 0.968714944943334 0.961284793604298 0.941937140743858
-9999 -9999 -9999 -9999 -9999 -9999 -9999 -9999 -9999 -9999 -9999 -9999 -9999 -9999 -9999 -9999 -9999 -9999 -9999 -9999 -9999 -9999 -9999 0.135680976750173 0.130612745370131 0.111019042345143 0.0743713272592577 0.0564830941456019 0.0594817581763846 0.0637406390654178 0.0728842644342975 0.104294582423397 0.131052644774687 0.135994158505974 0.135639395857999 0.132841301318854 0.120501783181121 0.233938166585686 0.613308943953011 0.838051606141692 0.789261531708176 0.717486725446793 0.681845908542372 0.689723002904701 0.72089545287365 0.757598539407331 0.792676125231034 0.828989488848634 0.852708171575358 0.863198941993178 0.888861355237227 0.934331863722905 0.977127749338939 0.991260397498523 0.982928351791728 0.965230158735485
-9999 -9999 -9999 -9999 -9999 -9999 -9999 -9999 -9999 -9999 -9999 -9999 -9999 -9999 -9999 -9999 -9999 -9999 -9999 -9999 -9999 -9999 -9999 -9999 -9999 0.0943188585836331 0.13417622411901 0.0979133345401349 0.0719385942491262 0.071063565715052 0.0695339367449125 0.0706245310149927 0.0961408937985809 0.117675671689774 0.131480765241017 0.136210703078096 0.133286645124298 0.136150305913408 0.227235114398359 0.682912591796612 0.810324398893726 0.710842634789431 0.60676312181082 0.60735952798088 0.659909844303603 0.708853792405235 0.763963172288566 0.801117217304422 0.838559474898044 0.873885013123174 0.901511153139172 0.958508997505572 0.996246834385616 1.00447150462004 0.994419796882236 0.971814993445779
-9999 -9999 -9999 -9999 -9999 -9999 -9999 -9999 -9999 -9999 -9999 -9999 -9999 -9999 -9999 -9999 -9999 -9999 -9999 -9999 -9999 -9999 -9999 -9999 -9999 0.118010387623256 0.0928537061159418 0.145846070148898 0.135231978795693 0.115620869896125 0.100723891304775 0.0810665313658541 0.0674382326057882 0.0753979815712043 0.103720072740771 0.124238607029993 0.127012455994093 0.13428590334869 0.188412912603313 0.567816387901115 0.864182127404799 0.762109169871959 0.59825518959924 0.565557233725047 0.611221274782465 0.670170664794711 0.736471436792663 0.789654224585944 0.841628149232361 0.890335011832031 0.933481508251292 0.982947158446129 1.00964730735641 1.01490246377891 1.0011741801911 0.976353181471406
-9999 -9999 -9999 -9999 -9999 -9999 -9999 -9999 -9999 -9999 -9999 -9999 -9999 -9999 -9999 -9999 -9999 -9999 -9999 -9999 -9999 -9999 -9999 -9999 -9999 -9999 -9999 0.0753477785169464 0.136564076256443 0.158887925442329 0.136473719943159 0.120039614509089 0.105364314090166 0.0842595758360344 0.0670155480175327 0.0720222010788619 0.0995761073661028 0.120258222424289 0.175045474862596 0.502173483456435 0.909256327142392 0.849292946158734 0.634162265200268 0.561213330408828 0.595145739926537 0.649796202081572 0.715297462904939 0.791785707910407 0.857350791233561 0.914786533761279 0.964841879982362 0.997623171795546 1.01985225897535 1.02313350391643 1.00410950804598 0.976141558451532
-9999 -9999 -9999 -9999 -9999 -9999 -9999 -9999 -9999 -9999 -9999 -9999 -9999 -9999 -9999 -9999 -9999 -9999 -9999 -9999 -9999 -9999 -9999 -9999 -9999 -9999 -9999 0.0590748370175795 0.0776376714039245 0.159656494324087 0.150268927284413 0.136083839716225 0.126427608246562 0.112826944452049 0.0889677277799228 0.0733540517883118 0.0788820269169561 0.104326461638753 0.162953081027219 0.430274624011105 0.865576850548129 0.915584264332703 0.732153425626805 0.619045660622314 0.600395292450202 0.62722270000702 0.691141429981725 0.771871731120587 0.845250856983262 0.913985959789337 0.964995038037149 0.992572936107566 1.00613280946377 1.00909588982122 0.999500379451307 0.982821585858881
-9999 -9999 -9999 -9999 -9999 -9999 -9999 -9999 -9999 -9999 -9999 -9999 -9999 -9999 -9999 -9999 -9999 -9999 -9999 -9999 -9999 -9999 -9999 -9999 -9999 -9999 -9999 -9999 0.0503572470117905 0.137890754755372 0.157050763763318 0.143853760173436 0.132487889100398 0.123216840630543 0.10750594916483 0.0902462544591396 0.0783789158151513 0.0938125292418909 0.144650195455814 0.368597374687505 0.809494910030117 0.951521194371453 0.792034543847119 0.6636046649909 0.617734499910873 0.583973416876605 0.65854487832083 0.72945920749785 0.805679036287842 0.896981010155403 0.955191567048156 0.980117982628876 0.963613135577198 0.964144635509438 0.98979192680653 0.994368235277073
-9999 -9999 -9999 -9999 -9999 -9999 -9999 -9999 -9999 -9999 -9999 -9999 -9999 -9999 -9999 -9999 -9999 -9999 -9999 -9999 -9999 -9999 -9999 -9999 -9999 -9999 -9999 -9999 0.0446837343746845 0.120052536660277 0.157921402191721 0.147576817096206 0.135341485017317 0.127468856045495 0.113553697272184 0.0950912156926498 0.0791360702885265 0.0919643460788916 0.134907024500619 0.315407421137736 0.732493094526339 0.948624182228952 0.816758586061348 0.669680228005018 0.626783671190038 0.636038515058523 0.658504673445216 0.688765832923012 0.757097179873083 0.871706031604581 0.948259301944025 0.974156226400849 0.950642375254132 0.954237236992453 0.985107949608699 1.00963239171303
-9999 -9999 -9999 -9999 -9999 -9999 -9999 -9999 -9999 -9999 -9999 -9999 -9999 -9999 -9999 -9999 -9999 -9999 -9999 -9999 -9999 -9999 -9999 -9999 -9999 -9999 -9999 -9999 0.043551822812098 0.112575289104121 0.161731380959912 0.149746378195847 0.135729488024362 0.1284703231297 0.110990683716859 0.0929240520253589 0.0795285156348555 0.0933599003291432 0.123925314508551 0.275366645747482 0.659736130523859 0.928011364062889 0.790080001142691 0.626985098236277 0.579741531620548 0.583592742908794 0.652275146705759 0.665505860396617 0.71232998330242 0.852083752270581 0.956755615216751 0.963194806487512 0.942427791900724 0.958080207251568 1.00070348790409 1.02197210907299
-9999 -9999 -9999 -9999 -9999 -9999 -9999 -9999 -9999 -9999 -9999 -9999 -9999 -9999 -9999 -9999 -9999 -9999 -9999 -9999 -9999 -9999 -9999 -9999 -9999 -9999 -9999 -9999 0.0353029775633641 0.114844271036509 0.168638766481017 0.14977228827489 0.133028791831067 0.124116505163762 0.104719520913441 0.0804496504585376 0.07750064557451 0.0996396663523215 0.124833043214718 0.257639262871242 0.645169757508516 0.883732508312525 0.747602643874798 0.573125459898215 0.508565003790992 0.528163795237265 0.609966279550976 0.690349739004596 0.752862051537899 0.825797997796049 0.893510375446602 0.929554186451857 0.954387052967287 0.991701808463089 1.02880798529637 1.04727448197369
-9999 -9999 -9999 -9999 -9999 -9999 -9999 -9999 -9999 -9999 -9999 -9999 -9999 -9999 -9999 -9999 -9999 -9999 -9999 -9999 -9999 -9999 -9999 -9999 -9999 -9999 -9999 -9999 0.0297106575044207 0.117076877667422 0.178067131868308 0.147486047188397 0.130199768439205 0.120651517479798 0.0982955634106977 0.0731618327354889 0.081010434087913 0.107939670187493 0.125828975807571 0.258998489217187 0.650745415153806 0.843204826407152 0.675743583045802 0.503978796976102 0.448088879787774 0.453216022841404 0.548114579379105 0.649369641046448 0.736807878760391 0.79285144299502 0.80614755724397 0.89979338912849 0.964309963083782 1.01277414328239 1.04974475872076 1.06198466705397
