data/03_saidas_enm/CCSM_Gower_21k_B.balansae1.asc
NCOLS 154 
NROWS 168 
XLLCORNER -112 
YLLCORNER -55.5 
CELLSIZE 0.5 
NODATA_value -9999 
[rows 56 to 83 of 168, columns 63 to 125 of 154]
-9999 0 0 0 0 0 0 0 0 0 0 0 0 0 0 0 0 0 0 0 0 0 0 0 0 0 0 0 0.0814266392747081 0.225065843416178 0.237800460455094 0.249678362974091 0.254086342602693 0.252783177805067 0.249116466464283 0.236860402731978 0.22237634204167 0.211875488038765 0.201140765028685 0.19540767833804 0.194048208567872 0.191057468577472 0.17234010146558 0.121102337485674 0.0961905051948786 0.084640794198262 0.0902415083106276 0.105051400107972 0.108031336390028 0.114362287151016 0.103974446785365 0.0694539078341978 0.00628378293742804 0 0 0 0 0 0 0 0.0660432946296254 0.174491310942188 -9999
0 0 0 0 0 0 0 0 0 0 0 0 0 0 0 0 0 0 0 0 0 0 0 0 0 0 0 0 0 0.14027633509241 0.222934451640787 0.228223020469057 0.226614284705037 0.219418468695911 0.211385667504047 0.199398209502912 0.18999870756738 0.18331401541361 0.178435430315649 0.149667876177307 0.0257271493829742 0 0 0 0 0 0 0 0 0 0 0 0 0 0 0 0 0 0 0 0.043946784330502 0.0664788438567195 0.0682193006563182
0 0 0 0 0 0 0 0 0 0 0 0 0 0 0 0 0 0 0 0 0 0 0 0 0 0 0 0 0 0 0.123868153382617 0.199316920843042 0.202518966760378 0.193406475253656 0.185499795330204 0.155994041639155 0.084312435671883 0 0 0 0 0 0 0 0 0 0 0 0 0 0 0 0 0 0 0 0 0 0 0 0 0.0159991582658814 0.0682569740113584
0 0 0 0 0 0 0 0 0 0 0 0 0 0 0 0 0 0 0 0 0 0 0 0 0 0 0 0 0 0 0 0 0 0 0 0 0 0 0 0 0 0 0 0 0 0 0 0 0 0 0 0 0 0 0 0 0 0 0 0 0 0 0
0 0 0 0 0 0 0 0 0 0 0 0 0 0 0 0 0 0 0 0 0 0 0 0 0 0 0 0 0 0 0 0 0 0 0 0 0 0 0 0 0 0 0 0 0 0 0 0 0 0 0 0 0 0 0 0 0 0 0 0 0 0 0.0107271507016503
0 0 0 0 0 0 0 0 0 0 0 0 0 0 0 0 0 0 0 0 0 0 0 0 0 0 0 0 0 0 0 0 0 0 0 0 0 0 0 0 0 0 0 0 0 0 0 0 0 0 0 0 0 0 0 0 0 0 0 0 0 0 0
0 0.0193515508640737 0 0 0 0 0 0.000538522532335439 0.0154028229877146 0 0 0 0 0 0 0 0 0 0 0 0 0 0 0 0 0 0 0 0 0 0 0 0 0 0 0 0 0 0 0 0 0 0 0 0 0 0 0 0 0 0 0 0 0 0 0 0 0 0 0 0 0 0
-9999 0.0209924639836546 0 0.0203240020091389 0 0 0 0.0596755441454155 0.107432651965011 0.08227546433654 0.0203839713697292 0 0 0 0 0 0 0 0 0 0 0 0 0 0 0 0 0 0 0 0 0 0 0 0 0 0 0 0 0 0 0 0 0.0124501194080316 0.0300193886998407 0.064632675448867 0.0848282909190746 0.0932956602320589 0.107823567401954 0.0851093184866962 0.0884142200830147 0.0643765314367685 0.0378570126461236 0.0205321416321625 0 0 0 0 0 0 0 0 0
0 0 0 0 0 0 0.00115487955858296 0.138690734439756 0.216367771127393 0.156469439357262 0.103446149760412 0.063238587301498 0.0173319945842703 0 0 0 0 0.00157165537246795 0.0150219131762448 0.036038337956961 0.0413962198893786 0.045411085867057 0.0478268788833365 0.0316798004956585 0.0151498981768551 0 0 0 0 0 0 0 0 0 0 0 0 0 0.00688542554736737 0.0613250766839428 0.0984286331049403 0.124586122264355 0.169479536645683 0.193721775078765 0.221009812721942 0.223006589951856 0.224729992748248 0.225853396168 0.225049682813763 0.221979573538793 0.217747100857535 0.214217996189194 0.212569287478988 0.209180875114023 0.204667843777727 0.199832847112701 0.196468870451292 0.195960878978854 0.19730805297727 0.138278511667508 0.0348254764063117 0 0
0.0802226984690135 0 0 0 0 0 0.0891559478409394 0.2440977356167 0.272412347791224 0.218925731030822 0.173912811778994 0.138933145126793 0.0583242590965525 0.0346133628787852 0.0410301880079593 0.0456496547804993 0.0724831762001059 0.104388070641858 0.131919114665063 0.147062759325998 0.17114238459379 0.186605600231776 0.183747123542413 0.18207453098515 0.165688622667713 0.144925122697857 0.12701879433578 0.0799344959977076 0.0600286086390109 0.032287707497198 0 0 0 0 0 0.0244137152774582 0.0555252071219531 0.101226554008834 0.145779777124094 0.18045753490334 0.200118802368146 0.16765975356954 0.117655236467096 0.097214189673003 0.138419622859267 0.164081590709852 0.223585535645987 0.238631102952024 0.236627889532335 0.236409121415941 0.234110451042362 0.231899160126584 0.231654210899238 0.230086009105209 0.225160531767454 0.220727041139668 0.146283434923096 0.05853370093024 0 0 0 0 0
0.107382730046183 0 0 0 0 0.0566241317478418 0.177965821074051 0.301050658371826 0.308509158194168 0.272800751671164 0.206001461707687 0.170010008806609 0.149729998060676 0.109726202339647 0.0996532346573474 0.113504239512661 0.142529949970595 0.183074484494338 0.214643137716948 0.236539964634722 0.232606642314078 0.227873190957959 0.222786793291818 0.218003675744863 0.214434691634304 0.211670075405755 0.210093941358467 0.210678528164434 0.198221261351073 0.170246663600396 0.138484023051232 0.129292768486665 0.116818624701819 0.10796756140332 0.121590176981543 0.13786767652212 0.166666128773667 0.20936961625808 0.243680611310219 0.206322868841362 0.134293037433524 0.104201220569984 0.0726934658247097 0.0520414278779605 0.0672428288746573 0.0913415704176377 0.128716732376995 0.166653829602027 0.196756263586698 0.214933161039979 0.219956603643436 0.196032175925568 0.165284414014703 0.127016062610386 0.0690556540481216 0.0120764605169212 0 0 0 0 0 0 0
0.15678607602173 0.00380908991332862 0 0 0 0.0248335674564887 0.145099119408919 0.272932195054045 0.326952504140148 0.292278677147423 0.246524413082222 0.23592447085764 0.199759082483492 0.141225738441601 0.154310573402031 0.166324371409698 0.201924299835762 0.244195532699033 0.248805269675832 0.243965660148401 0.239037720539497 0.235060794201923 0.23104442477398 0.228586875575309 0.225362406833686 0.222992065668875 0.221757158767659 0.222582720882345 0.224711291954711 0.227005193625938 0.230645630351804 0.234110248450431 0.239023024832576 0.228536676631155 0.240318477536198 0.24679831780458 0.257182897916524 0.261057889345327 0.233793801094091 0.175740540981573 0.107466081837027 0.0831208300452431 0.0486972277602842 0.0272373234147544 0.0395354243785574 0.0419920331696881 0.057813281001865 0.0862677447484501 0.0932013039626443 0.0901151964077325 0.080717306859767 0.0465996707019448 0.0199130541429422 0 0 0 0 0 0 0 0 0 0
0.284631719694579 0.116861903122326 0 0 0 0 0 0.0223440506316961 0.218096580929153 0.272152664966972 0.260544178546865 0.256827676343288 0.241183798829243 0.205195704338107 0.19122080373781 0.203201713689576 0.239741596674167 0.259860477535152 0.257582674130361 0.249776386300214 0.242803779845947 0.23983976640631 0.239372869927669 0.238873496404253 0.2370796695362 0.235553700367575 0.235190063437247 0.236529055838492 0.2391583718258 0.242284318553473 0.246468293843491 0.250176318353998 0.25524590088995 0.260628176277836 0.26636028117682 0.271565771729803 0.275655666444335 0.279990042866375 0.260611104762287 0.19529206606346 0.143406581173747 0.114642676605836 0.0828166012652005 0.054883727723993 0.0465960029691905 0.030790198222295 0.0240124211308765 0.0271382946303877 0.00875889972135524 0.00118310119802312 0 0 0 0 0 0 0 0 0 0 0 0 0
0.208216958423593 0.192860504929242 0 0 0 0 0 0 0 0.248827882052017 0.256213074763695 0.259644701545724 0.261996139325068 0.232927759926966 0.245067025577878 0.239745413312753 0.25914462674255 0.260725108724336 0.263026958232817 0.254825429131265 0.24592263585607 0.244488082399852 0.246291524592582 0.248531630314402 0.247495528432479 0.247080526655903 0.247914971647519 0.249955508734309 0.254025424767747 0.257035972015301 0.262582658546367 0.267654313753602 0.273338045933305 0.279294155170873 0.28524387497065 0.291378763794433 0.295718968630458 0.300315405505929 0.30214225485857 0.256425449535343 0.203117656491218 0.17186451961452 0.129339860868097 0.0988445934015815 0.0747834943789744 0.0413787496454525 0.0130985997239806 0 0 0 0 0 0 0 0 0 0 0 0 0 0 0 0
-9999 0.204801178601711 0 0 0 0 0 0 0 0.201845597415525 0.258491828792157 0.273630401672266 0.268130872308904 0.294603902647825 0.272659048813021 0.262665035541897 0.252028382609924 0.26077139318834 0.265874683904643 0.260086133777165 0.250246399577778 0.249314367611888 0.254148959093053 0.257825644190391 0.25979271832657 0.260052285340864 0.261857317101045 0.264842711781292 0.268260312968169 0.273142560304865 0.279055938229201 0.284591653628058 0.291233676804575 0.299009061573402 0.305526568632951 0.311952348300202 0.316753122513054 0.321403480009891 0.323053201679747 0.322738872508379 0.286135436115302 0.246144022470719 0.197998080681884 0.15607396491434 0.113226545685537 0.0726245510566417 0.0252384090636497 0 0 0 0 0 0 0 0 0 0 0 0 0 0 0 0
-9999 0 0 0 0 0 0 0 0 0.129462398250251 0.286547195608223 0.300388432104691 0.274561451846496 0.303582060120973 0.286335128609513 0.258260422056131 0.249610853109423 0.260114995335191 0.27011907834178 0.262554358012147 0.253658655454502 0.254334689140865 0.260532490550905 0.267066765988659 0.270775787874821 0.273610111311279 0.276914884377149 0.280242129563253 0.284839283302477 0.287227966828948 0.293583338008532 0.300441106006487 0.30801673513235 0.318216615447271 0.325111878536268 0.33322353474088 0.338546341605318 0.344341592850479 0.346139081957267 0.343016392284468 0.336778150408405 0.321567984657038 0.271190969449974 0.217680099834399 0.162251585104012 0.110272669548346 0.048842971877627 0 0 0 0 0 0 0 0 0 0 0 0 0 0 0 0
-9999 -9999 0.00467916399923374 0 0 0 0 0 0 0.0436143902171868 0.309710216659082 0.32561586492209 0.290874964416546 0.309418608951862 0.291624367549552 0.260450955091083 0.250726916467711 0.263169894631418 0.272247945510043 0.267152322119091 0.258099610815708 0.258194813438806 0.267430558758932 0.276254341181433 0.283372642401348 0.288214184344111 0.293510934769554 0.297395837618932 0.300507992511371 0.304157109522236 0.307029457905553 0.311987038272213 0.321064528127032 0.332707579847194 0.341032144586224 0.350629952853222 0.358663502076827 0.365482808776075 0.369268285739814 0.364231102328664 0.352727807872203 0.333572024028442 0.310125498947561 0.271400416294102 0.209081582988309 0.150430675475403 0.0874765522488478 0.00545427250971242 0 0 0 0 0 0 0 0 0 0 0 0 0 0 0
-9999 -9999 -9999 0 0 0 0 0 0 0 0.326015687887912 0.335698802941427 0.30621447732321 0.311438949181633 0.29107066822091 0.274159135441536 0.260745367917334 0.265626649046363 0.272549152957946 0.267797530664107 0.263559276320847 0.264232162040298 0.271277249653516 0.282162825731461 0.291700916131097 0.301938759056898 0.309187778823637 0.314325136152166 0.317762310836279 0.319037767291481 0.3221531636548 0.325007683948278 0.331767490956088 0.341439915389299 0.349808333489173 0.36165715627422 0.372699694345919 0.382819036576674 0.389113443169327 0.384064197746347 0.370739975855198 0.348317412724436 0.321390046606533 0.301089431350426 0.266992573677673 0.197361632529727 0.12397667038845 0.0526850184570608 0 0 0 0 0 0 0 0 0 0 0 0 0 0 0
-9999 -9999 -9999 -9999 0 0 0 0 0 0 0.292634149513273 0.326623713021778 0.29383180921866 0.299053725301966 0.284353093838504 0.288482914747238 0.283966267924191 0.271684490600773 0.270161030455281 0.265470372748372 0.268482073211529 0.269119146911356 0.274832021160987 0.285642638224838 0.296903819740973 0.312949817459476 0.32368438462961 0.330821760658933 0.336509077157396 0.339037704955502 0.338395893721313 0.338852473595519 0.344409757242921 0.347256859554963 0.357515616201536 0.369458348138128 0.381688386599427 0.397144000265967 0.406912203930076 0.403649756993577 0.390117395270361 0.370448555155913 0.345142766013593 0.325945310568234 0.323070470144141 0.244221551391757 0.173435853541897 0.114148304838267 0.0547076765517855 0.00860215240574957 0 0 0 0 0 0 0 0 0 0 0 0 0
-9999 -9999 -9999 -9999 0 0 0 0 0 0 0.0511554686848824 0.322160706308193 0.278213529816337 0.270253692887257 0.276334910433588 0.291269052472349 0.291024477260874 0.280227449440327 0.270564905259702 0.2598750953221 0.267487720851177 0.270715945335503 0.277095534042717 0.288684010613739 0.300724329524605 0.31885764748173 0.331507175910053 0.341780145159715 0.350933684908252 0.353646764866611 0.355895691129382 0.356675576555854 0.360061230553772 0.364728668108706 0.372475378327443 0.381203880206872 0.3924132916929 0.409555280584628 0.42491065799781 0.424353156174483 0.414785362681112 0.40036867159952 0.380868481474786 0.368536274344797 0.371530302558061 0.319431693174723 0.250283348441818 0.199640066724424 0.146061054495045 0.106532161254637 0.0711119008533334 0.0307125967187561 0 0 0 0 0 0 0 0 0 0 0
-9999 -9999 -9999 -9999 0 0 0 0 0 0 0 0.0245887527498015 0.17576903456164 0.236021235789994 0.263733224868731 0.299833454888491 0.30831965681966 0.289212152191214 0.269795461109622 0.267517143433009 0.275182255855946 0.277508322892057 0.280982400475416 0.289117869023798 0.301455873399784 0.320504719872502 0.33540261353979 0.347253805092018 0.360850746888915 0.368093034369981 0.371675981739714 0.375748422380279 0.383281195520952 0.389106243363816 0.391921772502769 0.398285496703466 0.406605760259983 0.422777707822958 0.442852479829116 0.443654276352015 0.439900777745225 0.434311110557014 0.423265985542209 0.420595917408984 0.421645811126141 0.402107408459825 0.33766013192513 0.28480810293537 0.237720012488308 0.19794596026906 0.161387351443954 0.125697802243057 0.0814585749532718 0.0460334885878174 0 0 0 0 0 0 0 0 0
-9999 -9999 -9999 -9999 -9999 0 0 0 0 0 0 0 0 0.106711649732558 0.256576929869946 0.284475178852312 0.298769005720365 0.30392793129744 0.300484117831622 0.295773730787532 0.285797262619399 0.280905290870065 0.280241973723307 0.289375659462705 0.293302057224867 0.31113612099829 0.326424456066641 0.343312332342191 0.361708521120468 0.375560884589092 0.385153269625963 0.392731392190964 0.399144330646653 0.4069940199018 0.411140110500911 0.417215967153095 0.421708271776555 0.432401260849058 0.44792625445962 0.452600548972184 0.456185210581325 0.458491793034258 0.4554905829252 0.45468511199291 0.452546557342281 0.452950270321694 0.439270421035129 0.384145362930521 0.336163117845669 0.296839617639504 0.257194129105222 0.220555988390918 0.182937983915512 0.144917300991395 0.0921382405795893 0.0396375417799804 0 0 0 0 0 0 0
-9999 -9999 -9999 -9999 -9999 0 0 0 0 0 0 0 0 0 0.0358206420254773 0.26942029202328 0.289937742980449 0.323712996843722 0.35720081951033 0.322899761668776 0.297572310773943 0.28795654974515 0.254435286265898 0.262067355531224 0.256140685477374 0.265833827512062 0.282222029612631 0.31085148281931 0.332139293283236 0.373520211395247 0.395053719068368 0.408096743360699 0.416635245177793 0.423378501983323 0.431030212170892 0.445052659356734 0.446915320728999 0.448262588231383 0.457625078179706 0.464082431020045 0.455937062110058 0.44708665698754 0.443960325180262 0.44828753203647 0.450780679624827 0.457347613754834 0.463042117293737 0.461573647987872 0.425971222067963 0.39253211646969 0.351709092682706 0.315847739158053 0.280653526917555 0.240800135847674 0.203478831648235 0.159259294292184 0.118068145959806 0.0332406297793132 0 0 0 0 0
-9999 -9999 -9999 -9999 -9999 -9999 0 0 0 0 0 0 0 0 0 0.0760922685246401 0.316392010189855 0.33522489366521 0.350312444546953 0.33032547276645 0.302165038658696 0.295980748571987 0.290839753796039 0.255843502604991 0.232575406011581 0.235547331254694 0.241863649654049 0.250290941292082 0.277667284647463 0.308771781828327 0.348887460832475 0.392638158988622 0.426016685263567 0.438964397844837 0.447399484273672 0.459547083403461 0.463341006892281 0.46453745249479 0.472489777938466 0.458366426957721 0.441678809214284 0.429501926442999 0.426685466341469 0.431855289634126 0.441813950423495 0.454898698641824 0.464155260526923 0.466247191285818 0.476100402831472 0.48748875228622 0.451136115611055 0.418182308967748 0.385197230076747 0.348560440632405 0.309626492252462 0.267484242905318 0.231339122688621 0.16319284115191 0.0988810776905586 0.0209946492283347 0 0 0
-9999 -9999 -9999 -9999 -9999 -9999 0 0 0 0 0 0 0 0 0 0 0.114278126089611 0.228985467781555 0.342791577152198 0.327344441604694 0.299835449639802 0.296511196580664 0.314180921866007 0.272684283623586 0.246816536661627 0.215352794709405 0.214813348436671 0.207869075582063 0.22773341966018 0.256443273429605 0.297061000701631 0.342636151387535 0.402168575946777 0.456123747306566 0.46132877033971 0.466390545294361 0.472755734390552 0.479454327467518 0.473803037186088 0.451095927653545 0.428394648289417 0.412846566637385 0.413193583847291 0.410902537126958 0.43032670326232 0.449710546975404 0.463547980409587 0.468982290863437 0.479621562720786 0.506876308351323 0.543827147725383 0.525907094656332 0.49222225096352 0.460541147585963 0.428867186635348 0.381916346608724 0.347161876221612 0.281159287960519 0.227894735555181 0.156769482867699 0.0810562825816926 0.0353482248430854 0
-9999 -9999 -9999 -9999 -9999 -9999 -9999 0 0 0 0 0 0 0 0 0 0 0 0 0.0767424497469136 0.309757280322817 0.306474792369245 0.302733106430372 0.309366807753765 0.316906282012122 0.253504068223433 0.201729966586311 0.192502337053573 0.196914040441322 0.212474782728659 0.246280082486666 0.291819521037858 0.357536039013352 0.424837661000599 0.464511676567698 0.473364351716213 0.481088901494609 0.487910234113156 0.491135621674437 0.460736163496076 0.439684437770589 0.421277618568214 0.411023993150425 0.410071650849717 0.422636606388136 0.442548062887269 0.45832634891376 0.4680473692456 0.483144084146437 0.500859260345385 0.524225842221504 0.550833823180942 0.574770469847861 0.5660122080163 0.528106190000396 0.496143636393587 0.465424830267623 0.402777831399602 0.347099138687657 0.278272975321435 0.211815974275938 0.171915095718816 0.135586974941535
-9999 -9999 -9999 -9999 -9999 -9999 -9999 0 0 0 0 0 0 0 0 0 0 0 0 0 0 0.180430219904387 0.304266789676331 0.286209147597052 0.319789289847755 0.333243482253986 0.233687790748254 0.182068119963946 0.164778427760078 0.188037741098734 0.206613649267972 0.24606301061918 0.323276796198118 0.390729174870806 0.459204419862485 0.48100524661152 0.492717460099779 0.500490569605393 0.50554535421546 0.476682459615392 0.458024297314151 0.436193982271226 0.417479979524588 0.40712591461858 0.417298162056862 0.434066424644855 0.446225712177328 0.457953916358903 0.477498473726494 0.480941572199174 0.488930613577223 0.521325141423041 0.565383828875829 0.60895424845158 0.61418198157764 0.596029183627248 0.572169945233672 0.498162433716991 0.467003306621943 0.410759783065833 0.339243627282166 0.31036660211457 0.277014170832439
-9999 -9999 -9999 -9999 -9999 -9999 -9999 -9999 0 0 0 0 0 0 0 0 0 0 0 0 0 0 0 0.208755394324052 0.383810833161909 0.363356029863089 0.301423672293612 0.227279875549323 0.182640479312186 0.178688207711556 0.189063837596397 0.229122718219803 0.2961392415489 0.368549429712599 0.44015610771449 0.486041152135111 0.505786229151213 0.516763719629392 0.51515109780413 0.490376565166751 0.470257369642715 0.446767987662386 0.425258785727783 0.411523502430037 0.415594600810201 0.42253054619863 0.433475517874746 0.446282407946834 0.44926675595203 0.463004483032944 0.47263415824107 0.507358501681628 0.559270321257117 0.602484323540351 0.614334517716924 0.622858651090983 0.631496959043184 0.592108898717555 0.542594313495661 0.498165715372613 0.462670749046261 0.442286069513445 0.422108713400531
