data/03_saidas_enm/CCSM_Maxent_21k_B.balansae3.asc
NCOLS 154 
NROWS 168 
XLLCORNER -112 
YLLCORNER -55.5 
CELLSIZE 0.5 
NODATA_value -9999 
[rows 100 to 124 of 168, columns 56 to 111 of 154]
-9999 -9999 -9999 -9999 -9999 -9999 -9999 -9999 -9999 -9999 -9999 -9999 -9999 -9999 -9999 -9999 -9999 -9999 -9999 -9999 -9999 -9999 -9999 -9999 -9999 -9999 -9999 -9999 0.0424249432981014 0.220410406589508 0.454315662384033 0.443232834339142 0.42502772808075 0.394938707351685 0.363203555345535 0.254680424928665 0.164360299706459 0.125613436102867 0.172200947999954 0.311209797859192 0.477383852005005 0.465209096670151 0.390835583209991 0.353431910276413 0.348718017339706 0.36159947514534 0.383615225553513 0.423809200525284 0.447971016168594 0.474452465772629 0.4981689453125 0.517735123634338 0.534767508506775 0.552829146385193 0.570155382156372 0.585559785366058
-9999 -9999 -9999 -9999 -9999 -9999 -9999 -9999 -9999 -9999 -9999 -9999 -9999 -9999 -9999 -9999 -9999 -9999 -9999 -9999 -9999 -9999 -9999 -9999 -9999 -9999 -9999 -9999 0.0427216403186321 0.26799413561821 0.457487165927887 0.428797215223312 0.425390034914017 0.397416651248932 0.347232848405838 0.238734468817711 0.149202808737755 0.123509481549263 0.184409067034721 0.329845875501633 0.502693772315979 0.43351423740387 0.361532896757126 0.332997590303421 0.333378523588181 0.348135977983475 0.367530345916748 0.405912846326828 0.424635201692581 0.457168996334076 0.483492642641068 0.503240346908569 0.517849981784821 0.533288896083832 0.549131751060486 0.55861884355545
-9999 -9999 -9999 -9999 -9999 -9999 -9999 -9999 -9999 -9999 -9999 -9999 -9999 -9999 -9999 -9999 -9999 -9999 -9999 -9999 -9999 -9999 -9999 -9999 -9999 -9999 -9999 0.0281712133437395 0.0443318262696266 0.251072466373444 0.450903654098511 0.451665133237839 0.432671755552292 0.382488280534744 0.32134011387825 0.215346977114677 0.148440599441528 0.14094203710556 0.218483984470367 0.363424837589264 0.512056887149811 0.400466352701187 0.338882476091385 0.314219206571579 0.316912293434143 0.332835137844086 0.352568775415421 0.393060177564621 0.411619782447815 0.439621835947037 0.466498643159866 0.483765929937363 0.499442338943481 0.514394342899323 0.524797558784485 0.533339440822601
-9999 -9999 -9999 -9999 -9999 -9999 -9999 -9999 -9999 -9999 -9999 -9999 -9999 -9999 -9999 -9999 -9999 -9999 -9999 -9999 -9999 -9999 -9999 -9999 -9999 -9999 -9999 0.0285218954086304 0.0467101521790028 0.238504230976105 0.414527356624603 0.440879195928574 0.436236381530762 0.374713450670242 0.28852254152298 0.197077095508575 0.139318957924843 0.15515923500061 0.234371513128281 0.393949300050735 0.47119989991188 0.370839297771454 0.314119666814804 0.296848088502884 0.303141951560974 0.318291366100311 0.33668065071106 0.373616397380829 0.399147033691406 0.425633877515793 0.446231603622437 0.46220538020134 0.478484869003296 0.492786288261414 0.501670897006989 0.512699961662292
-9999 -9999 -9999 -9999 -9999 -9999 -9999 -9999 -9999 -9999 -9999 -9999 -9999 -9999 -9999 -9999 -9999 -9999 -9999 -9999 -9999 -9999 -9999 -9999 -9999 -9999 -9999 0.03022475913167 0.0603840388357639 0.211961328983307 0.345064431428909 0.379789054393768 0.413517892360687 0.352721869945526 0.245763942599297 0.158347129821777 0.132719084620476 0.169227674603462 0.254124760627747 0.424360930919647 0.459698855876923 0.353345781564713 0.30115407705307 0.286567211151123 0.29124453663826 0.306168794631958 0.323805928230286 0.34962061047554 0.379953116178513 0.40357294678688 0.422663182020187 0.441301822662354 0.456611156463623 0.470453798770905 0.482417076826096 0.493248105049133
-9999 -9999 -9999 -9999 -9999 -9999 -9999 -9999 -9999 -9999 -9999 -9999 -9999 -9999 -9999 -9999 -9999 -9999 -9999 -9999 -9999 -9999 -9999 -9999 -9999 -9999 -9999 0.0353247486054897 0.0825386643409729 0.201302424073219 0.285026282072067 0.333813428878784 0.381066501140594 0.339141398668289 0.208958178758621 0.124593697488308 0.111812599003315 0.156896024942398 0.261243224143982 0.446423262357712 0.437501311302185 0.335908174514771 0.289188086986542 0.278149962425232 0.283523231744766 0.295784384012222 0.311283558607101 0.334882527589798 0.362088739871979 0.388424664735794 0.40675413608551 0.424174547195435 0.437310427427292 0.450978547334671 0.464140087366104 0.476775497198105
-9999 -9999 -9999 -9999 -9999 -9999 -9999 -9999 -9999 -9999 -9999 -9999 -9999 -9999 -9999 -9999 -9999 -9999 -9999 -9999 -9999 -9999 -9999 -9999 -9999 -9999 -9999 0.0455741696059704 0.100706093013287 0.164808705449104 0.221560180187225 0.275369018316269 0.334663301706314 0.313283205032349 0.170805960893631 0.0901261940598488 0.0850294753909111 0.138473749160767 0.26156759262085 0.453727722167969 0.418300360441208 0.316978394985199 0.279341667890549 0.271466970443726 0.276942789554596 0.287590444087982 0.302679806947708 0.328112810850143 0.352972656488419 0.376903682947159 0.397013247013092 0.41102659702301 0.419911682605743 0.433094710111618 0.447022438049316 0.461331158876419
-9999 -9999 -9999 -9999 -9999 -9999 -9999 -9999 -9999 -9999 -9999 -9999 -9999 -9999 -9999 -9999 -9999 -9999 -9999 -9999 -9999 -9999 -9999 -9999 -9999 -9999 -9999 0.0645401924848557 0.108759462833405 0.133020684123039 0.173772692680359 0.223413750529289 0.312605321407318 0.294632107019424 0.124822162091732 0.0624731667339802 0.0673176422715187 0.126535758376122 0.261784046888351 0.467332541942596 0.40205717086792 0.300007075071335 0.268335491418839 0.264195054769516 0.269747644662857 0.280690371990204 0.294098079204559 0.313778400421143 0.336630016565323 0.360225349664688 0.376848071813583 0.392071604728699 0.39994078874588 0.412511914968491 0.428435862064362 0.442485839128494
-9999 -9999 -9999 -9999 -9999 -9999 -9999 -9999 -9999 -9999 -9999 -9999 -9999 -9999 -9999 -9999 -9999 -9999 -9999 -9999 -9999 -9999 -9999 -9999 -9999 -9999 -9999 0.0867161750793457 0.116843491792679 0.110672198235989 0.132224053144455 0.188270926475525 0.290620654821396 0.285985440015793 0.104449562728405 0.0532988086342812 0.0610366836190224 0.121215298771858 0.271883815526962 0.478913187980652 0.3692507147789 0.281117379665375 0.256776422262192 0.255188375711441 0.262179523706436 0.272518962621689 0.283310234546661 0.297967582941055 0.313670009374619 0.335488468408585 0.354159474372864 0.366996020078659 0.375575989484787 0.389587819576263 0.406006783246994 0.421002626419067
-9999 -9999 -9999 -9999 -9999 -9999 -9999 -9999 -9999 -9999 -9999 -9999 -9999 -9999 -9999 -9999 -9999 -9999 -9999 -9999 -9999 -9999 -9999 -9999 -9999 -9999 -9999 0.0911116451025009 0.111982449889183 0.0947762504220009 0.112569861114025 0.164041861891747 0.302451133728027 0.276280969381332 0.0931201130151749 0.0542192421853542 0.0634370818734169 0.151961743831635 0.317108452320099 0.507103502750397 0.346640646457672 0.261213302612305 0.244286581873894 0.243731543421745 0.250010281801224 0.26003286242485 0.27053439617157 0.282551318407059 0.294590830802917 0.311443865299225 0.328187435865402 0.34161639213562 0.352109342813492 0.366714239120483 0.3820541203022 0.394578993320465
-9999 -9999 -9999 -9999 -9999 -9999 -9999 -9999 -9999 -9999 -9999 -9999 -9999 -9999 -9999 -9999 -9999 -9999 -9999 -9999 -9999 -9999 -9999 -9999 -9999 -9999 0.0584811754524708 0.0978797897696495 0.107096984982491 0.0909429341554642 0.101236566901207 0.16575688123703 0.30474853515625 0.30056694149971 0.111024841666222 0.0561028271913528 0.0841068848967552 0.216813668608665 0.390944719314575 0.463920533657074 0.291813224554062 0.238357976078987 0.228727221488953 0.230877295136452 0.236033529043198 0.243961587548256 0.253358483314514 0.263781189918518 0.275337487459183 0.289120852947235 0.304374098777771 0.319315075874329 0.329299986362457 0.343921333551407 0.356373161077499 0.36671844124794
-9999 -9999 -9999 -9999 -9999 -9999 -9999 -9999 -9999 -9999 -9999 -9999 -9999 -9999 -9999 -9999 -9999 -9999 -9999 -9999 -9999 -9999 -9999 -9999 -9999 -9999 0.0804068520665169 0.106679707765579 0.100371606647968 0.0813311487436295 0.102930970489979 0.180434569716454 0.338514447212219 0.310842484235764 0.145134195685387 0.0969339609146118 0.153645887970924 0.313419073820114 0.468436777591705 0.371765196323395 0.256267368793488 0.214694410562515 0.209554314613342 0.21230685710907 0.218073055148125 0.225603133440018 0.235550791025162 0.247322082519531 0.259548544883728 0.271040260791779 0.284143209457397 0.298025995492935 0.309394925832748 0.322428911924362 0.332129627466202 0.339771389961243
-9999 -9999 -9999 -9999 -9999 -9999 -9999 -9999 -9999 -9999 -9999 -9999 -9999 -9999 -9999 -9999 -9999 -9999 -9999 -9999 -9999 -9999 -9999 -9999 -9999 -9999 0.0994565263390541 0.0980682298541069 0.0904218330979347 0.0741940513253212 0.0993282869458199 0.212677732110023 0.386626899242401 0.347059190273285 0.221131905913353 0.162004843354225 0.260676205158234 0.420715540647507 0.399847805500031 0.285831332206726 0.207646787166595 0.189881756901741 0.189987614750862 0.194194257259369 0.200469419360161 0.205229386687279 0.218658417463303 0.232919812202454 0.245602771639824 0.254715234041214 0.264979004859924 0.27828922867775 0.289705663919449 0.301851451396942 0.307764202356339 0.314368784427643
-9999 -9999 -9999 -9999 -9999 -9999 -9999 -9999 -9999 -9999 -9999 -9999 -9999 -9999 -9999 -9999 -9999 -9999 -9999 -9999 -9999 -9999 -9999 -9999 -9999 -9999 0.102505661547184 0.0848435834050179 0.0738183483481407 0.0762206241488457 0.135125502943993 0.251495838165283 0.411153465509415 0.402725785970688 0.31919851899147 0.30783873796463 0.392666548490524 0.42882964015007 0.291674792766571 0.222539022564888 0.185543447732925 0.173640713095665 0.173739850521088 0.178589731454849 0.185050681233406 0.194802269339561 0.205870985984802 0.218956783413887 0.230759099125862 0.23912014067173 0.247052758932114 0.256192982196808 0.266372680664062 0.276680558919907 0.281421810388565 0.284343689680099
-9999 -9999 -9999 -9999 -9999 -9999 -9999 -9999 -9999 -9999 -9999 -9999 -9999 -9999 -9999 -9999 -9999 -9999 -9999 -9999 -9999 -9999 -9999 -9999 -9999 0.12011057138443 0.0983182936906815 0.0713440328836441 0.0580685585737228 0.0885875821113586 0.165259450674057 0.288559794425964 0.422746121883392 0.469493865966797 0.431969523429871 0.420399099588394 0.409194350242615 0.289577454328537 0.207379505038261 0.179779201745987 0.166532099246979 0.161229267716408 0.163744136691093 0.16991600394249 0.181791365146637 0.193872794508934 0.197844997048378 0.20546318590641 0.21578112244606 0.221841901540756 0.228615269064903 0.236841797828674 0.242388442158699 0.249745413661003 0.252174258232117 0.255795270204544
-9999 -9999 -9999 -9999 -9999 -9999 -9999 -9999 -9999 -9999 -9999 -9999 -9999 -9999 -9999 -9999 -9999 -9999 -9999 -9999 -9999 -9999 -9999 -9999 -9999 0.113068178296089 0.0944475084543228 0.0692785531282425 0.0569510199129581 0.100684106349945 0.188500106334686 0.279823631048203 0.364907026290894 0.407191604375839 0.369899928569794 0.316965728998184 0.267040431499481 0.212111964821815 0.167119577527046 0.155036330223083 0.150992557406425 0.150730311870575 0.155317515134811 0.162054806947708 0.174221932888031 0.1838588565588 0.188297912478447 0.191695690155029 0.200627774000168 0.206613406538963 0.211227908730507 0.215957909822464 0.218962490558624 0.224678173661232 0.226688250899315 0.226942494511604
-9999 -9999 -9999 -9999 -9999 -9999 -9999 -9999 -9999 -9999 -9999 -9999 -9999 -9999 -9999 -9999 -9999 -9999 -9999 -9999 -9999 -9999 -9999 -9999 -9999 0.110551409423351 0.0915867760777473 0.0628354102373123 0.0550439395010471 0.111055970191956 0.206845492124557 0.259426414966583 0.283968597650528 0.288374304771423 0.246950909495354 0.194097727537155 0.17633992433548 0.156033113598824 0.141540810465813 0.138304024934769 0.137224853038788 0.140461713075638 0.145509272813797 0.151134073734283 0.162529125809669 0.172811195254326 0.174148872494698 0.178125083446503 0.18573397397995 0.190392255783081 0.194502532482147 0.197621315717697 0.198132500052452 0.200147271156311 0.200348019599915 0.201858893036842
-9999 -9999 -9999 -9999 -9999 -9999 -9999 -9999 -9999 -9999 -9999 -9999 -9999 -9999 -9999 -9999 -9999 -9999 -9999 -9999 -9999 -9999 -9999 -9999 -9999 0.103078834712505 0.0865059569478035 0.0606041066348553 0.0551070086658001 0.109265610575676 0.189215779304504 0.222689837217331 0.21954220533371 0.212880328297615 0.177027508616447 0.146235540509224 0.137056604027748 0.133612632751465 0.125926092267036 0.130095735192299 0.134570732712746 0.135254457592964 0.136595115065575 0.140647560358047 0.145716890692711 0.151735588908195 0.15963964164257 0.167604610323906 0.17422804236412 0.177517265081406 0.179218620061874 0.180917292833328 0.180425986647606 0.18199759721756 0.181162193417549 0.180192559957504
-9999 -9999 -9999 -9999 -9999 -9999 -9999 -9999 -9999 -9999 -9999 -9999 -9999 -9999 -9999 -9999 -9999 -9999 -9999 -9999 -9999 -9999 -9999 -9999 -9999 0.0987060070037842 0.0816455706954002 0.0575861856341362 0.0519959218800068 0.102719902992249 0.180651098489761 0.191586658358574 0.171875759959221 0.158298566937447 0.134359121322632 0.117100156843662 0.114732176065445 0.116220764815807 0.115152604877949 0.122009642422199 0.128715828061104 0.126751258969307 0.128513187170029 0.131795406341553 0.135467022657394 0.140268713235855 0.148483142256737 0.156390771269798 0.161857843399048 0.163070976734161 0.164841383695602 0.165424913167953 0.164314478635788 0.16455514729023 0.161202326416969 0.16166777908802
-9999 -9999 -9999 -9999 -9999 -9999 -9999 -9999 -9999 -9999 -9999 -9999 -9999 -9999 -9999 -9999 -9999 -9999 -9999 -9999 -9999 -9999 -9999 -9999 -9999 0.0955648645758629 0.0772976130247116 0.0566411316394806 0.0486826822161674 0.0935053452849388 0.154909804463387 0.164717346429825 0.145393386483192 0.13218005001545 0.118703506886959 0.109206207096577 0.106832548975945 0.106693178415298 0.105181396007538 0.112795054912567 0.119964420795441 0.118670158088207 0.119826272130013 0.121280044317245 0.126362949609756 0.133034914731979 0.139483258128166 0.144570767879486 0.149235412478447 0.151530370116234 0.152296051383018 0.151965498924255 0.150173410773277 0.150282949209213 0.147884577512741 0.14610131084919
-9999 -9999 -9999 -9999 -9999 -9999 -9999 -9999 -9999 -9999 -9999 -9999 -9999 -9999 -9999 -9999 -9999 -9999 -9999 -9999 -9999 -9999 -9999 -9999 -9999 0.0939698219299316 0.0748890340328217 0.0535975135862827 0.0459333993494511 0.0826739519834518 0.136102616786957 0.141019031405449 0.122617043554783 0.11193436384201 0.110405519604683 0.104618586599827 0.101429827511311 0.0981588438153267 0.0976738780736923 0.105564065277576 0.112387806177139 0.112466581165791 0.115357019007206 0.117093622684479 0.11999798566103 0.124466054141521 0.129324987530708 0.133709952235222 0.137318208813667 0.138660416007042 0.140730872750282 0.140112638473511 0.138143643736839 0.137495160102844 0.133996829390526 0.132915630936623
-9999 -9999 -9999 -9999 -9999 -9999 -9999 -9999 -9999 -9999 -9999 -9999 -9999 -9999 -9999 -9999 -9999 -9999 -9999 -9999 -9999 -9999 -9999 -9999 -9999 0.0916512310504913 0.0725128352642059 0.0517577342689037 0.0447557382285595 0.0727714821696281 0.115201696753502 0.122313857078552 0.107191041111946 0.100843086838722 0.0997696295380592 0.0977459847927094 0.0951365381479263 0.0909930989146233 0.0913126617670059 0.0985829383134842 0.104775711894035 0.10835525393486 0.11016808450222 0.111833862960339 0.115222923457623 0.117720991373062 0.121092990040779 0.124030865728855 0.127584144473076 0.129723608493805 0.130494356155396 0.1303890645504 0.128867328166962 0.127703964710236 0.124986901879311 0.121639899909496
-9999 -9999 -9999 -9999 -9999 -9999 -9999 -9999 -9999 -9999 -9999 -9999 -9999 -9999 -9999 -9999 -9999 -9999 -9999 -9999 -9999 -9999 -9999 -9999 -9999 0.089611791074276 0.0706398412585258 0.0501022525131702 0.044315580278635 0.0629455968737602 0.0969335734844208 0.105211086571217 0.0974312797188759 0.0946981310844421 0.0925014093518257 0.089823417365551 0.0874531120061874 0.0868147015571594 0.0880815163254738 0.0941575691103935 0.0989463776350021 0.102243475615978 0.105240076780319 0.107409670948982 0.109781458973885 0.111453801393509 0.112083539366722 0.115782432258129 0.119447976350784 0.120807647705078 0.121778309345245 0.122290700674057 0.120508544147015 0.119230300188065 0.115163668990135 0.112773023545742
-9999 -9999 -9999 -9999 -9999 -9999 -9999 -9999 -9999 -9999 -9999 -9999 -9999 -9999 -9999 -9999 -9999 -9999 -9999 -9999 -9999 -9999 -9999 -9999 -9999 0.0879102498292923 0.0675013661384583 0.0492731891572475 0.0439900644123554 0.0546984113752842 0.0821666419506073 0.0906841978430748 0.0888098776340485 0.0882009044289589 0.0877241194248199 0.085939921438694 0.0844887718558311 0.0832120925188065 0.0846853703260422 0.0916819646954536 0.0962656587362289 0.0978201106190681 0.100722968578339 0.102264292538166 0.105179719626904 0.106639429926872 0.107411302626133 0.107506640255451 0.112079277634621 0.114951901137829 0.117088750004768 0.116235487163067 0.112794682383537 0.110918343067169 0.108306497335434 0.107531569898129
-9999 -9999 -9999 -9999 -9999 -9999 -9999 -9999 -9999 -9999 -9999 -9999 -9999 -9999 -9999 -9999 -9999 -9999 -9999 -9999 -9999 -9999 -9999 -9999 0.0927245914936066 0.0956644937396049 0.0680420771241188 0.0473269112408161 0.043456107378006 0.0475741848349571 0.0684730336070061 0.0770391821861267 0.0800827071070671 0.0817343071103096 0.0816108286380768 0.0805688351392746 0.0799419954419136 0.0796999409794807 0.0806641653180122 0.0858733654022217 0.0920862406492233 0.0933996438980103 0.0954958871006966 0.0971643924713135 0.0994743704795837 0.101572096347809 0.102059192955494 0.101980812847614 0.103008762001991 0.106454461812973 0.109063610434532 0.107924617826939 0.106660529971123 0.105663433670998 0.103828251361847 0.103957891464233
