data/03_saidas_enm/CCSM_SVM_6k_B.balansae3.asc
NCOLS 154 
NROWS 168 
XLLCORNER -112 
YLLCORNER -55.5 
CELLSIZE 0.5 
NODATA_value -9999 
[rows 100 to 124 of 168, columns 56 to 111 of 154]
-9999 -9999 -9999 -9999 -9999 -9999 -9999 -9999 -9999 -9999 -9999 -9999 -9999 -9999 -9999 -9999 -9999 -9999 -9999 -9999 -9999 -9999 -9999 -9999 -9999 -9999 -9999 -9999 0.0737158521644173 0.130752295748076 0.190054091099278 0.1891786796066 0.189809143423552 0.188218032775368 0.173929779623101 0.134541943212449 0.124801866748612 0.16257536452037 0.187721389196725 0.268737696917172 0.565535253067598 0.669587583544917 0.466280762799893 0.337027392376965 0.29961010338617 0.302940869372148 0.356006946539401 0.446443320920167 0.526666816057388 0.600779826601103 0.658517527904846 0.718949305676353 0.772045609333138 0.84071444488775 0.92300976984054 0.991054678546889
-9999 -9999 -9999 -9999 -9999 -9999 -9999 -9999 -9999 -9999 -9999 -9999 -9999 -9999 -9999 -9999 -9999 -9999 -9999 -9999 -9999 -9999 -9999 -9999 -9999 -9999 -9999 -9999 0.0794702302886385 0.13682890077445 0.190882349164513 0.190544225158008 0.190917710903032 0.189033038270808 0.171129407434183 0.133434041241598 0.134999831604399 0.172472602490723 0.192795699972857 0.311449771749699 0.618477158096357 0.653690393092363 0.449071821821913 0.329580400614709 0.294856457478624 0.301094793745024 0.368450549212855 0.446779811001058 0.506955786010051 0.563694606158844 0.602339660509991 0.674430094119246 0.726875512862366 0.790483178857802 0.878124294227867 0.95090038894823
-9999 -9999 -9999 -9999 -9999 -9999 -9999 -9999 -9999 -9999 -9999 -9999 -9999 -9999 -9999 -9999 -9999 -9999 -9999 -9999 -9999 -9999 -9999 -9999 -9999 -9999 -9999 0.168881610561149 0.0857687457434397 0.136908340151492 0.191307046879908 0.192000459088012 0.191720697701535 0.189428363799859 0.171694619428872 0.13892134204124 0.146587265793973 0.178688672215177 0.202010401773921 0.384148736785406 0.664438336360244 0.607244143362241 0.442033009794281 0.335936932340976 0.29087338057694 0.304459875184618 0.356873574097686 0.427370525050053 0.483522235050293 0.535138119324549 0.582510380571975 0.633963145933465 0.6852068652662 0.747449668420177 0.826059929279048 0.892253786164357
-9999 -9999 -9999 -9999 -9999 -9999 -9999 -9999 -9999 -9999 -9999 -9999 -9999 -9999 -9999 -9999 -9999 -9999 -9999 -9999 -9999 -9999 -9999 -9999 -9999 -9999 -9999 0.170545418614571 0.0932470558622466 0.13992304345078 0.191397368099634 0.192687221684012 0.192394477224947 0.190262203339269 0.170655632129181 0.144788035940677 0.158284040995117 0.185461794095088 0.212751658099275 0.443805686847743 0.631462813813172 0.540543606230239 0.405485776634694 0.322580844180454 0.283972759392292 0.288601770696982 0.32791294255968 0.394427504266938 0.452739719478694 0.502516315024976 0.548708393902364 0.597919999562408 0.637963904089166 0.697350010049934 0.771020225942651 0.837777382716766
-9999 -9999 -9999 -9999 -9999 -9999 -9999 -9999 -9999 -9999 -9999 -9999 -9999 -9999 -9999 -9999 -9999 -9999 -9999 -9999 -9999 -9999 -9999 -9999 -9999 -9999 -9999 0.169719658893538 0.100871460587363 0.153019941231697 0.191266830631169 0.19283037210495 0.192714773464291 0.190775874461628 0.16999733852101 0.1485975657739 0.168429270295319 0.191118694425249 0.223258538723726 0.474551918883842 0.604667921384731 0.476329188343329 0.360041999847464 0.302478035619677 0.283645535870226 0.277710360254973 0.313533708302596 0.364998440947222 0.418938083991246 0.478127687305657 0.521283388778119 0.574280502003542 0.612177429160378 0.663996264848548 0.732281485833621 0.793685735467282
-9999 -9999 -9999 -9999 -9999 -9999 -9999 -9999 -9999 -9999 -9999 -9999 -9999 -9999 -9999 -9999 -9999 -9999 -9999 -9999 -9999 -9999 -9999 -9999 -9999 -9999 -9999 0.168154221380945 0.113243019176585 0.167913764127208 0.191792727665633 0.192763419810899 0.192824702500787 0.19131828480345 0.169008581215967 0.156441865411593 0.180265381535531 0.193407506082428 0.225265692592799 0.476182725703393 0.555602680657893 0.417623018500412 0.326854332282678 0.294909032864803 0.287424584260502 0.29403140048356 0.330838953524679 0.359299859360704 0.406007379275904 0.469223863238715 0.513724091376873 0.557146640826214 0.593702279340002 0.641692882526156 0.704954733804191 0.762675312878901
-9999 -9999 -9999 -9999 -9999 -9999 -9999 -9999 -9999 -9999 -9999 -9999 -9999 -9999 -9999 -9999 -9999 -9999 -9999 -9999 -9999 -9999 -9999 -9999 -9999 -9999 -9999 0.167498679434416 0.131026560710504 0.181101720400024 0.192144053281479 0.192697404925066 0.192853957124622 0.19165115340562 0.170379508477653 0.172649295518839 0.188536440094513 0.193587288720727 0.223054583323877 0.505733757917948 0.533607798271499 0.368261535137021 0.313095299180725 0.294533498419039 0.302550914296378 0.332812553428253 0.351390157243409 0.387622005778676 0.418864222445885 0.46272422441916 0.518727147018999 0.55395384690134 0.586751031332697 0.631491332323048 0.686422045689197 0.756284060131035
-9999 -9999 -9999 -9999 -9999 -9999 -9999 -9999 -9999 -9999 -9999 -9999 -9999 -9999 -9999 -9999 -9999 -9999 -9999 -9999 -9999 -9999 -9999 -9999 -9999 -9999 -9999 0.169137913315407 0.149327748355336 0.187602911898011 0.19231403968217 0.192700859152093 0.192864960625488 0.191808478190916 0.175589532827917 0.185581602448173 0.19172941495748 0.19346289402431 0.226765496059687 0.513628492070493 0.481800121427645 0.333040704362785 0.294642911396219 0.287366058569618 0.29839308066655 0.332298626137462 0.3528374685216 0.388101067053561 0.426817657361189 0.463762684658966 0.505059298189382 0.542362089856236 0.577661298529002 0.6243806729403 0.679685908085757 0.745566360098575
-9999 -9999 -9999 -9999 -9999 -9999 -9999 -9999 -9999 -9999 -9999 -9999 -9999 -9999 -9999 -9999 -9999 -9999 -9999 -9999 -9999 -9999 -9999 -9999 -9999 -9999 -9999 0.173321661304557 0.16388838609339 0.19034287602287 0.192475228713043 0.192712384509138 0.192874530501132 0.191823444129531 0.179942593741321 0.191097927175822 0.192624010135793 0.193502663385288 0.23548075427987 0.523662618463388 0.415666839091732 0.296436581216499 0.274162458798308 0.271598269109895 0.280556653684853 0.294358072786008 0.329773197729812 0.365733374262268 0.408012061054283 0.458968175737338 0.490637072383814 0.521938041549798 0.565813799311646 0.614058620874143 0.676798145845204 0.738440932868197
-9999 -9999 -9999 -9999 -9999 -9999 -9999 -9999 -9999 -9999 -9999 -9999 -9999 -9999 -9999 -9999 -9999 -9999 -9999 -9999 -9999 -9999 -9999 -9999 -9999 -9999 -9999 0.179078453867826 0.173360086870963 0.191117630053473 0.192341860502965 0.192634633293744 0.192837983692174 0.19148453073095 0.182359757645452 0.191757829244861 0.192771454706889 0.195466225541965 0.294345283797153 0.531634576422541 0.363138804920843 0.271088357552977 0.256524520156624 0.257011208097284 0.265835290669376 0.279489667368808 0.309380110861677 0.345038362796403 0.387184715116942 0.437192449642527 0.475567258615048 0.512606327815324 0.551200801983814 0.605308862975025 0.669840756793209 0.727470468936032
-9999 -9999 -9999 -9999 -9999 -9999 -9999 -9999 -9999 -9999 -9999 -9999 -9999 -9999 -9999 -9999 -9999 -9999 -9999 -9999 -9999 -9999 -9999 -9999 -9999 -9999 0.19183511663683 0.182253938917367 0.180035818893162 0.191388747240397 0.192046098873244 0.192399525024587 0.192799820765466 0.191753778098506 0.184344493536596 0.192168616593895 0.192985019471078 0.211204922534118 0.403409819490787 0.47295382235898 0.291391734155256 0.247204147493856 0.243863327365838 0.246256367010629 0.2597718668154 0.273701334460945 0.301238073315795 0.335243764521303 0.373862695740913 0.417704576081846 0.456358125461917 0.501826665527112 0.54627448234108 0.602868673410411 0.667059255776048 0.718980837368448
-9999 -9999 -9999 -9999 -9999 -9999 -9999 -9999 -9999 -9999 -9999 -9999 -9999 -9999 -9999 -9999 -9999 -9999 -9999 -9999 -9999 -9999 -9999 -9999 -9999 -9999 0.191681486936148 0.182905660676795 0.187891873915511 0.191072592511556 0.191413459028896 0.192109897971146 0.192926483385841 0.192842413723246 0.188489619025301 0.192428675349701 0.198277699490246 0.287062889695215 0.441055154740942 0.356971281969813 0.25268546774639 0.225906924661848 0.229559641995309 0.232181967865085 0.241671146602503 0.257134474566815 0.284206577746488 0.316887388522777 0.355059824770259 0.403254191370043 0.449744002765588 0.502233999083464 0.554063795069202 0.609652367470906 0.668994928946356 0.715663893984936
-9999 -9999 -9999 -9999 -9999 -9999 -9999 -9999 -9999 -9999 -9999 -9999 -9999 -9999 -9999 -9999 -9999 -9999 -9999 -9999 -9999 -9999 -9999 -9999 -9999 -9999 0.190263688456656 0.187298472649117 0.190778881393845 0.190268739981479 0.191072683310471 0.191581810012053 0.193444092792816 0.196118404907978 0.198614396402764 0.198473113836969 0.251199023055144 0.376979215895853 0.32909023950456 0.254434834375501 0.207081037288859 0.206784336150667 0.213196796563603 0.218919047266972 0.226689796191024 0.232340023964094 0.260155283645382 0.297757445344505 0.334502013735201 0.384580760360634 0.434865437792974 0.491998572120154 0.558343044042633 0.617011625856406 0.668526038026698 0.710458028963253
-9999 -9999 -9999 -9999 -9999 -9999 -9999 -9999 -9999 -9999 -9999 -9999 -9999 -9999 -9999 -9999 -9999 -9999 -9999 -9999 -9999 -9999 -9999 -9999 -9999 -9999 0.186860182816824 0.191098043246671 0.190250885433593 0.189784640844272 0.18998229022671 0.191512418226387 0.197480795847774 0.217780311049884 0.255603278842277 0.291253546196108 0.356900057171763 0.317276489175295 0.228051397777523 0.197293759679656 0.188532070635254 0.190878046884666 0.19674982041064 0.204263867347838 0.215645910640859 0.230735919127731 0.255949643001513 0.285457273296168 0.319517823896763 0.366215940861856 0.421810129537403 0.482806798653072 0.548993378917115 0.606268073769508 0.65290981053328 0.688337902292736
-9999 -9999 -9999 -9999 -9999 -9999 -9999 -9999 -9999 -9999 -9999 -9999 -9999 -9999 -9999 -9999 -9999 -9999 -9999 -9999 -9999 -9999 -9999 -9999 -9999 0.17082078849417 0.187777637998967 0.190920465011261 0.190162458897578 0.189358305632072 0.189953434953281 0.192239543851951 0.216245305963581 0.281600146281817 0.337735341547514 0.313080940255308 0.2885192381901 0.209301070495409 0.177045072674284 0.173122031767092 0.175914926389666 0.176671237339168 0.181811195860114 0.191153401584524 0.204204642790162 0.221837610456511 0.24589997057672 0.275063536893113 0.302493114381017 0.346568975594591 0.398561898274793 0.460113375729492 0.525490498795348 0.579958665693413 0.622381291569157 0.651254887756531
-9999 -9999 -9999 -9999 -9999 -9999 -9999 -9999 -9999 -9999 -9999 -9999 -9999 -9999 -9999 -9999 -9999 -9999 -9999 -9999 -9999 -9999 -9999 -9999 -9999 0.177200218202267 0.189779920704005 0.189312030882283 0.189063040205433 0.188264084824594 0.188242447798248 0.193531659538116 0.230071022980883 0.297108075018047 0.280259922563517 0.222486038933891 0.182224806800677 0.161468675594112 0.159319521603303 0.160879540787503 0.165079858365312 0.164853928882886 0.168946483058534 0.176030883803155 0.188604022246095 0.205846901049897 0.228950264839351 0.254770825979923 0.282642555102701 0.320261659644291 0.379533997098514 0.435839446867437 0.49060699900232 0.5403770541832 0.579028993967106 0.601379103724007
-9999 -9999 -9999 -9999 -9999 -9999 -9999 -9999 -9999 -9999 -9999 -9999 -9999 -9999 -9999 -9999 -9999 -9999 -9999 -9999 -9999 -9999 -9999 -9999 -9999 0.179547282782661 0.189951744886334 0.188002122600571 0.188005537642039 0.185395909647307 0.187309990416994 0.19013744165204 0.206671470711046 0.210218055689302 0.165904637797632 0.12562303273057 0.123497993818142 0.129751933195259 0.140722469118601 0.145525136153819 0.15282524406697 0.152526235479323 0.154465263631616 0.160596629507471 0.17104901091096 0.186859993191879 0.205509630822347 0.228714966769095 0.257230223374217 0.300845589589758 0.353880416157339 0.404793104877059 0.453054359475733 0.497848633181931 0.531175585537562 0.546777947088156
-9999 -9999 -9999 -9999 -9999 -9999 -9999 -9999 -9999 -9999 -9999 -9999 -9999 -9999 -9999 -9999 -9999 -9999 -9999 -9999 -9999 -9999 -9999 -9999 -9999 0.187093518304791 0.189177068801033 0.185585898516176 0.184092133779548 0.179171010850573 0.1758541613573 0.170629777902727 0.15217199803135 0.131985146405872 0.10450098024303 0.0892058840300832 0.0865681358862381 0.0898596437316963 0.100188077029853 0.113795024465125 0.125717753276945 0.131946009029923 0.138814178111031 0.14543517575079 0.149343044008086 0.158097586641901 0.177972989246951 0.207695529573885 0.2398784171367 0.27828085906946 0.323710509837584 0.373170996832066 0.420323957800683 0.460733224113159 0.487349151806631 0.496396319046059
-9999 -9999 -9999 -9999 -9999 -9999 -9999 -9999 -9999 -9999 -9999 -9999 -9999 -9999 -9999 -9999 -9999 -9999 -9999 -9999 -9999 -9999 -9999 -9999 -9999 0.193635961210296 0.187796590485412 0.183083785622732 0.17969973737906 0.169700588441685 0.162306845041932 0.140544672661851 0.109627979704631 0.0983199558771103 0.0837245277587766 0.0721591501171745 0.068160730027561 0.064128073478789 0.0687658112140521 0.0834460746092338 0.0969956680553071 0.109685621583429 0.122969468369445 0.132434616952672 0.1350548905438 0.13825882078702 0.157371052899722 0.188028332212217 0.220295391427786 0.257992780676108 0.291765010823572 0.340961382458306 0.386652959262089 0.423844802687627 0.444872266300559 0.450213924787886
-9999 -9999 -9999 -9999 -9999 -9999 -9999 -9999 -9999 -9999 -9999 -9999 -9999 -9999 -9999 -9999 -9999 -9999 -9999 -9999 -9999 -9999 -9999 -9999 -9999 0.19836441158139 0.18702768032406 0.181130449290733 0.174745567911331 0.158809866467166 0.137068606039699 0.106846548221236 0.0811103384431056 0.0795865456874411 0.0739927810458283 0.0685527835930699 0.0574716954253469 0.0536970174738732 0.0561222477013454 0.062633640419324 0.0743941324133036 0.0901742686313121 0.111950741849648 0.124926223284645 0.125789121424869 0.128283084291344 0.142006369463157 0.163574213061488 0.191881953157002 0.229021162432638 0.266549158566911 0.311039430637674 0.352228072156962 0.388163088028446 0.409843443598308 0.413035913695906
-9999 -9999 -9999 -9999 -9999 -9999 -9999 -9999 -9999 -9999 -9999 -9999 -9999 -9999 -9999 -9999 -9999 -9999 -9999 -9999 -9999 -9999 -9999 -9999 -9999 0.204707906363388 0.185278728258406 0.181387268428533 0.174588573593618 0.153067664000088 0.118381964468219 0.0799289656198662 0.0626753302893878 0.0686640776136108 0.063045738494254 0.0564730022465447 0.0488436151350168 0.0461586785700986 0.0483767734898155 0.0503537663231755 0.0576334320284361 0.0768057438014337 0.107669647116227 0.119841560955492 0.115949530771247 0.117298238568591 0.128541012972398 0.145781041450969 0.168867667325038 0.20192217868373 0.237785247786721 0.281107791120471 0.321948057941226 0.357861459461599 0.378906048477836 0.382321369900906
-9999 -9999 -9999 -9999 -9999 -9999 -9999 -9999 -9999 -9999 -9999 -9999 -9999 -9999 -9999 -9999 -9999 -9999 -9999 -9999 -9999 -9999 -9999 -9999 -9999 0.210855032094113 0.184212414359424 0.182681871670444 0.177903896693719 0.153702628957196 0.105412606231172 0.0638436806286364 0.0549080614306337 0.0641033107535234 0.0569292879528738 0.0477208294106731 0.0434446330971801 0.045062603639548 0.0468478526455278 0.0444813870968267 0.0479927596370923 0.0672686112622173 0.0994699183062672 0.111925568201936 0.108272771294685 0.106300232278878 0.116216223472063 0.130791467367408 0.151412101816895 0.178519725947005 0.211154430610414 0.256220303928765 0.299118488284074 0.335000814293051 0.354365697228224 0.357388221628001
-9999 -9999 -9999 -9999 -9999 -9999 -9999 -9999 -9999 -9999 -9999 -9999 -9999 -9999 -9999 -9999 -9999 -9999 -9999 -9999 -9999 -9999 -9999 -9999 -9999 0.222122311881257 0.181627211410993 0.180341975299052 0.179677503496788 0.157551198332696 0.106556890367343 0.060229780659613 0.0601218068490185 0.0666853470508189 0.0561086653519166 0.0472935275882232 0.0416347447505969 0.0437752966036807 0.0454775026097135 0.0391909367139721 0.0421307560935552 0.0586783418605694 0.0900902044852409 0.103792443843161 0.0970748671094082 0.0938991326679804 0.102747511397303 0.118312449842281 0.137401707705453 0.164236026948885 0.193542029437706 0.233434651416233 0.274573070748758 0.306035338679432 0.329142815010335 0.336020794221249
-9999 -9999 -9999 -9999 -9999 -9999 -9999 -9999 -9999 -9999 -9999 -9999 -9999 -9999 -9999 -9999 -9999 -9999 -9999 -9999 -9999 -9999 -9999 -9999 -9999 0.236710408916124 0.180246191306177 0.176471084845464 0.178870006412191 0.160204869081559 0.118530780872722 0.074944650349508 0.0630331257614807 0.0712378030782561 0.0551121018940859 0.0371817368970743 0.0375615319750673 0.0384854427352995 0.0374040425630554 0.0357730809912651 0.038261064565501 0.0513984658823568 0.0813755152983762 0.09302329128467 0.0865120325528997 0.080281141514133 0.0888109179038059 0.106989253560181 0.126504621885644 0.153696587587143 0.185531234631891 0.218424432063353 0.245692803201575 0.282003908375212 0.30945700552492 0.318722285751989
-9999 -9999 -9999 -9999 -9999 -9999 -9999 -9999 -9999 -9999 -9999 -9999 -9999 -9999 -9999 -9999 -9999 -9999 -9999 -9999 -9999 -9999 -9999 -9999 0.237305599633414 0.236062084133278 0.175609433406242 0.173956527793433 0.1796544233997 0.163562975812334 0.125619218805292 0.0792374731103109 0.0692746327462508 0.0753342638487281 0.0608993638237432 0.0422740704262163 0.041751538205765 0.0429030492863837 0.0411835197441607 0.0359461584657133 0.0380261830205823 0.0500416787742293 0.0729698287071047 0.0828852664886458 0.0761771099589887 0.0695936117013166 0.077533031713078 0.0923676294762821 0.10897302105064 0.136352692577838 0.171391515806742 0.201586707554551 0.228909694835923 0.268470790407434 0.291485308035779 0.278388159617047
