data/03_saidas_enm/CCSM_Maxent_6k_B.balansae2.asc
NCOLS 154 
NROWS 168 
XLLCORNER -112 
YLLCORNER -55.5 
CELLSIZE 0.5 
NODATA_value -9999 
[rows 100 to 124 of 168, columns 56 to 111 of 154]
-9999 -9999 -9999 -9999 -9999 -9999 -9999 -9999 -9999 -9999 -9999 -9999 -9999 -9999 -9999 -9999 -9999 -9999 -9999 -9999 -9999 -9999 -9999 -9999 -9999 -9999 -9999 -9999 0.0893132835626602 0.220985054969788 0.401069641113281 0.412718623876572 0.379202663898468 0.373326480388641 0.363012403249741 0.326613157987595 0.246373817324638 0.252373099327087 0.293375670909882 0.363175958395004 0.502782642841339 0.508517861366272 0.469384163618088 0.510622620582581 0.517746210098267 0.516147315502167 0.538434863090515 0.561267495155334 0.585245847702026 0.59093451499939 0.597894191741943 0.608597278594971 0.613257825374603 0.606552839279175 0.592348754405975 0.586640954017639
-9999 -9999 -9999 -9999 -9999 -9999 -9999 -9999 -9999 -9999 -9999 -9999 -9999 -9999 -9999 -9999 -9999 -9999 -9999 -9999 -9999 -9999 -9999 -9999 -9999 -9999 -9999 -9999 0.0901222452521324 0.229538515210152 0.419977217912674 0.390501737594604 0.365069031715393 0.370504856109619 0.359091490507126 0.314534932374954 0.250927269458771 0.268733292818069 0.307612240314484 0.372364699840546 0.508001267910004 0.493574142456055 0.458266496658325 0.511404454708099 0.504016578197479 0.503215372562408 0.524583339691162 0.549590945243835 0.564139425754547 0.572290182113647 0.559217214584351 0.576104760169983 0.583876669406891 0.577429711818695 0.563860297203064 0.566239058971405
-9999 -9999 -9999 -9999 -9999 -9999 -9999 -9999 -9999 -9999 -9999 -9999 -9999 -9999 -9999 -9999 -9999 -9999 -9999 -9999 -9999 -9999 -9999 -9999 -9999 -9999 -9999 0.0487892813980579 0.0978311374783516 0.236486718058586 0.384069234132767 0.357830226421356 0.349997848272324 0.372682213783264 0.355489194393158 0.298552632331848 0.260084807872772 0.284551531076431 0.311226665973663 0.38887295126915 0.502485871315002 0.46898677945137 0.45056626200676 0.497727006673813 0.485279887914658 0.480516612529755 0.501740992069244 0.534655392169952 0.551352560520172 0.552110612392426 0.550761044025421 0.560121595859528 0.567793428897858 0.559733510017395 0.54655510187149 0.554504811763763
-9999 -9999 -9999 -9999 -9999 -9999 -9999 -9999 -9999 -9999 -9999 -9999 -9999 -9999 -9999 -9999 -9999 -9999 -9999 -9999 -9999 -9999 -9999 -9999 -9999 -9999 -9999 0.050580833107233 0.106945879757404 0.242450997233391 0.338936984539032 0.316305756568909 0.324488967657089 0.368878602981567 0.337810337543488 0.277740061283112 0.270587056875229 0.303181052207947 0.309673368930817 0.410376369953156 0.490267366170883 0.447822451591492 0.431632220745087 0.473983734846115 0.455708175897598 0.447256356477737 0.465797662734985 0.492960244417191 0.515223860740662 0.522373020648956 0.527206242084503 0.54328054189682 0.562588214874268 0.556641101837158 0.537221848964691 0.538571715354919
-9999 -9999 -9999 -9999 -9999 -9999 -9999 -9999 -9999 -9999 -9999 -9999 -9999 -9999 -9999 -9999 -9999 -9999 -9999 -9999 -9999 -9999 -9999 -9999 -9999 -9999 -9999 0.0547460131347179 0.129475131630898 0.260827839374542 0.288320451974869 0.272369921207428 0.292874306440353 0.362014353275299 0.31414395570755 0.254074394702911 0.280735194683075 0.297535985708237 0.307210087776184 0.42954158782959 0.489373505115509 0.431183159351349 0.407410651445389 0.435574293136597 0.43213939666748 0.415646523237228 0.432844489812851 0.453257769346237 0.472644805908203 0.487459063529968 0.494258940219879 0.514164745807648 0.524816155433655 0.522999167442322 0.51393723487854 0.520803809165955
-9999 -9999 -9999 -9999 -9999 -9999 -9999 -9999 -9999 -9999 -9999 -9999 -9999 -9999 -9999 -9999 -9999 -9999 -9999 -9999 -9999 -9999 -9999 -9999 -9999 -9999 -9999 0.064309298992157 0.162790328264236 0.286983788013458 0.237822264432907 0.224417328834534 0.25782436132431 0.347413420677185 0.283595502376556 0.249923765659332 0.286801218986511 0.297962456941605 0.30841064453125 0.438897579908371 0.476843357086182 0.414268404245377 0.392014592885971 0.410036087036133 0.409240394830704 0.403687298297882 0.420110642910004 0.427686721086502 0.441956371068954 0.461536824703217 0.46618440747261 0.478238791227341 0.487982958555222 0.485614091157913 0.492236077785492 0.501400470733643
-9999 -9999 -9999 -9999 -9999 -9999 -9999 -9999 -9999 -9999 -9999 -9999 -9999 -9999 -9999 -9999 -9999 -9999 -9999 -9999 -9999 -9999 -9999 -9999 -9999 -9999 -9999 0.0797848552465439 0.200166165828705 0.26138037443161 0.191392987966537 0.183805420994759 0.222967565059662 0.33140641450882 0.248750925064087 0.255109846591949 0.2820925116539 0.298024624586105 0.307814210653305 0.433581501245499 0.457926779985428 0.394380569458008 0.380270421504974 0.383391082286835 0.394011735916138 0.403915166854858 0.409937709569931 0.419702023267746 0.428274482488632 0.432870626449585 0.447536796331406 0.450354069471359 0.453848659992218 0.456592887639999 0.46913468837738 0.483827024698257
-9999 -9999 -9999 -9999 -9999 -9999 -9999 -9999 -9999 -9999 -9999 -9999 -9999 -9999 -9999 -9999 -9999 -9999 -9999 -9999 -9999 -9999 -9999 -9999 -9999 -9999 -9999 0.104193203151226 0.236190780997276 0.236211583018303 0.157772436738014 0.155703753232956 0.202215790748596 0.318138182163239 0.208607405424118 0.247437715530396 0.274040400981903 0.293331891298294 0.302980095148087 0.429666846990585 0.439903944730759 0.37263023853302 0.364179849624634 0.367402881383896 0.371869385242462 0.383475244045258 0.390156775712967 0.395890355110168 0.403118133544922 0.406803280115128 0.414354354143143 0.414620786905289 0.421368837356567 0.432705938816071 0.446348816156387 0.462461769580841
-9999 -9999 -9999 -9999 -9999 -9999 -9999 -9999 -9999 -9999 -9999 -9999 -9999 -9999 -9999 -9999 -9999 -9999 -9999 -9999 -9999 -9999 -9999 -9999 -9999 -9999 -9999 0.133262410759926 0.272847384214401 0.214049056172371 0.141375869512558 0.139735624194145 0.190301313996315 0.314708650112152 0.203613176941872 0.241291776299477 0.268690884113312 0.286811679601669 0.293798953294754 0.429516941308975 0.413606822490692 0.351671457290649 0.348083436489105 0.35314616560936 0.357913225889206 0.363705426454544 0.366862207651138 0.369852930307388 0.371672600507736 0.376344054937363 0.37912517786026 0.385188579559326 0.393757969141006 0.406905353069305 0.424468219280243 0.440895617008209
-9999 -9999 -9999 -9999 -9999 -9999 -9999 -9999 -9999 -9999 -9999 -9999 -9999 -9999 -9999 -9999 -9999 -9999 -9999 -9999 -9999 -9999 -9999 -9999 -9999 -9999 -9999 0.15126246213913 0.26171863079071 0.201540991663933 0.141950666904449 0.141196697950363 0.207745715975761 0.316403359174728 0.208737552165985 0.242797613143921 0.266521781682968 0.274582862854004 0.286084294319153 0.444293677806854 0.384769350290298 0.329220682382584 0.325762122869492 0.333564192056656 0.337877690792084 0.341537892818451 0.344344139099121 0.346257597208023 0.348338335752487 0.350722461938858 0.354811429977417 0.361107558012009 0.368168413639069 0.38253065943718 0.39951279759407 0.415786892175674
-9999 -9999 -9999 -9999 -9999 -9999 -9999 -9999 -9999 -9999 -9999 -9999 -9999 -9999 -9999 -9999 -9999 -9999 -9999 -9999 -9999 -9999 -9999 -9999 -9999 -9999 0.0708812400698662 0.176984041929245 0.247779190540314 0.188297122716904 0.140338554978371 0.151764184236526 0.233408272266388 0.33884596824646 0.220236271619797 0.249798730015755 0.263847947120667 0.265094131231308 0.325165838003159 0.43878898024559 0.334562182426453 0.30053249001503 0.299302577972412 0.306934386491776 0.310334354639053 0.313543528318405 0.316727787256241 0.3175930082798 0.321665376424789 0.32679471373558 0.332319676876068 0.342101067304611 0.348502486944199 0.362924963235855 0.37766706943512 0.390655428171158
-9999 -9999 -9999 -9999 -9999 -9999 -9999 -9999 -9999 -9999 -9999 -9999 -9999 -9999 -9999 -9999 -9999 -9999 -9999 -9999 -9999 -9999 -9999 -9999 -9999 -9999 0.110772468149662 0.233629316091537 0.230260610580444 0.171431079506874 0.142139852046967 0.171216130256653 0.277845203876495 0.354586184024811 0.228555664420128 0.248355269432068 0.253261238336563 0.261611580848694 0.374416619539261 0.368942081928253 0.291863888502121 0.266754686832428 0.268987596035004 0.272084027528763 0.273648738861084 0.277391076087952 0.284587979316711 0.291145831346512 0.298093914985657 0.305350065231323 0.312854409217834 0.322889149188995 0.332762956619263 0.345804810523987 0.357620775699615 0.369988024234772
-9999 -9999 -9999 -9999 -9999 -9999 -9999 -9999 -9999 -9999 -9999 -9999 -9999 -9999 -9999 -9999 -9999 -9999 -9999 -9999 -9999 -9999 -9999 -9999 -9999 -9999 0.176395505666733 0.21465390920639 0.189178138971329 0.151021033525467 0.131599426269531 0.195959284901619 0.32280570268631 0.376997232437134 0.258699327707291 0.246168345212936 0.245344594120979 0.32902804017067 0.365842342376709 0.290149241685867 0.239689216017723 0.234565168619156 0.23837785422802 0.242399349808693 0.243246912956238 0.242048382759094 0.255074709653854 0.267520755529404 0.277289569377899 0.283757209777832 0.291364997625351 0.303614556789398 0.317407101392746 0.331187129020691 0.339302241802216 0.35075256228447
-9999 -9999 -9999 -9999 -9999 -9999 -9999 -9999 -9999 -9999 -9999 -9999 -9999 -9999 -9999 -9999 -9999 -9999 -9999 -9999 -9999 -9999 -9999 -9999 -9999 -9999 0.21528223156929 0.182586848735809 0.145412459969521 0.136219650506973 0.156615972518921 0.236922904849052 0.357616424560547 0.409606397151947 0.33215343952179 0.292805582284927 0.322974681854248 0.356944620609283 0.275746196508408 0.232589781284332 0.213989466428757 0.209635660052299 0.213007122278214 0.218218922615051 0.222020640969276 0.227717697620392 0.238660663366318 0.250809520483017 0.260698974132538 0.265945792198181 0.273672312498093 0.284064143896103 0.296565741300583 0.308803081512451 0.316059917211533 0.324252158403397
-9999 -9999 -9999 -9999 -9999 -9999 -9999 -9999 -9999 -9999 -9999 -9999 -9999 -9999 -9999 -9999 -9999 -9999 -9999 -9999 -9999 -9999 -9999 -9999 -9999 0.235670134425163 0.209440886974335 0.149348735809326 0.112017437815666 0.132971107959747 0.187879592180252 0.26862758398056 0.377186238765717 0.427888005971909 0.386526376008987 0.331791073083878 0.338248938322067 0.258860647678375 0.210295468568802 0.19628182053566 0.199339866638184 0.191712632775307 0.195578470826149 0.203274175524712 0.210315957665443 0.22204065322876 0.227591678500175 0.236238270998001 0.244479075074196 0.247767001390457 0.254173845052719 0.26488271355629 0.273774713277817 0.283778995275497 0.289728790521622 0.296581715345383
-9999 -9999 -9999 -9999 -9999 -9999 -9999 -9999 -9999 -9999 -9999 -9999 -9999 -9999 -9999 -9999 -9999 -9999 -9999 -9999 -9999 -9999 -9999 -9999 -9999 0.234836786985397 0.201747342944145 0.133089557290077 0.109194539487362 0.136039599776268 0.210579827427864 0.276395201683044 0.329943805932999 0.356778830289841 0.318069964647293 0.261879414319992 0.232590153813362 0.204147711396217 0.178849518299103 0.17346028983593 0.180405959486961 0.176928773522377 0.18193194270134 0.188809424638748 0.198284491896629 0.206135854125023 0.212672978639603 0.21779765188694 0.226559281349182 0.230482637882233 0.237082257866859 0.244530096650124 0.251472800970078 0.260437875986099 0.266181737184525 0.271094709634781
-9999 -9999 -9999 -9999 -9999 -9999 -9999 -9999 -9999 -9999 -9999 -9999 -9999 -9999 -9999 -9999 -9999 -9999 -9999 -9999 -9999 -9999 -9999 -9999 -9999 0.229185909032822 0.193620771169662 0.12230246514082 0.102724999189377 0.146632209420204 0.228307947516441 0.263197422027588 0.276061207056046 0.269316166639328 0.234130024909973 0.178955599665642 0.173159241676331 0.165415242314339 0.157183989882469 0.160718962550163 0.162181571125984 0.16541188955307 0.167973890900612 0.174661949276924 0.183288738131523 0.190235003829002 0.197132781147957 0.201297596096992 0.209475696086884 0.214685797691345 0.221138596534729 0.227308467030525 0.231934025883675 0.239184945821762 0.243982210755348 0.248819351196289
-9999 -9999 -9999 -9999 -9999 -9999 -9999 -9999 -9999 -9999 -9999 -9999 -9999 -9999 -9999 -9999 -9999 -9999 -9999 -9999 -9999 -9999 -9999 -9999 -9999 0.204648733139038 0.176814809441566 0.115650668740273 0.0973079651594162 0.141029685735703 0.210244208574295 0.235568463802338 0.225657060742378 0.206709757447243 0.180570229887962 0.150878995656967 0.146262675523758 0.145494997501373 0.143894374370575 0.14859427511692 0.153552249073982 0.155182689428329 0.157289981842041 0.161217346787453 0.163742110133171 0.169347211718559 0.177798181772232 0.189024984836578 0.198471575975418 0.202501863241196 0.206238463521004 0.211717069149017 0.216600328683853 0.223737314343452 0.227779105305672 0.231391444802284
-9999 -9999 -9999 -9999 -9999 -9999 -9999 -9999 -9999 -9999 -9999 -9999 -9999 -9999 -9999 -9999 -9999 -9999 -9999 -9999 -9999 -9999 -9999 -9999 -9999 0.187578216195107 0.160298898816109 0.10515870153904 0.0874909088015556 0.133469015359879 0.199794068932533 0.209651961922646 0.188647389411926 0.168389454483986 0.151281759142876 0.1277746707201 0.129521548748016 0.134622633457184 0.135004281997681 0.14077165722847 0.144431933760643 0.145612597465515 0.145816087722778 0.150041937828064 0.150337964296341 0.153120949864388 0.166536822915077 0.178793579339981 0.187980815768242 0.190860450267792 0.193705007433891 0.19953191280365 0.203767344355583 0.209974527359009 0.212753728032112 0.217041820287704
-9999 -9999 -9999 -9999 -9999 -9999 -9999 -9999 -9999 -9999 -9999 -9999 -9999 -9999 -9999 -9999 -9999 -9999 -9999 -9999 -9999 -9999 -9999 -9999 -9999 0.177398532629013 0.148232042789459 0.100168853998184 0.0817625820636749 0.120785906910896 0.177973806858063 0.184565827250481 0.163808360695839 0.146454274654388 0.132385954260826 0.118042007088661 0.120137736201286 0.123883962631226 0.125934109091759 0.130788922309875 0.134159415960312 0.132148340344429 0.129720315337181 0.133345142006874 0.139357447624207 0.147801160812378 0.156995177268982 0.165887072682381 0.175106421113014 0.180485293269157 0.183995991945267 0.188051044940948 0.191764160990715 0.198570564389229 0.202742055058479 0.206534147262573
-9999 -9999 -9999 -9999 -9999 -9999 -9999 -9999 -9999 -9999 -9999 -9999 -9999 -9999 -9999 -9999 -9999 -9999 -9999 -9999 -9999 -9999 -9999 -9999 -9999 0.170878648757935 0.142006784677505 0.0958376675844193 0.0770329907536507 0.111250631511211 0.162139356136322 0.163346141576767 0.14302085340023 0.128494799137115 0.120469838380814 0.111695200204849 0.113523252308369 0.115273989737034 0.117240123450756 0.123108826577663 0.125855177640915 0.122273549437523 0.118415661156178 0.122174762189388 0.131343081593513 0.141322672367096 0.150323614478111 0.156593531370163 0.164431259036064 0.169120773673058 0.174686327576637 0.179136961698532 0.182434529066086 0.188931152224541 0.192746967077255 0.197795063257217
-9999 -9999 -9999 -9999 -9999 -9999 -9999 -9999 -9999 -9999 -9999 -9999 -9999 -9999 -9999 -9999 -9999 -9999 -9999 -9999 -9999 -9999 -9999 -9999 -9999 0.163684144616127 0.136582165956497 0.0944918990135193 0.075508251786232 0.0987211838364601 0.141111865639687 0.143578469753265 0.126768186688423 0.113678514957428 0.107597321271896 0.104155026376247 0.104813329875469 0.106752060353756 0.110470317304134 0.118210226297379 0.121960520744324 0.117470256984234 0.113111458718777 0.115981966257095 0.124202154576778 0.134957000613213 0.142545536160469 0.148660212755203 0.156222969293594 0.161161080002785 0.165189042687416 0.170503780245781 0.175676882266998 0.182475745677948 0.186244040727615 0.189682438969612
-9999 -9999 -9999 -9999 -9999 -9999 -9999 -9999 -9999 -9999 -9999 -9999 -9999 -9999 -9999 -9999 -9999 -9999 -9999 -9999 -9999 -9999 -9999 -9999 -9999 0.157354384660721 0.130929172039032 0.0909941419959068 0.0710471719503403 0.0890172943472862 0.123532921075821 0.126678869128227 0.113489240407944 0.104441590607166 0.100741878151894 0.0993913635611534 0.100862272083759 0.103569276630878 0.107852973043919 0.116858668625355 0.1202003210783 0.115093566477299 0.109348297119141 0.110387891530991 0.116731449961662 0.126312702894211 0.134510084986687 0.140995711088181 0.149912014603615 0.155044823884964 0.160148978233337 0.165905728936195 0.169229507446289 0.174469143152237 0.178150728344917 0.181822255253792
-9999 -9999 -9999 -9999 -9999 -9999 -9999 -9999 -9999 -9999 -9999 -9999 -9999 -9999 -9999 -9999 -9999 -9999 -9999 -9999 -9999 -9999 -9999 -9999 -9999 0.150846257805824 0.121397443115711 0.0850960910320282 0.0647703111171722 0.0784724354743958 0.108141005039215 0.112077064812183 0.104404605925083 0.0979970544576645 0.0966831669211388 0.0988648608326912 0.0991203188896179 0.102037608623505 0.107001446187496 0.114261746406555 0.118613839149475 0.112721860408783 0.105895064771175 0.105823963880539 0.109268359839916 0.115684486925602 0.124814234673977 0.134288430213928 0.144187241792679 0.151328951120377 0.159518346190453 0.162159368395805 0.161809325218201 0.168688833713531 0.173297330737114 0.176324710249901
-9999 -9999 -9999 -9999 -9999 -9999 -9999 -9999 -9999 -9999 -9999 -9999 -9999 -9999 -9999 -9999 -9999 -9999 -9999 -9999 -9999 -9999 -9999 -9999 0.151077553629875 0.141874507069588 0.110823296010494 0.0805988013744354 0.0602633282542229 0.0683341100811958 0.0936946049332619 0.101027093827724 0.0966025665402412 0.0925197377800941 0.0914351716637611 0.0931112468242645 0.0941376090049744 0.0972667410969734 0.101566091179848 0.107841573655605 0.112642720341682 0.10728607326746 0.101548962295055 0.10137040168047 0.103906899690628 0.108893275260925 0.116316363215446 0.125342905521393 0.135956898331642 0.14492803812027 0.15299728512764 0.155699253082275 0.157114297151566 0.167232021689415 0.166513815522194 0.163070350885391
