data/03_saidas_enm/CCSM_SVM_21k_B.balansae5.asc
NCOLS 154 
NROWS 168 
XLLCORNER -112 
YLLCORNER -55.5 
CELLSIZE 0.5 
NODATA_value -9999 
[rows 50 to 74 of 168, columns 56 to 111 of 154]
-9999 -9999 -9999 -9999 -9999 -9999 -9999 -9999 -9999 -9999 -9999 -9999 -9999 0.126764808812155 0.126702967544071 0.124292567426239 0.1239751049898 0.132782239807736 0.136741894547017 0.130071011873474 0.103852273672677 0.0552748377597169 -0.0276113489631481 -0.0668802968966035 -0.050934640562499 0.00475101261050087 0.0771246828468614 0.125337313260985 0.132250152475585 0.130887840932232 0.129454861575585 0.130687828526663 0.131604877301841 0.113095062554482 -0.00416596346057629 -0.0627805030694029 0.013334430595749 0.182527173536757 0.250851768032685 0.284413555521369 0.431381593328131 0.315570333961443 0.306479791909996 0.237921159262673 0.122872191539904 0.052709977135236 -0.0257243573330477 -0.0417518377433307 -0.0603889024478498 -0.0602232636843476 -0.0454883369500821 -0.0069197030357554 0.0350921394096828 0.0745401716809935 0.118635562261162 0.141868905333759
-9999 -9999 -9999 -9999 -9999 -9999 -9999 -9999 -9999 -9999 -9999 -9999 -9999 0.126758330953359 0.126182558079 0.119978009470059 0.12362005797529 0.134761879385825 0.137548320647781 0.129703157257415 0.10968357446413 0.0802990749592441 0.0498341910118388 0.0282416214620571 0.0201958449198423 0.045831655461308 0.0871771369530296 0.11465960736083 0.122608316557902 0.125916908753512 0.126618713205074 0.12682087152346 0.122765230816367 0.0904823763495485 -0.0118912801239546 -0.0376818058145478 0.0385181794000781 0.180255079360844 0.244324679178495 0.267587929323588 0.326595760387137 0.275790373447217 0.248311069570646 0.186322654266223 0.0981358914300139 0.0369916289178819 -0.0273529326011759 -0.0327382580428931 -0.0462475040319826 -0.0479924806059384 -0.0187662389382049 0.0124000196061962 0.0535086778471718 0.0879089930389216 0.118844835305529 0.138545737251196
-9999 -9999 -9999 -9999 -9999 -9999 -9999 -9999 -9999 -9999 -9999 0.126750455857251 0.126617199599436 0.126433540752375 0.124324198366139 0.113760250735849 0.112322046838 0.126088984472157 0.133971724153926 0.128990907653576 0.117515606083303 0.113922867863767 0.101969836418332 0.0934732221716404 0.0902321880965699 0.0900325266534047 0.0932240598996535 0.103497469529311 0.108936986547129 0.115132713452886 0.119824720301371 0.114499890841073 0.109153364444797 0.0885241623058211 0.0497381950426107 0.0439687153371671 0.078115449008698 0.177155776079339 0.192268091814627 0.184963162836514 0.190433438615866 0.135211463436077 0.129640444612354 0.0799515479397305 -0.0022765682726249 0.000779687950528019 -0.058510263551821 -0.0409348238547956 -0.0297806153934632 -0.0187143886531695 0.0174760747447452 0.0480374687571368 0.0819101965986236 0.103631319581265 0.115590950804953 0.130079336520255
-9999 -9999 -9999 -9999 -9999 -9999 -9999 -9999 -9999 -9999 0.126688017343874 0.126312416089444 0.124394067206004 0.123478288018319 0.123836455646836 0.117208303225662 0.0995685814307449 0.102797850327233 0.116769599451482 0.123414151770486 0.12081897587018 0.112257976321403 0.101738102771918 0.0919821540475434 0.0842780982340504 0.0802575406615232 0.0834653294638261 0.0946907694454238 0.106509315176211 0.115483849091771 0.117028872179133 0.109295532037681 0.0963145227689679 0.0952054113818949 0.111454751860193 0.123289772299741 0.134413813508137 0.150859881462109 0.145241706321632 0.118570815004647 0.0971441545113782 0.0623051368018568 0.044609374040414 0.0108051276112299 -0.0450794097848352 -0.0542038364861545 -0.0576660903390839 -0.0332504983533171 -0.0123023138240814 0.0120879906080687 0.0516738574664885 0.0677120298007114 0.0899994229148515 0.0968010308379942 0.0975301458984779 0.0966452739990403
-9999 -9999 -9999 -9999 -9999 -9999 -9999 -9999 -9999 -9999 0.123396675737238 0.118742343454152 0.116836504749212 0.117972977969451 0.121058085944994 0.122535583820504 0.105488357635515 0.0815921016565681 0.0885054281128257 0.0996423630735644 0.101008846663603 0.0877934677512852 0.0801601543654484 0.0714787606329119 0.0706576752371855 0.0750967481511379 0.0927118873644715 0.108465744899099 0.116918604938197 0.121392809592577 0.121638509879916 0.112807554147604 0.0915294378102849 0.0881128959219102 0.119973865005133 0.156810203827112 0.17030521442898 0.144380310980861 0.126119433447256 0.0966795922039471 0.0588972310950778 0.0416489267031764 0.0154736722228256 -0.00893517032732394 -0.0337285484664323 -0.0391117091580004 -0.0326215842609818 0.00123962359067875 0.0245451570744263 0.0519774327276829 0.0756868648387435 0.078621372542689 0.0810893287144293 0.0757975973265044 0.0658319344515412 0.0635787186419033
-9999 -9999 -9999 -9999 -9999 -9999 -9999 -9999 0.125929918044078 0.117815091625147 0.0993466362819875 0.106913382827387 0.110552386467265 0.109129553255418 0.116829952638659 0.122330703871152 0.111340680512436 0.0789383243685434 0.0682246538959669 0.0694011474826691 0.0692228321914154 0.0695909979971373 0.0707549982381374 0.0735687123785557 0.0840810556037392 0.0997196917427521 0.112310213540216 0.120481771581062 0.123927500419566 0.124276684415567 0.123584027386013 0.114776074274578 0.0931038528659002 0.076191497805178 0.103780880274986 0.132942522932284 0.143346037589194 0.136359671922506 0.113856274418193 0.0815021164784054 0.0472349605633555 0.0345974758182652 0.0276741982650311 0.0143377992644209 -0.000838856924579856 0.00377748024575869 0.0175562420691308 0.041985546864446 0.0612522563041948 0.0737392730862756 0.0815019075770633 0.075846244904688 0.0638334146483998 0.0572161981210149 0.0513676448989364 0.0484126872264256
-9999 -9999 -9999 -9999 -9999 -9999 -9999 -9999 0.118525042122183 0.0890221935349139 0.108364775199915 0.113008096860257 0.107871847919325 0.103203605967501 0.109387991839032 0.114251723520055 0.109521845884584 0.0897195377418669 0.0732778078670006 0.0718182353282794 0.0783515306936732 0.0839606884047762 0.0848121931951797 0.093652849290669 0.110065609223494 0.119111127185737 0.12295287939062 0.125069291962055 0.12567250787583 0.125751181934554 0.125048920818623 0.118246300226249 0.0943227353148702 0.0703658889315157 0.0817035380475225 0.112446705652698 0.121220604105483 0.108672519212339 0.0981502678743363 0.0896536003323973 0.067803595424015 0.0606857541542132 0.0447165289934908 0.039909573757479 0.0415468890289232 0.0440511906816858 0.055110032930563 0.0679846137495353 0.075087900171639 0.0835826116743465 0.0861828358396877 0.08342807052006 0.0769268823649951 0.0715778494521549 0.0714959875439737 0.0685527751695029
-9999 -9999 -9999 -9999 -9999 -9999 -9999 0.122461727602918 0.103070617484471 0.092090356415692 0.12955440479066 0.127909946446031 0.109259415504141 0.0975274916812042 0.0990346951848672 0.102310981110414 0.0918132999778562 0.0832851735129811 0.0720850136468992 0.0908034063894977 0.103120164792657 0.107174925468081 0.11012526627127 0.115344434318348 0.121287818202641 0.123130971422017 0.123525499706717 0.123345793384047 0.123944828761457 0.124457780952473 0.124785145421605 0.119332296585331 0.0974949025296378 0.0673921085129346 0.0652881893534925 0.0852412389230187 0.0979988034169526 0.0937606164683654 0.0832928141853451 0.0611216380269072 0.0427212595139486 0.0350226486557391 0.0257976461274338 0.0342979801606388 0.0443111791918203 0.057372678626136 0.0708899339850242 0.0785838057802161 0.0785527751286115 0.0798376446793625 0.0793762400448073 0.0787713740416648 0.0773877423948615 0.0788486875903783 0.0807579130488424 0.0820853846326365
-9999 -9999 -9999 -9999 -9999 -9999 -9999 0.115875656574485 0.0949914746060357 0.124911998677428 0.159316113525414 0.137594148666967 0.11151624790661 0.0966157106345151 0.0874095949198592 0.0795897982499567 0.0670808808195754 0.0579529093682927 0.0558866511480992 0.0677365995033092 0.0857335788912518 0.0982776984639185 0.107183900635984 0.107270093822607 0.108187718171599 0.110588960049345 0.110627599590889 0.112914567765591 0.112427787013239 0.110772203570022 0.111736601082154 0.11187183955234 0.0973900340686816 0.0700619960403629 0.0544450021952666 0.0640500631737095 0.0783570183335303 0.0812383365989466 0.0744532388958506 0.0655673457976032 0.0536801922223825 0.0543275706990096 0.0565554366374071 0.0639968344302274 0.0744042843391076 0.0791967724809325 0.0821669360284476 0.0758209978233697 0.0692884018964616 0.0727580703191805 0.0717359527604199 0.0690225347309016 0.0630249930165454 0.0610515767894103 0.0607964365117389 0.0621835871986002
-9999 -9999 -9999 -9999 -9999 -9999 0.12389149097086 0.106379502823092 0.106457810310417 0.157356141967752 0.18487030669377 0.146678635692511 0.110453487150661 0.0967321270994532 0.0832796294330471 0.0683363620677494 0.0574614312479742 0.0498539199861748 0.0445902185685509 0.0504830910842236 0.0668813203716792 0.0757472042768392 0.0843469108506545 0.0856396960280688 0.0884046875910899 0.0899166727248835 0.0909690531832149 0.087853598436836 0.0879207636382675 0.0904954369950097 0.0886290068119475 0.0919693420150047 0.0925736353363024 0.0701413039420032 0.0535735843055971 0.0528113324595128 0.061095705213518 0.0687933594153821 0.0695290904345052 0.0706739146735362 0.0710028731482031 0.0731047711114294 0.0790898382501735 0.079468252060613 0.0851720682380921 0.0851733728501066 0.0848668185129333 0.0913765140803922 0.0905087334124977 0.0963813623496754 0.0913136830242364 0.0846491754970088 0.0713150524154239 0.0619697240698986 0.0549556797556963 0.0466838950456138
-9999 -9999 -9999 -9999 -9999 -9999 0.123714577433655 0.107062574573971 0.111245427400367 0.164527978892647 0.186460885786906 0.146782773095719 0.110891970217276 0.0974036588246666 0.085378374910301 0.072197808892011 0.0630572128307126 0.0555247117852845 0.0494781700971176 0.0456465606061487 0.0484446679503708 0.054022404207037 0.0602439465745421 0.0604917271648179 0.061022161979052 0.0626412088427017 0.0610961519819419 0.059998030223591 0.0590521860724977 0.0578154673452145 0.0586347783614742 0.0585714976444655 0.0610129756345314 0.0642671509530269 0.0589806867407926 0.0509313601994157 0.0529051190874334 0.0579503696133166 0.0607250659142799 0.0670226194461837 0.0722691622966107 0.0806081826232621 0.087146869452718 0.090087290018466 0.100438261588615 0.0999434172805486 0.0983267659011135 0.0934363553699919 0.0840004431051571 0.0782462108341372 0.0743150060214535 0.0685519910187946 0.061802856678188 0.0561236599462744 0.0511290471892815 0.0458803877832827
-9999 -9999 -9999 -9999 -9999 -9999 0.125206796959755 0.107532668106936 0.0898862960481575 0.146083970467864 0.192255484394315 0.154802032674538 0.109804131892425 0.0994609985990264 0.0937336996272691 0.0866610351598346 0.0795095958542756 0.0695753715074203 0.0629577724258537 0.0536323139313913 0.0464185659349211 0.0477647765951467 0.0495315049907525 0.0501944689139917 0.0513868872641514 0.0512654979826169 0.0510084262969612 0.049144762380835 0.0481463478260882 0.0464509501882328 0.0444789579477181 0.0441315684941375 0.0422703552023263 0.0441694800416084 0.0504260598783702 0.052243696997921 0.0546419365474682 0.0572757924553776 0.0598329311377017 0.0708857779609592 0.0791371176526628 0.085175487778385 0.0893520920185858 0.0880133701901639 0.0928899239643532 0.0893200557112357 0.0865276685706567 0.0841500679359355 0.0766289563019344 0.074020490419804 0.0668505310385539 0.0646989988899317 0.0613044648810284 0.0586585391970874 0.054458157735374 0.0492714234284958
-9999 -9999 -9999 -9999 -9999 -9999 -9999 0.105301355337468 0.0602829883952686 0.115655460159272 0.198618629270103 0.168634503958805 0.113220123818184 0.103779385014464 0.105081896491662 0.109970130475463 0.106614635225883 0.0949408742859784 0.0852812267132117 0.0736370163699679 0.0625658804442649 0.0591701553103313 0.0568548567750468 0.0584274085700095 0.0600130267046146 0.057967239374502 0.0584595934746366 0.0566684122855507 0.0552472992631721 0.0525812110337383 0.0477129344899624 0.0447086298723636 0.0401691449261826 0.0396663413948653 0.0405831420303231 0.0415274670674453 0.0461706365127094 0.0510132464932209 0.0544681674748744 0.0626484696502091 0.0685108862066867 0.0766915025545246 0.080966877857081 0.0801033610833561 0.084673984455903 0.0844412539952537 0.0846859018578096 0.0821165417892071 0.0765151308589634 0.0753612222301701 0.0725232627350642 0.0712809384955523 0.0677138249120691 0.0663557553272288 0.0665873549777161 0.0632692351648085
-9999 -9999 -9999 -9999 -9999 -9999 -9999 -9999 0.0450741374464982 0.103497968180961 0.25402050488348 0.193443972407401 0.118591682862639 0.11142473397823 0.117493840222154 0.12947725875684 0.131270414287116 0.123507935078483 0.111072813487165 0.0948444533134971 0.0823692303887739 0.0788201966422396 0.0782852623719736 0.0787806653514059 0.0786143869052771 0.0779313462507796 0.0747584975291183 0.0728847674285323 0.070335550238693 0.0655448975894155 0.0607822772317789 0.0563830487584247 0.0518956231267453 0.0491948178189501 0.0471418819278125 0.0462872735508928 0.0466959038990017 0.0494072250910637 0.0516576950509722 0.0588348952729588 0.0640011782544336 0.0691143937545468 0.0752515842692521 0.0757687935346226 0.0797168666277175 0.0788947262760114 0.0782466498045472 0.0770968141986291 0.0751238346774358 0.0749630530839391 0.0742904443975674 0.0754888230549259 0.0754834526640552 0.0772606645089654 0.0807634579404407 0.0831258501872399
-9999 -9999 -9999 -9999 -9999 -9999 0.110885302906181 0.0693391466288765 0.0376127310018577 0.116332919584131 0.207420983957696 0.190013167687271 0.136478893053861 0.129567689605773 0.144117549615848 0.16541256129991 0.163513184097981 0.145354180447543 0.132081602386583 0.121378110823917 0.110075499871956 0.106190617754292 0.103758179400508 0.104095115675126 0.10560239025041 0.103627343104169 0.102367945307894 0.0965888664570533 0.0892729663502997 0.0857452528503925 0.0794052077993452 0.0757407037334854 0.0698671584595559 0.0672823339461727 0.0651854284271839 0.0612231695485309 0.0610741103015783 0.0601168679109687 0.0602159319380488 0.0647104927790488 0.0675497109023973 0.073078727008044 0.0758738305442618 0.0760541563093172 0.076814081065834 0.0760750542824575 0.0739352368517177 0.0720709178100661 0.0706396470780598 0.0653361648448906 0.0621879103283341 0.0593259659905362 0.0604665546437556 0.0661066128374764 0.0708848094560853 0.0759617041469091
-9999 -9999 -9999 -9999 -9999 0.0975121751228998 0.0609600812326437 0.0230815625692518 0.0506567490534636 0.125035431103283 0.19327576327611 0.19512374300841 0.16392972267292 0.164606238454903 0.187793036659628 0.221574178659342 0.207238151776627 0.1713241435605 0.151543262355982 0.142167940969987 0.131179903345926 0.130040650518828 0.129251518019582 0.129694040110061 0.131385823001871 0.130041765855558 0.127356572252616 0.1218646249214 0.114279833523014 0.102158520352793 0.096553135963591 0.0926159384908729 0.0857690027069207 0.0820383887600684 0.0793270382980796 0.0753964792557896 0.0741160188273807 0.0738307346533331 0.0724881875648409 0.0748326111193059 0.0743282722876186 0.0769281359702875 0.0788051721376202 0.0793333786666511 0.07732371989865 0.0750707435760742 0.0705063936357478 0.0579495620047483 0.0515499557177803 0.0396404547619148 0.0322651940602018 0.0318682398512038 0.0262306779891098 0.0305059114439846 0.0342424406700348 0.0377887656278
-9999 -9999 -9999 -9999 -9999 0.061704430344501 0.0078688473608936 -0.000929450308912005 0.0536682499950416 0.132603392792394 0.184305189862455 0.193914125863955 0.202941926586845 0.224604192847117 0.256638638635258 0.271411821575262 0.238834830406646 0.200165585561439 0.178900598121225 0.16600667632924 0.160221051270751 0.159185184734854 0.159513877574926 0.159128886703974 0.160173583644027 0.158455116746031 0.156292332757567 0.15176330748668 0.144081384097739 0.132726583278679 0.119044908111781 0.108762833894403 0.101625533827757 0.0951739951780411 0.0916302110156597 0.0873627671932926 0.0881249353707468 0.0879246168397322 0.0858370155470947 0.0871556464861957 0.0868936718544859 0.0884278162948866 0.0885893610163874 0.0859532344126013 0.0780673498749663 0.0670903543853477 0.0531709063367731 0.0393009879166529 0.0304031576548191 0.0149835217369719 0.00417037609263304 -0.00435783755309493 -0.008923148466074 -0.00578987110705542 -0.00496567364699096 -0.00374360088953674
-9999 -9999 -9999 -9999 -9999 -9999 -0.0139449832952144 -0.00669716063945613 0.0739033408269451 0.12945237682475 0.167686176507349 0.180792079799418 0.218671730330096 0.251079096565385 0.263303509185172 0.298105674573907 0.26024621858024 0.219369029872488 0.19884128450584 0.18479867569445 0.182482990490944 0.18179133639608 0.188000906963159 0.189466631701305 0.188078510529937 0.187124835320966 0.183605026706832 0.182212735602868 0.176028730945511 0.16313611035255 0.15249658493152 0.138342084134419 0.125496061040889 0.116345146183765 0.107606790220688 0.102369879380616 0.103708164889754 0.106252533300958 0.107126847132276 0.107150711993432 0.104878867061488 0.10044980186094 0.0931780170956112 0.084950637610477 0.0687470621638059 0.0544862877301583 0.0392165481673382 0.0207857616584473 0.00892465455448871 -0.010674053457103 -0.0226416406828819 -0.0318088892295735 -0.0400855879880169 -0.0429377951275294 -0.0472071132376654 -0.0470172891105627
-9999 -9999 -9999 -9999 -9999 -9999 -0.00240304999327967 -0.00436837323350614 0.109327664465415 0.151974299418257 0.166896707044638 0.167847911486375 0.171301131712238 0.189039095520175 0.216038887274111 0.228094179413373 0.238186018375503 0.221796708616585 0.215355178515909 0.202463915029727 0.198966426544219 0.203489667274557 0.212512592561048 0.213390100657284 0.212168741513879 0.208002052150154 0.20826605491114 0.209006073078655 0.203822898188125 0.192764562320093 0.179438169707268 0.169777065038366 0.16016955931213 0.151313622677043 0.142982501642441 0.135641109632979 0.136371595591823 0.137339832339065 0.134107637606205 0.129384944722727 0.121353328923112 0.11218548380905 0.100686197998465 0.0885460980057599 0.0709988331896577 0.0545496371262167 0.0350563981571441 0.0159596428417679 0.00207562438651071 -0.0187520440340069 -0.0360027746693984 -0.0484792300534783 -0.0597602012040407 -0.0640925605555098 -0.0725549466543677 -0.0828664236822304
-9999 -9999 -9999 -9999 -9999 -9999 0.0359920809123395 -0.0195523605159883 0.105351246153986 0.151848095040724 0.163220620316332 0.162663070853431 0.149800287681547 0.158166013100831 0.177264107153618 0.191635010077793 0.20341754405233 0.209119295799304 0.208842910886577 0.20200750183078 0.203189841234538 0.214927470062781 0.224505159543619 0.228173794625344 0.22671812546745 0.223739173133643 0.225596945781706 0.22946578132506 0.228258688514467 0.217590478138081 0.207863510056673 0.203793105317083 0.197565700357857 0.191292811641177 0.183215747432493 0.173935720535401 0.171350424154618 0.170924546327691 0.164155653983086 0.151350015631427 0.140923743708426 0.124243970136988 0.112592408512789 0.0997667286405599 0.0741115872434835 0.0628303926757844 0.0422549884602413 0.0234171131829068 0.00699097021069295 -0.0225485095448841 -0.0357505573971146 -0.0540932969815414 -0.0699576799704581 -0.0815484770725027 -0.0980686259971397 -0.108547756386308
-9999 -9999 -9999 -9999 -9999 -9999 -9999 -9999 0.00049926625303226 0.116919678932503 0.168330964678752 0.157558678567092 0.145598690446839 0.150865388375206 0.166908902725802 0.184678665110748 0.191058963214503 0.183056819527026 0.192630529718387 0.202748169122672 0.215215740842312 0.228718043895002 0.231846643595477 0.232985834556995 0.237298709065278 0.237012539382212 0.241238778165196 0.243338472429638 0.243078609396635 0.240881813849742 0.236295162528774 0.236816979216044 0.237044157080052 0.234629753465989 0.228574654507922 0.219215426403533 0.216649223163632 0.212094177625528 0.201823801797235 0.190076036958547 0.174328509508327 0.159944793936095 0.144784499147604 0.128580535095782 0.108607952366353 0.090186362656384 0.0708307856260657 0.0504216836024396 0.0309365375793551 0.0024354254550436 -0.0233759699922849 -0.0469908954776612 -0.067691724934772 -0.0823934230717643 -0.102576935565632 -0.118548007432128
-9999 -9999 -9999 -9999 -9999 -9999 -9999 -9999 0.023766183931476 0.0631392485197905 0.151388821180399 0.146716606619978 0.141043668114542 0.143705477498161 0.160356369254018 0.18756738702839 0.201947644919399 0.194425199019232 0.200836407415477 0.206745881770561 0.223489581802176 0.230409220643488 0.230942216712881 0.231275901613114 0.238158965193439 0.243668366745632 0.244464554222606 0.247226063693345 0.250506683700481 0.251823335204237 0.255268458440333 0.262503709198353 0.267818971046922 0.272383922381241 0.271186399813783 0.266639921245054 0.261610839989365 0.257605844614574 0.247668681012547 0.232605337987143 0.219550947924816 0.20131743839411 0.187749255485792 0.171052852563533 0.144198685762373 0.128632214708365 0.109700493770727 0.0886454429616611 0.0652334679822755 0.0265935934915609 -0.00087484134307203 -0.0323008840410669 -0.0589012511656212 -0.0802461424564427 -0.103540091538179 -0.117341966329966
-9999 -9999 -9999 -9999 -9999 -9999 -9999 -9999 -9999 0.0125313988696542 0.0945228405265738 0.125217022584105 0.135814363448705 0.139431330912411 0.161076073664216 0.20206123453275 0.228330117479614 0.242597148928524 0.248786134570394 0.233927162363619 0.241129144108989 0.239015564513422 0.22933402218542 0.228754705634684 0.239657247332605 0.245527863621744 0.248444152736561 0.246866652445523 0.24723466715953 0.257123661191936 0.264389329465078 0.276655488635789 0.288218186733214 0.29747573477754 0.304795064168157 0.305653442979891 0.308710441558409 0.306255192857849 0.297391496493302 0.288442584666428 0.275449842993016 0.261941396869361 0.246865603784368 0.225269896885844 0.203872119133641 0.181326621626714 0.162325428238094 0.139681621085402 0.107729913010645 0.06896707621142 0.0286440316502255 -0.00490937324690899 -0.0366240836092708 -0.0603841635515893 -0.0869902297701051 -0.101816396949433
-9999 -9999 -9999 -9999 -9999 -9999 -9999 -9999 -9999 -9999 0.0290072197147379 0.100594176905509 0.132396271171915 0.141777686604483 0.164862082707143 0.21613173747008 0.27684930376959 0.302180534882409 0.31473407559607 0.279639992460722 0.264739134503282 0.247333768037121 0.241410919295319 0.229227391252904 0.234981655650311 0.239840146743709 0.240724601940135 0.242577097093473 0.245175256541179 0.251001143993734 0.262538641994698 0.27803380469165 0.293392077155921 0.310105611754123 0.325806583662176 0.336034782524025 0.342782580133607 0.347569314714224 0.344636485704597 0.3381557395144 0.328709296155178 0.317156892363055 0.307756336320033 0.290636174926353 0.264230102265423 0.242048459086744 0.223039463156587 0.199321201427794 0.163725307469855 0.113607440280571 0.0688919853602627 0.0338677770954648 -3.0119605638701e-05 -0.0308516569446037 -0.0635978852697126 -0.083301136375012
-9999 -9999 -9999 -9999 -9999 -9999 -9999 -9999 -9999 -9999 -9999 0.101363389239225 0.131782652535404 0.150722397322558 0.178275548457296 0.229685942902521 0.300470055732913 0.356678033263959 0.364883332736796 0.303933374039127 0.288438434511323 0.257215704221123 0.250395757440925 0.247214618515697 0.234770939070853 0.23393462847802 0.23284778555059 0.236394645633987 0.235929564161541 0.244305875988781 0.253255400103286 0.268224148648068 0.291004252325165 0.309707937543198 0.331843270344282 0.349949767530553 0.364817694055829 0.374063682873852 0.377027018026142 0.37843063707399 0.372142155539802 0.364751377401902 0.361943537727764 0.3475941334024 0.326075779321513 0.310552280172289 0.29039290229275 0.264358764304718 0.225901446177143 0.170063829784081 0.119969168971708 0.0806079017698823 0.0365427540842255 0.00299410094217256 -0.0227116173471028 -0.0424953477966037
