data/03_saidas_enm/CCSM_Gower_0k_B.balansae2.asc
NCOLS 154 
NROWS 168 
XLLCORNER -112 
YLLCORNER -55.5 
CELLSIZE 0.5 
NODATA_value -9999 
[rows 84 to 111 of 168, columns 63 to 125 of 154]
-9999 -9999 -9999 -9999 -9999 -9999 -9999 -9999 0 0 0 0 0 0 0 0 0 0 0 0 0 0 0 0 0.383123277067233 0.38568035184692 0.389464880427439 0.3774362720004 0.338364752498259 0.331979897988666 0.336951193180941 0.356632687614391 0.370634135657858 0.39107200135661 0.447160402177594 0.502322007336966 0.538692983952978 0.550755164768103 0.563801196496415 0.581057579396532 0.597276484869168 0.598459659709785 0.582923514173975 0.566828744938626 0.561395812368864 0.570273142780594 0.569443175723052 0.565507570067177 0.583220905303592 0.576347313012882 0.572438313295155 0.570901388452544 0.564377405099728 0.547852560575688 0.582636967422743 0.601713361284187 0.609180093229759 0.612327472053133 0.614761583151663 0.615136410585176 0.616523268368065 0.621199624805771 0.628799397073825
-9999 -9999 -9999 -9999 -9999 -9999 -9999 -9999 0 0 0 0 0 0 0 0 0 0 0 0 0 0 0 0 0 0.466558363753409 0.470126562932745 0.445955001677158 0.419547664498323 0.382825923442937 0.378436705775535 0.37597395541791 0.38614650064136 0.408676573856862 0.45956589262258 0.513832767458785 0.548700909917769 0.563108129084251 0.574843144572043 0.592293184680295 0.606702684355761 0.603367607416492 0.578928445176617 0.550379295423725 0.52686208608629 0.510019123848649 0.50815692081318 0.517029647679968 0.523803259054657 0.552530299140051 0.573500892269075 0.584905483800147 0.589629358815496 0.598900733537144 0.61016595354247 0.62038916699758 0.627670077329986 0.630758412765747 0.632511502217516 0.634095057887186 0.63532975947275 0.640909973585433 0.649428822869306
-9999 -9999 -9999 -9999 -9999 -9999 -9999 -9999 -9999 0 0 0 0 0 0 0 0 0 0 0 0 0 0 0 0 0.155543009576175 0.536248434738109 0.513377452410987 0.487327341814275 0.464842320611921 0.436430368193226 0.431814968856965 0.443537183725565 0.460622342396363 0.503673248779077 0.542944575657879 0.564535174857628 0.572081240873313 0.578491990841816 0.587344448289592 0.601128402755961 0.595694981125997 0.565796918282825 0.535954693356596 0.511660691626811 0.483973957012671 0.487224320219609 0.504051685689514 0.510385679785707 0.555557640263263 0.590739057676677 0.608141175201033 0.616159529843038 0.624059670128894 0.626414760793745 0.633501168694406 0.641285768507606 0.645116428223239 0.652442661678253 0.657607695574909 0.660603136151702 0.666116067275547 0.662061828476303
-9999 -9999 -9999 -9999 -9999 -9999 -9999 -9999 -9999 -9999 0 0 0 0 0 0 0 0 0 0 0 0 0 0 0 0 0 0.421443017745085 0.559262085235751 0.53025186866182 0.509236175676804 0.507066981047323 0.517153107700486 0.537986094037338 0.551532823415793 0.567821351702184 0.577964316147652 0.574337562640904 0.570305208119037 0.570417298590922 0.56346126244512 0.556097637148162 0.551748291877507 0.536027924805931 0.517730630425179 0.512583899074985 0.52345727022543 0.541451145277991 0.566648446516217 0.588529164733018 0.609332339796902 0.620239503944111 0.625097562194371 0.629670955512001 0.631447711224835 0.636817496553986 0.647000203066301 0.657476446701209 0.669491252467229 0.678819746230914 0.690160031661332 0.696583917410299 0.663481483670273
-9999 -9999 -9999 -9999 -9999 -9999 -9999 -9999 -9999 -9999 -9999 -9999 0 0 0 0 0 0 0 0 0 0 0 0 0 0 0 0 0.362166942176904 0.575751063573042 0.560703643339027 0.558650563296351 0.570690959669013 0.538444295023398 0.538924717034721 0.545748983374844 0.553873610332922 0.560721131234367 0.567436051391722 0.560744277862743 0.546318676411723 0.539014115765866 0.543835930402481 0.540312559969678 0.53648487714223 0.545686215253469 0.560240285377259 0.576827889083273 0.598908919979651 0.60844875685681 0.619272461817422 0.625635858000307 0.626234733480796 0.630233550167742 0.632021766900087 0.638817332825136 0.649197407024074 0.659852290529402 0.676450632296366 0.691760502434935 0.712113072313398 0.712527679324686 0.677136129282111
-9999 -9999 -9999 -9999 -9999 -9999 -9999 -9999 -9999 -9999 -9999 -9999 -9999 -9999 0 0 0 0 0 0 0 0 0 0 0 0 0 0 0 0.0607423120983412 0.58889270657079 0.591126903680125 0.594076872289902 0.571983401410896 0.517728270517198 0.508611448942689 0.514249388143341 0.529527118164244 0.552656277111688 0.574817229697224 0.568099264868095 0.56303079909779 0.561658554646364 0.563837408214829 0.551990590870468 0.548677237159301 0.554259390325077 0.563256184630186 0.590367128433273 0.61383713710537 0.621927213489131 0.626349566942507 0.626375093758688 0.629192346314161 0.63795157931892 0.642639694464955 0.653559515702819 0.662004166048697 0.670606086460528 0.697451727897536 0.724325772037345 0.739381410609098 0.705330892055058
-9999 -9999 -9999 -9999 -9999 -9999 -9999 -9999 -9999 -9999 -9999 -9999 -9999 -9999 -9999 -9999 0 0 0 0 0 0 0 0 0 0 0 0 0 0 0.0694546235599978 0.571585397275029 0.620436127408688 0.6147912404002 0.526112487282041 0.473217662097709 0.470115503617277 0.495156187505437 0.531238826133595 0.569858279018032 0.599867584292449 0.597754339213219 0.600196636754256 0.565924682717972 0.552246207561886 0.549977408107277 0.550213238088108 0.553311238763122 0.570048034983188 0.606354542811061 0.624839131088866 0.630130438203257 0.630854268565283 0.625632376656581 0.597345488512412 0.589463384765665 0.601681967306737 0.628672761481807 0.666884179630422 0.710018034094938 0.733580678188287 0.742204097972889 0.736589397615011
-9999 -9999 -9999 -9999 -9999 -9999 -9999 -9999 -9999 -9999 -9999 -9999 -9999 -9999 -9999 -9999 -9999 -9999 0 0 0 0 0 0 0 0 0 0 0 0 0 0 0.604844576096273 0.656269084644094 0.549219252948211 0.44089597505945 0.425830033802592 0.459852576681585 0.506893884269005 0.55569883501273 0.606562072817518 0.627155261729604 0.600447342483714 0.563104545510054 0.549661971128039 0.550640032833905 0.545647675849081 0.533342111695096 0.535086952681975 0.565904630532735 0.596868708803865 0.63574053283109 0.632719850179673 0.54171421760691 0.529966887757255 0.52987863967839 0.557981081387453 0.609068768773007 0.660184083372439 0.731449837573538 0.740656557745957 0.740392357374187 0.737787856375383
-9999 -9999 -9999 -9999 -9999 -9999 -9999 -9999 -9999 -9999 -9999 -9999 -9999 -9999 -9999 -9999 -9999 -9999 0 0 0 0 0 0 0 0 0 0 0 0 0 0 0.357754080920567 0.634811885547861 0.597396847304256 0.441231529766534 0.400059845712942 0.42860860936862 0.478022485106977 0.530703798967166 0.584934469507473 0.631109760005639 0.604836771141561 0.568371828042512 0.552020961170439 0.548305572649173 0.539684442672254 0.527329907294482 0.523979617210332 0.545104054558934 0.579705011648143 0.639509671860944 0.614118983718693 0.528586520847979 0.518067906366668 0.531778159700269 0.570425650562916 0.628778698927832 0.686051304597453 0.732379075854426 0.738686434971011 0.739448577294803 0.737735186204804
-9999 -9999 -9999 -9999 -9999 -9999 -9999 -9999 -9999 -9999 -9999 -9999 -9999 -9999 -9999 -9999 -9999 -9999 -9999 -9999 0 0 0 0 0 0 0 0 0 0 0 0 0.0871780699532783 0.484961126546987 0.650435334000759 0.454618922335927 0.386840932771593 0.40293380473178 0.447206057210328 0.497910388846079 0.552020996947557 0.601297412390096 0.607570045043969 0.571791017647516 0.551427129774805 0.544533921200399 0.537658623315718 0.52863338782643 0.535403610844604 0.561446921794885 0.590399640228754 0.648887245305833 0.620237715943612 0.552915760914754 0.55919409495798 0.586049336903803 0.628538998064969 0.681211573245276 0.732637382688964 0.738213624619199 0.740768481858436 0.741055760826454 0.739865832651506
-9999 -9999 -9999 -9999 -9999 -9999 -9999 -9999 -9999 -9999 -9999 -9999 -9999 -9999 -9999 -9999 -9999 -9999 -9999 -9999 0 0 0 0 0 0 0 0 0 0 0 0 0 0.345668878424468 0.698525713078184 0.494106976149764 0.392135565744719 0.38299631113755 0.416718883425944 0.461886231133246 0.510862318222705 0.564412233012294 0.597504148926323 0.566008785087121 0.540119537925443 0.527887935008974 0.52834110023668 0.539856895004953 0.563147446213509 0.59405828796814 0.626529713604178 0.668330074703946 0.654725820440468 0.624528878156898 0.632372621815309 0.662961314016544 0.699159920690683 0.73563600529568 0.743468854602543 0.745300806671272 0.746133140492548 0.745490709537637 0.743595468312326
-9999 -9999 -9999 -9999 -9999 -9999 -9999 -9999 -9999 -9999 -9999 -9999 -9999 -9999 -9999 -9999 -9999 -9999 -9999 -9999 -9999 0 0 0 0 0 0 0 0 0 0 0 0 0.249419982135326 0.654085999981948 0.524122585856867 0.394819937149082 0.367984849156406 0.384666982425183 0.429778486059155 0.472692711907853 0.528432086709965 0.550707675774748 0.543074270780957 0.530914346020013 0.507721418689451 0.519437345947273 0.557134905545004 0.592147100565514 0.634446008385105 0.666943662916572 0.685476727379238 0.685636841436582 0.689986011283469 0.704643209319361 0.720334227462963 0.73355625175756 0.744163430629734 0.74555819319369 0.745304629506233 0.74436380504462 0.74617011226215 0.744912417258188
-9999 -9999 -9999 -9999 -9999 -9999 -9999 -9999 -9999 -9999 -9999 -9999 -9999 -9999 -9999 -9999 -9999 -9999 -9999 -9999 -9999 0 0 0 0 0 0 0 0 0 0 0 0 0.202195227579914 0.626266610527627 0.565247674659809 0.412119343203735 0.364791076979687 0.376891014881395 0.416164590087342 0.460842101329863 0.468777083945031 0.506053706937578 0.532752492497244 0.538680948494909 0.517931042782656 0.539001323302639 0.584311952535964 0.631637339682071 0.676046717874957 0.705981427039513 0.711959911416313 0.703906078646196 0.699241656340586 0.70730406892772 0.720255828986279 0.731177027034929 0.738459383351943 0.739291062335749 0.741862361304981 0.744145938848445 0.746054577694431 0.737894470994859
-9999 -9999 -9999 -9999 -9999 -9999 -9999 -9999 -9999 -9999 -9999 -9999 -9999 -9999 -9999 -9999 -9999 -9999 -9999 -9999 -9999 0 0 0 0 0 0 0 0 0 0 0 0 0.181835445715124 0.628832511512308 0.572718245548689 0.40683148121684 0.361733652059953 0.369233864232981 0.408279637491203 0.404254797613631 0.410222136798379 0.479280323001237 0.549176736562602 0.534268299654334 0.523551141125085 0.569360030880011 0.623587245677498 0.667748440469168 0.711353678248618 0.739054630612378 0.739240061579058 0.722650395314803 0.70664894089229 0.716152348100293 0.718320051636589 0.722492145047562 0.729775052709992 0.730742530826474 0.741590196693708 0.745987748875848 0.742220946764014 0.724232437568769
-9999 -9999 -9999 -9999 -9999 -9999 -9999 -9999 -9999 -9999 -9999 -9999 -9999 -9999 -9999 -9999 -9999 -9999 -9999 -9999 -9999 0 0 0 0 0 0 0 0 0 0 0 0 0.239020012718006 0.64880915480138 0.573153880997466 0.401139771640208 0.34915686977174 0.362901600808225 0.400792318017985 0.427786470597709 0.430547672433307 0.464771867899106 0.502232995773467 0.52539990658832 0.54806176073053 0.597941014010513 0.652399191753579 0.696335989672682 0.731282152298559 0.743000256448512 0.745220332455674 0.742421415521453 0.729833387289432 0.729669924748556 0.724757599521579 0.72714941992904 0.733393826156934 0.738384147836107 0.744632359200652 0.745713212691033 0.735222043882252 0.711303468143131
-9999 -9999 -9999 -9999 -9999 -9999 -9999 -9999 -9999 -9999 -9999 -9999 -9999 -9999 -9999 -9999 -9999 -9999 -9999 -9999 -9999 0 0 0 0 0 0 0 0 0 0 0 0 0.306976744597635 0.610839217464597 0.537081060961866 0.36714153673429 0.329131724369449 0.348379226640744 0.385852647041539 0.434017275820232 0.45348016913213 0.460315875897326 0.472543638280524 0.534774258940788 0.575815471756417 0.626830921142171 0.676184481520044 0.714794548283379 0.738037331753228 0.744825713237469 0.746108734523049 0.744543159718222 0.740229904586641 0.737041430150876 0.730984643707357 0.730664127313147 0.736261200154258 0.74159678046503 0.74617011226215 0.741576940659513 0.726561535165569 0.696890389233622
-9999 -9999 -9999 -9999 -9999 -9999 -9999 -9999 -9999 -9999 -9999 -9999 -9999 -9999 -9999 -9999 -9999 -9999 -9999 -9999 -9999 0 0 0 0 0 0 0 0 0 0 0 0 0.400331436251484 0.571747855976023 0.510985998037739 0.349285425756898 0.312319180050793 0.333165933617967 0.369067186667809 0.411993291555951 0.433370198913076 0.47547447841753 0.530882754536652 0.566097949172931 0.605312501714524 0.651636288402457 0.692500411928165 0.72854590508007 0.741796240418799 0.745825455373092 0.74617011226215 0.74617011226215 0.745603837135196 0.744649261086708 0.743162195985068 0.743072607139817 0.743360594040236 0.745204864132729 0.74477095466631 0.734405656238291 0.7133986825732 0.67663899181931
-9999 -9999 -9999 -9999 -9999 -9999 -9999 -9999 -9999 -9999 -9999 -9999 -9999 -9999 -9999 -9999 -9999 -9999 -9999 -9999 -9999 0 0 0 0 0 0 0 0 0 0 0 0 0.491351278357781 0.481981951020621 0.461360850303366 0.313495662096781 0.291231771587471 0.317058777659429 0.350594359423957 0.388642015109105 0.426399896500283 0.496559271551719 0.56609230341204 0.582654824373475 0.613292828981053 0.654477663582382 0.691586754372412 0.733520900022778 0.742384744623121 0.735085383532174 0.726619017850166 0.727098211793899 0.721548537364465 0.739866010794409 0.740357184298734 0.738501166113384 0.74617011226215 0.745357600548081 0.733919996913415 0.714583407445006 0.678029937399308 0.643429051103339
-9999 -9999 -9999 -9999 -9999 -9999 -9999 -9999 -9999 -9999 -9999 -9999 -9999 -9999 -9999 -9999 -9999 -9999 -9999 -9999 0 0 0 0 0 0 0 0 0 0 0 0 0.0723624375099917 0.426354436281037 0.403005054330867 0.426657896185676 0.29459145942778 0.274609927922123 0.301660627437215 0.336045365077731 0.374345680577863 0.42848992497787 0.491500398209518 0.549888812058292 0.577165587335231 0.586606272953602 0.626171004256975 0.674288992518393 0.712125147581783 0.722847183571405 0.697989848279704 0.684814024226554 0.683717721362203 0.684851660598599 0.699436318248484 0.70509547579086 0.704884075187698 0.73305683145295 0.723808828518774 0.6937361256311 0.650915436235909 0.610682717617977 0.584380374202448
-9999 -9999 -9999 -9999 -9999 -9999 -9999 -9999 -9999 -9999 -9999 -9999 -9999 -9999 -9999 -9999 -9999 -9999 -9999 -9999 0 0 0 0 0 0 0 0 0 0 0 0 0.18509955701717 0.37608356603562 0.363040011503546 0.380230131378996 0.266786556849485 0.25644602858138 0.286705380542345 0.320314508997826 0.359472235411953 0.413186654690899 0.476425241256136 0.535617918414651 0.576153202640049 0.575219941323023 0.611423144115392 0.661907856580683 0.699459670595515 0.692472419928353 0.66250443742395 0.651233470961253 0.656824173288914 0.660042731635125 0.680419371780907 0.684403979142646 0.694543706831799 0.704993666659764 0.671623432350068 0.628315189910831 0.575566438836322 0.529894870268733 0.515803334255415
-9999 -9999 -9999 -9999 -9999 -9999 -9999 -9999 -9999 -9999 -9999 -9999 -9999 -9999 -9999 -9999 -9999 -9999 -9999 -9999 0 0 0 0 0 0 0 0 0 0 0 0 0.264436965000163 0.428716756531479 0.373346476826254 0.353783308432402 0.253725741798974 0.245028138350462 0.270192157541636 0.304656185948508 0.343027828687158 0.397757061121666 0.463582952829745 0.505551686486895 0.534846647731531 0.570395604518278 0.605776069433791 0.638080462629687 0.655822546100569 0.651132713927956 0.636127655875979 0.637320569393656 0.649044182336528 0.664638993833057 0.67517056506122 0.686365790983112 0.68473504833497 0.64914148152907 0.606158852597324 0.554851823554221 0.496804340050373 0.466657888304904 0.457861385774134
-9999 -9999 -9999 -9999 -9999 -9999 -9999 -9999 -9999 -9999 -9999 -9999 -9999 -9999 -9999 -9999 -9999 -9999 -9999 -9999 0 0 0 0 0 0 0 0 0 0 0 0 0.312236616420251 0.415711795228367 0.35856016689711 0.326860012112248 0.241999579562831 0.230672819386327 0.252856577724926 0.286008538730406 0.325476968609589 0.379403607292604 0.42003854272818 0.428803352082413 0.457823865499939 0.488829761333306 0.524802775841914 0.565910773624133 0.597981087723047 0.613444831085517 0.618556148098061 0.632405588788614 0.651714589250563 0.666605207215339 0.66975783812001 0.661790817656613 0.621411787109861 0.576808152266348 0.523889762890431 0.467619012728094 0.416978555134749 0.408270721137109 0.441178162338456
-9999 -9999 -9999 -9999 -9999 -9999 -9999 -9999 -9999 -9999 -9999 -9999 -9999 -9999 -9999 -9999 -9999 -9999 -9999 -9999 0 0 0 0 0 0 0 0 0 0 0 0 0.31427904267795 0.332007068514676 0.307328452831472 0.3102986435568 0.234657597785265 0.219362854170778 0.234813025707951 0.268694623419543 0.30880754253415 0.359152620804515 0.355768377367357 0.361395971845017 0.377572594873692 0.406777303247626 0.447108503321622 0.488657846040659 0.531816026715445 0.57448540235036 0.610856129120399 0.638312659908067 0.649404917394011 0.652979269906621 0.636315710949077 0.584791859910089 0.526073167999261 0.48080319178402 0.418481938078215 0.367498062477512 0.335273687550849 0.371680350115048 0.465720227388787
-9999 -9999 -9999 -9999 -9999 -9999 -9999 -9999 -9999 -9999 -9999 -9999 -9999 -9999 -9999 -9999 -9999 -9999 -9999 -9999 0 0 0 0 0 0 0 0 0 0 0 0 0.335049937348502 0.26509326696999 0.249730769701019 0.290106906717342 0.227579167702687 0.213327997372168 0.224846458611883 0.257425900267878 0.298241093883964 0.308706007838785 0.294174540801708 0.287671581721694 0.298134014721775 0.324012050549688 0.366508298873195 0.416668014240157 0.472045629848407 0.533041462736536 0.58593689581795 0.602428227567642 0.580354870238408 0.565895537834254 0.548771001440909 0.530343345444287 0.45866550848926 0.412970153393023 0.35854917749759 0.310041118483637 0.289783544359133 0.355244266321512 0.326174792023926
-9999 -9999 -9999 -9999 -9999 -9999 -9999 -9999 -9999 -9999 -9999 -9999 -9999 -9999 -9999 -9999 -9999 -9999 -9999 -9999 0 0 0 0 0 0 0 0 0 0 0 0 0.294548352903715 0.197583981470997 0.18624490805934 0.241767168538119 0.215562025314611 0.205989692597888 0.219965485195822 0.250694102278861 0.275940834878923 0.259330436714812 0.219489625810471 0.200901563876312 0.216159125836785 0.243696829986195 0.289040684492911 0.343056373756817 0.409466230658865 0.484591299831646 0.544814906661266 0.531294797119864 0.507701239155138 0.481130704210785 0.472450251891214 0.443087811938053 0.431533209062407 0.386331630578928 0.341082538369494 0.281114204185756 0.256767258551248 0.233440949554217 0.0108155863680672
-9999 -9999 -9999 -9999 -9999 -9999 -9999 -9999 -9999 -9999 -9999 -9999 -9999 -9999 -9999 -9999 -9999 -9999 -9999 -9999 0 0 0 0 0 0 0 0 0 0 0 0 0.170944765966088 0.106419119808586 0.113347242311788 0.174798028768435 0.202105187072345 0.194837242252836 0.208713159491243 0.206569665296767 0.194102776532978 0.176668524563846 0.147815620582843 0.134647196223179 0.148828613105006 0.176032374190592 0.222199763550024 0.277181878299495 0.343516781409759 0.429167117186798 0.473396504453047 0.446910475834038 0.414174019496289 0.386046665993706 0.359804801406964 0.338395622811372 0.323677645701581 0.290973463919822 0.262146516539344 0.211091844120671 0.155097828215089 0.105172163866802 0
-9999 -9999 -9999 -9999 -9999 -9999 -9999 -9999 -9999 -9999 -9999 -9999 -9999 -9999 -9999 -9999 -9999 -9999 -9999 0 0 0 0 0 0 0 0 0 0 0 0 0.00373047552662797 0.0152737142368082 0 0.00514713801438371 0.0822635859063482 0.113921037509323 0.107157653871895 0.113390938777637 0.0991728423806812 0.0803358381721057 0.0737607958710561 0.0727305799243977 0.0797232902694562 0.0966194696992652 0.121015972068283 0.166551038482127 0.215512290561298 0.275217132097818 0.373379009961412 0.406220446307262 0.376502674406759 0.33999563002665 0.300399817088924 0.284340808790416 0.250123542812528 0.233469560090565 0.200081994098351 0.164529616161045 0.122778000980019 0.0592525871333205 0.00913489585899896 0
-9999 -9999 -9999 -9999 -9999 -9999 -9999 -9999 -9999 -9999 -9999 -9999 -9999 -9999 -9999 -9999 -9999 -9999 -9999 0 0 0 0 0 0 0 0 0 0 0 0 0 0 0 0 0 0 0 0 0 0 0.00814528968577355 0.0167810828324453 0.029595629609193 0.0587665290387469 0.0945776965158182 0.141769401204258 0.184919661230125 0.245206271771817 0.33285962802719 0.334326066357855 0.300211081098464 0.256224915093945 0.220949449060503 0.183592402239382 0.1561291272389 0.13676923816974 0.0972724150149363 0.0643685720048207 0.0128061266027875 0 0 0
