data/03_saidas_enm/CCSM_Maha_21k_B.balansae3.asc
NCOLS 154 
NROWS 168 
XLLCORNER -112 
YLLCORNER -55.5 
CELLSIZE 0.5 
NODATA_value -9999 
[rows 75 to 99 of 168, columns 56 to 111 of 154]
-9999 -9999 -9999 -9999 -9999 -9999 -9999 -9999 -9999 -9999 -9999 -77.7025673743204 -99.1986814159848 -99.7635027321854 -84.5144961140705 -64.2214777337586 -48.0018288305201 -33.9506359120792 -26.223817937096 -30.2432902110629 -36.6742081657239 -40.4677902075489 -44.0243857273103 -46.5178152867157 -49.695790351595 -51.4397837208456 -52.119247558393 -50.6834627096842 -49.6910842594636 -48.3787087098033 -46.5329776284697 -44.0005658180963 -41.2817380236566 -38.4314762738351 -35.2245946279426 -32.636756735093 -29.8467455239686 -27.357712897517 -24.2637813315431 -20.8766312904422 -18.2203847008946 -15.4623735120676 -13.3298168663117 -11.6600944662022 -10.2018613219579 -9.38671331038624 -9.520029494141 -10.088164087034 -11.0684126457725 -12.5616074401084 -14.3085600599783 -16.1136286261508 -18.3971006480366 -20.5492133515839 -22.3435450956599 -24.1226072393558
-9999 -9999 -9999 -9999 -9999 -9999 -9999 -9999 -9999 -9999 -9999 -68.0644197333678 -93.0305372763532 -96.8834680005794 -83.3799041953163 -69.2975753244123 -56.171648543703 -44.599411439847 -34.7037112313625 -32.7747039601005 -35.2442366635064 -36.5236409938853 -39.4754890989714 -41.8864430817072 -50.4922080388282 -53.2319434858661 -54.3519258739473 -53.361067171958 -52.7458941578652 -52.3013230455157 -51.7484292826758 -48.917114070523 -44.8250339953727 -41.3933068340927 -38.0565807299791 -35.442074923992 -32.1527482576007 -29.5056765923232 -27.0252192542296 -24.5647819147767 -22.9256071144727 -19.442724276192 -16.9023851421413 -14.7671241109853 -12.5992263926038 -11.6343568677067 -10.760256228344 -10.4826653891768 -10.7600526931011 -11.5474261521358 -12.4837458852291 -13.9555387327159 -15.782825623423 -17.3803841616315 -18.9973765493181 -20.6930386821227
-9999 -9999 -9999 -9999 -9999 -9999 -9999 -9999 -9999 -9999 -9999 -9999 -87.3838562239344 -90.7342267943297 -85.159287640074 -75.8504768540033 -73.0021730925153 -73.5093291551056 -64.7522490130425 -47.8320214991157 -37.5014245049165 -33.1532488231314 -33.6712942961836 -37.0055278937332 -42.9146063675934 -50.4411268900982 -52.9227649802279 -53.8792408638025 -54.9301099935995 -56.6345399942991 -56.0058336468355 -53.2379955232127 -48.9415001072165 -45.3820559454331 -41.8456131863394 -38.5154783884971 -34.9297204210082 -31.8189271524062 -28.8141454923851 -26.0852303110874 -23.3461356393144 -20.4143022233346 -18.3080484854653 -17.3416552991888 -16.0255966261469 -14.7706067663064 -13.8214656429182 -12.9197472842477 -12.510983363088 -12.4328031900174 -12.4956988436515 -13.2212680977548 -14.1351193681181 -15.1220301388048 -16.4504431072794 -17.8363210480594
-9999 -9999 -9999 -9999 -9999 -9999 -9999 -9999 -9999 -9999 -9999 -9999 -77.3404921859664 -89.8201875932726 -86.3251107717513 -85.3146356872487 -95.1172540483037 -105.279270296876 -101.628573553014 -83.542463811617 -54.257804698103 -38.8125051542619 -31.0004338725746 -30.340581337924 -37.9723419324413 -42.7308702282878 -49.5752155983374 -52.4132903140202 -54.1745731405041 -58.8360321328811 -57.2491221509028 -55.0134974839518 -52.7086036266531 -49.4458890957633 -45.1442575714011 -41.6879864012494 -38.1877353825559 -34.8640044047092 -31.3158147089924 -27.8274725145539 -24.4725674429846 -20.4039780473127 -16.4205638177632 -15.307587553967 -15.5435148900065 -15.6586756125352 -15.9037847427291 -16.0034861686291 -15.6434960655573 -14.5253824651961 -13.7421479509514 -13.6835886100118 -13.9569048406967 -14.3816252770302 -15.3376560477819 -16.2156320485226
-9999 -9999 -9999 -9999 -9999 -9999 -9999 -9999 -9999 -9999 -9999 -9999 -9999 -80.4605471736712 -91.7804802748107 -105.954178467261 -122.298014118717 -137.432314885997 -134.637200755535 -116.77525162501 -92.3694206158843 -61.38630258067 -35.6660698616388 -23.5222405452557 -22.7940500787207 -30.0302444385242 -36.4045353523219 -44.4543713433198 -51.5706689697233 -52.8968490297516 -53.7990817700641 -54.0163269639126 -53.1318908087868 -51.0194647516024 -48.6460686073783 -45.529738121535 -41.6190186375143 -38.1422056882746 -34.4556826013406 -30.6846002203346 -26.4958286771116 -21.4387892063342 -16.8555255218576 -15.0194214193386 -14.9281666834704 -15.40825247017 -16.183339350419 -16.4326022686315 -15.9461316406719 -14.5334961183566 -13.1588625407127 -12.4459872893662 -12.115486934673 -12.1857012674921 -12.8519982312731 -13.3182248834227
-9999 -9999 -9999 -9999 -9999 -9999 -9999 -9999 -9999 -9999 -9999 -9999 -9999 -54.3126873446777 -90.9063334286749 -130.178482855723 -145.445695990159 -170.351499375358 -170.824290304439 -146.117679313445 -131.729005848279 -104.828962378752 -72.4590096780443 -47.1140283353616 -35.7427519503751 -21.9437474261088 -21.7835558790001 -29.3463090697658 -38.4433859785308 -46.4293224022411 -48.146489526857 -49.0466455989533 -51.2280286162491 -49.6731128664752 -49.0978055654652 -48.2293581212058 -42.4670533949197 -39.1248076842476 -35.8699739688757 -32.2369103757622 -29.0662456801936 -23.77590741372 -18.144688597485 -15.7901069725971 -15.1023772373508 -15.2706344043451 -16.6523991674438 -17.8279875127536 -17.5028113714262 -15.4476011226375 -13.6508777324628 -12.2062640111516 -11.158601446468 -10.7205876709893 -11.0625481741432 -11.1208427012376
-9999 -9999 -9999 -9999 -9999 -9999 -9999 -9999 -9999 -9999 -9999 -9999 -9999 -9999 -75.3385547508174 -112.016747269271 -142.244542924576 -166.418985019302 -175.405673419132 -170.399756719995 -154.98808845346 -155.493645973033 -179.391689606086 -175.594675873819 -125.497800623757 -83.9501384011211 -52.306730999374 -22.2450514343705 -17.97316009381 -21.6285659971186 -32.3963247713159 -39.5802339257995 -43.323981742656 -44.4045527339769 -43.4722640700908 -41.6468974950888 -38.5323654054102 -35.3788745945493 -33.0858326231508 -31.2916066593741 -29.6317684560206 -25.6478311116267 -21.4771802649565 -18.7652070818325 -16.8432538231575 -16.4135520726162 -17.3238022008201 -18.4839304247951 -18.4640301170727 -16.9803971510444 -15.1961427139514 -13.2730475497527 -11.6719718102285 -10.750946552875 -10.5595733582916 -10.2954054487629
-9999 -9999 -9999 -9999 -9999 -9999 -9999 -9999 -9999 -9999 -9999 -9999 -9999 -9999 -53.2602853556564 -81.6260789644569 -122.474243214235 -154.033777428172 -174.569281108871 -181.044659435355 -179.55219391769 -224.196842990936 -337.060998617035 -384.058893195363 -310.240023877715 -264.783546676178 -180.435293212997 -92.2916197144137 -47.1966973170459 -24.581398523957 -16.177150806661 -23.1163958371269 -34.5276302925105 -36.4082010922873 -37.3626016185658 -35.3447573900176 -32.9066601799203 -30.6045072498116 -29.3121695379245 -28.283490119396 -29.420508741991 -25.9078482659297 -23.9283558863631 -21.546158879114 -18.684337882696 -17.5932128424622 -17.8857407132082 -18.8877728012651 -19.1266997702144 -17.9624947566068 -17.2838601893033 -14.7637585302145 -12.772994525477 -11.6344524230056 -11.0192172542972 -10.397414953179
-9999 -9999 -9999 -9999 -9999 -9999 -9999 -9999 -9999 -9999 -9999 -9999 -9999 -9999 -9999 -61.7079826786846 -97.3641104577755 -141.159569553882 -179.314743480898 -197.295595470387 -222.340906547865 -253.245928906581 -337.376837897087 -400.310195325853 -431.065730839801 -466.452990026657 -414.489674232603 -363.50571753248 -242.454829814591 -101.43319664512 -34.7696396393176 -14.3658142617586 -22.7147684382095 -30.7414312745642 -30.0890812219639 -29.6552561823422 -29.6632358332712 -29.5680270255641 -27.4832790168568 -23.6076045581826 -21.0928158275211 -21.5994581380514 -23.8814980715914 -24.0440758924271 -21.2435141785838 -19.0341454078251 -18.2392622477353 -18.1580267667876 -18.091666245032 -17.7433006498426 -17.0941574285748 -15.3236567954291 -13.8557245199666 -12.6074663667164 -11.6241062644898 -11.5063558864314
-9999 -9999 -9999 -9999 -9999 -9999 -9999 -9999 -9999 -9999 -9999 -9999 -9999 -9999 -9999 -48.7319184714788 -83.3289369490558 -132.53062914401 -180.198864768898 -207.519785653535 -255.546996641427 -280.32869684263 -336.809192703357 -364.864587893636 -411.559198955201 -545.278090154574 -520.132355099713 -617.581863859787 -498.87667198741 -213.73168810837 -82.2429718838527 -32.047757193897 -14.3881878469063 -21.2250187033708 -23.9714975742863 -23.530839834714 -24.0853030454894 -25.8938831491792 -23.793362734762 -17.4055229595127 -14.4561003998325 -16.3352201055502 -22.4928331141275 -26.0644278703979 -23.5655492223655 -20.4698927921917 -19.3554076173154 -17.7178784862369 -17.3960495764401 -17.6857442443319 -16.9979835854023 -15.4501172868408 -13.869447212682 -12.1682633112157 -10.993058881444 -11.0447311804217
-9999 -9999 -9999 -9999 -9999 -9999 -9999 -9999 -9999 -9999 -9999 -9999 -9999 -9999 -9999 -50.5592123276692 -72.3337654767421 -113.816974889062 -160.416658379068 -184.151999851508 -222.204430643179 -255.00125193488 -292.929508718343 -320.775439749438 -328.440090962534 -346.337841903604 -370.329833724232 -418.485755559085 -369.298416049806 -242.389659496649 -145.956606287931 -71.4632240080458 -20.2236805298965 -12.7989979402367 -17.3071847774808 -17.3067854935901 -19.8443133114833 -20.3676179798189 -17.3704804909855 -12.4452363915536 -9.22351006803879 -11.6870438186362 -20.3515141438166 -26.175091121913 -26.300961806058 -23.2903717114583 -20.3374737824016 -18.0576710805732 -17.0107949212297 -16.975046661471 -17.1340828780388 -14.07909626921 -11.1959253283869 -9.11084542732096 -7.58535576976665 -6.73946128374361
-9999 -9999 -9999 -9999 -9999 -9999 -9999 -9999 -9999 -9999 -9999 -9999 -9999 -9999 -9999 -9999 -63.9032871609498 -90.0423605729038 -126.835607798983 -147.72499260899 -187.513748185 -214.858950216338 -252.593884997473 -273.249289863773 -279.706340678271 -290.796626763283 -302.618767841001 -327.753884682454 -295.046480121928 -244.984574068832 -191.032781498221 -119.986991718275 -50.8729601344952 -17.3610061826871 -8.0858495458182 -12.7769177649071 -15.2063627837247 -16.3201692869175 -14.2750719355197 -9.70948797226913 -6.69929545200992 -10.8875923283971 -20.8580803407622 -27.2413594165088 -27.8459396886028 -25.0394210946682 -20.9159160301632 -17.6446220854704 -15.4473462276595 -14.5188330998487 -14.6984142795994 -10.4998792749596 -7.14845297244432 -5.07259086850264 -3.89642686756768 -3.70948019111239
-9999 -9999 -9999 -9999 -9999 -9999 -9999 -9999 -9999 -9999 -9999 -9999 -9999 -9999 -9999 -9999 -9999 -62.9670881342814 -77.988966467431 -106.457456697703 -148.809661850564 -167.496606597539 -198.573192499266 -229.814340544106 -243.492302371002 -259.122164364383 -276.061717438291 -285.890503023256 -266.975144793326 -247.595826913247 -232.680740849751 -174.814499515151 -121.02756332578 -65.4588795310715 -20.40118653305 -8.0891147102015 -13.4811038860682 -15.7168860747733 -16.0748842749517 -13.8317286350914 -14.6074875813863 -17.3249225563246 -22.6651984345238 -25.619077541108 -25.8687285544053 -23.3924506470405 -20.0042226111618 -16.1409712701973 -13.0584820516409 -10.4333632019206 -7.75045728886264 -5.572176617804 -3.13059779853523 -1.81922211073836 -1.56195936437983 -1.98789476116578
-9999 -9999 -9999 -9999 -9999 -9999 -9999 -9999 -9999 -9999 -9999 -9999 -9999 -9999 -9999 -9999 -9999 -9999 -9999 -80.8532296589621 -111.142039922238 -122.165657173851 -139.857615678753 -173.516432216565 -201.348788933023 -226.638452361003 -251.279180032527 -270.372322014197 -253.599040939465 -243.660500413175 -245.195960440833 -214.844884564636 -193.186032709252 -140.393677003884 -66.2914013868301 -21.5571204228842 -7.64995010045114 -12.6469012398441 -16.6348291267425 -17.7938936343844 -23.4495657882364 -21.3108875325021 -22.5205897706608 -23.3302682585398 -22.5469368199734 -21.4172195275716 -19.1046309623528 -15.245881415507 -11.6813957106431 -7.92926588262971 -4.81362016694626 -2.8448291308544 -1.0390548574552 -0.275836357273595 -0.514836449620298 -1.26994388575652
-9999 -9999 -9999 -9999 -9999 -9999 -9999 -9999 -9999 -9999 -9999 -9999 -9999 -9999 -9999 -9999 -9999 -9999 -9999 -9999 -9999 -84.6541612988201 -101.461870004278 -123.342940423388 -153.927147247737 -197.576954688636 -223.857339639463 -245.534338910708 -248.042717460563 -235.335523983615 -231.177558639819 -227.487612762441 -247.205722435727 -218.405885206231 -137.660288732386 -76.0568920958514 -36.5297989878223 -9.39682819303219 -12.400469385762 -15.4673013537713 -16.4708944733647 -17.9254347945528 -19.5525574448773 -18.0436875782104 -18.8006828763062 -18.6224879968711 -16.6929092254898 -14.6516228652739 -10.9936378142987 -6.23953747644007 -3.19295568416026 -1.27217010717176 -0.0877060656740209 0.217309211631207 -0.137626587436757 -0.982666931911846
-9999 -9999 -9999 -9999 -9999 -9999 -9999 -9999 -9999 -9999 -9999 -9999 -9999 -9999 -9999 -9999 -9999 -9999 -9999 -9999 -9999 -9999 -9999 -87.330983706693 -109.030830228931 -141.33122923115 -177.075422482738 -214.757455084396 -232.356045527658 -231.088631043381 -224.301292782134 -220.93613416196 -232.119558854252 -226.755179173987 -194.08043831102 -147.272609751903 -75.6592184214868 -34.9734768944006 -10.8123127058018 -9.01623612001095 -12.6256886233106 -13.7129748876537 -14.7587406680462 -14.1703020552952 -14.1713197291833 -14.2845041685669 -13.1064146745153 -11.3751248187315 -8.54051560472673 -4.48829557463254 -1.8774046108703 -0.513173414278954 0.293122495419218 0.441850165034652 0.0453775507018057 -0.758873812066426
-9999 -9999 -9999 -9999 -9999 -9999 -9999 -9999 -9999 -9999 -9999 -9999 -9999 -9999 -9999 -9999 -9999 -9999 -9999 -9999 -9999 -9999 -9999 -9999 -9999 -88.9139693058343 -128.341782250223 -171.743875761733 -208.79032492255 -221.034684772644 -210.974384473014 -206.418805120488 -217.006279375326 -205.896189512387 -197.05461195822 -192.544192109693 -126.710113437446 -71.5666495948668 -31.307048344267 -10.9669423729689 -12.1663369261014 -10.6219855426086 -10.7363039383801 -9.59078991222196 -9.69232024179227 -9.41233004582284 -8.87813825536952 -7.0378185649969 -5.11710061167361 -2.79805199128629 -1.05562122108706 -0.137583330473452 0.472122445433336 0.572152837760485 -0.0688814636147408 -1.12081377609299
-9999 -9999 -9999 -9999 -9999 -9999 -9999 -9999 -9999 -9999 -9999 -9999 -9999 -9999 -9999 -9999 -9999 -9999 -9999 -9999 -9999 -9999 -9999 -9999 -9999 -75.0609748214773 -98.7897745417012 -135.683301895948 -177.613763743801 -207.910862428748 -221.107079282074 -222.88249923811 -218.036782969324 -199.352531067685 -189.216636810547 -173.964937998623 -133.142454633434 -95.5515414068047 -50.5168892987085 -20.9976514945225 -13.323239482491 -8.58284573069717 -6.60401407203289 -6.08578440248942 -6.24646742188758 -6.24078298529684 -5.8381040743012 -4.80901739275929 -3.62987134974068 -1.92632800356196 -0.694119517904519 0.0719815520416338 0.593415737925232 0.549330767521196 -0.352733098420936 -1.6909831936656
-9999 -9999 -9999 -9999 -9999 -9999 -9999 -9999 -9999 -9999 -9999 -9999 -9999 -9999 -9999 -9999 -9999 -9999 -9999 -9999 -9999 -9999 -9999 -9999 -9999 -9999 -9999 -110.982908169729 -151.034632164553 -196.874274692929 -240.273688128311 -239.140010108265 -234.099320735133 -214.116150927237 -188.020269313755 -170.139643717379 -141.896249794676 -109.469474218205 -67.3571384040685 -31.4689769589332 -17.7922914973048 -7.50063792031422 -4.56647556592741 -5.24155137059702 -5.4075291485178 -5.08786902542435 -4.48219348812249 -4.20579462083173 -3.30405655857434 -1.75468724449299 -0.720809702588947 0.103565200573085 0.558609177112363 0.332010106285646 -0.929066786011833 -2.28109824876862
-9999 -9999 -9999 -9999 -9999 -9999 -9999 -9999 -9999 -9999 -9999 -9999 -9999 -9999 -9999 -9999 -9999 -9999 -9999 -9999 -9999 -9999 -9999 -9999 -9999 -9999 -9999 -116.400108701033 -149.339582656617 -188.163535246788 -222.697744845649 -235.534859659759 -230.148611947863 -218.026970608314 -206.724258314081 -185.42473273253 -146.519095781837 -117.720822856583 -79.1259982858046 -40.1732131419827 -21.2046398870848 -8.1660246461805 -4.62179792160587 -5.46299236780461 -5.66517354706502 -5.11646966564384 -4.30698728324862 -3.70655741562312 -2.83264514901374 -1.77005468605773 -0.760526495017475 0.0290737590246932 0.0519594825576382 -0.470372312303073 -1.53500194461853 -2.43864954219878
-9999 -9999 -9999 -9999 -9999 -9999 -9999 -9999 -9999 -9999 -9999 -9999 -9999 -9999 -9999 -9999 -9999 -9999 -9999 -9999 -9999 -9999 -9999 -9999 -9999 -9999 -9999 -9999 -164.455311458339 -180.579596660887 -200.869395387028 -212.247160289122 -210.875327638238 -207.985065505118 -204.704037588697 -191.76704724117 -155.883237082338 -125.475172771408 -87.3602289534713 -48.0649000829258 -24.1267509773271 -9.74988695474792 -7.1061845473047 -7.53235890740706 -7.09698402789636 -7.12541354060635 -6.10797807394056 -5.30286869520042 -3.85169421370606 -2.30253656339072 -1.22656622476888 -0.574801676228849 -1.5865427970719 -1.71700383940962 -1.68010200181498 -1.8777233437996
-9999 -9999 -9999 -9999 -9999 -9999 -9999 -9999 -9999 -9999 -9999 -9999 -9999 -9999 -9999 -9999 -9999 -9999 -9999 -9999 -9999 -9999 -9999 -9999 -9999 -9999 -9999 -9999 -174.241998280616 -183.682519257882 -186.895958886835 -189.496155945232 -187.827038723936 -191.57182224035 -193.884558932499 -184.194684131865 -163.217875664561 -130.646740200409 -91.5518124978971 -52.1463205127763 -27.3683470006693 -11.362158897681 -8.90340978185898 -9.81533812375679 -9.71100155089473 -9.02396621763554 -8.49073355260225 -6.58069003891693 -5.77486922941041 -3.35093230174863 -1.67135875655398 -1.3947978950536 -1.37280548704272 -1.27723926824045 -1.20425150609593 -1.40355610355192
-9999 -9999 -9999 -9999 -9999 -9999 -9999 -9999 -9999 -9999 -9999 -9999 -9999 -9999 -9999 -9999 -9999 -9999 -9999 -9999 -9999 -9999 -9999 -9999 -9999 -9999 -9999 -9999 -175.594955647021 -174.688087445196 -186.893864983458 -176.223478451889 -173.939232689328 -182.59935766607 -190.499799132067 -184.859782145158 -163.252779363067 -133.904275579251 -94.5423658913936 -52.8567791428161 -28.6385219103222 -12.414817203062 -11.3758989486713 -13.7592283220223 -14.7932776124485 -14.5167126281936 -10.8117698295196 -3.95784294880011 -2.44077545850459 -4.07547918341166 -1.85624542887243 -2.49705201647582 -1.17032946730463 -0.896834606917282 -1.01121410343369 -1.12813332277235
-9999 -9999 -9999 -9999 -9999 -9999 -9999 -9999 -9999 -9999 -9999 -9999 -9999 -9999 -9999 -9999 -9999 -9999 -9999 -9999 -9999 -9999 -9999 -9999 -9999 -9999 -9999 -9999 -162.083664447095 -158.974737118489 -157.025005462698 -168.236431355855 -177.357003409789 -189.545204496396 -196.839775816812 -189.5469228271 -164.209563320366 -129.143600713335 -88.6980706045274 -47.8006376312254 -25.7126522658937 -13.0097041869749 -13.0831559997784 -17.3446715467331 -19.8788716233562 -18.6348197743472 -13.6940241720356 -7.84080632949382 -3.93609664803384 -2.48177990302213 -1.42400482085041 -0.78729905440867 -0.463849836687753 -0.961483936580991 -0.922923387143096 -0.70578765300168
-9999 -9999 -9999 -9999 -9999 -9999 -9999 -9999 -9999 -9999 -9999 -9999 -9999 -9999 -9999 -9999 -9999 -9999 -9999 -9999 -9999 -9999 -9999 -9999 -9999 -9999 -9999 -9999 -150.47390159833 -134.722615726606 -139.736628701706 -163.724551214716 -184.139793976076 -199.857099490164 -206.599677670954 -204.89393094118 -160.885278172404 -124.830259228374 -83.0601776991658 -39.9246745691633 -21.7160800467154 -12.6604929045815 -15.428840215474 -21.2731049282686 -24.5826198789536 -24.0303313628569 -17.2085962977936 -11.8043976995472 -5.97483717106139 -1.51574847033467 -0.28651554263709 -0.258567156047929 -0.388547190049945 -1.28902133731171 -0.925158597476471 -0.661269672181002
