data/03_saidas_enm/CCSM_Maha_6k_B.balansae3.asc
NCOLS 154 
NROWS 168 
XLLCORNER -112 
YLLCORNER -55.5 
CELLSIZE 0.5 
NODATA_value -9999 
[rows 50 to 74 of 168, columns 56 to 111 of 154]
-9999 -9999 -9999 -9999 -9999 -9999 -9999 -9999 -9999 -9999 -9999 -9999 -9999 -1152.90388993215 -644.074591463813 -319.31452711324 -154.389342986147 -78.1253207281695 -53.5949649429183 -37.8186849119493 -38.240679796343 -32.8953655229016 -38.0967389267491 -49.8959915754933 -76.8318881748039 -106.096514356706 -136.956319772268 -190.594871563759 -238.496124933817 -301.700310647191 -349.215261406137 -317.308427289879 -254.59595571733 -173.416378185754 -84.033059704993 -43.4249027909908 -30.7260065597359 -18.6180692175246 -16.1911048983907 -14.9473206975523 -12.4042555752747 -14.499097833002 -14.9344226453828 -16.3818237935926 -11.5753365249492 -10.5572411901997 -10.7191593934501 -11.0277700230614 -12.2639414814464 -13.9211920711207 -14.4460933280204 -16.6921502410614 -19.29805993382 -18.8334188094249 -18.2520387753849 -16.5587547199454
-9999 -9999 -9999 -9999 -9999 -9999 -9999 -9999 -9999 -9999 -9999 -9999 -9999 -694.812736685735 -402.756602743587 -205.408683459512 -112.501441896574 -69.3362448292832 -45.6053173641397 -34.8437834126801 -35.9032726074179 -38.3287067121138 -42.4074207764649 -53.1197545389478 -74.6921939991184 -103.692896593692 -135.247799588373 -181.262048200466 -228.289387290773 -276.056767301658 -305.204014986101 -273.565020376491 -207.972494589792 -132.472182879853 -69.1612599216058 -37.7527120232409 -22.4682475073495 -14.3893912486611 -12.2378082295809 -12.4571838823995 -11.7102901645091 -13.5361596369153 -13.9879014805908 -15.4300161554398 -12.2728178001753 -10.6112511575061 -11.0316635034812 -11.0654921663902 -11.9356460499367 -13.1322787542507 -14.57150082606 -16.8646321773747 -14.7472407039803 -15.1894889062594 -17.5014066092085 -15.8810398062395
-9999 -9999 -9999 -9999 -9999 -9999 -9999 -9999 -9999 -9999 -9999 -807.644856100267 -610.363702358671 -399.23551825469 -240.112518365721 -141.34975295543 -90.7177586364478 -54.5285615113089 -39.4228865898279 -36.1025194244264 -38.1416561888557 -47.6657966577216 -58.1803798295896 -73.9879200129387 -102.55618173617 -135.359755727828 -180.549749118744 -234.055950631397 -291.818707649854 -355.525318292746 -384.419466341799 -327.314347972221 -243.58617078778 -155.11058915298 -80.4289289858817 -41.6395721947684 -21.3249734012399 -11.2755689677818 -10.4248383939958 -10.8426637112455 -11.3980447826409 -12.6583691946299 -13.1314136358202 -14.259711472005 -14.5014135034774 -13.6117129983595 -13.1553532735584 -13.749170250019 -14.6160310415706 -14.9317162195178 -12.9100112428819 -11.6627839698915 -11.6747698799439 -13.5295249360587 -17.7985848089716 -15.8165046464401
-9999 -9999 -9999 -9999 -9999 -9999 -9999 -9999 -9999 -9999 -745.93865267088 -527.088147200178 -333.301394231552 -249.557741488135 -198.451048786095 -136.827450085096 -86.4581999993508 -54.9159485688161 -45.4259864702345 -47.3614140806602 -54.9165572489224 -71.5996861097734 -90.8502625599332 -115.382280870871 -150.515911899161 -195.181594695158 -250.395326093487 -313.108201199977 -375.526585727592 -426.616440094196 -438.147435184991 -365.907923484995 -264.559110690366 -166.450645740151 -90.4049829163271 -47.5239373220662 -26.5172319429118 -14.3893929765931 -10.8874519932373 -11.4385041446476 -12.4077429708229 -12.8200751594037 -13.2579153427639 -14.0602673896335 -15.8891414505897 -16.0423920442915 -16.7470059015297 -17.1800041555517 -16.5868323172856 -14.4374608547491 -12.3794405012162 -12.9184309033466 -13.9761093835511 -16.4716996492818 -20.8794370426365 -17.6260051328072
-9999 -9999 -9999 -9999 -9999 -9999 -9999 -9999 -9999 -9999 -474.156829056442 -274.037202111797 -176.792975531581 -155.590465703614 -155.745096688214 -144.229512261991 -105.05410549149 -75.3779313644855 -66.4217344966991 -76.1581370242449 -87.4184021259788 -108.612347520175 -135.041369956097 -166.400031927511 -213.011818199391 -266.240107433763 -328.284843316616 -397.3489542808 -456.554596562625 -498.224321747074 -501.39678499134 -402.269100817965 -285.70855976201 -182.561102725917 -101.209536776929 -54.8880758869997 -37.0202532572196 -23.8680079789956 -17.7872211345639 -14.248601774663 -13.1697441384247 -12.8761887338403 -13.3746579848212 -13.7993236659378 -14.6012928675524 -16.5046691445217 -17.438315875426 -17.3932948110422 -17.6047532145911 -18.7551485243897 -18.8582423419736 -21.8391292542631 -23.9014965130855 -25.8364466950981 -30.3150882592769 -21.5865628068372
-9999 -9999 -9999 -9999 -9999 -9999 -9999 -9999 -550.742590099767 -396.316688326057 -252.271558026906 -169.443546795191 -112.370276612956 -102.306960359341 -127.303268887014 -157.331521968307 -134.829593741451 -105.912309041197 -100.678767038895 -121.607569306851 -145.790787728747 -165.817175963059 -188.887644233637 -223.911446416715 -280.825792761979 -348.848010732097 -414.71273399609 -480.481978540444 -534.194340872454 -558.964900279731 -540.082721596674 -434.477490617118 -311.306124417544 -201.764686375782 -120.317209271118 -71.6489868163468 -47.4356228592794 -34.907853021748 -28.3377928506438 -24.7199662855247 -22.9950880686122 -22.0853352054806 -22.1494072024436 -22.5940329540497 -23.7956943139162 -25.7962281567123 -29.2754740688795 -33.5626480122132 -37.3466896357735 -38.0418299830538 -39.7731159148895 -40.5767380961925 -43.2002721426297 -44.0784073376551 -42.886438894905 -25.0537346854557
-9999 -9999 -9999 -9999 -9999 -9999 -9999 -9999 -393.208359284163 -245.254435269673 -125.082035355444 -83.6466576159977 -69.7620264896205 -84.3620311503549 -106.512141485176 -136.311681774861 -163.319407375674 -145.863690028723 -146.057044014859 -182.213538634725 -220.877032401946 -241.425170891936 -260.52086808374 -295.801607596538 -363.84140207874 -437.644202486075 -456.386320237263 -476.031501909477 -476.437826428566 -464.264164191509 -452.354259878545 -434.812180888338 -334.936038035265 -229.277309700275 -146.35685419084 -96.392435528454 -68.6687967699546 -50.2146299427681 -42.5947263656484 -39.3906607800079 -38.5561787650823 -39.6219454930223 -40.646473967761 -43.226056787595 -47.3657055749856 -49.927259825064 -54.7283547418458 -59.3593044929689 -65.85989901117 -72.7651159365078 -75.3264232768199 -75.465441458646 -71.5048369720048 -65.9326927673751 -61.5351415496524 -33.1368706270044
-9999 -9999 -9999 -9999 -9999 -9999 -9999 -403.335823204269 -295.939051619207 -161.49487722313 -75.3285284859227 -55.9966673585357 -55.9693433978016 -66.3433708650452 -84.9064716715897 -119.689282772519 -139.246569651649 -169.047165180009 -190.777594543562 -240.498647067956 -281.843552287093 -298.273908892719 -318.404006352836 -329.267488342366 -346.774967144372 -367.720221971784 -370.921330305518 -370.047732403008 -370.341726115578 -366.653189838896 -363.598440987547 -350.721242555922 -337.306713923354 -255.236120108472 -179.262178425255 -130.360313808055 -97.6218334762834 -76.1437473099292 -66.398550511337 -64.9928203271432 -65.146745816269 -71.1777000008634 -77.9827843833636 -83.9457661013964 -89.9273093967985 -94.6366761600435 -100.407380305578 -107.507722760505 -116.687062597492 -121.816767684094 -120.041958443046 -117.56140026396 -106.772769533578 -95.0681291466383 -84.5526365920489 -42.1157833920851
-9999 -9999 -9999 -9999 -9999 -9999 -9999 -329.871737928387 -197.196519821909 -85.9695927602015 -47.6532643784927 -48.6437378161137 -54.1856219759424 -56.6998781378366 -68.0685966697363 -93.5560848991751 -113.737260700017 -139.290670565447 -158.09529293088 -190.492577319474 -222.830728630281 -242.151452731443 -262.231937341304 -264.452914142464 -266.53636204324 -279.422696592622 -280.596677345108 -290.805911174141 -286.66079385468 -271.822813968607 -270.180303998044 -264.357030569799 -269.320089423153 -267.877840667967 -213.431560477857 -168.646852810219 -137.851329079481 -114.991641669018 -107.227826469955 -110.036729795879 -113.411313793718 -126.407220695456 -136.358929464372 -148.545623545844 -162.845868621223 -169.652295993368 -179.890094956044 -190.718025044512 -201.633315058574 -197.41748064139 -181.352940903562 -160.699295074667 -143.627316785672 -128.544664114404 -111.574465785254 -60.0240567585465
-9999 -9999 -9999 -9999 -9999 -9999 -346.586398456422 -231.434241338443 -118.810462497834 -51.8862347512688 -44.7373707453455 -49.8147132668477 -54.1805336189561 -51.8473222829383 -56.794746647485 -77.1098875685705 -89.1747868819777 -107.293050499372 -124.684728968224 -152.68798267862 -182.555552107876 -194.167447265191 -203.070049680391 -204.784794443194 -213.645475864032 -219.938581505788 -223.740669019955 -221.424151414185 -216.748566275816 -218.655422730333 -214.251728607125 -215.180051845153 -214.072592302656 -214.105473513873 -222.177961686247 -205.280765576552 -181.984927571372 -168.908705925531 -164.354113280143 -170.03959131325 -183.371833515244 -199.144497124323 -219.727779860443 -239.138191603276 -230.590250595194 -209.708530527438 -198.283596883539 -185.829782530739 -176.453180913493 -165.205293703897 -151.107448418928 -136.094941176661 -117.868427193258 -104.893618412151 -100.671839799284 -82.3331405755027
-9999 -9999 -9999 -9999 -9999 -9999 -268.795422960968 -161.103143990008 -78.086984908238 -31.4139334666528 -39.1912826382502 -48.3284291940526 -48.8013205794963 -44.0749072621616 -45.4415038713033 -57.1250661840934 -71.6926179013871 -86.1435822477262 -96.8396910799149 -114.398756999475 -134.928273131402 -144.653028632492 -152.464315483739 -153.143639569584 -155.661633762434 -161.767043080305 -162.562474598723 -164.094705557789 -162.630155926115 -161.557158086196 -163.669750915604 -164.021951644597 -167.867315062242 -170.790869451124 -175.012511816894 -181.463198615545 -186.140410369687 -194.162128598346 -198.382044158924 -198.269119791215 -202.064225417475 -196.898898220829 -192.479031627828 -184.81643089374 -169.88978558861 -158.308380735172 -148.685860988171 -142.876538968927 -136.484078838 -125.554989401136 -116.629282512954 -103.990381774462 -93.6533267789561 -86.1117563333027 -80.9378731077511 -79.0641567959063
-9999 -9999 -9999 -9999 -9999 -9999 -221.701322412025 -127.492509262626 -55.5540265976587 -20.5267245760918 -25.9283159164038 -37.343099679387 -40.3071923802743 -37.3564535504805 -37.3878592489874 -47.6121071296843 -54.67911150265 -67.0797071504581 -75.8098813960765 -89.7870723035888 -104.840006963688 -112.513662947545 -118.553425980998 -120.065640352435 -125.091224940456 -128.392622053866 -129.39763382548 -126.4473102983 -125.872044405552 -129.449236679907 -129.083035068952 -133.291101800658 -134.663735537854 -138.078445259843 -144.468500711435 -146.538299243488 -151.804450958116 -152.726457075114 -155.900186769399 -157.072627999524 -154.866116849458 -154.140803337033 -145.32157294661 -138.654658539992 -130.18357017161 -122.65234171283 -118.288368531765 -110.095595383396 -104.527146688004 -98.6342114526412 -90.2947457025871 -85.0778517571764 -77.489752451905 -70.7722945989017 -68.8746020585218 -66.6814806174148
-9999 -9999 -9999 -9999 -9999 -9999 -9999 -95.9525438910666 -41.2247950413037 -14.3967545408031 -17.8550714427616 -27.8576630441617 -31.0427589183171 -29.9595773290759 -29.2170305664507 -34.4698630855818 -41.6129366803016 -51.1417794452959 -59.0216767695125 -68.8328584222213 -80.9053593771283 -88.413591527967 -92.553167776714 -93.9571210473757 -95.1492309450162 -97.5136432314403 -96.2965492257511 -95.5384334482139 -93.4522293537923 -95.2130596718298 -97.9794696478919 -99.6889230596834 -103.526193527582 -105.985208279344 -108.349324817818 -112.559754775612 -114.006259659437 -116.563999313696 -116.936215808008 -113.735783122227 -112.721782678774 -107.494172746775 -102.88711426966 -97.4832380691474 -90.954945410871 -87.7240066195143 -81.822401535791 -78.541335998148 -74.9723748185654 -69.3760837926477 -65.4675613818259 -60.768387461517 -57.9237575184029 -54.8932321590985 -52.2755891355336 -52.6121406835595
-9999 -9999 -9999 -9999 -9999 -9999 -9999 -9999 -32.5384321619794 -11.504255262243 -16.1291275497269 -22.7343793649655 -25.0395813952841 -24.8317411931118 -24.1096031250473 -27.810479794255 -33.1607695617765 -41.9511077189736 -49.1905319833846 -56.7487416285788 -65.6551678725083 -70.4583802586308 -73.7524688674093 -74.6316963253857 -75.7143754103409 -75.4533447132886 -75.0283656437035 -72.3358714580078 -68.0888318874031 -71.2867009865029 -73.0509941909335 -76.7192082482592 -79.5695699541458 -82.5640456474429 -85.6001848619656 -87.2971673637997 -89.5607289665498 -89.708128432395 -90.0128356948323 -88.3039540617103 -84.3390845469027 -81.3014487048379 -75.4006406559759 -71.1201732348369 -67.2120983430229 -62.1399155584 -60.4409166622354 -56.8992795669988 -56.4071896517853 -54.6203086135619 -52.8670044306923 -49.0510389627171 -45.5965954171097 -42.054204327543 -41.1040619000936 -40.4512020120328
-9999 -9999 -9999 -9999 -9999 -9999 -78.970533387682 -46.9556460694943 -27.2434975818587 -11.5217820579794 -17.3964534652619 -21.879041140586 -21.6006680820193 -20.4669507787704 -18.7476929163341 -20.8023027892769 -26.0643471036747 -33.5161294486479 -39.4448391990444 -43.4070543308886 -47.9346260306401 -51.597483744562 -55.6903828298003 -57.490438272484 -56.6758035164958 -55.9550636020775 -53.1553908344346 -50.5439545389135 -47.6171368579439 -47.6280207649905 -50.2213590287666 -52.4974772784491 -55.8719439583506 -58.7205121289759 -61.9631271339472 -63.8220593248259 -64.0092503605192 -64.6582439034482 -64.2020960490988 -61.6329659908216 -59.6636473735753 -55.5888863582284 -52.0994548607378 -50.3062761495689 -49.6161731797254 -50.4649399545508 -50.3413146806311 -51.0247056743757 -50.6843724181969 -48.4417235561242 -46.8228506367534 -42.9628875358266 -39.77375891767 -36.692542119437 -33.8776508449221 -33.0604940022229
-9999 -9999 -9999 -9999 -9999 -72.8244085130114 -45.0708676530908 -35.1073163905234 -16.569275109952 -15.6581440990284 -25.397829094701 -23.3011175023873 -19.9302356123812 -18.0423309979101 -16.4922955764707 -16.4202234091034 -20.2734302177318 -26.0958269034582 -30.3520160139347 -33.4396794917039 -34.6755433065314 -37.5376704738849 -39.8315547507683 -40.7019943958795 -40.0175916126218 -38.1312162142157 -36.3607231423891 -33.9065487201353 -31.7793690007857 -31.4087691578639 -32.4905172582097 -34.642705859594 -36.762901210612 -39.0703952616074 -43.0004883414681 -45.6589890499162 -46.5275772144702 -45.8320085083601 -45.1597788820682 -43.8180930336527 -42.9305742199121 -42.9179107289618 -42.8759267369023 -43.8058124457504 -44.1595161474538 -45.7525406661802 -45.7087555440172 -45.4385795335988 -45.0419546591197 -43.6205319434856 -41.8974399284694 -38.4335360179088 -34.719394435328 -32.1442998794682 -30.6533030184603 -30.1396717620722
-9999 -9999 -9999 -9999 -9999 -44.533667027907 -31.948039677126 -22.9140599831099 -17.2038862536283 -21.7958147306978 -27.4553470879304 -27.2237529776729 -21.8118871495058 -17.6687470264521 -14.5870977940516 -13.3851084004413 -15.5395152852841 -19.5546435188096 -22.5892527465386 -23.1408219814731 -24.0117871915497 -25.5535463887596 -26.845821586265 -27.3385954570774 -26.0623642762761 -24.8447659114836 -23.1602760105855 -21.6689971649127 -20.4781175334738 -19.5449846888802 -19.9810099616693 -21.2792800317693 -23.2117741383844 -25.087398015221 -27.3236898431782 -30.0066477080469 -32.0156035191259 -33.0012782496974 -32.6117716889524 -32.3670253611804 -33.4102194967682 -33.9130972644094 -35.3579215722204 -36.8313851940475 -37.4138915167042 -38.7517295789025 -38.6202520086361 -38.8211468717204 -38.466151542844 -37.0669390003399 -36.0396986730142 -33.3256713621325 -31.1542368208095 -29.3256367300998 -27.9082891360339 -27.9705231111174
-9999 -9999 -9999 -9999 -9999 -9999 -30.1381602418161 -18.3152827788912 -21.5799399598982 -30.4846179512298 -36.2508393553571 -35.8308486016527 -29.0755708475209 -22.2909901418481 -16.8648250306314 -13.864294587217 -13.1774438415639 -15.191921828785 -16.205759049218 -16.1391294756078 -16.7687384208948 -17.0922776082213 -17.2164020672875 -16.800680002362 -15.9096375742609 -15.1375061507494 -13.7978186765504 -12.5849211499448 -11.7459138311144 -11.3380299067846 -11.5533592022177 -11.807429826053 -13.0172180894088 -14.1429397524955 -15.7139921301203 -18.1740798495722 -20.5987721291427 -23.6466485944347 -23.4076436253683 -23.3518669608437 -24.9596719073002 -25.5205306601272 -27.1996644446221 -28.8773293915812 -29.5208721753904 -31.3604625260882 -30.7445312183752 -31.0181348697547 -30.8172461239135 -29.9665908166585 -30.1966167159831 -28.2430571165391 -27.428438371866 -26.6217525246598 -25.8231373268041 -26.2813242430879
-9999 -9999 -9999 -9999 -9999 -9999 -30.1903494062442 -17.8882175414787 -22.0930169085549 -40.2092885150181 -52.255868427518 -49.2352709897142 -41.3854203257722 -31.6697457278574 -22.5282320243715 -16.6477085926943 -14.1743623729135 -13.866972626731 -13.4417148544113 -13.0278970441514 -12.9354303443107 -12.6034284244709 -11.3993044626274 -10.6121950551513 -10.0196203238214 -9.50698725795534 -8.30314614141109 -7.0437443225826 -6.54696496344212 -6.48970945637458 -6.80673016659021 -6.9283868682807 -7.29973754573954 -8.13652931973267 -9.51360385849957 -11.7155907610429 -13.9069351733463 -17.0729110942495 -16.9622258385595 -16.8580193087258 -17.6237999725837 -18.3791367897335 -19.7351992084007 -21.0927411198965 -21.9080151181067 -22.9329078188672 -22.9907249294233 -23.1339057907452 -23.0998685727117 -22.8097217120333 -23.0244519220699 -22.9911080853611 -23.6155812803813 -23.9551678318688 -24.3232288321008 -25.640300638645
-9999 -9999 -9999 -9999 -9999 -9999 -31.7236083924497 -23.7107810634018 -20.1870709014174 -42.4496392399629 -65.8070245355484 -61.6769728484561 -52.0898660524715 -44.0598460723435 -31.1260575943583 -21.907159756276 -15.0667956667616 -13.6160751887452 -12.325690897605 -10.6683284024878 -10.5601397332102 -9.31021338437149 -8.34529654464127 -7.22423826768749 -6.1990148386858 -6.03635183757756 -4.86039786392074 -4.00827867125837 -3.56801776815719 -3.37047162985277 -3.69288891924481 -3.481614025541 -3.61875388999287 -4.0156725612631 -4.80969925592391 -6.67474228096734 -8.07110555712875 -10.6728311421237 -12.4777306165899 -11.4788813360136 -12.0844830989315 -12.0501870908494 -13.2291825174722 -14.2610837485668 -14.5567797454182 -15.8433723242545 -15.7375004057011 -16.2597782130168 -16.536289374045 -16.4742340643559 -17.326578884814 -17.9941625029038 -19.7667265622105 -21.0376335562403 -22.2008318658742 -24.6497307114507
-9999 -9999 -9999 -9999 -9999 -9999 -9999 -9999 -33.6432964601471 -35.8940332750804 -64.7469394612798 -70.6128634323262 -62.6125012412946 -53.6885199025985 -40.5361054437971 -26.754144068405 -16.2457001962823 -12.3022753212608 -11.5285753103175 -9.79747846830946 -8.60569782598737 -8.02693478120893 -7.68370301498049 -6.80961605234335 -5.49047371646515 -4.55493699470116 -3.89759892628522 -3.39620686593531 -3.04424797836023 -2.59216932025809 -2.30772027352294 -2.09410497455277 -1.84529724688803 -1.84325669089294 -2.2409665389492 -3.16918987605679 -4.27184015200828 -5.89261828344682 -8.3005387332977 -9.4577628823116 -8.77295316112987 -8.62022741193281 -8.89410713785667 -9.40948706134187 -9.94993753522131 -10.6069632209468 -10.992696843765 -11.3715213751069 -11.8461132382853 -12.5070272916333 -13.4423731821784 -14.552022359753 -16.2639314294125 -17.9912649845626 -19.9410944247559 -22.4947233519291
-9999 -9999 -9999 -9999 -9999 -9999 -9999 -9999 -36.321451083701 -30.4932249758146 -54.6060048208705 -67.3933986399609 -69.3504878606628 -59.8134555005238 -46.2914316069012 -30.4116479224027 -15.8683346637355 -10.5810311061751 -10.3868913259713 -8.03162284484805 -7.37043007798495 -7.24226588643998 -8.17685717670719 -7.73727253646723 -5.79296681010324 -4.68189460837343 -4.27888487663999 -4.34161306576193 -4.05951483818892 -3.30602684556781 -2.63695962230861 -2.34311649628142 -1.98724587456574 -1.61850401593164 -1.41390167777207 -1.52468189942248 -2.00200047813553 -2.82003360265396 -4.31225943019202 -6.47817810456424 -7.72181003284823 -6.82697268019269 -6.55462865601697 -6.56652584399462 -6.61264575939125 -7.18684135492848 -7.4606012861623 -8.00290901087499 -8.63569027545571 -9.39933735379359 -10.5274790854823 -11.5207201085048 -13.189620260905 -15.047414522763 -17.3161983429929 -20.281545662978
-9999 -9999 -9999 -9999 -9999 -9999 -9999 -9999 -9999 -30.3106047426172 -29.4457881240132 -50.1789022542248 -68.5494101583763 -64.5623233398652 -49.5556774777128 -31.0702000951413 -15.5029125484893 -8.50413820438603 -8.58289876095274 -7.34117376087651 -6.64209102761546 -7.44913249747536 -8.82331519074707 -8.76113360432395 -7.10290819793609 -5.78214561109361 -5.62880794904024 -6.00739229731487 -5.84337938842884 -4.9847571047173 -4.23447590208339 -3.8053194231252 -3.57344005933033 -2.94504342064934 -2.13399972238881 -1.6480356535453 -1.45551033208837 -1.64169282958273 -2.2563837733308 -3.42463975539155 -5.20461807875806 -7.20542772615925 -6.55318698737066 -5.81373767038384 -5.51428581784235 -5.54590951241977 -5.82191674020866 -6.21598785888332 -6.8561635694327 -7.86431350101172 -8.92180977234612 -9.97675796673423 -11.1376749386299 -12.8229810305111 -15.3663720774807 -18.2440038222305
-9999 -9999 -9999 -9999 -9999 -9999 -9999 -9999 -9999 -9999 -26.5330224234259 -41.9836459793058 -64.3570878870202 -65.3699618240077 -49.859260733572 -30.4355915023476 -13.7254898274513 -6.13427478242839 -6.29910942177583 -5.96765752771704 -6.3305535850398 -7.57920288379284 -9.49143183928546 -9.86805779806825 -8.46570495792854 -7.38017161216782 -7.44674690221311 -8.04958204818908 -7.97296950799925 -7.36516021304382 -6.66193724762104 -6.22516720734781 -5.92799515234603 -5.24197280245203 -4.33789973167072 -3.49034491161314 -2.78646743572659 -2.23845399270209 -2.10123967138714 -2.48628107346578 -3.2598012570554 -4.37653385209656 -4.74739510412509 -5.3198756081895 -5.3833067579065 -5.20457423010458 -5.22442880685331 -5.59605194441733 -6.08901546863187 -6.42781969613443 -7.11493945732661 -7.87016699711618 -8.92404772427071 -10.7172074333712 -13.4462173549668 -15.9951896635134
-9999 -9999 -9999 -9999 -9999 -9999 -9999 -9999 -9999 -9999 -9999 -50.5761952244347 -59.5025397276232 -65.2499808660534 -50.4007926212746 -29.3949318736426 -13.4783920052565 -4.38832616178268 -3.81259490164598 -4.84202214237857 -6.53890922308737 -8.01216025753054 -9.7387229603677 -10.341769411407 -9.85079097374668 -9.44373148440027 -9.50583847319591 -9.96540014967511 -10.0203505197035 -9.76151101906866 -8.58742433672994 -7.3208429846778 -6.0150661599865 -5.0074245807662 -4.09554087322705 -3.40898568967394 -3.09821359937891 -2.95763610989018 -3.34104750398354 -3.05980182961139 -3.05731036541117 -3.48866143739725 -2.94433334706522 -2.83773344851597 -3.33056377503407 -3.93110273465347 -3.83358880892232 -3.84505233242172 -4.0091948738701 -4.38841091230996 -4.95657380284274 -5.68369414595201 -6.80808487250815 -8.25884030340271 -9.93370967075381 -11.7664339651588
