data/03_saidas_enm/CCSM_Maxent_0k_B.balansae1.asc
NCOLS 154 
NROWS 168 
XLLCORNER -112 
YLLCORNER -55.5 
CELLSIZE 0.5 
NODATA_value -9999 
[rows 75 to 99 of 168, columns 56 to 111 of 154]
-9999 -9999 -9999 -9999 -9999 -9999 -9999 -9999 -9999 -9999 -9999 0.0239206608384848 0.0782730355858803 0.188920259475708 0.251403152942657 0.259690761566162 0.24301016330719 0.236255571246147 0.245937049388885 0.229278743267059 0.218849807977676 0.227455094456673 0.230952858924866 0.231228590011597 0.23657900094986 0.240704536437988 0.247573792934418 0.255067825317383 0.259168744087219 0.261091709136963 0.267133712768555 0.276894986629486 0.291556239128113 0.302238941192627 0.309662669897079 0.318401217460632 0.321003824472427 0.324497759342194 0.323754638433456 0.319347113370895 0.316969245672226 0.313446432352066 0.309003502130508 0.302307456731796 0.295415103435516 0.291407972574234 0.276195913553238 0.260844528675079 0.243990868330002 0.226194873452187 0.208613604307175 0.195055454969406 0.181016802787781 0.172322928905487 0.168210789561272 0.166367471218109
-9999 -9999 -9999 -9999 -9999 -9999 -9999 -9999 -9999 -9999 -9999 0.0286688897758722 0.0759476646780968 0.172468051314354 0.21060536801815 0.221267446875572 0.208687797188759 0.186224415898323 0.203207805752754 0.218682214617729 0.224546045064926 0.235222414135933 0.242002710700035 0.238672107458115 0.237555533647537 0.234224244952202 0.242570042610168 0.252232789993286 0.261455655097961 0.26962885260582 0.276849806308746 0.288055628538132 0.302012801170349 0.31365168094635 0.321388125419617 0.330065101385117 0.338226556777954 0.343938738107681 0.346208482980728 0.345072060823441 0.34214049577713 0.340649008750916 0.336823850870132 0.328984171152115 0.324104845523834 0.322837263345718 0.322523951530457 0.306349843740463 0.289575934410095 0.270858258008957 0.255236774682999 0.238987445831299 0.224579036235809 0.218369334936142 0.218456715345383 0.222825989127159
-9999 -9999 -9999 -9999 -9999 -9999 -9999 -9999 -9999 -9999 -9999 -9999 0.0628988519310951 0.116655752062798 0.165313974022865 0.184603974223137 0.153718709945679 0.112415358424187 0.111735880374908 0.152183189988136 0.208294346928596 0.232157573103905 0.248111218214035 0.250488102436066 0.246695727109909 0.242328613996506 0.245602980256081 0.25186550617218 0.258797377347946 0.264788150787354 0.272651135921478 0.288459569215775 0.307251662015915 0.321446001529694 0.329967141151428 0.339287042617798 0.350632578134537 0.362562119960785 0.368438392877579 0.369497299194336 0.369076102972031 0.36827540397644 0.367600351572037 0.364439249038696 0.357170075178146 0.355132728815079 0.355186223983765 0.352593541145325 0.336678355932236 0.320364892482758 0.306905210018158 0.292922139167786 0.281914293766022 0.27717587351799 0.277443885803223 0.279869645833969
-9999 -9999 -9999 -9999 -9999 -9999 -9999 -9999 -9999 -9999 -9999 -9999 0.0503455959260464 0.0693856105208397 0.115923091769218 0.172441408038139 0.117055505514145 0.0605065785348415 0.0571761429309845 0.0900322571396828 0.153957694768906 0.212192058563232 0.245322331786156 0.271517902612686 0.263721585273743 0.25746563076973 0.253478020429611 0.254442662000656 0.258596420288086 0.261351972818375 0.265841990709305 0.279423326253891 0.29312738776207 0.306765615940094 0.319831967353821 0.331354439258575 0.34193617105484 0.353276908397675 0.369697213172913 0.386458426713943 0.397369891405106 0.398573160171509 0.403670966625214 0.40176323056221 0.394926369190216 0.39241424202919 0.387827813625336 0.388000041246414 0.383282572031021 0.370829105377197 0.360528022050858 0.3531374335289 0.346728593111038 0.343059092760086 0.338848322629929 0.338837295770645
-9999 -9999 -9999 -9999 -9999 -9999 -9999 -9999 -9999 -9999 -9999 -9999 -9999 0.0534343607723713 0.0775498747825623 0.102150924503803 0.0817355290055275 0.0522070378065109 0.0505102872848511 0.0624211393296719 0.0851657018065453 0.122164435684681 0.201882660388947 0.282189011573792 0.284655779600143 0.27517557144165 0.26994726061821 0.262141615152359 0.259745389223099 0.262782424688339 0.264487326145172 0.27509132027626 0.284757673740387 0.295994520187378 0.308001041412354 0.317512661218643 0.333167761564255 0.34586364030838 0.362394243478775 0.377543926239014 0.402107447385788 0.423481643199921 0.428853869438171 0.428618401288986 0.423828572034836 0.41949275135994 0.415409415960312 0.417608469724655 0.411698430776596 0.414896041154861 0.417937517166138 0.408442944288254 0.39570289850235 0.389113813638687 0.385089695453644 0.387014359235764
-9999 -9999 -9999 -9999 -9999 -9999 -9999 -9999 -9999 -9999 -9999 -9999 -9999 0.050556231290102 0.0571577101945877 0.0715674161911011 0.0588240660727024 0.0474149696528912 0.0517600476741791 0.0588245578110218 0.0628402605652809 0.0657181292772293 0.0822927504777908 0.120715618133545 0.146995440125465 0.286250978708267 0.291954457759857 0.279142022132874 0.268532902002335 0.275812894105911 0.269794017076492 0.284684807062149 0.288862347602844 0.296636641025543 0.306175768375397 0.307786822319031 0.332133263349533 0.347767412662506 0.362936198711395 0.373396039009094 0.384847790002823 0.426101058721542 0.444473892450333 0.446757465600967 0.444744735956192 0.440943658351898 0.441493153572083 0.414414048194885 0.406450212001801 0.426054060459137 0.440632164478302 0.433042526245117 0.425048649311066 0.418889760971069 0.412826865911484 0.414241433143616
-9999 -9999 -9999 -9999 -9999 -9999 -9999 -9999 -9999 -9999 -9999 -9999 -9999 -9999 0.0561828874051571 0.0391889065504074 0.0429433211684227 0.0547360070049763 0.066276989877224 0.0657325759530067 0.0613301768898964 0.0554940290749073 0.0511120446026325 0.0525232329964638 0.0595346912741661 0.0714185535907745 0.0984283313155174 0.226374968886375 0.300353020429611 0.301298946142197 0.296802133321762 0.298757970333099 0.307892382144928 0.316976875066757 0.324486613273621 0.32993072271347 0.351597994565964 0.372986108064651 0.387867778539658 0.391350775957108 0.395045250654221 0.417434900999069 0.44271382689476 0.459439069032669 0.458682626485825 0.462745070457458 0.456952005624771 0.423447042703629 0.415614247322083 0.430236995220184 0.447440415620804 0.453763961791992 0.445211708545685 0.43984392285347 0.43595939874649 0.433316618204117
-9999 -9999 -9999 -9999 -9999 -9999 -9999 -9999 -9999 -9999 -9999 -9999 -9999 -9999 0.0535324588418007 0.0284258369356394 0.0397772081196308 0.0654930248856544 0.0809388607740402 0.0668619275093079 0.05740075558424 0.0414805002510548 0.0307895224541426 0.0277866665273905 0.0299750864505768 0.0393561348319054 0.0434080809354782 0.0659554228186607 0.112698957324028 0.178751200437546 0.290189146995544 0.297850668430328 0.30710032582283 0.312662810087204 0.316762208938599 0.325590521097183 0.332585155963898 0.347529202699661 0.368272751569748 0.391721934080124 0.412456274032593 0.426182210445404 0.42578911781311 0.43628266453743 0.461048424243927 0.471098721027374 0.459530472755432 0.435954391956329 0.431413650512695 0.445027738809586 0.453018546104431 0.462510824203491 0.464584290981293 0.457283318042755 0.452057629823685 0.434965252876282
-9999 -9999 -9999 -9999 -9999 -9999 -9999 -9999 -9999 -9999 -9999 -9999 -9999 -9999 -9999 0.052182924002409 0.0625162199139595 0.0776975899934769 0.0765863209962845 0.0593806430697441 0.0385174751281738 0.0291812382638454 0.021861532703042 0.0184841994196177 0.0174987707287073 0.015837199985981 0.0190028436481953 0.0234837252646685 0.0328413285315037 0.05327283218503 0.124923601746559 0.281155556440353 0.312490403652191 0.324592560529709 0.315819084644318 0.305559307336807 0.313178181648254 0.323264062404633 0.336076140403748 0.347617983818054 0.367291212081909 0.411398142576218 0.431360900402069 0.424031138420105 0.442841202020645 0.461731970310211 0.466374933719635 0.464071035385132 0.465592086315155 0.471294462680817 0.476095914840698 0.47698649764061 0.474427580833435 0.474797457456589 0.463013857603073 0.435550034046173
-9999 -9999 -9999 -9999 -9999 -9999 -9999 -9999 -9999 -9999 -9999 -9999 -9999 -9999 -9999 0.0357057563960552 0.0733434334397316 0.114712826907635 0.092665396630764 0.0575234442949295 0.0341948792338371 0.037210289388895 0.0298919044435024 0.0236574597656727 0.0187083035707474 0.0110867246985435 0.0147438840940595 0.0167348086833954 0.0205530021339655 0.0373252369463444 0.0702906847000122 0.160223484039307 0.32376891374588 0.349802941083908 0.339751690626144 0.307989358901978 0.314819723367691 0.314014762639999 0.313907325267792 0.310748636722565 0.316329121589661 0.382717132568359 0.44181814789772 0.413034528493881 0.429813206195831 0.458460807800293 0.473718136548996 0.491213291883469 0.499658823013306 0.499093443155289 0.490097314119339 0.489537537097931 0.485292166471481 0.484019815921783 0.468270808458328 0.451215893030167
-9999 -9999 -9999 -9999 -9999 -9999 -9999 -9999 -9999 -9999 -9999 -9999 -9999 -9999 -9999 0.0417956411838531 0.0609252266585827 0.109443552792072 0.134675860404968 0.096731424331665 0.0849084034562111 0.0767722204327583 0.0718289986252785 0.0628208294510841 0.0447600074112415 0.0376591347157955 0.0273418854922056 0.02184091322124 0.0227658450603485 0.0310442894697189 0.0461650267243385 0.0777160376310349 0.283003032207489 0.394620001316071 0.387190103530884 0.366216868162155 0.350089132785797 0.330707490444183 0.319737434387207 0.308018535375595 0.313867568969727 0.381969124078751 0.449303090572357 0.408897757530212 0.414257138967514 0.443807572126389 0.477525979280472 0.508752644062042 0.515346348285675 0.492872774600983 0.470654517412186 0.457183361053467 0.449114084243774 0.44875630736351 0.440044164657593 0.428753256797791
-9999 -9999 -9999 -9999 -9999 -9999 -9999 -9999 -9999 -9999 -9999 -9999 -9999 -9999 -9999 -9999 0.0503737516701221 0.068165011703968 0.119817428290844 0.200595036149025 0.108695596456528 0.0819488689303398 0.0751248002052307 0.0857300087809563 0.0834284424781799 0.0716401413083076 0.0514776520431042 0.0356110781431198 0.0265355706214905 0.0263683833181858 0.0323122590780258 0.0497167743742466 0.13818670809269 0.325335949659348 0.413921266794205 0.421089947223663 0.404988765716553 0.374954700469971 0.362016439437866 0.352205783128738 0.346934497356415 0.417734026908875 0.439334511756897 0.404628247022629 0.413921535015106 0.441287189722061 0.485111653804779 0.509094774723053 0.495343118906021 0.469895422458649 0.450868219137192 0.441485643386841 0.42671811580658 0.426285982131958 0.419795453548431 0.406182944774628
-9999 -9999 -9999 -9999 -9999 -9999 -9999 -9999 -9999 -9999 -9999 -9999 -9999 -9999 -9999 -9999 -9999 0.0564769506454468 0.0799041613936424 0.137686029076576 0.179844692349434 0.161931276321411 0.116412356495857 0.0898715481162071 0.100930258631706 0.0972113236784935 0.0724736005067825 0.0501501522958279 0.0349494889378548 0.0261716675013304 0.0221532639116049 0.0372272618114948 0.0679375007748604 0.109000898897648 0.265835046768188 0.429647564888 0.443618148565292 0.439174830913544 0.435505777597427 0.437164455652237 0.466728150844574 0.480535745620728 0.438174039125443 0.424695432186127 0.439921468496323 0.469238102436066 0.488227188587189 0.471145629882812 0.457348823547363 0.449401170015335 0.438090622425079 0.438382118940353 0.446042746305466 0.453497737646103 0.444109886884689 0.439107358455658
-9999 -9999 -9999 -9999 -9999 -9999 -9999 -9999 -9999 -9999 -9999 -9999 -9999 -9999 -9999 -9999 -9999 -9999 -9999 0.068994976580143 0.0936336368322372 0.123180359601974 0.125675618648529 0.100934758782387 0.109215803444386 0.120877981185913 0.106149449944496 0.0810512378811836 0.0526638515293598 0.0349025651812553 0.0250404048711061 0.0326989069581032 0.0497312396764755 0.072660781443119 0.116379626095295 0.275479763746262 0.416540056467056 0.450048059225082 0.442367076873779 0.452475309371948 0.437071025371552 0.457423150539398 0.453630089759827 0.456994652748108 0.47711244225502 0.483974695205688 0.472991615533829 0.454893738031387 0.443605661392212 0.442124038934708 0.437640130519867 0.449364572763443 0.470142811536789 0.484541028738022 0.481474995613098 0.475370496511459
-9999 -9999 -9999 -9999 -9999 -9999 -9999 -9999 -9999 -9999 -9999 -9999 -9999 -9999 -9999 -9999 -9999 -9999 -9999 -9999 -9999 0.054201427847147 0.0657798796892166 0.0936315804719925 0.0970819070935249 0.090486153960228 0.11290580779314 0.125086024403572 0.10121288895607 0.0581697486341 0.045302826911211 0.0402218848466873 0.0376625545322895 0.0499366372823715 0.0788292065262794 0.118036366999149 0.186000466346741 0.406303733587265 0.45370677113533 0.47672975063324 0.490743577480316 0.49742516875267 0.498652994632721 0.491949111223221 0.488073110580444 0.480286657810211 0.474491059780121 0.470940381288528 0.465176731348038 0.456991672515869 0.460000902414322 0.475535929203033 0.496209502220154 0.508437275886536 0.508472919464111 0.505368828773499
-9999 -9999 -9999 -9999 -9999 -9999 -9999 -9999 -9999 -9999 -9999 -9999 -9999 -9999 -9999 -9999 -9999 -9999 -9999 -9999 -9999 -9999 -9999 0.0545439459383488 0.0893233045935631 0.0939496085047722 0.126529663801193 0.171345755457878 0.164582222700119 0.12268228828907 0.0762432888150215 0.0563872456550598 0.0450272224843502 0.0451164543628693 0.0573886819183826 0.0755439251661301 0.107359655201435 0.19036602973938 0.370971739292145 0.475348502397537 0.475429117679596 0.479371219873428 0.47762593626976 0.478048712015152 0.479693710803986 0.480192989110947 0.481609612703323 0.483525037765503 0.482753247022629 0.481664329767227 0.489379435777664 0.501901865005493 0.519166171550751 0.527008771896362 0.524276316165924 0.524283409118652
-9999 -9999 -9999 -9999 -9999 -9999 -9999 -9999 -9999 -9999 -9999 -9999 -9999 -9999 -9999 -9999 -9999 -9999 -9999 -9999 -9999 -9999 -9999 -9999 -9999 0.0623014196753502 0.130152225494385 0.189845114946365 0.193088129162788 0.217742517590523 0.177523538470268 0.0943473055958748 0.0688565000891685 0.0614618919789791 0.053762398660183 0.0492782033979893 0.075665570795536 0.113690167665482 0.16463765501976 0.391607403755188 0.476090729236603 0.477786213159561 0.465138524770737 0.467151284217834 0.47663339972496 0.480774313211441 0.487722247838974 0.48881521821022 0.494165331125259 0.502756595611572 0.509445071220398 0.525322377681732 0.537738621234894 0.540238678455353 0.53654271364212 0.53381359577179
-9999 -9999 -9999 -9999 -9999 -9999 -9999 -9999 -9999 -9999 -9999 -9999 -9999 -9999 -9999 -9999 -9999 -9999 -9999 -9999 -9999 -9999 -9999 -9999 -9999 0.0365385673940182 0.0738092660903931 0.169272348284721 0.28194671869278 0.294866174459457 0.271637886762619 0.21635140478611 0.158675849437714 0.101158238947392 0.0777769610285759 0.0647070482373238 0.0810404866933823 0.10417452454567 0.137050673365593 0.313814073801041 0.48816579580307 0.492238312959671 0.474786400794983 0.472400784492493 0.479250133037567 0.484914630651474 0.492708474397659 0.497536480426788 0.505637586116791 0.516915261745453 0.527377247810364 0.541059613227844 0.552186250686646 0.55298113822937 0.544829845428467 0.539313614368439
-9999 -9999 -9999 -9999 -9999 -9999 -9999 -9999 -9999 -9999 -9999 -9999 -9999 -9999 -9999 -9999 -9999 -9999 -9999 -9999 -9999 -9999 -9999 -9999 -9999 -9999 -9999 0.080384261906147 0.177594795823097 0.259088337421417 0.314889341592789 0.307984620332718 0.266052931547165 0.223774284124374 0.144950538873672 0.125558838248253 0.110218286514282 0.112554043531418 0.139399126172066 0.301555156707764 0.523934841156006 0.525763809680939 0.502470254898071 0.496269047260284 0.497198790311813 0.49986007809639 0.506386280059814 0.516911566257477 0.527059078216553 0.539148032665253 0.550924897193909 0.554951846599579 0.560053110122681 0.558201611042023 0.54768842458725 0.541300594806671
-9999 -9999 -9999 -9999 -9999 -9999 -9999 -9999 -9999 -9999 -9999 -9999 -9999 -9999 -9999 -9999 -9999 -9999 -9999 -9999 -9999 -9999 -9999 -9999 -9999 -9999 -9999 0.0627272799611092 0.144129127264023 0.218351855874062 0.305406481027603 0.336608856916428 0.346874505281448 0.325906962156296 0.264588087797165 0.190012529492378 0.139278754591942 0.132663801312447 0.151763319969177 0.295887142419815 0.531225204467773 0.556453883647919 0.542113721370697 0.534142553806305 0.523993134498596 0.519196152687073 0.525390923023224 0.538075983524323 0.547253668308258 0.557189524173737 0.563634514808655 0.560408055782318 0.556088984012604 0.553083300590515 0.547798752784729 0.545900106430054
-9999 -9999 -9999 -9999 -9999 -9999 -9999 -9999 -9999 -9999 -9999 -9999 -9999 -9999 -9999 -9999 -9999 -9999 -9999 -9999 -9999 -9999 -9999 -9999 -9999 -9999 -9999 -9999 0.138953387737274 0.189312696456909 0.270360291004181 0.333373039960861 0.395075231790543 0.410756021738052 0.367117762565613 0.273289918899536 0.176128730177879 0.147977143526077 0.167625889182091 0.295907497406006 0.521421432495117 0.577511787414551 0.586476385593414 0.581645727157593 0.558744609355927 0.535291373729706 0.547625601291656 0.560015797615051 0.565103352069855 0.57285612821579 0.575174689292908 0.563533842563629 0.54759806394577 0.544387876987457 0.548375964164734 0.552430868148804
-9999 -9999 -9999 -9999 -9999 -9999 -9999 -9999 -9999 -9999 -9999 -9999 -9999 -9999 -9999 -9999 -9999 -9999 -9999 -9999 -9999 -9999 -9999 -9999 -9999 -9999 -9999 -9999 0.138135895133018 0.172186300158501 0.264874011278152 0.355926722288132 0.423917800188065 0.393344163894653 0.413134157657623 0.30593603849411 0.193368583917618 0.163421824574471 0.182514384388924 0.291979193687439 0.464236170053482 0.550502836704254 0.55812281370163 0.585961759090424 0.60737806558609 0.593805313110352 0.58137047290802 0.569390654563904 0.566479206085205 0.57815420627594 0.581705808639526 0.568336069583893 0.551101565361023 0.547759234905243 0.551329493522644 0.560205161571503
-9999 -9999 -9999 -9999 -9999 -9999 -9999 -9999 -9999 -9999 -9999 -9999 -9999 -9999 -9999 -9999 -9999 -9999 -9999 -9999 -9999 -9999 -9999 -9999 -9999 -9999 -9999 -9999 0.146324381232262 0.181144461035728 0.261563181877136 0.401411533355713 0.375242680311203 0.346804678440094 0.379557490348816 0.294732838869095 0.184699967503548 0.169086471199989 0.193093225359917 0.252759605646133 0.398796558380127 0.518003523349762 0.534366726875305 0.552824676036835 0.565758109092712 0.572415053844452 0.619198381900787 0.57701700925827 0.564413249492645 0.58277153968811 0.595025300979614 0.574908852577209 0.559019505977631 0.555674195289612 0.560895621776581 0.567602396011353
-9999 -9999 -9999 -9999 -9999 -9999 -9999 -9999 -9999 -9999 -9999 -9999 -9999 -9999 -9999 -9999 -9999 -9999 -9999 -9999 -9999 -9999 -9999 -9999 -9999 -9999 -9999 -9999 0.145182147622108 0.223765999078751 0.334990292787552 0.447645843029022 0.390240579843521 0.363564014434814 0.351132124662399 0.258969306945801 0.175372689962387 0.175899431109428 0.198506459593773 0.221693694591522 0.387147486209869 0.511437177658081 0.52702659368515 0.535887658596039 0.535383105278015 0.5400470495224 0.59711229801178 0.619839310646057 0.597566425800323 0.59164172410965 0.588091552257538 0.579871773719788 0.573581457138062 0.573380291461945 0.577361583709717 0.583422362804413
-9999 -9999 -9999 -9999 -9999 -9999 -9999 -9999 -9999 -9999 -9999 -9999 -9999 -9999 -9999 -9999 -9999 -9999 -9999 -9999 -9999 -9999 -9999 -9999 -9999 -9999 -9999 -9999 0.143025040626526 0.272981345653534 0.398153007030487 0.466607630252838 0.404413431882858 0.381187081336975 0.335763156414032 0.214320540428162 0.174059957265854 0.177760854363441 0.204583317041397 0.213360488414764 0.39491480588913 0.510004878044128 0.523717224597931 0.530033349990845 0.526697516441345 0.529490113258362 0.546189188957214 0.610276818275452 0.626509487628937 0.60250723361969 0.582438290119171 0.589289426803589 0.590801656246185 0.591561615467072 0.596490859985352 0.598822474479675
