data/03_saidas_enm/CCSM_Gower_6k_B.balansae1.asc
NCOLS 154 
NROWS 168 
XLLCORNER -112 
YLLCORNER -55.5 
CELLSIZE 0.5 
NODATA_value -9999 
[rows 56 to 83 of 168, columns 63 to 125 of 154]
-9999 0 0 0 0 0 0 0 0 0 0 0 0 0 0 0 0 0 0 0 0 0 0 0 0 0 0 0 0 0 0.139108287075283 0.232229883501249 0.274543250198395 0.293873144150538 0.284130483916448 0.2727139434446 0.234016638795063 0.164833011181648 0.105398551809152 0.0078436164458866 0 0 0 0 0 0 0 0 0 0.133748665034088 0.344871962193432 0.454285489462107 0.518076137149055 0.545868169794894 0.465381294635158 0.391919434903577 0.333788236369719 0.300107421513808 0.265864198264821 0 0 0 -9999
0 0 0 0 0 0 0 0 0 0 0 0 0 0 0 0 0 0 0 0 0 0 0 0 0 0 0 0 0 0 0 0 0.0325564672979359 0.0523774373482739 0.0109610213213924 0 0 0 0 0 0 0 0 0 0 0 0 0 0 0.0401071473067525 0.282341698495726 0.396526348817292 0.481270748367141 0.505805085784696 0.444913057932981 0.385719217974372 0.33847353318248 0.305828866960477 0.275938671786528 0.143435419120963 0 0 0
0 0 0 0.047560294218571 0.0525756558175786 0.033890664268268 0 0 0 0 0 0 0 0 0 0 0 0 0 0 0 0 0 0 0 0 0 0 0 0 0 0 0 0 0 0 0 0 0 0 0 0 0 0 0 0 0 0 0 0 0.182557063149246 0.316777279535996 0.399430079935604 0.45637903753418 0.429818837101543 0.390655292428464 0.356287659761918 0.330491379973112 0.306398461963625 0.277495783426769 0.235090129951803 0.0828502634129527 0
0 0 0 0.156213968926424 0.0968004507034386 0.0594925222416998 0 0 0 0 0 0 0 0 0 0 0 0 0 0 0 0 0 0 0 0 0 0 0 0 0 0 0 0 0 0 0 0 0 0 0 0 0 0 0 0 0 0 0 0 0.0499968815347457 0.193819047159447 0.306750563945011 0.358220371430442 0.391168031857679 0.368254765038738 0.349817863578567 0.35607297009489 0.22167638422808 0.11438516315877 0 0 0
0 0 0.214058785987898 0.239371633525039 0.171410023613055 0.134282498715923 0.0315373725921921 0 0 0 0 0 0 0 0 0 0 0 0 0 0 0 0 0 0 0 0 0 0 0 0 0 0 0 0 0 0 0 0 0 0 0 0 0 0 0 0 0 0 0 0 0.0131461629191688 0.123014282005329 0.198605129347465 0.22863420392779 0.244367931076017 0.246272027705084 0.104128251992029 0 0 0 0 0
0 0.180061774401825 0.359038920507082 0.342386781925954 0.274566562325853 0.226344087288444 0.0842651917185646 0 0 0 0 0 0 0 0 0 0 0 0 0 0 0 0 0 0 0 0 0 0 0 0 0 0 0 0 0 0 0 0 0 0 0 0 0 0 0 0 0 0 0 0 0 0 0 0.0319039265062447 0.0374540034531752 0.0423868638166047 0 0 0 0 0 0
0 0.0845456042687602 0.400634721555574 0.430767561745891 0.369164257545363 0.297311371721755 0.154806591409155 0.012073907890262 0 0 0 0 0 0 0 0 0 0 0 0 0 0 0 0 0 0 0 0 0 0 0 0 0 0 0 0 0 0 0 0 0 0 0 0 0 0 0 0 0 0 0 0 0 0 0 0 0 0 0 0 0 0 0
-9999 0.0590327315801351 0.427087991389324 0.509534236747604 0.392066031286661 0.327720069592714 0.176335826246702 0.0529749036971463 0 0 0 0 0 0 0 0 0 0 0 0 0 0 0 0 0 0 0 0 0 0 0 0 0 0 0 0 0 0 0.0103827831745151 0.0291617760886808 0.0599155015684512 0.0735399442608899 0.081384789658601 0.100194321481818 0.100394520996709 0.109487111393572 0.111376434499115 0.0977437262899813 0.0988798433110351 0.0640821920369963 0.046914104823919 0.0147103466995719 0 0 0 0 0 0 0 0 0 0 0
0 0.283187377368559 0.444836910202751 0.484178397916849 0.39395330500042 0.328627211500054 0.216914930931498 0.121803166295951 0.0388333876813713 0 0 0 0 0 0 0 0 0 0 0 0 0 0 0 0 0 0 0 0 0 0 0 0 0 0.00750081501665156 0.05402227517053 0.0943624339183156 0.142377864463411 0.176118225644033 0.207632204648843 0.224647927937332 0.234323498919241 0.24078527187809 0.256070313416439 0.265512920893603 0.265737696544799 0.264786054255647 0.262826250944239 0.250879684939385 0.241185016905388 0.219491405592324 0.204004425868795 0.191829580793739 0.163690542763555 0.0550908581053291 0 0 0 0 0 0 0 0
0.2157162414314 0.357562648697282 0.431269270430355 0.408533868230331 0.365875086288239 0.335665986308605 0.231710739448467 0.125409454732591 0.0767210371176649 0.0421004419117716 0.019245070174631 0.0101867599206912 0 0 0 0.013573620640446 0.0278051872854743 0.0345896973994066 0.0523448973141283 0.0556052521257339 0.0711686980293232 0.0788732906595401 0.0669116089097691 0.0677760079451627 0.0548262924313324 0.0477122927203155 0.0404598673560213 0.0242116886483507 0.0237478626536165 0.0224419980212842 0.0369866972408854 0.0507526107769629 0.0802729471549981 0.115500840324359 0.150085241267673 0.205695985611737 0.239531843962086 0.278470652508536 0.221136262320365 0.195171803036831 0.164432920900002 0.152916626128568 0.160106347519866 0.169006197567508 0.214098076203389 0.262424122974318 0.305317871458965 0.349997805794966 0.378979843942476 0.375048012161497 0.364398128814991 0.349664042114323 0.243544372102169 0.139121318046738 0.00795334978536688 0 0 0 0 0 0 0 0
0.235907846645181 0.366314277224719 0.448070279712803 0.3407453386334 0.302064656852071 0.353219902585018 0.267180873160791 0.190037529768877 0.134222757670611 0.0922844830212542 0.0622924901589847 0.0525374403503965 0.0629046604270299 0.0659868280997844 0.0739534811119444 0.0919529052936363 0.108012804231544 0.134666224392644 0.152994964160543 0.170159049123431 0.184833908479615 0.194936109989383 0.202671415539529 0.20199982055672 0.199321271114986 0.190958395334111 0.185245357200136 0.181689792934369 0.17524355996685 0.179817783911166 0.183520039346905 0.194575907472369 0.222063982409487 0.246390749526634 0.282461313573115 0.317041439649198 0.329880098598952 0.261218597129542 0.198521987350054 0.165880710145129 0.14030811915061 0.129106863318915 0.133755618065733 0.141249182159942 0.167270780859016 0.195260021661501 0.222666865110313 0.248015531368252 0.259257904414509 0.254458386547631 0.229360284348382 0.185562343220511 0.12058324543644 0.0355675166540805 0 0 0 0 0 0 0 0 0
0.247458781373178 0.364167083278789 0.400422645071056 0.222854949019802 0.234076184343079 0.291924340979205 0.302277138701833 0.219374632692605 0.167722113785501 0.148329558516268 0.112757993863283 0.112149564829111 0.126114981836568 0.120240113586253 0.142740851154469 0.163997149930211 0.191595536163119 0.222937099389857 0.2420107101212 0.267547838900588 0.286285747846509 0.304808219725007 0.319055406746498 0.32083322948192 0.327778293632421 0.322159958018498 0.322622096107718 0.322362321068636 0.314698510787809 0.320725957576128 0.320974201494375 0.32774759811358 0.349699928799733 0.363260526901113 0.394215008730583 0.413993758162314 0.334466501888947 0.270763968141945 0.204836857960164 0.182808455037715 0.154921910752351 0.140912136823677 0.138834848814769 0.130805216622731 0.144508831385703 0.150454805296155 0.156688792747104 0.164806450525245 0.159115866637634 0.136062235891069 0.0994804624380411 0.047299049426624 0 0 0 0 0 0 0 0 0 0 0
0.236051157059653 0.323543692326233 0.36467759084781 0.221857229191343 0.226861464457482 0.265938550934126 0.338453756577961 0.248041567522723 0.188713306988938 0.169522430327057 0.155300434280307 0.159149380886018 0.164516659405836 0.17263618097413 0.186507197080389 0.2163728870472 0.243531924815515 0.276329193441446 0.305387049508869 0.332537317128944 0.360889338673173 0.381416926295654 0.400184231479195 0.412773535662959 0.420573364446587 0.424973380300791 0.427173469432969 0.428510429809161 0.427486921027484 0.429489925439484 0.431204083395087 0.436207452966194 0.44888470224759 0.461768943268472 0.483547089065964 0.463688255327736 0.389304125568756 0.328603341523316 0.273946788018431 0.239937832573276 0.209976702818929 0.18967213429101 0.175488625652921 0.158499301457776 0.148568046351906 0.132290648388231 0.117717587923919 0.099537408815016 0.0692255279862165 0.0364151489974607 0 0 0 0 0 0 0 0 0 0 0 0 0
0.102391477171525 0.276461951157683 0.321301035247645 0.204687542684382 0.111068566009856 0.0253067013334765 0.0814726935596276 0.248302264557856 0.204069766953403 0.21769717943149 0.208827311357465 0.224966333041502 0.226855000706072 0.217018711019009 0.244283234181437 0.267727545734438 0.303275717525086 0.345389238529459 0.364505481925859 0.403219839641417 0.430110169812258 0.458176674308218 0.489397671198103 0.495467994266708 0.51740440881597 0.517746290489815 0.51561627010595 0.512333252296561 0.509521089300445 0.51202917739365 0.51672382460318 0.522040616045697 0.525951325990155 0.532375484921966 0.542039057646235 0.534592671895695 0.466917597498632 0.411196243263597 0.354765665337017 0.321590829535621 0.282868258385467 0.253882359466637 0.229055283414075 0.1970823057247 0.170731962347699 0.133255841218315 0.0960268094534332 0.0539999971687677 0.000658615414155239 0 0 0 0 0 0 0 0 0 0 0 0 0 0
-9999 0 0.256236093891895 0.085127894955726 0 0 0 0.0322717451972023 0.253468583976884 0.247540207381651 0.257108845137231 0.272657911941953 0.267976195678067 0.271727870203097 0.28573801960687 0.314106444576511 0.349091053137641 0.381727616917576 0.41606217884293 0.447052959341506 0.483258729840025 0.511323853849688 0.537742788552611 0.547649358043315 0.549822514924272 0.554593897723282 0.553857585145752 0.547486972819436 0.542485445587963 0.543084806020824 0.545375216877258 0.548232947473627 0.551453909816462 0.555521270074782 0.562538431169652 0.570110257800828 0.556924917521055 0.499636862284228 0.447630728290754 0.404209019328051 0.363664936268961 0.325929178268284 0.285477174605185 0.243706524497624 0.201086697738154 0.150975430308702 0.0979747616231095 0.0357202101597999 0 0 0 0 0 0 0 0 0 0 0 0 0 0 0
-9999 0 0.244137272537245 0.027783911964457 0 0 0 0 0.156459307300933 0.308475522175762 0.314282334771775 0.335970748959956 0.346221265741222 0.323397604586376 0.346067219711482 0.36780638707235 0.403628869610737 0.443678076370505 0.464915721180148 0.500579244781679 0.53365740176653 0.544633161091455 0.563323592607292 0.577011910327617 0.582401853040853 0.591444871099586 0.591405474761201 0.583531443306466 0.577234574442664 0.575882195390047 0.576394285453068 0.577370778555592 0.578316664692694 0.580633318996058 0.584945223297864 0.589784178297521 0.595326968829933 0.59208148724118 0.536422291424403 0.490964025590222 0.44135774704947 0.394011950116775 0.342147506430758 0.289150891555052 0.237013684375253 0.175750192909874 0.108717936937647 0.0308465654835719 0 0 0 0 0 0 0 0 0 0 0 0 0 0 0
-9999 -9999 0.125512437110459 0.0936678697934872 0 0 0 0 0.034348349944513 0.340405520586816 0.370443034694714 0.395916011463826 0.38148854917295 0.381986823521123 0.391469221485674 0.419309082613683 0.455469946705009 0.476574902419979 0.50807069728806 0.515468489156638 0.505758057301053 0.507084747019098 0.524911324517391 0.545126863658663 0.562579107204354 0.581502278884618 0.610183794592552 0.618266047878187 0.61204853271496 0.610275884495588 0.610356671923667 0.608745723232411 0.607245046887045 0.605939731498162 0.608909542183796 0.611523414432441 0.614100508453798 0.61670484329774 0.616629622565848 0.561605909708399 0.508831289183612 0.452697025455867 0.388275423050452 0.324830788827648 0.263453983724018 0.200324388440954 0.126096619920448 0.0369388626270645 0 0 0 0 0 0 0 0 0 0 0 0 0 0 0
-9999 -9999 -9999 0.22315521208765 0 0 0 0 0 0.40999027287021 0.428537146279264 0.449162179993305 0.451869476032049 0.446614045904108 0.458674136605628 0.471168428980082 0.460497314962239 0.475362474950029 0.489006633834667 0.48547350687243 0.477112601197251 0.477313612256044 0.489320739754671 0.5056395251869 0.52161509448337 0.541746732629232 0.570813283060943 0.606961749279451 0.647156239495485 0.645901049945664 0.644607412163412 0.641342976709201 0.637686057311699 0.634884969341088 0.635114664954505 0.635682096899201 0.635929304766832 0.635415107747739 0.63469012369536 0.633016473396454 0.571856257563894 0.50890985587998 0.437139661343435 0.365093614696052 0.297631847914437 0.225420560254543 0.148169035635949 0.0611045885524527 0 0 0 0 0 0 0 0 0 0 0 0 0 0 0
-9999 -9999 -9999 -9999 0 0 0 0 0 0.271905282455513 0.477014303087835 0.49762321759423 0.506185927467153 0.495369776726924 0.504494182112609 0.477421018914176 0.466870656953996 0.468050206242404 0.470510855974183 0.465150979323253 0.457952152946258 0.455905789715626 0.461871897548513 0.470531852135547 0.486549413754744 0.506004992234702 0.533344754781823 0.569392905292191 0.604731922195677 0.64632493821479 0.676129328454504 0.673406958357489 0.666643197170778 0.6630143705209 0.66254138589503 0.662691033800645 0.660506714623813 0.656267573031794 0.653296764970505 0.653806702364404 0.630448867429864 0.563937815585882 0.486754626619658 0.409726640660511 0.334560125593465 0.253672719583943 0.17708601978671 0.10184750133454 0.0315171814619145 0 0 0 0 0 0 0 0 0 0 0 0 0 0
-9999 -9999 -9999 -9999 0 0 0 0 0 0.119260825413948 0.521385731238711 0.535818025231626 0.545500147081335 0.551092221553619 0.52777642221807 0.494379978142887 0.475285600558422 0.466729539327618 0.458346003097883 0.450117850044553 0.441961674637873 0.436438673964039 0.436423539740464 0.441670430918704 0.455536893015968 0.47504845268007 0.500530933271973 0.532770999121288 0.569107993237988 0.607458553332952 0.64884216111565 0.694805415838531 0.694239816898453 0.69125809172947 0.691152494581964 0.691221201297419 0.687753546397708 0.680586500520505 0.675397504067423 0.673601824781876 0.672587622568118 0.62143473855114 0.546088311540566 0.466342535610468 0.388612661425284 0.305821702116269 0.232947906097805 0.168787291833645 0.107208761428527 0.0626674287829253 0.0229962661193637 0 0 0 0 0 0 0 0 0 0 0 0
-9999 -9999 -9999 -9999 0 0 0 0 0 0 0.286741839182485 0.533263929891352 0.579680259851749 0.563925349779333 0.571498209631646 0.525014214073078 0.496505944043525 0.468722501656271 0.450144515105139 0.441409545731351 0.431184666097332 0.421715957134113 0.416407357960936 0.416133770835939 0.428214935059253 0.44768358225013 0.471923119688544 0.502288922623451 0.537103234966028 0.574281864361323 0.61437612895388 0.658953057911055 0.708977689632079 0.712359713919416 0.714593802141449 0.715568138419118 0.712363969388879 0.704389980114823 0.69698019793751 0.695688970479758 0.69469722168544 0.676587130916696 0.604299670238652 0.533608368247575 0.452997779541721 0.374061800396064 0.306443093260277 0.248257601730037 0.199416914142108 0.153969844544756 0.115855151838988 0.083394558731855 0.0539635128797905 0.0283932383480635 0 0 0 0 0 0 0 0 0
-9999 -9999 -9999 -9999 -9999 0 0 0 0 0 0 0.207039858539866 0.427877055014359 0.576055442156805 0.592849919314736 0.588891640760891 0.526943936967503 0.495160600365383 0.466189160035148 0.443461494211159 0.42395951569455 0.406472821199444 0.395603926301479 0.393531708772239 0.401031797569979 0.41709875775822 0.439219227207422 0.467265234217553 0.499254935481364 0.535015162535899 0.576240665298409 0.619924520633764 0.66750837272607 0.717019676292342 0.736723336304682 0.740774543233118 0.738776101632579 0.729722623596661 0.721549055298246 0.716568971643363 0.714958509172739 0.716165333715661 0.659783098006452 0.591840768149357 0.521957911672759 0.451947649742589 0.391832351667879 0.340520577396368 0.29384906417477 0.254959321626445 0.217751138026693 0.185871397964704 0.158394288477863 0.128579674995123 0.100280221217049 0.0698743306065992 0.0410814702537865 0.0167580318199625 0 0 0 0 0
-9999 -9999 -9999 -9999 -9999 0 0 0 0 0 0 0 0 0.351904706420909 0.578013664869407 0.593043747131319 0.609633557463978 0.539480318302578 0.514565152317724 0.454333451987705 0.418073653993556 0.392114406751305 0.374689149997143 0.369379469807996 0.375223171886172 0.386178908400369 0.404153591521129 0.430511643571533 0.457854591254993 0.494574380848103 0.53414553666523 0.579482941053229 0.627219834120673 0.672056052479722 0.721221829882061 0.751884684854523 0.759351559591871 0.751754028462608 0.744164797626246 0.73765311482495 0.732494214182266 0.733683942044163 0.700438306933379 0.645142190920804 0.587306099195055 0.530817609698669 0.478232553045711 0.429480084082452 0.387241508490866 0.352403838481801 0.320902647047771 0.289919378086365 0.258198315725642 0.227979865562795 0.199520961929191 0.174549686067815 0.150618695038703 0.128083758919025 0.110710287977507 0.0891766428997585 0.0706995704763214 0.0509106079582337 0.0331919840606769
-9999 -9999 -9999 -9999 -9999 -9999 0 0 0 0 0 0 0 0 0.243877795131548 0.542774498695348 0.586912099729201 0.624905971205657 0.669720433951553 0.572473787936582 0.475964504325866 0.386148639953218 0.364374455952975 0.352435265160348 0.353419800454747 0.361486792043928 0.375344425844106 0.396494233037186 0.422720761477944 0.457592084543685 0.496264362712774 0.542188237568188 0.591937017178373 0.640448072110972 0.689818843601183 0.731530170466968 0.741748361028815 0.762157720892906 0.761859413667787 0.754292025358276 0.748804364765212 0.749598076311705 0.742459881438287 0.699059419587083 0.655839616095195 0.609048032885535 0.564686419144896 0.524476099766449 0.487828886239542 0.458346685167483 0.429338586813561 0.399335181613257 0.367956762707214 0.334990794634249 0.307884126155593 0.281228009690021 0.260063454350497 0.245164351748183 0.228116536867535 0.212162092424806 0.193648342673826 0.173891810634829 0.160100556362886
-9999 -9999 -9999 -9999 -9999 -9999 0 0 0 0 0 0 0 0 0 0.257588313857029 0.354265695451033 0.457227640600283 0.576255792481124 0.624741362715636 0.647830330168016 0.492970391229975 0.389752837280843 0.356951029204419 0.358020153998446 0.342314356097985 0.351195069589116 0.368921839714159 0.389162872815383 0.422692745147397 0.462252254304374 0.50732348424831 0.561730895745276 0.615267040543761 0.666319100728553 0.715188173485913 0.728965175653461 0.756827794891533 0.772459593572676 0.767568204910828 0.761289018686248 0.762479656653431 0.769224409522444 0.748997158214924 0.713714907519084 0.680139349393112 0.644934288385204 0.609332378693278 0.583270627972472 0.554459428955888 0.532402263287102 0.504512630384682 0.470337468734187 0.440899087416614 0.411914539767746 0.3862211066309 0.368300178316158 0.357120928880989 0.344129240349487 0.326820437327584 0.310880277738741 0.291484920856762 0.27378251219875
-9999 -9999 -9999 -9999 -9999 -9999 -9999 0 0 0 0 0 0 0 0 0 0 0 0 0.197549459054461 0.50926027045077 0.585389904773608 0.677962389573456 0.508405581233975 0.413897959556619 0.373055014189622 0.339771169509996 0.348550003680602 0.366921960170224 0.394045731865828 0.428981555551094 0.475154019037206 0.531078005854988 0.589204208806986 0.644567051817214 0.703488444968823 0.732063403954303 0.753008825111967 0.768444894216918 0.775629005786093 0.768300245677858 0.740261098109822 0.739189152016034 0.73872393883839 0.740573803991631 0.735357181832549 0.70656316324834 0.683083496386576 0.660619083689683 0.636491939739022 0.615301517231652 0.591414732034158 0.56496149910147 0.54119420477634 0.518499432724001 0.498506621480199 0.483008713246101 0.471526972377983 0.45934662493945 0.442466946649803 0.422017599197371 0.401685426154512 0.38532309122179
-9999 -9999 -9999 -9999 -9999 -9999 -9999 0 0 0 0 0 0 0 0 0 0 0 0 0 0 0.223771431785061 0.545359905914566 0.645456281748596 0.611975964639453 0.458454014610188 0.361215186781543 0.337297090728641 0.348354519959416 0.373742089923026 0.401510327305897 0.44510779144834 0.505143815018606 0.564821263017877 0.62383301108762 0.685627126963267 0.732420196296883 0.74775090343609 0.764465699539478 0.772199801966285 0.752010972174757 0.728841729769582 0.730517112512312 0.712292710411036 0.726972306764282 0.718738890549449 0.723692740650364 0.732838980869621 0.718536998028948 0.694430727981892 0.677444376580664 0.659942547861982 0.641485461364747 0.630485930834539 0.610624385815629 0.598892273927388 0.586225855379624 0.572791529416246 0.568060733278871 0.54505922294513 0.52539978930484 0.506971169561473 0.492884373244958
-9999 -9999 -9999 -9999 -9999 -9999 -9999 -9999 0 0 0 0 0 0 0 0 0 0 0 0 0 0 0 0.374328386655733 0.622720365578873 0.60996573822838 0.426959335010452 0.368785451532649 0.361427516334923 0.371472947317974 0.39287282953871 0.432357388255122 0.488584870306396 0.547344760959057 0.607017344386464 0.665865382882987 0.709099066995493 0.743871886412958 0.758998398012855 0.76755743435933 0.764359228612259 0.75905597418803 0.767900298590795 0.769900473528404 0.763760626488544 0.746104281101586 0.744436369897844 0.755595772631494 0.74672279069935 0.727909818301806 0.71124388518169 0.698922568113015 0.692153439149354 0.686491167584758 0.675692814710178 0.661697966728765 0.651678106626624 0.647959781830387 0.637485509238311 0.627141923755429 0.619109975100599 0.608692841924064 0.599373519072468
