data/03_saidas_enm/CCSM_Maxent_21k_B.balansae2.asc
NCOLS 154 
NROWS 168 
XLLCORNER -112 
YLLCORNER -55.5 
CELLSIZE 0.5 
NODATA_value -9999 
[rows 50 to 74 of 168, columns 56 to 111 of 154]
-9999 -9999 -9999 -9999 -9999 -9999 -9999 -9999 -9999 -9999 -9999 -9999 -9999 0.00337300426326692 0.00381983444094658 0.0116169853135943 0.0184064973145723 0.0286774430423975 0.0460273288190365 0.055571835488081 0.0489194691181183 0.0570242144167423 0.0683682709932327 0.0696745365858078 0.0552730709314346 0.0448061488568783 0.0389203988015652 0.0318183973431587 0.0261630583554506 0.0224504955112934 0.0204244609922171 0.0235185194760561 0.0291673243045807 0.0365954786539078 0.0462573133409023 0.0652837678790092 0.0843376442790031 0.140105068683624 0.172523096203804 0.18933966755867 0.257649481296539 0.215988636016846 0.220918565988541 0.206406220793724 0.174301952123642 0.167032241821289 0.123491898179054 0.111122652888298 0.0975551754236221 0.0837625488638878 0.0874091535806656 0.0789894089102745 0.0798584371805191 0.0877742320299149 0.10431981086731 0.111081346869469
-9999 -9999 -9999 -9999 -9999 -9999 -9999 -9999 -9999 -9999 -9999 -9999 -9999 0.003564796410501 0.00409004604443908 0.0103564271703362 0.0187548566609621 0.030908701941371 0.0440671369433403 0.0535858273506165 0.0522727034986019 0.0565662756562233 0.0643248334527016 0.0633892938494682 0.0470056086778641 0.0349889844655991 0.0297180265188217 0.0246953461319208 0.0205857418477535 0.0177352447062731 0.0168162062764168 0.0201895702630281 0.0258577782660723 0.0338291637599468 0.043713640421629 0.0575082004070282 0.0894816741347313 0.136438056826591 0.16812951862812 0.186645597219467 0.215219095349312 0.207066714763641 0.20562918484211 0.193468824028969 0.171604245901108 0.158524364233017 0.131283611059189 0.122310869395733 0.107987962663174 0.0905584990978241 0.0850166380405426 0.080688513815403 0.0815038904547691 0.0880112648010254 0.10285758972168 0.109537668526173
-9999 -9999 -9999 -9999 -9999 -9999 -9999 -9999 -9999 -9999 -9999 0.00285589159466326 0.00342382374219596 0.00381153891794384 0.00451158965006471 0.01158875413239 0.0207920577377081 0.0335921868681908 0.0471748411655426 0.0570348873734474 0.0567283853888512 0.0629400983452797 0.0626397058367729 0.0595259107649326 0.048436064273119 0.0366378501057625 0.0272299982607365 0.0184956938028336 0.0148558653891087 0.0121525069698691 0.0117782624438405 0.0149295562878251 0.021618252620101 0.0299698412418365 0.0423346571624279 0.0639361217617989 0.0884772017598152 0.124376364052296 0.143400013446808 0.155065849423409 0.167504757642746 0.162100583314896 0.164946958422661 0.156017810106277 0.138198152184486 0.139845013618469 0.11333566904068 0.1110899746418 0.101770736277103 0.0862769261002541 0.0813270285725594 0.0819988027215004 0.0852706581354141 0.0927888303995132 0.101236782968044 0.106817789375782
-9999 -9999 -9999 -9999 -9999 -9999 -9999 -9999 -9999 -9999 0.0028859309386462 0.00306069361977279 0.00441181566566229 0.00514734629541636 0.00512219639495015 0.00953338760882616 0.0199166610836983 0.03123639523983 0.0409127995371819 0.0484377481043339 0.0567476041615009 0.0571238733828068 0.0556527152657509 0.0484690181910992 0.0400086641311646 0.031376238912344 0.0218462664633989 0.0147595759481192 0.0102586559951305 0.00852514151483774 0.00861606560647488 0.012035870924592 0.0183113180100918 0.028167987242341 0.0496085248887539 0.0724484026432037 0.0923828706145287 0.112428411841393 0.123535081744194 0.128374323248863 0.131707012653351 0.130010858178139 0.128542706370354 0.120704561471939 0.105694301426411 0.096455991268158 0.0888300016522408 0.0856724008917809 0.081752747297287 0.0772393867373466 0.0792575478553772 0.0788653120398521 0.0871410146355629 0.090469516813755 0.0936883464455605 0.092381477355957
-9999 -9999 -9999 -9999 -9999 -9999 -9999 -9999 -9999 -9999 0.00496786599978805 0.00809027068316936 0.0117159839719534 0.0104315085336566 0.00849788449704647 0.00673040747642517 0.013933009468019 0.0265816990286112 0.0366250649094582 0.0412856340408325 0.0454072244465351 0.0406599603593349 0.0390771888196468 0.0347971692681313 0.0272757597267628 0.0225769262760878 0.015204356983304 0.0100294407457113 0.0071770129725337 0.00545280706137419 0.00560319563373923 0.00843967963010073 0.0153678571805358 0.0268928837031126 0.0489233545958996 0.0775719434022903 0.096538208425045 0.108291484415531 0.114049308001995 0.113966017961502 0.111840672791004 0.111950986087322 0.106167733669281 0.0986234247684479 0.0872811004519463 0.0781276673078537 0.0724568217992783 0.0722930803894997 0.0715484917163849 0.0728393495082855 0.0763743817806244 0.0792664512991905 0.0796817615628242 0.0786133855581284 0.0742307752370834 0.0743202641606331
-9999 -9999 -9999 -9999 -9999 -9999 -9999 -9999 0.00490216072648764 0.00819011218845844 0.0161447934806347 0.0177278965711594 0.0208930298686028 0.0183559786528349 0.0118982028216124 0.00763148348778486 0.0113086067140102 0.0223579350858927 0.0301073659211397 0.0299218557775021 0.0309914834797382 0.028456024825573 0.025364562869072 0.0224965270608664 0.017786905169487 0.0129144443199039 0.00910728611052036 0.00674091512337327 0.00608570128679276 0.00580425886437297 0.00562828313559294 0.00761128636077046 0.013946020975709 0.0260617230087519 0.0438486151397228 0.0668817907571793 0.0901345536112785 0.105312272906303 0.109581023454666 0.105572283267975 0.100917711853981 0.0990469455718994 0.0968016982078552 0.0898955911397934 0.0805547758936882 0.0749348998069763 0.0713128820061684 0.0709018483757973 0.072179339826107 0.0723572596907616 0.0720289349555969 0.0699155107140541 0.0655951201915741 0.0627629533410072 0.0604912452399731 0.0583668872714043
-9999 -9999 -9999 -9999 -9999 -9999 -9999 -9999 0.00766603043302894 0.0198723319917917 0.0364661253988743 0.0352507568895817 0.0287471208721399 0.0212097689509392 0.0165679752826691 0.011729677207768 0.0126964142546058 0.0184996109455824 0.023383617401123 0.0229215212166309 0.0197184532880783 0.017426447942853 0.0170457232743502 0.0143432272598147 0.0097948620095849 0.00714821182191372 0.00694202119484544 0.00666626635938883 0.00654478231444955 0.00631601130589843 0.00638147490099072 0.00703472830355167 0.0136082535609603 0.0237301271408796 0.0416226759552956 0.0593086183071136 0.0746504217386246 0.0927105098962784 0.0996988490223885 0.10237729549408 0.101034760475159 0.0982918739318848 0.0917274206876755 0.0871823951601982 0.0781576186418533 0.0714703574776649 0.0676110908389091 0.0639398917555809 0.0642207711935043 0.0572442822158337 0.0542968437075615 0.0552688986063004 0.0590034984052181 0.060800027102232 0.0625368729233742 0.0586263686418533
-9999 -9999 -9999 -9999 -9999 -9999 -9999 0.00629338901489973 0.0134093007072806 0.0286242067813873 0.0434240847826004 0.0380030050873756 0.0290614925324917 0.0242209937423468 0.022091643884778 0.0179959945380688 0.0196278765797615 0.0208869762718678 0.0242686867713928 0.0172520708292723 0.0128874275833368 0.0113403396680951 0.0101737687364221 0.00848636496812105 0.00775116356089711 0.00743270665407181 0.00719670718535781 0.00722926994785666 0.00698309997096658 0.00708875991404057 0.0072282743640244 0.00765246897935867 0.0132540166378021 0.0228758994489908 0.0359609238803387 0.0481951609253883 0.0619938336312771 0.0737373754382133 0.0799505412578583 0.0765323787927628 0.0740505903959274 0.068742461502552 0.0589424408972263 0.0558788366615772 0.0496405102312565 0.0476372316479683 0.0448359362781048 0.0399839170277119 0.0414697155356407 0.0377267673611641 0.0374795831739902 0.0392903238534927 0.0431554168462753 0.0496511608362198 0.057537741959095 0.0586037635803223
-9999 -9999 -9999 -9999 -9999 -9999 -9999 0.00997768808156252 0.020775867626071 0.0431562215089798 0.0494136810302734 0.0391106121242046 0.0301394481211901 0.0269407872110605 0.0285662431269884 0.0302452277392149 0.0327710211277008 0.0328565686941147 0.0310278385877609 0.0241729971021414 0.0175903551280499 0.013716540299356 0.0111862812191248 0.010914939455688 0.0103159165009856 0.00949038099497557 0.00939333997666836 0.0088419932872057 0.00901782512664795 0.00952787231653929 0.0095216128975153 0.00989783927798271 0.0140367113053799 0.0216351114213467 0.0319165401160717 0.0413335934281349 0.0500985011458397 0.0578236617147923 0.0582219995558262 0.0539607889950275 0.0494802929461002 0.0424440018832684 0.0389863364398479 0.034885473549366 0.0301526673138142 0.0276256166398525 0.0244017597287893 0.025131968781352 0.0255760587751865 0.0223938040435314 0.0221663378179073 0.0240323506295681 0.0300242193043232 0.0362652651965618 0.0433771274983883 0.0497094802558422
-9999 -9999 -9999 -9999 -9999 -9999 0.0104377819225192 0.0169421769678593 0.0333012714982033 0.0534642301499844 0.0556415878236294 0.0418994314968586 0.0298263728618622 0.0279870554804802 0.0327592492103577 0.0392174236476421 0.0430648103356361 0.0438933745026588 0.0443647056818008 0.0335720926523209 0.0241447798907757 0.0204361043870449 0.0175124369561672 0.0168611649423838 0.0157462637871504 0.0150447431951761 0.0146972667425871 0.015623027458787 0.0155807873234153 0.015197342261672 0.0159953832626343 0.0156274326145649 0.0162901077419519 0.0224358215928078 0.0292759481817484 0.0357911959290504 0.0396221615374088 0.0420151762664318 0.042167317122221 0.0376851223409176 0.033409770578146 0.0299468841403723 0.0240062363445759 0.022442763671279 0.0183987580239773 0.0167559403926134 0.0158366747200489 0.0131959561258554 0.0136494236066937 0.0123129738494754 0.0137433595955372 0.0161783304065466 0.0214483868330717 0.0264341849833727 0.0315382480621338 0.0396467745304108
-9999 -9999 -9999 -9999 -9999 -9999 0.0155023196712136 0.0243083275854588 0.0414649359881878 0.0608243830502033 0.0619049668312073 0.0448953248560429 0.0324077680706978 0.0306263417005539 0.0365291908383369 0.0444443747401237 0.0504022687673569 0.0522616617381573 0.0523438490927219 0.0468944534659386 0.0364273004233837 0.0308741815388203 0.0268538948148489 0.0263812560588121 0.0257338583469391 0.024533823132515 0.0250167418271303 0.0253558047115803 0.0256340932101011 0.0261671245098114 0.0259388498961926 0.0263761356472969 0.0261455252766609 0.0251152776181698 0.0263682305812836 0.0303527098149061 0.0319925546646118 0.0322191715240479 0.0309779569506645 0.0269059799611568 0.0233136489987373 0.0185866504907608 0.0153343267738819 0.0137566383928061 0.0106822038069367 0.0107891364023089 0.0115538313984871 0.0128442589193583 0.0156488455832005 0.0178746469318867 0.019710436463356 0.0232166685163975 0.0279778409749269 0.0328522324562073 0.0387359037995338 0.0442248396575451
-9999 -9999 -9999 -9999 -9999 -9999 0.0205925814807415 0.0284948889166117 0.040284775197506 0.0654004216194153 0.0745100900530815 0.0532653257250786 0.0360840670764446 0.0350556969642639 0.0426924601197243 0.0513611622154713 0.0557804293930531 0.056934729218483 0.059028398245573 0.0557290017604828 0.0481958538293839 0.0430865883827209 0.0386915989220142 0.0380524359643459 0.0362134911119938 0.0358655229210854 0.035113163292408 0.0366780087351799 0.0366854518651962 0.0362101383507252 0.0371427536010742 0.0358358025550842 0.036625400185585 0.0346153005957603 0.0305381808429956 0.0291833877563477 0.027575733140111 0.0262153092771769 0.0248627737164497 0.0202995855361223 0.0171340964734554 0.0151722114533186 0.0140775227919221 0.0146575560793281 0.0137464310973883 0.0153508605435491 0.016468420624733 0.0180827472358942 0.0212295465171337 0.0229535978287458 0.0277917720377445 0.0299734883010387 0.0347045212984085 0.0397983305156231 0.0447130985558033 0.049883957952261
-9999 -9999 -9999 -9999 -9999 -9999 -9999 0.0274840630590916 0.0376885607838631 0.0661027282476425 0.0875246748328209 0.0633936449885368 0.0421870052814484 0.0416488163173199 0.0490674749016762 0.0588364154100418 0.0635384991765022 0.0642114132642746 0.0659666955471039 0.0646950080990791 0.0601213984191418 0.0576075911521912 0.0537070631980896 0.0524344854056835 0.0517523512244225 0.0512196123600006 0.0518464893102646 0.0520438216626644 0.0519952327013016 0.0519579760730267 0.0502487160265446 0.0492729134857655 0.0474391467869282 0.0462359003722668 0.0441855452954769 0.0399290807545185 0.0353331603109837 0.0311042089015245 0.0289883445948362 0.025460546836257 0.0230135377496481 0.0207307636737823 0.0197255350649357 0.020787263289094 0.0203446578234434 0.0212784763425589 0.0224027074873447 0.0244778376072645 0.0286508183926344 0.0313516333699226 0.0358505882322788 0.0402153469622135 0.0461914949119091 0.0507658012211323 0.0564372949302197 0.0600733831524849
-9999 -9999 -9999 -9999 -9999 -9999 -9999 -9999 0.0343615747988224 0.0680208429694176 0.113244034349918 0.0763042569160461 0.0487806461751461 0.0487978868186474 0.05517802760005 0.064376600086689 0.0703810676932335 0.0731848254799843 0.0740271210670471 0.0720232576131821 0.0675127357244492 0.0657618567347527 0.0624272525310516 0.0610652677714825 0.0610675625503063 0.0618687905371189 0.0632915496826172 0.0630630776286125 0.0620631650090218 0.0603087395429611 0.058991301804781 0.0569661371409893 0.0553581826388836 0.0540682785212994 0.0522551685571671 0.0508094094693661 0.0460238866508007 0.0409522652626038 0.0382199548184872 0.0332580655813217 0.031219782307744 0.0292034167796373 0.0275460723787546 0.0287512522190809 0.0276950411498547 0.0299854632467031 0.0313740745186806 0.0333822071552277 0.037355437874794 0.039887823164463 0.0440558791160583 0.0469483993947506 0.0499092899262905 0.0552828274667263 0.0620766095817089 0.0672922134399414
-9999 -9999 -9999 -9999 -9999 -9999 0.0335712321102619 0.0259735826402903 0.0374588631093502 0.0710655674338341 0.0947624146938324 0.0746453329920769 0.0583024770021439 0.0590113401412964 0.0657390505075455 0.075532428920269 0.0794495418667793 0.0796040967106819 0.0809610411524773 0.079989492893219 0.0769327878952026 0.0753030255436897 0.0734771117568016 0.0724065974354744 0.0734677985310555 0.0737873613834381 0.0736498013138771 0.0721617862582207 0.0684423744678497 0.0665581524372101 0.0641377195715904 0.0624920092523098 0.0604405701160431 0.0609076917171478 0.061261098831892 0.0599508881568909 0.0585576221346855 0.0538167953491211 0.0508785918354988 0.0454168953001499 0.0420612059533596 0.0385180376470089 0.0370535962283611 0.0389633029699326 0.0383892692625523 0.03962267562747 0.0412311740219593 0.0435365736484528 0.0445085950195789 0.0441285893321037 0.0445004962384701 0.0465741381049156 0.0496301241219044 0.0534267872571945 0.0570861846208572 0.0604089051485062
-9999 -9999 -9999 -9999 -9999 0.0640411898493767 0.0397805087268353 0.032080139964819 0.0496698170900345 0.0745499134063721 0.085978239774704 0.0760123804211617 0.0697937980294228 0.0722066462039948 0.0775746405124664 0.091057226061821 0.0915927961468697 0.0860651358962059 0.0848617628216743 0.0853496268391609 0.0835664942860603 0.0830372795462608 0.0832474231719971 0.0833071172237396 0.0828652009367943 0.0827024504542351 0.0817223414778709 0.0800470486283302 0.0748922303318977 0.0676540061831474 0.066203847527504 0.0651071295142174 0.0631836205720901 0.0634989514946938 0.0647400766611099 0.0659314692020416 0.0666840448975563 0.0659321919083595 0.0656530261039734 0.0575652047991753 0.0556763671338558 0.0536485202610493 0.0504039041697979 0.0519716404378414 0.0490238554775715 0.0505194962024689 0.0488830581307411 0.0454607270658016 0.0454659126698971 0.0448859706521034 0.0459160320460796 0.0485654473304749 0.0510622821748257 0.0541091673076153 0.0562858618795872 0.056976430118084
-9999 -9999 -9999 -9999 -9999 0.0710085406899452 0.0500215291976929 0.0387016013264656 0.0531466640532017 0.0732261762022972 0.0748234391212463 0.0712621584534645 0.0766803473234177 0.0861803367733955 0.0979209914803505 0.105022415518761 0.096798449754715 0.0892609357833862 0.0877758637070656 0.0861471369862556 0.088314451277256 0.0899824425578117 0.090955451130867 0.0907227471470833 0.0907091945409775 0.0899548232555389 0.0885456427931786 0.0844640880823135 0.0801637247204781 0.0747635662555695 0.0699823796749115 0.0668596997857094 0.0656979382038116 0.0654739588499069 0.0667101517319679 0.0679769590497017 0.0713128596544266 0.0739081725478172 0.0744642317295074 0.0748731195926666 0.0720352604985237 0.0668937340378761 0.06405109167099 0.0603986792266369 0.0562253817915916 0.0527854040265083 0.0504189990460873 0.048501119017601 0.0482535846531391 0.0481925159692764 0.0485119968652725 0.0505587793886662 0.0527547635138035 0.0550104677677155 0.0568994581699371 0.0578804947435856
-9999 -9999 -9999 -9999 -9999 -9999 0.0697811469435692 0.0543762519955635 0.0644755512475967 0.0705138072371483 0.062109686434269 0.0642137825489044 0.0780658200383186 0.0913125574588776 0.0971501842141151 0.113291174173355 0.100828900933266 0.0893047004938126 0.0861110091209412 0.0854052901268005 0.0883932411670685 0.0913028717041016 0.0948872715234756 0.0962639376521111 0.0961536020040512 0.0949717909097672 0.0920082181692123 0.088636115193367 0.0858837142586708 0.0813823044300079 0.0782624483108521 0.0751987472176552 0.072030782699585 0.0713552609086037 0.0710531696677208 0.0721521005034447 0.075642392039299 0.0800145715475082 0.0840251594781876 0.0848914384841919 0.0796589404344559 0.0736188292503357 0.067260354757309 0.0637265667319298 0.0594736970961094 0.0564707890152931 0.0549310892820358 0.0528264939785004 0.0525387525558472 0.0517071932554245 0.051628228276968 0.0534556657075882 0.0549650080502033 0.0567930303514004 0.0588281564414501 0.0597650110721588
-9999 -9999 -9999 -9999 -9999 -9999 0.100347816944122 0.0903058350086212 0.091420479118824 0.0717056915163994 0.0601947568356991 0.0589064620435238 0.0639531463384628 0.0728397592902184 0.0825469642877579 0.0845709592103958 0.0892527848482132 0.0856359153985977 0.0865074992179871 0.0861267074942589 0.0894763022661209 0.0916519686579704 0.0931471660733223 0.0932086929678917 0.0949450358748436 0.0952306091785431 0.0929821506142616 0.0905776917934418 0.0888208150863647 0.0866145342588425 0.0846147462725639 0.0824475735425949 0.080830305814743 0.0809375420212746 0.0817289873957634 0.0836812108755112 0.0877485722303391 0.0933894068002701 0.0955247730016708 0.0956650003790855 0.0880661085247993 0.0811317265033722 0.0750236958265305 0.0712616071105003 0.0673429220914841 0.0640824288129807 0.0619638003408909 0.060061264783144 0.0588784888386726 0.0574029572308064 0.0563908144831657 0.0574103519320488 0.0584828406572342 0.059713326394558 0.0611902102828026 0.0610982067883015
-9999 -9999 -9999 -9999 -9999 -9999 0.137192621827126 0.120764940977097 0.111485198140144 0.0788109079003334 0.0610806569457054 0.0596991032361984 0.0584566257894039 0.0636309832334518 0.0717975199222565 0.0747742280364037 0.0761853605508804 0.0818204581737518 0.0857816115021706 0.0845487639307976 0.0884990245103836 0.0897162780165672 0.0885833278298378 0.0891823172569275 0.0920321643352509 0.0942438021302223 0.0930900871753693 0.0911900252103806 0.0914140045642853 0.0907691046595573 0.0905386060476303 0.0906408056616783 0.0893556475639343 0.0906388983130455 0.0929321199655533 0.0953931733965874 0.101159051060677 0.105963245034218 0.107676059007645 0.106620632112026 0.0991107672452927 0.0923231467604637 0.0859848707914352 0.0820252373814583 0.0770512223243713 0.074283704161644 0.0723521336913109 0.0695472732186317 0.0675670430064201 0.0645615234971046 0.0625452175736427 0.0630424991250038 0.0634853020310402 0.0639333799481392 0.0645666196942329 0.0633828416466713
-9999 -9999 -9999 -9999 -9999 -9999 -9999 -9999 0.101580239832401 0.0841421186923981 0.0743550434708595 0.0649216175079346 0.0612942203879356 0.0653679147362709 0.0733286514878273 0.0736859291791916 0.0714948624372482 0.0786943659186363 0.0880585834383965 0.0858964994549751 0.0894559547305107 0.0899157598614693 0.0856006741523743 0.0848002433776855 0.0893949046730995 0.0924125984311104 0.0928466692566872 0.0913718417286873 0.0919559821486473 0.0938534215092659 0.0951163768768311 0.0963604301214218 0.0970648154616356 0.0991631746292114 0.101964056491852 0.105139888823032 0.11074910312891 0.117297485470772 0.119732350111008 0.120393298566341 0.1155876070261 0.108080640435219 0.101923041045666 0.0973038449883461 0.0924699082970619 0.0883752405643463 0.0853356197476387 0.0822481364011765 0.0783330947160721 0.0732511729001999 0.0702052414417267 0.0688951089978218 0.069358117878437 0.0687804892659187 0.0672914087772369 0.0660485029220581
-9999 -9999 -9999 -9999 -9999 -9999 -9999 -9999 0.100328005850315 0.0802226662635803 0.0841891840100288 0.0724707841873169 0.0661346614360809 0.0700661092996597 0.0795508101582527 0.0819082036614418 0.0762246251106262 0.0868689566850662 0.0970847681164742 0.0882640033960342 0.091238260269165 0.08839101344347 0.0832244902849197 0.0824179351329803 0.0871616303920746 0.091479703783989 0.09119663387537 0.0904746800661087 0.0923122242093086 0.0952434912323952 0.0983114168047905 0.101742766797543 0.103590592741966 0.107092633843422 0.111015506088734 0.114855945110321 0.120299756526947 0.126369759440422 0.131754159927368 0.133836925029755 0.135312914848328 0.128122210502625 0.121673092246056 0.116713367402554 0.110744915902615 0.106108702719212 0.102153591811657 0.0971254259347916 0.0908672288060188 0.0833762437105179 0.077597975730896 0.0743711516261101 0.0733240321278572 0.0720629096031189 0.0705809444189072 0.0695262029767036
-9999 -9999 -9999 -9999 -9999 -9999 -9999 -9999 -9999 0.0724086686968803 0.0641235932707787 0.0573980808258057 0.072019100189209 0.0823803916573524 0.0989694446325302 0.103294499218464 0.0869169682264328 0.0996333360671997 0.111928105354309 0.0963530838489532 0.0960190296173096 0.0906855165958405 0.0836597308516502 0.0825855806469917 0.0871647894382477 0.0908340960741043 0.091398648917675 0.0903181359171867 0.0913420021533966 0.0962637066841125 0.100495018064976 0.10530211776495 0.109392791986465 0.113501004874706 0.118005074560642 0.121817074716091 0.127723887562752 0.133312582969666 0.140332728624344 0.145625203847885 0.148857817053795 0.150220572948456 0.145164519548416 0.138983473181725 0.13294118642807 0.127423316240311 0.12080705165863 0.113825187087059 0.10415655374527 0.0935172438621521 0.0848064944148064 0.0808756425976753 0.0778104588389397 0.0760573670268059 0.0751632452011108 0.0751836225390434
-9999 -9999 -9999 -9999 -9999 -9999 -9999 -9999 -9999 -9999 0.0528765246272087 0.0400263704359531 0.0713996663689613 0.103596933186054 0.125147968530655 0.135073557496071 0.114999324083328 0.114102482795715 0.12650728225708 0.10846696048975 0.102168582379818 0.0939670950174332 0.0900709182024002 0.0852805897593498 0.0871601477265358 0.0895734429359436 0.08957789093256 0.0902356058359146 0.0918293744325638 0.0954010784626007 0.100751489400864 0.106709986925125 0.112686015665531 0.118477180600166 0.124207049608231 0.129005640745163 0.133734852075577 0.139176920056343 0.144971132278442 0.154421091079712 0.159787744283676 0.162359312176704 0.16575925052166 0.163528203964233 0.157405987381935 0.151997223496437 0.143789738416672 0.133285790681839 0.120263986289501 0.106660984456539 0.0960519090294838 0.0915173590183258 0.0885788351297379 0.0857954919338226 0.0834262520074844 0.0822715610265732
-9999 -9999 -9999 -9999 -9999 -9999 -9999 -9999 -9999 -9999 -9999 0.0287093818187714 0.0714013278484344 0.132260575890541 0.163685768842697 0.173696652054787 0.150490373373032 0.137376919388771 0.135834887623787 0.110465981066227 0.105894587934017 0.0960704758763313 0.095734141767025 0.0947371423244476 0.0890921950340271 0.0885176062583923 0.0879208892583847 0.090215340256691 0.0911444276571274 0.0948486551642418 0.0995472073554993 0.105703353881836 0.114735119044781 0.121537417173386 0.1285440325737 0.134698912501335 0.140277966856956 0.144590869545937 0.149406582117081 0.1577018648386 0.164097636938095 0.171305015683174 0.17697411775589 0.180365711450577 0.181500837206841 0.177976012229919 0.168030023574829 0.155887067317963 0.141285926103592 0.124456971883774 0.111901253461838 0.107580110430717 0.103428110480309 0.100353986024857 0.0982100814580917 0.0968842282891273
