data/03_saidas_enm/CCSM_Maxent_0k_B.balansae3.asc
NCOLS 154 
NROWS 168 
XLLCORNER -112 
YLLCORNER -55.5 
CELLSIZE 0.5 
NODATA_value -9999 
[rows 50 to 74 of 168, columns 56 to 111 of 154]
-9999 -9999 -9999 -9999 -9999 -9999 -9999 -9999 -9999 -9999 -9999 -9999 -9999 0.000202486131456681 0.000212069135159254 0.000572827528230846 0.00472579337656498 0.0195644143968821 0.0349716246128082 0.0492131151258945 0.0383356809616089 0.0337383411824703 0.0269364751875401 0.0232359860092402 0.0150860976427794 0.00991756189614534 0.00680446671321988 0.00339575344696641 0.00178273499477655 0.000855779275298119 0.000506560783833265 0.00080111634451896 0.00171952811069787 0.00426416378468275 0.0131303397938609 0.0331724025309086 0.0561860762536526 0.0824275612831116 0.10086477547884 0.11992022395134 0.173644557595253 0.151301994919777 0.164682358503342 0.175771981477737 0.182592704892159 0.22771829366684 0.177309438586235 0.175367578864098 0.163635820150375 0.145092368125916 0.170752882957458 0.154506877064705 0.13588984310627 0.124510273337364 0.111755937337875 0.114370293915272
-9999 -9999 -9999 -9999 -9999 -9999 -9999 -9999 -9999 -9999 -9999 -9999 -9999 0.00026991029153578 0.000586479960475117 0.00192985555622727 0.00828105676919222 0.021728053689003 0.0350990109145641 0.0369049049913883 0.0356321297585964 0.0314108431339264 0.0270787496119738 0.022528387606144 0.0158301033079624 0.0102730449289083 0.0056872796267271 0.00272689526900649 0.00119648477993906 0.000608892645686865 0.000490639125928283 0.000459067785413936 0.000978937488980591 0.00286132772453129 0.00898003578186035 0.0230069234967232 0.0464260131120682 0.0814270675182343 0.0990893170237541 0.113096095621586 0.132776841521263 0.135339692234993 0.145840212702751 0.155055224895477 0.162989258766174 0.179300099611282 0.165534108877182 0.164752632379532 0.155781105160713 0.145799979567528 0.153107970952988 0.140539392828941 0.12788014113903 0.119301222264767 0.118906818330288 0.123037479817867
-9999 -9999 -9999 -9999 -9999 -9999 -9999 -9999 -9999 -9999 -9999 0.000518275541253388 0.000988062703981996 0.00197798945009708 0.00469862669706345 0.00600006198510528 0.0113124661147594 0.0221923794597387 0.0263894516974688 0.0258596949279308 0.0239612273871899 0.0205947421491146 0.0163355711847544 0.0122227258980274 0.00748739996924996 0.0045207105576992 0.00225686002522707 0.00101956201251596 0.000829050084576011 0.000636616081465036 0.000531264813616872 0.000541877816431224 0.000661126978229731 0.00218636682257056 0.00755610829219222 0.0184891503304243 0.0353657491505146 0.0643887147307396 0.0886152684688568 0.0938634946942329 0.0998883247375488 0.104915373027325 0.113625280559063 0.120470844209194 0.123852826654911 0.134584933519363 0.124697797000408 0.127676650881767 0.125599339604378 0.122449845075607 0.120607413351536 0.11225001513958 0.10681825876236 0.10566284507513 0.118783637881279 0.132076859474182
-9999 -9999 -9999 -9999 -9999 -9999 -9999 -9999 -9999 -9999 0.000950628949794918 0.00217657443135977 0.00549906585365534 0.00866927765309811 0.00808132346719503 0.00762067548930645 0.00953976437449455 0.0150233143940568 0.0189744178205729 0.0185118559747934 0.016547005623579 0.0120765278115869 0.00832864549010992 0.00551485922187567 0.00329147535376251 0.0017643760656938 0.00113093748223037 0.000951966620050371 0.000811184756457806 0.000692334491759539 0.00061706337146461 0.000644665968138725 0.000741542724426836 0.00215825974009931 0.00725132040679455 0.018023282289505 0.0334598608314991 0.0528301373124123 0.072340801358223 0.0846419483423233 0.086085319519043 0.0897228345274925 0.093379408121109 0.0956850945949554 0.0929380282759666 0.0915504619479179 0.0914695486426353 0.0917888358235359 0.0938476398587227 0.0952399894595146 0.088244155049324 0.0875436812639236 0.0857014730572701 0.0892766714096069 0.115154765546322 0.136754617094994
-9999 -9999 -9999 -9999 -9999 -9999 -9999 -9999 -9999 -9999 0.00393523601815104 0.0100065246224403 0.0184263605624437 0.0193266477435827 0.0133399115875363 0.00740746408700943 0.00576438335701823 0.0102545088157058 0.0128712598234415 0.010904704220593 0.00940022151917219 0.00624100677669048 0.00393781205639243 0.00243567163124681 0.0014498095260933 0.0012797104427591 0.00114845728967339 0.000996669987216592 0.000899064179975539 0.000811278587207198 0.000728930346667767 0.000816446379758418 0.000919162528589368 0.00205301260575652 0.00717131653800607 0.0173398274928331 0.0291214771568775 0.0444664917886257 0.0570351779460907 0.0701559633016586 0.0799078047275543 0.0831054672598839 0.0836837962269783 0.0836776942014694 0.0802330896258354 0.0760462284088135 0.0751723721623421 0.0755768567323685 0.0704587623476982 0.0692075714468956 0.0697311609983444 0.0739076510071754 0.0772861242294312 0.0839754939079285 0.118552848696709 0.14583645761013
-9999 -9999 -9999 -9999 -9999 -9999 -9999 -9999 0.00242024613544345 0.00665376707911491 0.0147245358675718 0.022974606603384 0.0330921187996864 0.0199618674814701 0.0136600164696574 0.00950300227850676 0.0060299108736217 0.00639345776289701 0.00746958469972014 0.00543752871453762 0.00352576794102788 0.00249880831688643 0.00176504149567336 0.00161988055333495 0.00143496680539101 0.00128346646670252 0.0011714018182829 0.00110375694930553 0.00101411587093025 0.00093748135259375 0.000902906234841794 0.000964931154157966 0.00110416673123837 0.00190466083586216 0.00612153951078653 0.0144576616585255 0.0244625229388475 0.034582830965519 0.0443033501505852 0.0517631024122238 0.0575062893331051 0.0634718015789986 0.0663988366723061 0.06703220307827 0.0640036463737488 0.0597662851214409 0.0548333823680878 0.0496372915804386 0.0478210523724556 0.0486418604850769 0.0523469746112823 0.0649973526597023 0.0778899341821671 0.0871882662177086 0.124564334750175 0.148148968815804
-9999 -9999 -9999 -9999 -9999 -9999 -9999 -9999 0.0044193072244525 0.0146344657987356 0.0362972281873226 0.0412852875888348 0.0274648666381836 0.0198847409337759 0.0143882408738136 0.0113708432763815 0.00946267414838076 0.0067365849390626 0.00600017793476582 0.00402821647003293 0.00251355022192001 0.00201111542992294 0.00179532240144908 0.00169902585912496 0.00152682547923177 0.00138943817000836 0.00131920108105987 0.00123734748922288 0.00119144225027412 0.00115286174695939 0.00114092556759715 0.001211749156937 0.00130903604440391 0.00159098824951798 0.00499619636684656 0.0112059069797397 0.0182755999267101 0.026390478014946 0.0317950621247292 0.0354214012622833 0.036697868257761 0.0370104983448982 0.0375670120120049 0.0374035611748695 0.0344636589288712 0.032457709312439 0.0287238154560328 0.0264544617384672 0.0253951400518417 0.0248583760112524 0.0277399811893702 0.036035418510437 0.0501386933028698 0.0819726064801216 0.128237336874008 0.153540343046188
-9999 -9999 -9999 -9999 -9999 -9999 -9999 0.00340234255418181 0.0069034774787724 0.0199806373566389 0.0517754107713699 0.0460051335394382 0.0297476649284363 0.021551551297307 0.0173998177051544 0.0143019640818238 0.0136980880051851 0.0111896535381675 0.0101388823240995 0.00662167370319366 0.00439466629177332 0.00386703456752002 0.00335339247249067 0.00317504303529859 0.00280348025262356 0.00243306322954595 0.0024184815119952 0.00248508062213659 0.00244098692201078 0.0024079610593617 0.00238531152717769 0.00251372228376567 0.00270183337852359 0.00306879123672843 0.00362291396595538 0.00741315167397261 0.0124205434694886 0.0179828219115734 0.0209158714860678 0.0206995457410812 0.0204486045986414 0.0189678035676479 0.0177298989146948 0.0173309240490198 0.0163382589817047 0.0148244639858603 0.012817395851016 0.0115163791924715 0.0109456097707152 0.0115551920607686 0.0141950286924839 0.0193527434021235 0.0302367266267538 0.0591586269438267 0.12730698287487 0.154438987374306
-9999 -9999 -9999 -9999 -9999 -9999 -9999 0.00523572647944093 0.0110126612707973 0.0302157793194056 0.0702461823821068 0.0481952019035816 0.0290782526135445 0.023899782449007 0.0212821587920189 0.019794849678874 0.0206913482397795 0.0172891188412905 0.0157912764698267 0.0121358502656221 0.00885745696723461 0.007409633602947 0.00630043121054769 0.00626383442431688 0.00619698222726583 0.00561139872297645 0.00554175954312086 0.00507440557703376 0.00515579432249069 0.0056618470698595 0.00557188643142581 0.00560729391872883 0.00520083494484425 0.00514801032841206 0.0051949005573988 0.00470580067485571 0.00698075396940112 0.00932185165584087 0.0101153617724776 0.00931126065552235 0.00879710540175438 0.00748867355287075 0.00690598133951426 0.00642856862396002 0.00542382104322314 0.00478345295414329 0.00403577089309692 0.00429346552118659 0.00499878916889429 0.00689634447917342 0.00931120943278074 0.0142699042335153 0.0217316690832376 0.0447716899216175 0.0942118838429451 0.146532699465752
-9999 -9999 -9999 -9999 -9999 -9999 0.0061768046580255 0.00901926774531603 0.0183512158691883 0.0410423241555691 0.0828412845730782 0.0531420707702637 0.03074118681252 0.023900281637907 0.0250580664724112 0.0254506040364504 0.0273770373314619 0.0274482984095812 0.0246430579572916 0.0193284545093775 0.0143345473334193 0.0128219341859221 0.0120382392778993 0.011899322271347 0.0108432006090879 0.0102016283199191 0.00973899383097887 0.00989268906414509 0.0101209552958608 0.00958839431405067 0.00978838093578815 0.00938228238373995 0.00926422979682684 0.00910227373242378 0.0079630296677351 0.00710749998688698 0.00603887299075723 0.00532404752448201 0.00458149425685406 0.00404325872659683 0.00375759461894631 0.00374548579566181 0.00410989345982671 0.00491088069975376 0.00528297061100602 0.00610647117719054 0.00652600824832916 0.00751731963828206 0.00876525323837996 0.010669119656086 0.0140120889991522 0.0196469519287348 0.0298352614045143 0.0413252860307693 0.0732210129499435 0.115870654582977
-9999 -9999 -9999 -9999 -9999 -9999 0.0107870511710644 0.0133471274748445 0.0240671206265688 0.0529196485877037 0.0948698446154594 0.0591670349240303 0.0349466986954212 0.0296095721423626 0.0331353582441807 0.0372526831924915 0.0388852171599865 0.0363642610609531 0.033819917589426 0.0278763771057129 0.0221253428608179 0.0199913419783115 0.0186008866876364 0.017928360030055 0.0168636739253998 0.0155616281554103 0.0161649659276009 0.0173100549727678 0.0178523622453213 0.0175690706819296 0.0168247632682323 0.0163497943431139 0.0153882727026939 0.0146326757967472 0.0134531669318676 0.0114123215898871 0.010085173882544 0.00869979802519083 0.00808064918965101 0.00780028384178877 0.0073686339892447 0.00791477970778942 0.00859437417238951 0.00938058272004128 0.0104278130456805 0.0112830894067883 0.0126331355422735 0.0137523496523499 0.0156219759956002 0.0190092585980892 0.0233254637569189 0.0307125393301249 0.0400135926902294 0.0492257177829742 0.0579287745058537 0.0808270573616028
-9999 -9999 -9999 -9999 -9999 -9999 0.0152775766327977 0.0155995087698102 0.0271391775459051 0.0636388435959816 0.119983717799187 0.0731563419103622 0.042022280395031 0.0356674157083035 0.0419799275696278 0.0488859787583351 0.0473667457699776 0.0434730835258961 0.0401299372315407 0.0337400436401367 0.0276437662541866 0.0256688110530376 0.0246422588825226 0.0239626727998257 0.0223931577056646 0.0217642560601234 0.0225104410201311 0.0247632022947073 0.0272788777947426 0.025533763691783 0.0250651426613331 0.0234796665608883 0.0226185135543346 0.0213077813386917 0.01905089430511 0.0172136947512627 0.0151271494105458 0.0139020485803485 0.0131973484531045 0.0127722211182117 0.013323319144547 0.0140505647286773 0.0151887619867921 0.0162384696304798 0.0172345247119665 0.0192420873790979 0.0207064542919397 0.023462075740099 0.0264328625053167 0.0300966966897249 0.0362147055566311 0.0412216745316982 0.0486189164221287 0.0562871843576431 0.0607288517057896 0.0630395710468292
-9999 -9999 -9999 -9999 -9999 -9999 -9999 0.0185203067958355 0.0298618823289871 0.0754651725292206 0.13553686439991 0.0859106481075287 0.051442451775074 0.0457913354039192 0.0525099225342274 0.0616718977689743 0.0585390068590641 0.0528615899384022 0.0485375821590424 0.0430445224046707 0.0374442301690578 0.0349463373422623 0.033334843814373 0.0324458368122578 0.031806655228138 0.0314547680318356 0.0331895127892494 0.0356485731899738 0.0389230027794838 0.0391117855906487 0.0370066240429878 0.0353329889476299 0.0330014228820801 0.0313559137284756 0.0294338930398226 0.0265360046178102 0.0244511663913727 0.0226608924567699 0.0221970211714506 0.0228519551455975 0.0237431060522795 0.0249865129590034 0.0261057298630476 0.0282100234180689 0.0310277808457613 0.0333183668553829 0.0366860963404179 0.0394504964351654 0.0432298220694065 0.048480536788702 0.0534177534282207 0.0584892481565475 0.0619530156254768 0.0656451135873795 0.0687743797898293 0.0671659708023071
-9999 -9999 -9999 -9999 -9999 -9999 -9999 -9999 0.0341231003403664 0.0893427953124046 0.160604521632195 0.0977007076144218 0.0600768625736237 0.0537514686584473 0.0611323080956936 0.0722008869051933 0.0711513161659241 0.0636873319745064 0.0584036633372307 0.0527596734464169 0.0471490137279034 0.0448691621422768 0.0431858450174332 0.0423041768372059 0.0419531986117363 0.0425184667110443 0.0447415374219418 0.0481504127383232 0.0516145452857018 0.0529863946139812 0.0510706380009651 0.0477201379835606 0.045014712959528 0.0425879918038845 0.039565697312355 0.0375197641551495 0.0354787036776543 0.0342976525425911 0.0340760014951229 0.0338473878800869 0.0351842492818832 0.0367545783519745 0.0398125015199184 0.039970301091671 0.0398202314972878 0.0397677421569824 0.0402526892721653 0.0407475456595421 0.0426396690309048 0.0465095825493336 0.0500244088470936 0.0559702217578888 0.0610543638467789 0.0668096989393234 0.0734972506761551 0.0724617019295692
-9999 -9999 -9999 -9999 -9999 -9999 0.0333565808832645 0.0285880658775568 0.0517151765525341 0.111033096909523 0.136773750185966 0.0948780477046967 0.0667323470115662 0.0629438161849976 0.0698984041810036 0.0809014737606049 0.0874884352087975 0.0775243863463402 0.0710446015000343 0.0665730386972427 0.0622614361345768 0.0593580789864063 0.056924857199192 0.0559096820652485 0.0566411092877388 0.057923749089241 0.0606959499418736 0.0638920441269875 0.0670909509062767 0.0695237144827843 0.0690145120024681 0.0652632489800453 0.0611501522362232 0.0581989362835884 0.0551017969846725 0.0521906539797783 0.0505324900150299 0.0490384139120579 0.0491417162120342 0.0469999238848686 0.0442400276660919 0.0428779944777489 0.0414394959807396 0.0411201454699039 0.0417813807725906 0.0419323146343231 0.0426753237843513 0.0431061424314976 0.0450336039066315 0.0489862412214279 0.0524606220424175 0.0573406517505646 0.0610444769263268 0.0640907734632492 0.0667806789278984 0.0655343234539032
-9999 -9999 -9999 -9999 -9999 0.0752153471112251 0.0451186783611774 0.0410075634717941 0.084384985268116 0.138150826096535 0.119494237005711 0.0892677158117294 0.0683188587427139 0.0667094737291336 0.072875089943409 0.0872150659561157 0.0925530567765236 0.0943334102630615 0.0869883522391319 0.0822206810116768 0.0795801505446434 0.0756950750946999 0.0731664523482323 0.0721960961818695 0.0731302425265312 0.0756773352622986 0.0780443623661995 0.0816382169723511 0.0843524783849716 0.0851022601127625 0.0857033729553223 0.083574078977108 0.0806692242622375 0.0770009309053421 0.0720212683081627 0.0675109922885895 0.0632533952593803 0.0582631900906563 0.0543299727141857 0.0502858906984329 0.0465217456221581 0.0452247820794582 0.0434227213263512 0.0432620830833912 0.0443194694817066 0.044997863471508 0.0461531728506088 0.047074556350708 0.0490057244896889 0.0523481667041779 0.0558468475937843 0.0589308254420757 0.0623623467981815 0.0629566609859467 0.0615588910877705 0.0572483018040657
-9999 -9999 -9999 -9999 -9999 0.0846442803740501 0.0599612407386303 0.0608425177633762 0.109900169074535 0.126096993684769 0.101194076240063 0.0784456729888916 0.0666982755064964 0.0679209679365158 0.0754781290888786 0.0864021852612495 0.0912648364901543 0.0955659747123718 0.100741848349571 0.104466885328293 0.101302772760391 0.096620112657547 0.0930758565664291 0.0915082022547722 0.0929439291357994 0.0950386300683022 0.0978460758924484 0.100431635975838 0.102309130132198 0.101340249180794 0.0978141725063324 0.0962749570608139 0.0946900844573975 0.0900257527828217 0.0841793864965439 0.0777046680450439 0.0723732933402061 0.0663857087492943 0.0616473741829395 0.0573297664523125 0.0531950667500496 0.0512682311236858 0.0494709573686123 0.0492724217474461 0.0505592748522758 0.0513799004256725 0.0530341565608978 0.0540326461195946 0.0556059442460537 0.0580837726593018 0.0594101026654243 0.0614570081233978 0.0618636831641197 0.0610148720443249 0.0595168955624104 0.0558451227843761
-9999 -9999 -9999 -9999 -9999 -9999 0.084645040333271 0.0877356752753258 0.128902584314346 0.103682123124599 0.0866242945194244 0.0709122493863106 0.0628707334399223 0.0652338191866875 0.0719566866755486 0.0823738276958466 0.0854174718260765 0.0886242315173149 0.0948252528905869 0.102629840373993 0.110092960298061 0.113616697490215 0.115890264511108 0.115189149975777 0.11599138379097 0.117294155061245 0.116339705884457 0.113680936396122 0.110766991972923 0.108700856566429 0.107886984944344 0.107744596898556 0.110018193721771 0.105632536113262 0.0986126065254211 0.0906671211123466 0.0852543860673904 0.0782884135842323 0.072896309196949 0.0678157210350037 0.0623297579586506 0.0610483288764954 0.0590797811746597 0.0588872767984867 0.0599452033638954 0.0603818073868752 0.0627296045422554 0.0638647526502609 0.065065048635006 0.0662104412913322 0.0648694783449173 0.0652314051985741 0.0632630363106728 0.0608526207506657 0.0590582974255085 0.0555248633027077
-9999 -9999 -9999 -9999 -9999 -9999 0.128179430961609 0.121831998229027 0.115186840295792 0.0870603919029236 0.0719913244247437 0.0618831813335419 0.0553311184048653 0.0591081231832504 0.0664181038737297 0.0719951242208481 0.0747866779565811 0.0769669786095619 0.0843275710940361 0.0953880175948143 0.105803057551384 0.110255986452103 0.112090654671192 0.113495536148548 0.115381829440594 0.116162993013859 0.116498537361622 0.116508208215237 0.115410909056664 0.114968590438366 0.114969737827778 0.117248214781284 0.121089436113834 0.124328039586544 0.116771318018436 0.108358517289162 0.101986482739449 0.0949729084968567 0.0888165086507797 0.0828738808631897 0.0774465128779411 0.0749096721410751 0.0727823302149773 0.0721837282180786 0.0728638023138046 0.073348730802536 0.0750153660774231 0.0760916173458099 0.0767966732382774 0.077451303601265 0.075943797826767 0.0723026543855667 0.0675653666257858 0.0633300319314003 0.0593494586646557 0.0542907044291496
-9999 -9999 -9999 -9999 -9999 -9999 0.154088854789734 0.135370165109634 0.11307417601347 0.0775213241577148 0.0679954513907433 0.0620754882693291 0.0539742447435856 0.0569228306412697 0.0655720010399818 0.0681021362543106 0.0671374574303627 0.0693523287773132 0.0781586170196533 0.0894010663032532 0.102714829146862 0.107429556548595 0.108477890491486 0.1102609410882 0.112072259187698 0.113716587424278 0.115654319524765 0.118833713233471 0.11979728192091 0.12015300989151 0.121256142854691 0.125164374709129 0.130881831049919 0.137869760394096 0.141369536519051 0.130929708480835 0.125093549489975 0.1170624345541 0.110525824129581 0.104106679558754 0.0968620181083679 0.0947631821036339 0.091158539056778 0.0899330079555511 0.0903642773628235 0.0893359109759331 0.0908346548676491 0.0907149240374565 0.0904299840331078 0.0905679166316986 0.0882126837968826 0.0808782950043678 0.0732645839452744 0.0667492896318436 0.0609140768647194 0.0542640276253223
-9999 -9999 -9999 -9999 -9999 -9999 -9999 -9999 0.119496583938599 0.0818399116396904 0.0836858823895454 0.0731882378458977 0.0611972473561764 0.0648264288902283 0.0729393810033798 0.072112463414669 0.0653015971183777 0.0684098824858665 0.0782198756933212 0.0862461477518082 0.102282248437405 0.107250399887562 0.106635600328445 0.108440227806568 0.1098867431283 0.111879967153072 0.115575738251209 0.120646789669991 0.123208202421665 0.124710604548454 0.127373963594437 0.132939517498016 0.140857264399529 0.148888200521469 0.157428473234177 0.160733535885811 0.153097659349442 0.145520776510239 0.137975409626961 0.130344912409782 0.123134218156338 0.118674747645855 0.114890173077583 0.112284623086452 0.110345922410488 0.108437225222588 0.107673525810242 0.106376856565475 0.103809267282486 0.100500427186489 0.0951568856835365 0.0873296037316322 0.0786927863955498 0.0709094181656837 0.0632734820246696 0.0559720881283283
-9999 -9999 -9999 -9999 -9999 -9999 -9999 -9999 0.150742262601852 0.0999180004000664 0.116628333926201 0.0980050414800644 0.0792393460869789 0.0823717191815376 0.0927955508232117 0.0880956277251244 0.0743876323103905 0.0760298520326614 0.0857669115066528 0.0900259912014008 0.106374777853489 0.109071269631386 0.107881657779217 0.109432399272919 0.109843663871288 0.111481137573719 0.115335360169411 0.122113034129143 0.125789105892181 0.127619281411171 0.131988555192947 0.138928696513176 0.149623095989227 0.158166810870171 0.165613517165184 0.175624281167984 0.188142150640488 0.180280163884163 0.171903342008591 0.163211718201637 0.154319629073143 0.149298578500748 0.143376037478447 0.13905993103981 0.135234281420708 0.130527630448341 0.127860635519028 0.123370051383972 0.117338269948959 0.110523402690887 0.102527104318142 0.0938808917999268 0.0842017084360123 0.0752503275871277 0.0668990314006805 0.059138223528862
-9999 -9999 -9999 -9999 -9999 -9999 -9999 -9999 -9999 0.0944695696234703 0.101929858326912 0.098966546356678 0.10927227884531 0.122436001896858 0.137003168463707 0.127922013401985 0.095793716609478 0.0914374738931656 0.100091576576233 0.098298005759716 0.113009579479694 0.113482460379601 0.11155927926302 0.113390445709229 0.112375669181347 0.113188408315182 0.116954542696476 0.122819729149342 0.126937866210938 0.12945619225502 0.134096384048462 0.143267080187798 0.155349224805832 0.165628910064697 0.173437908291817 0.182262316346169 0.194414585828781 0.207651287317276 0.21089993417263 0.199957117438316 0.189737051725388 0.18209633231163 0.175267890095711 0.168686956167221 0.161698490381241 0.154867872595787 0.148704841732979 0.14100669324398 0.131047442555428 0.119866155087948 0.108871027827263 0.10128527879715 0.0931502878665924 0.0835883691906929 0.0729105994105339 0.0642479807138443
-9999 -9999 -9999 -9999 -9999 -9999 -9999 -9999 -9999 -9999 0.0707713738083839 0.0593887493014336 0.115032061934471 0.186013042926788 0.211573377251625 0.199113637208939 0.145082056522369 0.121384456753731 0.122959457337856 0.114858359098434 0.120104357600212 0.118440501391888 0.118310078978539 0.119108207523823 0.117361068725586 0.116841569542885 0.119084671139717 0.124505631625652 0.128001883625984 0.130114778876305 0.135164186358452 0.144872114062309 0.15890546143055 0.170381754636765 0.1790751516819 0.189247936010361 0.200748383998871 0.213247358798981 0.224826097488403 0.23652683198452 0.228980958461761 0.218998938798904 0.209613308310509 0.200827345252037 0.19136980175972 0.182046994566917 0.172954797744751 0.161286443471909 0.147551283240318 0.132858008146286 0.119550287723541 0.111978754401207 0.104874409735203 0.0949784219264984 0.0831512808799744 0.0739792063832283
-9999 -9999 -9999 -9999 -9999 -9999 -9999 -9999 -9999 -9999 -9999 0.0359746962785721 0.100828565657139 0.223349153995514 0.29352143406868 0.302224069833755 0.22167631983757 0.171976640820503 0.160648629069328 0.133932709693909 0.122119471430779 0.120630867779255 0.124343723058701 0.125634014606476 0.124087765812874 0.122140884399414 0.122603595256805 0.126259788870811 0.129221543669701 0.130824461579323 0.135600954294205 0.145622879266739 0.15929639339447 0.172624588012695 0.184529140591621 0.197781458497047 0.208915039896965 0.220544815063477 0.231401175260544 0.241102114319801 0.250667542219162 0.257682710886002 0.246461063623428 0.234321683645248 0.222002640366554 0.210646227002144 0.199003264307976 0.184611931443214 0.168579831719398 0.151036649942398 0.135202288627625 0.12686163187027 0.116256982088089 0.108490169048309 0.101034991443157 0.0940297320485115
