data/03_saidas_enm/CCSM_Maha_6k_B.balansae3.asc
NCOLS 154 
NROWS 168 
XLLCORNER -112 
YLLCORNER -55.5 
CELLSIZE 0.5 
NODATA_value -9999 
[rows 100 to 124 of 168, columns 56 to 111 of 154]
-9999 -9999 -9999 -9999 -9999 -9999 -9999 -9999 -9999 -9999 -9999 -9999 -9999 -9999 -9999 -9999 -9999 -9999 -9999 -9999 -9999 -9999 -9999 -9999 -9999 -9999 -9999 -9999 -131.989693108863 -112.477568609386 -111.744162486144 -130.379892484558 -146.612004297838 -155.054867963555 -147.740987198682 -120.794180205169 -97.1321898881037 -83.4249588527961 -52.2086714480089 -16.8642508342268 -7.48659755553494 -10.0290259772253 -18.6211948198138 -23.0181337189535 -26.812063018193 -26.6816317116721 -19.4849335757611 -11.7661939914593 -7.27891242330945 -4.71539800448241 -3.18861132283404 -1.43373126525605 -0.422662235077253 0.154032878743707 0.351473295186621 0.305450786694598
-9999 -9999 -9999 -9999 -9999 -9999 -9999 -9999 -9999 -9999 -9999 -9999 -9999 -9999 -9999 -9999 -9999 -9999 -9999 -9999 -9999 -9999 -9999 -9999 -9999 -9999 -9999 -9999 -132.514655155425 -111.179901076977 -110.136103633981 -130.686410400569 -145.513936471133 -148.996292881266 -133.591707709687 -106.12012732246 -86.9402829151505 -77.7270995475196 -46.7720873051285 -11.500997057457 -5.87120537395014 -10.4967262783603 -17.4879830569153 -22.8324152061924 -27.7650586528938 -27.0355720419696 -18.0110629660104 -10.7506339201437 -7.09860381583691 -5.79667642338617 -5.77073673026822 -3.14464051244363 -1.55410488565134 -0.729722428384072 -0.0701995375740903 -0.394125228692124
-9999 -9999 -9999 -9999 -9999 -9999 -9999 -9999 -9999 -9999 -9999 -9999 -9999 -9999 -9999 -9999 -9999 -9999 -9999 -9999 -9999 -9999 -9999 -9999 -9999 -9999 -9999 -127.607696691499 -135.490595156046 -118.922819977751 -116.247491108562 -130.686073336516 -137.344106289637 -134.557798487663 -120.339999235022 -89.68691962744 -78.6190045285807 -67.2423042417601 -36.7820107137082 -6.72275442906878 -5.2718945110231 -12.8086369561546 -16.7183212771218 -21.9987769274785 -28.7727758621717 -27.2649514089131 -19.7660699720367 -12.4452769562844 -8.61509813158928 -6.79907973828614 -5.51189570793694 -3.84933290445447 -2.11496909619124 -1.28280840985166 -0.910084826028671 -1.20195639375585
-9999 -9999 -9999 -9999 -9999 -9999 -9999 -9999 -9999 -9999 -9999 -9999 -9999 -9999 -9999 -9999 -9999 -9999 -9999 -9999 -9999 -9999 -9999 -9999 -9999 -9999 -9999 -133.730042700891 -144.300448948251 -127.723009101955 -124.881302368831 -135.531185294243 -133.613353537009 -123.994909528143 -106.479158350213 -80.6839977079603 -73.0844652975439 -59.7341686742393 -29.5175731504245 -4.70687040075628 -8.03534326316991 -16.6239861189997 -19.6403341049852 -24.2599366098867 -31.2131229408584 -31.2395530521182 -24.434848175063 -16.1731441139351 -11.2142741623096 -8.53543568414952 -6.66762088447165 -4.47877799116966 -2.7864132961016 -1.76163646954493 -1.62918915930651 -1.92078069957255
-9999 -9999 -9999 -9999 -9999 -9999 -9999 -9999 -9999 -9999 -9999 -9999 -9999 -9999 -9999 -9999 -9999 -9999 -9999 -9999 -9999 -9999 -9999 -9999 -9999 -9999 -9999 -139.682978106198 -152.433963880245 -140.782078977911 -135.92841835854 -141.16204561199 -133.873121558707 -116.907288868962 -97.8536033958291 -78.1762212929666 -72.3867082011296 -51.5003102434222 -22.4032021556312 -4.33919441101754 -10.3718252429365 -21.8720015487577 -25.5167532897446 -29.2224776729562 -32.3033232545858 -35.0457456589965 -27.8142948477394 -20.1837888163727 -14.6499636807636 -10.4403748524665 -8.24026674771602 -5.51013699875674 -4.09471251733473 -3.16271182684465 -2.5788369889357 -2.83444022059491
-9999 -9999 -9999 -9999 -9999 -9999 -9999 -9999 -9999 -9999 -9999 -9999 -9999 -9999 -9999 -9999 -9999 -9999 -9999 -9999 -9999 -9999 -9999 -9999 -9999 -9999 -9999 -144.083363897988 -160.709694669459 -150.693055865601 -149.069811181325 -153.32545985341 -138.013452264996 -114.776411090391 -92.0248626190513 -83.5913228779821 -75.1439478173253 -50.3669776655696 -19.7124693562081 -4.75120450072485 -13.3427833140605 -26.1432796447318 -31.4918482431425 -31.7865186186513 -32.8011939539353 -32.1993140497055 -25.4953365580654 -21.3776058903665 -16.2362928144604 -10.9154264775175 -8.64253534751851 -6.55864257289603 -5.21692095202658 -4.27891527338783 -3.34513304419609 -3.48139629777783
-9999 -9999 -9999 -9999 -9999 -9999 -9999 -9999 -9999 -9999 -9999 -9999 -9999 -9999 -9999 -9999 -9999 -9999 -9999 -9999 -9999 -9999 -9999 -9999 -9999 -9999 -9999 -145.202583826345 -163.580605724654 -161.473072570472 -163.2322404551 -165.783411022471 -147.000590075886 -115.034499576682 -89.5887164837594 -95.7448678912665 -85.1239524341295 -55.7913987218282 -20.3286882960632 -3.70731019846236 -14.2971094489137 -30.4584605320953 -34.3212356302217 -33.521679221604 -31.0367600492282 -25.8328490769974 -23.0211679506543 -18.2595870982624 -14.9471852663685 -11.5558131328882 -7.91520001206224 -6.70687877196604 -5.7443211711503 -4.83378255962572 -4.0864611287451 -3.30901147374346
-9999 -9999 -9999 -9999 -9999 -9999 -9999 -9999 -9999 -9999 -9999 -9999 -9999 -9999 -9999 -9999 -9999 -9999 -9999 -9999 -9999 -9999 -9999 -9999 -9999 -9999 -9999 -141.388946252611 -163.614771338123 -175.463850234655 -185.415619316222 -182.715153549581 -155.412552253018 -115.728213101534 -88.2921708996106 -107.617177345613 -99.5735879887309 -64.4145287352324 -22.2183991306582 -4.20500204970846 -16.9262733723256 -34.8168503784665 -38.531296818798 -36.1368211572917 -32.7885655032135 -26.7921859205225 -23.5309163344638 -19.1455202118236 -15.0329022997591 -11.7373154263169 -8.77113169510327 -7.55339745872842 -6.6019411894341 -5.58253857663392 -4.58644597435674 -3.7412685232161
-9999 -9999 -9999 -9999 -9999 -9999 -9999 -9999 -9999 -9999 -9999 -9999 -9999 -9999 -9999 -9999 -9999 -9999 -9999 -9999 -9999 -9999 -9999 -9999 -9999 -9999 -9999 -134.609479146423 -159.955040273948 -187.248730909941 -214.377808208576 -200.91652903978 -166.868851031424 -114.843625178397 -87.9118977448171 -130.199271971539 -111.041405981829 -72.1006561397932 -25.6263351381442 -4.74932872808071 -21.6667103592415 -38.7926695090327 -42.8174080948026 -41.0428826996085 -37.7337738596322 -34.9072608121807 -27.886532726163 -22.8088105563686 -17.9837302868929 -12.8821902822016 -10.6707541798628 -9.36105176531493 -7.98228943631063 -6.69879448726369 -5.10631335276992 -4.4326784863219
-9999 -9999 -9999 -9999 -9999 -9999 -9999 -9999 -9999 -9999 -9999 -9999 -9999 -9999 -9999 -9999 -9999 -9999 -9999 -9999 -9999 -9999 -9999 -9999 -9999 -9999 -9999 -131.142927986836 -159.542692884177 -194.570563562454 -218.405656250988 -205.283071958008 -161.683185876178 -105.199094028365 -81.0383703092355 -123.533905574164 -106.068391878912 -66.6529706976251 -25.4850102931956 -7.79761212229159 -25.690117333349 -41.4472770358913 -46.2590193432074 -44.4854189025835 -41.0657393843096 -37.5565955696323 -30.8692749937637 -25.2740384985071 -20.1558598859777 -15.2720452695041 -12.6189851795473 -10.7533483783243 -9.47938967476529 -7.75769040059852 -6.07947696563844 -4.6783378890853
-9999 -9999 -9999 -9999 -9999 -9999 -9999 -9999 -9999 -9999 -9999 -9999 -9999 -9999 -9999 -9999 -9999 -9999 -9999 -9999 -9999 -9999 -9999 -9999 -9999 -9999 -114.057015053258 -130.24175042774 -160.233950835032 -196.790892470012 -220.671409321538 -198.023903408907 -154.943653173316 -95.2976620247926 -69.5484487864403 -117.632411497918 -89.1431433795355 -55.9003431236631 -24.1182385770296 -14.6546623587813 -32.736722883233 -43.6592793571343 -47.4715643331265 -46.2320550613426 -40.9553210799266 -37.0390624329704 -31.045146810648 -25.4636537531605 -20.9159053045313 -17.1181832572482 -14.5724653336035 -12.0454162938457 -10.4017871838469 -8.40655167373517 -5.5534532747178 -3.74769615270837
-9999 -9999 -9999 -9999 -9999 -9999 -9999 -9999 -9999 -9999 -9999 -9999 -9999 -9999 -9999 -9999 -9999 -9999 -9999 -9999 -9999 -9999 -9999 -9999 -9999 -9999 -111.170810124505 -134.533912271497 -168.400587758969 -201.276683511637 -208.721479076225 -183.597119150567 -135.400923354482 -82.2272501002871 -51.9216180160477 -70.570901052012 -57.8057166076265 -33.5247149517451 -20.246406371912 -24.8406595935824 -37.2846289231942 -46.7562300515864 -47.9194692828136 -47.5625689080777 -43.6739422346219 -38.6086533830326 -32.5938700828616 -27.4558701500925 -22.9472617008162 -18.638943738363 -15.5858633968986 -12.9446747442981 -10.34733954099 -7.53238533699285 -4.74804729134227 -3.17408791093828
-9999 -9999 -9999 -9999 -9999 -9999 -9999 -9999 -9999 -9999 -9999 -9999 -9999 -9999 -9999 -9999 -9999 -9999 -9999 -9999 -9999 -9999 -9999 -9999 -9999 -9999 -112.967809013688 -147.165673400039 -184.076745835519 -203.453648088642 -207.814432962114 -158.975377279523 -118.192214153545 -68.8911414452658 -32.4625357591344 -42.9156076064491 -29.2277421279167 -20.583844896345 -28.545777398933 -36.1852834403372 -47.9235570720437 -50.2380845417578 -49.2959524239169 -47.8019736435927 -44.554585720837 -42.2041071375408 -35.8940749345446 -29.995506114451 -25.6327890689098 -20.6859822328731 -17.1726046867897 -14.1186373567424 -9.79202653001862 -6.84370895666102 -4.22500680642212 -2.74029047500709
-9999 -9999 -9999 -9999 -9999 -9999 -9999 -9999 -9999 -9999 -9999 -9999 -9999 -9999 -9999 -9999 -9999 -9999 -9999 -9999 -9999 -9999 -9999 -9999 -9999 -9999 -122.079202227104 -163.50153030039 -194.228094440022 -194.638257926948 -167.873006363523 -128.22303948253 -81.9803468058233 -42.9153932281396 -15.0399101116646 -17.9973918306865 -22.2092351552781 -27.979467827944 -40.7388955593488 -49.4336813382289 -54.3528203989885 -54.3556893041623 -51.9549886710832 -49.1218835731897 -44.447299359072 -39.766555074297 -34.9058416606275 -31.0508838411185 -27.1781011106544 -22.5789796771817 -18.4711493502806 -13.7241667383049 -9.41057883478603 -6.44673348390691 -3.96614522122038 -2.36702186966265
-9999 -9999 -9999 -9999 -9999 -9999 -9999 -9999 -9999 -9999 -9999 -9999 -9999 -9999 -9999 -9999 -9999 -9999 -9999 -9999 -9999 -9999 -9999 -9999 -9999 -95.3722562788202 -141.083969376305 -186.058839413062 -204.754820232646 -176.225772979932 -145.567265171462 -96.3467670966276 -53.5924475252472 -24.1716350819363 -12.4575854729542 -28.0152328532685 -33.2154533720143 -43.077454545313 -57.1574704645645 -61.2552010648159 -62.8735016448516 -60.3500111322496 -55.7107298790113 -50.7720441808009 -45.2512861818081 -39.9974054322414 -35.0700774107666 -31.657449900135 -28.8373298931665 -24.3370053651433 -19.3244834686534 -14.3236860784185 -9.54073019175024 -6.42110473599952 -3.83418883568542 -2.18908516817756
-9999 -9999 -9999 -9999 -9999 -9999 -9999 -9999 -9999 -9999 -9999 -9999 -9999 -9999 -9999 -9999 -9999 -9999 -9999 -9999 -9999 -9999 -9999 -9999 -9999 -107.032679548639 -154.793098506616 -194.421832618814 -198.10230626775 -156.81809254114 -114.684439106708 -75.3404720382077 -42.8395332186625 -20.9660826927261 -22.2682916583009 -38.5677746718686 -47.2898744663316 -56.9420620729796 -67.7460080929426 -69.8157127777513 -68.6651538074969 -64.7270947883308 -59.4839244343615 -54.460733212737 -48.286836870411 -42.5104792286244 -36.8520069996433 -33.2764397275883 -30.169876315529 -26.3231910703303 -19.6811152606714 -14.6010784969145 -10.3318795742793 -7.21332565484393 -4.54975805568761 -2.73769728842919
-9999 -9999 -9999 -9999 -9999 -9999 -9999 -9999 -9999 -9999 -9999 -9999 -9999 -9999 -9999 -9999 -9999 -9999 -9999 -9999 -9999 -9999 -9999 -9999 -9999 -110.929896643759 -161.294273678846 -199.872825495839 -191.353139447549 -133.648479753883 -94.4106413099443 -61.703563968855 -40.1338790304863 -32.7881513351139 -40.6485139845531 -55.1282347435735 -60.1944424298829 -67.2321759775269 -73.3382565888627 -72.1704569525879 -72.2479918431487 -67.1436439714892 -62.7583389918132 -57.8114091105733 -51.5339832426006 -45.8690309581156 -39.9580367145584 -36.0119643422877 -32.2878063411266 -26.8603302853726 -20.5400715689408 -15.6282714802529 -11.3485031525222 -8.10453728619577 -5.23173577948637 -3.57484068388618
-9999 -9999 -9999 -9999 -9999 -9999 -9999 -9999 -9999 -9999 -9999 -9999 -9999 -9999 -9999 -9999 -9999 -9999 -9999 -9999 -9999 -9999 -9999 -9999 -9999 -92.0869074446463 -152.109166898495 -185.021739242795 -169.220060145692 -115.329454363037 -75.3580647539823 -56.3383840197359 -47.7453554451734 -49.1948119003932 -54.6602158959513 -64.5410763049573 -68.053508843018 -69.2140509051801 -71.4047821908967 -70.680723566711 -69.538564030004 -67.1141556192094 -64.3558568619816 -61.204406910406 -56.7938445955878 -51.318636658053 -44.4679249634279 -38.3100216689167 -33.4681337494319 -28.1349725618122 -21.9206555518237 -16.6805342827644 -12.230773557389 -9.03731813194375 -6.2322780975402 -4.40798841767465
-9999 -9999 -9999 -9999 -9999 -9999 -9999 -9999 -9999 -9999 -9999 -9999 -9999 -9999 -9999 -9999 -9999 -9999 -9999 -9999 -9999 -9999 -9999 -9999 -9999 -75.2602240748728 -133.336594245523 -175.656476272334 -156.116486677875 -100.847035807929 -63.6775790964307 -49.9439846568669 -55.5078367927534 -58.8652423410466 -64.1504252560242 -72.7849498692479 -72.5848908367936 -70.9082040024943 -71.6161533369719 -68.856643722309 -68.4310907029414 -67.6851875442464 -67.328412072497 -65.1441152769566 -61.3564172342379 -57.5769300604633 -48.2124286542135 -40.505885774624 -35.00726511128 -28.9674419166464 -23.8715631259159 -18.3269149544964 -13.5246971229349 -10.1346674540489 -7.1833579727579 -5.5742458034918
-9999 -9999 -9999 -9999 -9999 -9999 -9999 -9999 -9999 -9999 -9999 -9999 -9999 -9999 -9999 -9999 -9999 -9999 -9999 -9999 -9999 -9999 -9999 -9999 -9999 -69.4205940069666 -121.512092269948 -162.693765297634 -144.83106326504 -94.1078074434133 -60.4455789984644 -52.7979270048285 -59.0751109845365 -65.2233109079026 -71.4736325140305 -75.1900383947528 -75.088627830897 -73.8434578766229 -73.4666332693046 -70.5597795756862 -69.3835816751623 -70.883063866341 -74.2745495264485 -72.9825070775331 -66.2990570471239 -58.0959875818421 -50.4692226080041 -43.7831562108295 -37.8004075745145 -31.5128691532025 -25.5127166147885 -19.9082789719329 -15.2069506100437 -11.7879199830955 -8.82796268320233 -7.11978418801687
-9999 -9999 -9999 -9999 -9999 -9999 -9999 -9999 -9999 -9999 -9999 -9999 -9999 -9999 -9999 -9999 -9999 -9999 -9999 -9999 -9999 -9999 -9999 -9999 -9999 -60.2391681906068 -111.083452591155 -160.851000880389 -144.041848686404 -90.8069470683153 -59.1451686702727 -55.7948671263648 -64.0644365739954 -71.7881854029659 -75.7890510225466 -77.9950033539307 -76.9607279037247 -76.2543129177693 -76.0322764637341 -71.6844437256062 -70.5019097339859 -73.2980868146268 -79.2229954118833 -77.420145490043 -67.723726860468 -59.4571673972427 -51.8885939441543 -45.8555180323613 -40.2317564177312 -33.9354403395317 -28.0225279696205 -22.2334993464194 -17.1756886347097 -13.4518021051658 -10.2678508821581 -8.80772923571397
-9999 -9999 -9999 -9999 -9999 -9999 -9999 -9999 -9999 -9999 -9999 -9999 -9999 -9999 -9999 -9999 -9999 -9999 -9999 -9999 -9999 -9999 -9999 -9999 -9999 -52.7172795473386 -102.60400752698 -164.036972415972 -148.09519929366 -93.9312357245732 -63.1338150349286 -61.9561851683142 -70.0359466928081 -77.5125856394671 -80.5706580512435 -81.3789459201208 -80.405127927027 -79.9017032890178 -78.3282339203988 -73.1228968132607 -70.5977573251151 -74.2583486486965 -80.0375232677913 -78.4703314654319 -70.2310744061542 -60.4708173278157 -53.725529291333 -48.4430041818867 -42.7827645436997 -36.9225342730718 -30.5690581867824 -24.1681657861842 -18.974182132001 -15.0772735250236 -12.0620288650184 -10.2780399404492
-9999 -9999 -9999 -9999 -9999 -9999 -9999 -9999 -9999 -9999 -9999 -9999 -9999 -9999 -9999 -9999 -9999 -9999 -9999 -9999 -9999 -9999 -9999 -9999 -9999 -42.8943148267508 -89.7449902220698 -150.415887028924 -152.53162703978 -100.214393485927 -69.3026106782555 -67.2704949225504 -76.5408345385069 -81.8971466592098 -82.5068694673994 -82.2751642998838 -80.7231605936154 -80.3586541185821 -78.9215707790593 -71.8380648988614 -69.773866956745 -73.4538317957694 -79.8355716181281 -79.4978170057162 -71.4302526622257 -62.7099994492324 -56.2714132297624 -50.915555804762 -45.3133396092111 -39.1937967440582 -33.173045782607 -27.1838170660567 -21.4816037101003 -17.787039057292 -14.1512265718938 -12.3140009754123
-9999 -9999 -9999 -9999 -9999 -9999 -9999 -9999 -9999 -9999 -9999 -9999 -9999 -9999 -9999 -9999 -9999 -9999 -9999 -9999 -9999 -9999 -9999 -9999 -9999 -33.9110613267123 -78.6168715309027 -132.730881365128 -149.271081721743 -106.570637069187 -79.4682684892289 -75.3568519333086 -80.391663011485 -84.537384979159 -83.3573986601356 -79.1544786876432 -79.5766728069731 -78.8398698687414 -76.1195868382132 -71.3748242300409 -68.7746921451055 -72.5310357933815 -79.5351332972482 -79.4937298305136 -73.4509090203994 -66.2967600919794 -59.2736445673957 -53.3892772174171 -47.4665728161852 -41.2413132407492 -35.5338567915348 -29.3728505976297 -24.9334048748094 -20.1293397904989 -15.4273483509712 -14.1441976939491
-9999 -9999 -9999 -9999 -9999 -9999 -9999 -9999 -9999 -9999 -9999 -9999 -9999 -9999 -9999 -9999 -9999 -9999 -9999 -9999 -9999 -9999 -9999 -9999 -21.600056737093 -30.6016305308083 -68.4213865100971 -115.409183273849 -144.361070641038 -109.624401826937 -82.8437821705836 -79.1488829045234 -84.3006894578026 -86.385642239988 -84.9648640013062 -81.5754194542144 -81.2111666072417 -80.4476185369171 -78.1855597538921 -73.3379888627248 -70.6267802404509 -74.0923873840252 -79.6600074247501 -79.7087059334871 -74.4914855125286 -67.8004676031495 -61.6055935233405 -55.6783766657709 -49.3911371968686 -42.8717902346024 -35.9487956800209 -30.5496047216523 -26.1038143211412 -20.4167501836016 -13.8373033690433 -10.6004624722856
