data/03_saidas_enm/CCSM_Maha_6k_B.balansae4.asc
NCOLS 154 
NROWS 168 
XLLCORNER -112 
YLLCORNER -55.5 
CELLSIZE 0.5 
NODATA_value -9999 
[rows 100 to 124 of 168, columns 56 to 111 of 154]
-9999 -9999 -9999 -9999 -9999 -9999 -9999 -9999 -9999 -9999 -9999 -9999 -9999 -9999 -9999 -9999 -9999 -9999 -9999 -9999 -9999 -9999 -9999 -9999 -9999 -9999 -9999 -9999 -260.328175546077 -233.60480238405 -226.436636454354 -244.406812065345 -259.164360377206 -263.764173706827 -238.444976484614 -172.744985215837 -120.691441083344 -90.6613447366794 -54.9075097365294 -20.8363669129242 -13.8610628302212 -15.5661266145808 -23.8019177836681 -28.7068188260004 -33.220017318143 -33.3294893341837 -24.0952230126896 -13.9656900127615 -8.49441379069615 -5.64134281452175 -3.96946695952057 -1.79349679162726 -0.600049589518627 -0.0203187613230755 0.280871519960558 0.580189872982987
-9999 -9999 -9999 -9999 -9999 -9999 -9999 -9999 -9999 -9999 -9999 -9999 -9999 -9999 -9999 -9999 -9999 -9999 -9999 -9999 -9999 -9999 -9999 -9999 -9999 -9999 -9999 -9999 -260.800641179445 -231.377903976124 -223.26756121378 -244.630754637328 -262.010921905159 -257.346679233339 -210.494784609159 -147.252932699771 -103.225184757312 -81.691646222439 -48.4375138369988 -14.4498331751327 -11.6026390099422 -12.9068858830906 -21.4299552717316 -26.869262368167 -33.4545031444271 -33.0531181828467 -20.9337910686223 -11.4154826426942 -7.35096393071809 -6.61860484139779 -7.50486446889352 -4.14375330609865 -2.05081832553112 -1.15983334326316 -0.194116617263874 -0.0691089873189459
-9999 -9999 -9999 -9999 -9999 -9999 -9999 -9999 -9999 -9999 -9999 -9999 -9999 -9999 -9999 -9999 -9999 -9999 -9999 -9999 -9999 -9999 -9999 -9999 -9999 -9999 -9999 -232.454625894108 -266.02862690581 -247.039428599513 -240.24930509325 -248.999377809158 -249.282667683197 -231.113397165565 -183.384755564891 -119.634621990912 -90.227770601592 -69.9343219728601 -38.2438977859107 -8.78728171860614 -9.39247772138793 -14.2531248985305 -19.3247666039109 -24.2777575484142 -33.6563264274334 -32.6863648581225 -22.8017619324878 -13.3530407533022 -8.9944059812609 -7.37780722511506 -6.34099532266917 -4.55505421545301 -2.46658517618295 -1.71392283554067 -1.15878197580437 -0.924108325071802
-9999 -9999 -9999 -9999 -9999 -9999 -9999 -9999 -9999 -9999 -9999 -9999 -9999 -9999 -9999 -9999 -9999 -9999 -9999 -9999 -9999 -9999 -9999 -9999 -9999 -9999 -9999 -243.763248282521 -281.640874211371 -263.774070108977 -259.061209452038 -261.343934814844 -244.567402442095 -210.864994098984 -157.208240605904 -102.796926978722 -81.68275111177 -62.1296114485872 -31.1750763756359 -6.89625322167405 -11.9541255427212 -17.7912818031917 -22.387457930589 -26.4974285722066 -36.6710711502691 -37.3886582117938 -29.1025118166426 -18.1867115239618 -12.1508171654462 -9.21948200301796 -7.25185938796147 -4.77666445897514 -2.81692978769932 -1.94680398507858 -1.9727308681446 -1.82829119677615
-9999 -9999 -9999 -9999 -9999 -9999 -9999 -9999 -9999 -9999 -9999 -9999 -9999 -9999 -9999 -9999 -9999 -9999 -9999 -9999 -9999 -9999 -9999 -9999 -9999 -9999 -9999 -255.40501913912 -297.230747525603 -287.78486411092 -278.276623912321 -270.927488104112 -243.508556133105 -194.262350952901 -141.283751127589 -94.9216697654338 -79.7084128305529 -54.9874730139567 -24.7974145765973 -6.83851175668329 -15.7796513233786 -24.2389264062161 -29.9604597594056 -33.6360171650979 -37.8149374034266 -42.2678373003466 -33.2245647101548 -23.5031577549745 -16.4224279713812 -11.2996940131119 -8.85849113876473 -5.6414201070433 -4.20588762633905 -3.52853385376249 -2.80780328036886 -2.68045630774023
-9999 -9999 -9999 -9999 -9999 -9999 -9999 -9999 -9999 -9999 -9999 -9999 -9999 -9999 -9999 -9999 -9999 -9999 -9999 -9999 -9999 -9999 -9999 -9999 -9999 -9999 -9999 -265.168569325383 -313.357960655017 -304.895372356282 -292.996556866346 -287.642125898763 -247.520362770153 -185.415816940058 -129.26703823589 -97.0981763136793 -81.0030170634073 -54.1598825537157 -22.2852186969332 -7.37627766072499 -19.3260931615882 -30.2242635659061 -37.5132158264405 -36.9499300159724 -38.4741131200927 -38.3170728574711 -29.8834880583482 -24.748102743384 -18.1831505674286 -11.420707383717 -8.89694856062825 -6.61270098996582 -5.27879199062361 -4.57002591831198 -3.3240496190432 -3.10958760701474
-9999 -9999 -9999 -9999 -9999 -9999 -9999 -9999 -9999 -9999 -9999 -9999 -9999 -9999 -9999 -9999 -9999 -9999 -9999 -9999 -9999 -9999 -9999 -9999 -9999 -9999 -9999 -266.366486125378 -319.499769987956 -314.105734530426 -305.112456250457 -302.284571281559 -258.816593412648 -179.807003962838 -121.78092155355 -107.520176336447 -90.6544030742458 -60.6922725541035 -23.1206307638374 -4.87225649316853 -18.0261985139034 -35.5367917049677 -40.8189036114886 -39.3277770280829 -36.2179936708895 -29.8024431696809 -26.4899393509308 -20.3620034020499 -16.0536044677664 -11.8750101157448 -7.5676762031587 -6.37318746809619 -5.51130210240025 -4.87285204758619 -3.81156782925688 -2.69836444512085
-9999 -9999 -9999 -9999 -9999 -9999 -9999 -9999 -9999 -9999 -9999 -9999 -9999 -9999 -9999 -9999 -9999 -9999 -9999 -9999 -9999 -9999 -9999 -9999 -9999 -9999 -9999 -255.722434791634 -313.365211334463 -329.847327967529 -334.795818993876 -327.745425424572 -271.900695404551 -177.245811000042 -115.855847257888 -118.22404835014 -107.544165866758 -72.9265130002857 -26.5293657366117 -4.98202233508904 -19.4139597150507 -39.8927005599019 -45.8834149322196 -42.7080687546378 -38.5068518196316 -31.0022949877838 -26.978805211358 -21.5556666728663 -16.0579045801129 -11.7173333611419 -8.19005335421236 -6.97765737098706 -6.155513046172 -5.39403365438037 -4.07040604671198 -2.86935761470052
-9999 -9999 -9999 -9999 -9999 -9999 -9999 -9999 -9999 -9999 -9999 -9999 -9999 -9999 -9999 -9999 -9999 -9999 -9999 -9999 -9999 -9999 -9999 -9999 -9999 -9999 -9999 -237.744335796083 -298.129918679466 -341.831280577384 -379.674838055119 -359.440334918379 -294.893140189665 -176.09113464887 -111.313641037578 -141.862274910183 -129.027341332214 -85.3930715951693 -32.9903681378079 -6.66092850861024 -23.7621567376292 -44.5628193295169 -50.863045388692 -48.7623713240818 -44.794931966331 -41.6925276191937 -32.2635619832875 -25.7433744248724 -19.6018466557883 -12.7041160361438 -9.96587510003 -8.68078868182817 -7.38853614443273 -6.27767307781842 -4.41104622990059 -3.31342939108026
-9999 -9999 -9999 -9999 -9999 -9999 -9999 -9999 -9999 -9999 -9999 -9999 -9999 -9999 -9999 -9999 -9999 -9999 -9999 -9999 -9999 -9999 -9999 -9999 -9999 -9999 -9999 -225.611236515041 -290.769938996843 -349.322050290271 -385.613960898849 -370.462494847693 -292.669639365581 -162.545772305285 -100.170190507661 -135.992991215586 -124.221530477 -80.4375579493519 -34.4842192257055 -8.23632585946796 -26.4936326084194 -46.6773604338003 -54.2158794714165 -52.268174265417 -48.1421642427332 -43.9320455390919 -35.03238349965 -27.7732423547399 -21.3310777348015 -15.0769218148462 -11.8560964050785 -9.87088845888237 -8.68446779060202 -7.09702128684558 -5.15808217771076 -4.04734582448069
-9999 -9999 -9999 -9999 -9999 -9999 -9999 -9999 -9999 -9999 -9999 -9999 -9999 -9999 -9999 -9999 -9999 -9999 -9999 -9999 -9999 -9999 -9999 -9999 -9999 -9999 -170.24987077811 -219.684715160288 -285.470579701395 -346.24196953014 -386.656067545605 -361.694092110811 -290.31113935183 -150.19535594092 -84.8621174262514 -132.545516441708 -106.324605986912 -70.0741454657286 -32.9349256247659 -13.9763904915044 -33.0265550732134 -47.1244199227266 -53.8328324386494 -52.8632521717292 -45.9770214197283 -41.1084901386419 -33.4807286797691 -26.5009033221021 -20.9942389179865 -16.5668047370598 -13.7267320484412 -11.061688064567 -9.33237573083148 -7.46442425865652 -5.83930122206062 -4.840570656777
-9999 -9999 -9999 -9999 -9999 -9999 -9999 -9999 -9999 -9999 -9999 -9999 -9999 -9999 -9999 -9999 -9999 -9999 -9999 -9999 -9999 -9999 -9999 -9999 -9999 -9999 -168.370657335751 -223.459112684112 -291.360989798897 -346.237134216392 -365.913437401698 -339.193357157775 -260.645479299918 -132.23632874927 -65.4118336576449 -80.6510581037235 -71.8275174952276 -45.1605139070186 -25.277301671452 -23.4859637063922 -36.6146044939939 -47.923474517151 -50.8234003879069 -51.0836807736931 -46.4427263884162 -40.4032937379589 -33.5100918264388 -27.6719751904457 -22.6057341249499 -17.8054361709056 -14.5297644074391 -11.7930169087436 -9.83635131891067 -8.22198859424015 -5.72441225985309 -4.62153734825768
-9999 -9999 -9999 -9999 -9999 -9999 -9999 -9999 -9999 -9999 -9999 -9999 -9999 -9999 -9999 -9999 -9999 -9999 -9999 -9999 -9999 -9999 -9999 -9999 -9999 -9999 -173.461276239423 -238.318884554162 -305.654811498347 -341.206036927096 -355.418880159001 -295.863958594965 -233.552051155147 -112.486197956541 -42.2252068682356 -51.4652392657055 -39.5949014502441 -25.695470740139 -27.7832968337752 -34.9682626665686 -44.966665602701 -47.9406084550251 -48.367645843721 -47.5736959947162 -43.9610378609387 -41.2521059501678 -35.3222112312549 -29.7236111764594 -25.3947696207392 -19.7717985099441 -16.0031367839634 -13.0209360112944 -10.6117121605889 -8.02712078176558 -5.35373765520483 -4.2854010448591
-9999 -9999 -9999 -9999 -9999 -9999 -9999 -9999 -9999 -9999 -9999 -9999 -9999 -9999 -9999 -9999 -9999 -9999 -9999 -9999 -9999 -9999 -9999 -9999 -9999 -9999 -186.496490400961 -254.490869903461 -311.456746134694 -327.913902374816 -302.204546226854 -246.265482741654 -162.821818038308 -69.2176597470538 -19.6526471568014 -23.1028831095788 -28.0350050019196 -28.3172808893689 -39.9779714935136 -46.1297498560848 -49.7914419292519 -49.7731413540951 -48.2348314955717 -45.9895361443436 -41.1349899046177 -36.5097769560687 -32.6438520437004 -30.0066361312588 -26.5749774948225 -21.5194841773972 -17.050515677188 -13.8808720656126 -10.2409402385485 -7.47961051043207 -5.0342360588222 -3.61124735176812
-9999 -9999 -9999 -9999 -9999 -9999 -9999 -9999 -9999 -9999 -9999 -9999 -9999 -9999 -9999 -9999 -9999 -9999 -9999 -9999 -9999 -9999 -9999 -9999 -9999 -143.494671374004 -213.380289103031 -279.920433998842 -319.539718399392 -304.293884981158 -271.43197917013 -187.175564231408 -104.078048002688 -38.3941825231211 -13.3284110965962 -33.8259207593406 -35.6435544241875 -42.8880362328349 -53.4282683561498 -56.3268387216539 -57.7221352192278 -54.8415474729917 -50.7251843084411 -46.2572461979167 -40.9886037474435 -36.2589954463498 -31.8910348807107 -29.9032046647067 -27.9018552326381 -22.9651452313438 -18.5250138751803 -14.8545093331841 -10.1063829824849 -7.17697475813437 -4.6501479925467 -3.01726086430225
-9999 -9999 -9999 -9999 -9999 -9999 -9999 -9999 -9999 -9999 -9999 -9999 -9999 -9999 -9999 -9999 -9999 -9999 -9999 -9999 -9999 -9999 -9999 -9999 -9999 -161.837018101259 -234.811104716219 -295.545267487764 -312.026060839662 -274.607123338808 -214.355402552276 -141.842638656831 -69.0529094721766 -26.934364918367 -22.4731198663705 -38.691353520839 -48.7896056532382 -54.5399153840888 -62.7118568579855 -64.0959735859787 -63.0279231980796 -58.9406966283188 -54.113863127103 -49.5430568071036 -43.9389789232082 -38.8681027006446 -33.4023993302767 -30.8141444412093 -28.5774125048466 -24.7470311940646 -19.5632903509655 -15.051895731759 -10.9238545088594 -8.02143066620971 -5.46852616496816 -3.67048345476664
-9999 -9999 -9999 -9999 -9999 -9999 -9999 -9999 -9999 -9999 -9999 -9999 -9999 -9999 -9999 -9999 -9999 -9999 -9999 -9999 -9999 -9999 -9999 -9999 -9999 -167.330311657363 -241.91139423786 -301.123567733618 -298.85114961344 -232.779145458755 -175.288609695462 -103.63835778418 -51.7398589281507 -33.2272203076828 -38.2719055307733 -54.8275567794923 -58.4959754573451 -63.0254354141753 -67.7188808718941 -66.4856467089338 -66.3399473036558 -61.3441966761098 -57.3173465229756 -52.7789798079741 -47.0585433867091 -42.3182605091159 -36.3463947834933 -33.2664775149278 -30.3435247499604 -25.5684119742568 -20.6306288385477 -16.1700217841213 -12.1154643412969 -9.12901296841839 -6.32336022579341 -4.73721381134623
-9999 -9999 -9999 -9999 -9999 -9999 -9999 -9999 -9999 -9999 -9999 -9999 -9999 -9999 -9999 -9999 -9999 -9999 -9999 -9999 -9999 -9999 -9999 -9999 -9999 -133.40729562257 -216.610114864281 -270.424035138517 -255.600601698325 -189.291656249652 -122.92024393256 -76.6754034777589 -51.2872814765815 -45.8337438762907 -53.2831300863691 -62.2193448445374 -64.9584929859337 -65.8976634249996 -67.4424068632514 -65.7939765708521 -64.4370559688324 -61.8149356578639 -59.3007863918962 -56.4010178597125 -52.0079852313483 -46.9134512116252 -40.7207611162331 -35.5297733020405 -31.4101501205624 -26.9721683815758 -22.2582996724282 -17.5044268789789 -13.3341077375077 -10.427596622044 -7.68116543668291 -5.82104291748035
-9999 -9999 -9999 -9999 -9999 -9999 -9999 -9999 -9999 -9999 -9999 -9999 -9999 -9999 -9999 -9999 -9999 -9999 -9999 -9999 -9999 -9999 -9999 -9999 -9999 -103.883854467276 -184.322028791597 -244.501479948404 -223.319957346337 -153.312103004791 -88.4212614241367 -59.0031654542371 -53.3694687294093 -57.2267845727985 -61.615643380316 -69.3734221298475 -69.4511403259658 -67.3135446287681 -68.7283571947585 -65.3992957700654 -64.2074651161922 -62.9414367160496 -62.6429538254856 -60.5472826688081 -56.5559571064141 -53.1313075570343 -44.5700280492449 -37.7567446641794 -32.9099129153367 -28.1114156392806 -24.5286359199705 -19.5069239359446 -15.0547920129717 -11.968770911049 -8.99881383190543 -7.42247548826188
-9999 -9999 -9999 -9999 -9999 -9999 -9999 -9999 -9999 -9999 -9999 -9999 -9999 -9999 -9999 -9999 -9999 -9999 -9999 -9999 -9999 -9999 -9999 -9999 -9999 -94.6052821124682 -165.321853516943 -220.202255726627 -196.595568955432 -131.734249008441 -76.7824148786011 -56.0174784218801 -56.4619670419083 -62.7835260972584 -67.8968776332045 -71.6158721358333 -72.079653574697 -69.363349188065 -69.3625906808707 -68.2634474238393 -65.8166487863459 -66.4702354979398 -69.3291194931988 -67.9216451838412 -61.5277709723782 -53.8817246514051 -46.9561140182496 -41.0148962976566 -35.666491886062 -30.5397143203339 -26.6275736619389 -21.5797883583347 -17.2294051355484 -14.1731310048746 -11.3276081728171 -9.69087787161221
-9999 -9999 -9999 -9999 -9999 -9999 -9999 -9999 -9999 -9999 -9999 -9999 -9999 -9999 -9999 -9999 -9999 -9999 -9999 -9999 -9999 -9999 -9999 -9999 -9999 -80.6752882002752 -149.787537442633 -216.739783875544 -191.573071296994 -121.705646984481 -70.5753389569867 -55.6034002470666 -62.0184627436441 -68.3544282143808 -71.910151108566 -74.2610453379225 -73.8342270467299 -71.736339223413 -71.7979297751981 -68.8493943852337 -67.8314215130285 -69.4170670661017 -74.1492473494339 -71.9404861391074 -62.7825012509756 -55.4021983466872 -48.4609355306544 -43.0615853146498 -38.094612151581 -33.0258944219968 -28.9508427249511 -24.3408386885962 -19.6788954166557 -16.3504154888481 -13.2980425417566 -12.1091749991742
-9999 -9999 -9999 -9999 -9999 -9999 -9999 -9999 -9999 -9999 -9999 -9999 -9999 -9999 -9999 -9999 -9999 -9999 -9999 -9999 -9999 -9999 -9999 -9999 -9999 -68.937574408206 -137.701452799915 -223.533610313024 -201.351354119141 -122.427629321777 -72.3172813751809 -60.7184942940356 -67.700104603837 -73.9989444333794 -76.6565643606083 -78.1663634295436 -77.7653912306553 -76.5315860816504 -74.9155526636721 -69.9072002584936 -68.6566562357274 -71.3544279686438 -75.2978857471057 -73.0681562263454 -65.4110562259086 -56.5442978190831 -50.5012740612621 -45.8502433705488 -40.656426047143 -35.6778653084019 -31.3830935863894 -26.740717905874 -21.934708744061 -18.439732016106 -15.6898833050311 -14.0767437186986
-9999 -9999 -9999 -9999 -9999 -9999 -9999 -9999 -9999 -9999 -9999 -9999 -9999 -9999 -9999 -9999 -9999 -9999 -9999 -9999 -9999 -9999 -9999 -9999 -9999 -54.4656369206405 -118.624361103233 -203.373590127521 -205.162611660051 -130.13627648012 -78.6458142996164 -66.0408904519494 -73.959500413263 -78.4562465753413 -79.0939868856502 -79.4475858089711 -78.3002396896549 -77.3564787195374 -75.7713651746909 -68.2570002546397 -67.2770648237293 -70.8158791998977 -75.4482621159111 -74.2878766565475 -66.6218347516317 -58.8060508255924 -53.1380918660565 -48.49842515099 -43.2824249401036 -38.0884720859886 -33.8728199252733 -29.6878817521175 -25.3251306310654 -22.0496553248018 -18.4419715369836 -16.8205199387464
-9999 -9999 -9999 -9999 -9999 -9999 -9999 -9999 -9999 -9999 -9999 -9999 -9999 -9999 -9999 -9999 -9999 -9999 -9999 -9999 -9999 -9999 -9999 -9999 -9999 -41.607057454594 -101.08312712373 -173.821099924598 -193.670035223839 -134.960174541244 -91.1093058960252 -75.1409089803786 -77.8624284143138 -81.1233232999909 -80.1783170205927 -76.5984397461859 -77.1731296542868 -75.7063816627618 -72.6263225743738 -67.9702344272927 -66.1129429901676 -69.9113569414663 -75.3169096111821 -74.5216755984969 -68.7201637351396 -62.2311754788698 -56.1427629135295 -51.0143487392 -45.5926489090099 -40.1956130029607 -36.3119001602953 -31.816052639627 -29.379285131236 -25.1004499685908 -19.8602657832662 -19.1742006901024
-9999 -9999 -9999 -9999 -9999 -9999 -9999 -9999 -9999 -9999 -9999 -9999 -9999 -9999 -9999 -9999 -9999 -9999 -9999 -9999 -9999 -9999 -9999 -9999 -23.106847464938 -35.9934361524163 -84.8980161420825 -146.909315804701 -184.078986963799 -137.559619906192 -97.2720540451335 -81.5129181830931 -82.1632927889455 -82.8218781398042 -81.4954939407825 -78.6889970465281 -78.593973114859 -78.1270506324538 -75.8591077846669 -71.1092869488926 -68.2762575611568 -70.7692951691348 -75.2922199080286 -74.9564738843666 -69.9709102335274 -63.8342384261069 -58.5436528595283 -53.2244678258196 -47.4642706057897 -41.1996159410158 -36.1154042258941 -32.512904250391 -29.8725832235303 -24.5140115414398 -16.566327802882 -12.9294099423688
