data/03_saidas_enm/CCSM_SVM_6k_B.balansae2.asc
NCOLS 154 
NROWS 168 
XLLCORNER -112 
YLLCORNER -55.5 
CELLSIZE 0.5 
NODATA_value -9999 
[rows 75 to 99 of 168, columns 56 to 111 of 154]
-9999 -9999 -9999 -9999 -9999 -9999 -9999 -9999 -9999 -9999 -9999 0.0938323034993369 0.176038960709705 0.255934181105833 0.315955271252207 0.418487736106472 0.53853506588797 0.637232259475563 0.663809891916164 0.600505458828654 0.521047911821619 0.495920362250747 0.48949458570753 0.482513272486422 0.4783147035914 0.472418708984286 0.475426249724042 0.483005656629958 0.489758059433422 0.499951414213428 0.516911031113033 0.545605747347111 0.583778904556778 0.622266118548977 0.663830921263906 0.708493370599248 0.750334131922404 0.792990427112176 0.826000312691485 0.846156358147947 0.859081103038156 0.857159019371309 0.85077098826694 0.822995237899977 0.773809702790589 0.732310595037436 0.703294181752437 0.677142872730281 0.640389119030104 0.588484191432556 0.520941075157348 0.445047263603762 0.360962628181658 0.302500624737572 0.264229941373054 0.233887358256146
-9999 -9999 -9999 -9999 -9999 -9999 -9999 -9999 -9999 -9999 -9999 0.0820325552975976 0.157736928234256 0.268068510382901 0.308799843177065 0.370122184058576 0.476510351080275 0.556910367566429 0.612368351045178 0.630188671132938 0.591178576288852 0.554680307733761 0.531996595984538 0.51911320419175 0.498610378076423 0.485417110928402 0.486332632095631 0.490965191025028 0.49452243931463 0.500630532009422 0.511810920391147 0.539165530411215 0.575998129884192 0.612706453289108 0.651964134098442 0.695027682304614 0.741211692679938 0.790187945204676 0.83269313413235 0.867090444191886 0.887628180160117 0.901504571580367 0.902365816824144 0.887704755065954 0.863426383472711 0.835865857157628 0.81279911888015 0.784122403196244 0.746006498868088 0.692820045857635 0.63277134994121 0.55762412586577 0.479709564816862 0.427505639041948 0.395078011911482 0.371842702935959
-9999 -9999 -9999 -9999 -9999 -9999 -9999 -9999 -9999 -9999 -9999 -9999 0.104571526759569 0.207603831602524 0.271301569070653 0.326913064390974 0.365427976819174 0.366403398038788 0.397384374838455 0.511126132347934 0.622150709320619 0.632244203784379 0.597558300791496 0.56464280034511 0.544568226040791 0.518600736353478 0.507304926547106 0.50176825994189 0.497118151799113 0.498792143327287 0.509052604516461 0.531547420945052 0.562927903608107 0.596007956791674 0.632721131838659 0.674742172800737 0.722972389783089 0.774953122921263 0.826011222047346 0.871706310508037 0.908914231551921 0.935370843840931 0.948986184405806 0.950241668620355 0.942089165731517 0.925173103013301 0.901696461899409 0.873347294634055 0.837870163890788 0.790240627839119 0.73788667472333 0.677461813519627 0.616694720835619 0.57209638143418 0.540769813117088 0.51201803883259
-9999 -9999 -9999 -9999 -9999 -9999 -9999 -9999 -9999 -9999 -9999 -9999 0.101334436716108 0.12385323681493 0.212630667385941 0.29195673229765 0.260344516260087 0.206876643878814 0.222464527084213 0.339560688940728 0.532045819455383 0.635339214056866 0.681531209324642 0.655082489894535 0.606563390687294 0.575400224930099 0.531642610111815 0.510753553233085 0.498277604909815 0.492934991018125 0.499480070525408 0.517127076211312 0.54314551846476 0.571812922583703 0.606982113534379 0.643932258094786 0.691851515658971 0.745102960721607 0.801346555206383 0.856959286289356 0.907913951356827 0.951670016039749 0.979725199534895 0.995360854319902 1.00008598694314 0.994255462159508 0.966272590829065 0.93540832584598 0.904436803465446 0.866221717733353 0.827492770573034 0.78642393326039 0.743563138868525 0.706505657951586 0.671777205312007 0.644134727146884
-9999 -9999 -9999 -9999 -9999 -9999 -9999 -9999 -9999 -9999 -9999 -9999 -9999 0.0971827400629309 0.142828032582394 0.199332908019795 0.165132408917655 0.137883880029978 0.152037678495082 0.210964335074692 0.337391149353249 0.496923681083921 0.70917939187299 0.808868036284969 0.80608864865517 0.729875735318064 0.659318781595234 0.576657541102145 0.502720471367806 0.49461707080116 0.492952257974521 0.50709182415389 0.526959658852389 0.55020469889806 0.580609855232801 0.614447903696636 0.659370136896885 0.709209562588734 0.76698779337933 0.827804900268024 0.889697561927171 0.949915044927295 0.99403040908469 1.02202002233708 1.031776717249 1.02452588537146 1.00059078211324 0.971011094815184 0.94454076192805 0.923348598659118 0.901444276842771 0.872611379561782 0.842439028478041 0.814087767751205 0.78686479786558 0.763664814475806
-9999 -9999 -9999 -9999 -9999 -9999 -9999 -9999 -9999 -9999 -9999 -9999 -9999 0.104494272297224 0.10712651077432 0.140856477289107 0.113966082493307 0.0996102478890454 0.102209086894966 0.125997546947833 0.155719562503939 0.247466320227511 0.360807301607535 0.462096811479618 0.536295718303758 0.820344851549605 0.815882785561463 0.725171936277964 0.592538184114388 0.526842425737204 0.499608432796021 0.516768458875567 0.517242861290636 0.534139749958865 0.559278660897503 0.581299262170988 0.627682831343172 0.675626984975426 0.731244445906896 0.789575232470286 0.850423012212512 0.925641176494528 0.990191452450757 1.03154883962868 1.04896342799449 1.03862286824383 1.02313725084615 0.987202765688345 0.962117018681372 0.957192886345431 0.947866002698363 0.92975098246223 0.90847360202103 0.887933680771321 0.866473769699124 0.852384830211715
-9999 -9999 -9999 -9999 -9999 -9999 -9999 -9999 -9999 -9999 -9999 -9999 -9999 -9999 0.0946089916158782 0.1170227393519 0.112244413087655 0.0862049845676221 0.0796332224409032 0.0924272386322354 0.112874528982533 0.128630806896496 0.127014074752836 0.11269636191467 0.0830924294289612 0.1074445848864 0.307301928534259 0.724424034760577 0.823368076167415 0.79167940267905 0.642604593566193 0.584681863307266 0.556622206123688 0.532998653356532 0.55130561041464 0.574718754700291 0.612329604682238 0.655597121462117 0.707823077733275 0.768821747634945 0.82666959611259 0.89865074394852 0.966241581150119 1.02130334939212 1.05306165443738 1.05531918826943 1.03833447374198 1.00721600062667 0.983967114790548 0.976922234494221 0.970113318733074 0.958524293565505 0.941748649007701 0.928876956113609 0.920757018348743 0.910046904718404
-9999 -9999 -9999 -9999 -9999 -9999 -9999 -9999 -9999 -9999 -9999 -9999 -9999 -9999 0.106866745331721 0.0838837112255721 0.118186651732739 0.0848968333165052 0.0654312007593705 0.082044531910124 0.105886829450976 0.128508890333394 0.138275382446682 0.138714554072863 0.137340237937459 0.131965250917807 0.109578315753519 0.0986097340589194 0.350928226403876 0.621138918384582 0.80974340150799 0.73582233125991 0.628962336215233 0.558027938866132 0.549920986126074 0.566184397773342 0.600081002436079 0.639416303656189 0.686567629004962 0.750796235792808 0.796936387571544 0.865272783154691 0.924471302633751 0.992642556116359 1.04194276631664 1.05610105874598 1.04537766675148 1.0187751879338 0.999747510593974 0.99415973815753 0.978762717635252 0.977137205984335 0.96019765374372 0.950714881678309 0.95124898380943 0.952048628840648
-9999 -9999 -9999 -9999 -9999 -9999 -9999 -9999 -9999 -9999 -9999 -9999 -9999 -9999 -9999 0.0950846363765851 0.112250364055856 0.10506572998057 0.0584666442071661 0.069070380531895 0.106186117408235 0.128613242327821 0.137534520336481 0.138641525585857 0.138822837562299 0.138918403398107 0.138791874440581 0.138340657411256 0.131586526454473 0.0859732771176442 0.409065105517333 0.841379639860094 0.766161941317822 0.609331339751528 0.575369671944897 0.576891033414044 0.600661022108189 0.631883512584798 0.677793531476686 0.745034486803149 0.813832367906818 0.871272203097011 0.898871864941056 0.940624667340928 1.01029993103933 1.04306982708879 1.04371265662059 1.03243422916196 1.02549263647828 1.02322006433124 1.01727591913498 1.0070415693857 0.9890322487831 0.977936985811002 0.972407688592244 0.95767641700575
-9999 -9999 -9999 -9999 -9999 -9999 -9999 -9999 -9999 -9999 -9999 -9999 -9999 -9999 -9999 0.112005915265581 0.0837695274455654 0.139364965826672 0.0716220764301557 0.0523299368139267 0.0927242502170069 0.114467758253522 0.131490346654457 0.136812479218735 0.138659138660206 0.138988893484166 0.138979181690799 0.138999953630824 0.138971222103811 0.13408192110616 0.171903281515127 0.567451158363654 0.867592805051161 0.713634688916117 0.64498153652085 0.59589909960434 0.613542145028851 0.635496648842766 0.674412656139461 0.725719414470077 0.773023574298778 0.869091609202619 0.885130988150563 0.89283567461241 0.972156579824225 1.02568138158165 1.03520078517815 1.04104608462366 1.04160775460791 1.04073317469059 1.03818934526234 1.03132701673787 1.0190112521656 1.01112506922082 1.00182902391557 0.981836756015872
-9999 -9999 -9999 -9999 -9999 -9999 -9999 -9999 -9999 -9999 -9999 -9999 -9999 -9999 -9999 0.111131914352254 0.103629534888873 0.12092855461275 0.142400050866182 0.0677523039054298 0.0519504056063411 0.0748922777623775 0.101141051705992 0.119070847414877 0.131059764176382 0.135592296502758 0.137983726382096 0.138663058218331 0.138340020057784 0.135669249221488 0.143553144862608 0.319163844475376 0.84217982356444 0.882718337935621 0.784505092653472 0.688171246600126 0.654103377390706 0.661752283066553 0.688076657268535 0.71470585299805 0.745308950829517 0.860396452448413 0.862189102757359 0.856267218206676 0.899142832487008 0.988148342688954 1.01968184123508 1.03734537904715 1.04763438527847 1.04852438126717 1.03951561318588 1.04137497774852 1.03887408615101 1.03541029852518 1.03412632826046 1.02355798098767
-9999 -9999 -9999 -9999 -9999 -9999 -9999 -9999 -9999 -9999 -9999 -9999 -9999 -9999 -9999 -9999 0.122851826824126 0.0667689239461001 0.136051610696741 0.151563506574269 0.08831002539786 0.0658384347533646 0.0730184052602918 0.0874418942878061 0.10009262887662 0.109299067969532 0.123733293075939 0.129568466031796 0.130956703286252 0.131942400249617 0.135359331111687 0.183227469127699 0.503799069910982 0.849116086023523 0.943423955554367 0.834621319446191 0.739619071582032 0.714012595773531 0.718610549622663 0.749641299082821 0.765776053241751 0.848994907214926 0.816542587129965 0.81198050523502 0.867749805708549 0.957559901365074 1.00375108707295 1.02766907308411 1.04024252558756 1.04380496236216 1.04009475144316 1.04816830768639 1.04540292203011 1.04127521233087 1.03976873693257 1.01886064353539
-9999 -9999 -9999 -9999 -9999 -9999 -9999 -9999 -9999 -9999 -9999 -9999 -9999 -9999 -9999 -9999 -9999 0.122249800250924 0.0832051376523145 0.112009921066577 0.193828506565945 0.122557685252379 0.061313528732814 0.0563783605703044 0.0663415235395061 0.0815276597980546 0.0959704055931748 0.105985940420924 0.113297440238977 0.124571005455448 0.132606748507418 0.139761361619967 0.175670639670873 0.310735796097951 0.735847460518521 0.972921263640804 0.901163870937728 0.80800795401307 0.743363014976426 0.771403309648136 0.783403439274954 0.794073270990488 0.781435161727978 0.808554035806856 0.869797485301842 0.938438823108093 0.975178721812531 0.994327762623228 1.00411973489406 1.01013763375062 1.0119248918758 1.03531536565433 1.04909981252994 1.05347693292872 1.047203848221 1.02338957213946
-9999 -9999 -9999 -9999 -9999 -9999 -9999 -9999 -9999 -9999 -9999 -9999 -9999 -9999 -9999 -9999 -9999 -9999 -9999 0.0893169824241977 0.0586299121278285 0.134440782899941 0.123979538297764 0.0688479057452664 0.0503245038854347 0.0571784193744543 0.0686201483547154 0.0857646027503645 0.095363457484839 0.110405449382812 0.127044755811606 0.131451447867122 0.136261001505041 0.144667297295628 0.255766097722976 0.715557314659628 0.952023920617344 0.952771121588631 0.832365266459774 0.786185686039466 0.719221665305471 0.756515851678487 0.7735423921924 0.801802393754629 0.863657328711831 0.900112811519015 0.934814976666827 0.956809951152134 0.970844718635646 0.980151287638619 0.976519990255031 1.01130995042825 1.03535157029851 1.04778492153281 1.05342364823246 1.03417878431416
-9999 -9999 -9999 -9999 -9999 -9999 -9999 -9999 -9999 -9999 -9999 -9999 -9999 -9999 -9999 -9999 -9999 -9999 -9999 -9999 -9999 0.127240524176975 0.125000939471762 0.136044929925475 0.0957994561716242 0.0488207492554174 0.0529325569855862 0.0713178721698734 0.0832585127766534 0.0925062704416007 0.102896488924235 0.119912942179596 0.133539528870823 0.135788100238628 0.138930401503713 0.17137663095183 0.455786905789128 0.952698306778828 0.960434674648615 0.911825304829943 0.81546916190783 0.767548017066149 0.762658311890412 0.793642180660413 0.827429571369871 0.86574854944469 0.907296422561782 0.942614496210593 0.967549681121029 0.976182460988432 0.98543457253308 1.01167170696948 1.03950491401777 1.05496147282778 1.0585918441063 1.05811199230872
-9999 -9999 -9999 -9999 -9999 -9999 -9999 -9999 -9999 -9999 -9999 -9999 -9999 -9999 -9999 -9999 -9999 -9999 -9999 -9999 -9999 -9999 -9999 0.13719484971756 0.137039369710762 0.108097432382601 0.0727301842266659 0.0667455704078416 0.0756307579762628 0.0805872981666901 0.0822666282262379 0.0976068597382305 0.123382161953249 0.132094150024717 0.133769430090366 0.136411819516435 0.167052876845583 0.460053040507797 0.901270078436987 1.0274601467247 0.891631342140555 0.776911093404316 0.733075439114435 0.741586215836444 0.781431648210988 0.830691287928443 0.879937804883344 0.925412605744034 0.95598885027459 0.972296020597698 0.987797925360592 1.01543723295254 1.04025182222629 1.05384034237121 1.05983003401384 1.05964604478834
-9999 -9999 -9999 -9999 -9999 -9999 -9999 -9999 -9999 -9999 -9999 -9999 -9999 -9999 -9999 -9999 -9999 -9999 -9999 -9999 -9999 -9999 -9999 -9999 -9999 0.100558675045943 0.145594078249322 0.0993071450803067 0.0822133189747978 0.086264053468128 0.0863687196570462 0.0779157679790065 0.0879919636531645 0.105574469591618 0.12429595285853 0.133189355503561 0.137344884516925 0.175377659145816 0.380678606979491 0.925356195760047 0.941852270172969 0.781369075146829 0.678591020449287 0.675307511339245 0.731828668333406 0.793248154729434 0.849001368179579 0.898333982983866 0.933410525447305 0.956093205804925 0.975222313048294 1.00670888061853 1.02898803354415 1.04421296317687 1.05208803663552 1.04728133280037
-9999 -9999 -9999 -9999 -9999 -9999 -9999 -9999 -9999 -9999 -9999 -9999 -9999 -9999 -9999 -9999 -9999 -9999 -9999 -9999 -9999 -9999 -9999 -9999 -9999 0.119110875365912 0.0984113474349119 0.158437168606924 0.140030534891986 0.119911459834203 0.11117327117274 0.0962070235869972 0.0792401987170903 0.0738208700176577 0.0903538694557131 0.113271414727842 0.121410127708191 0.143764021618243 0.261041073798604 0.75284763118321 0.977906007191459 0.819129954769188 0.667977336826255 0.637435347071375 0.684083516119288 0.748582896346821 0.808334928095775 0.860594883371477 0.900926969962882 0.929828606715364 0.958142671698047 0.988572529446682 1.01417296081489 1.03487683845549 1.04636215815581 1.04074912314303
-9999 -9999 -9999 -9999 -9999 -9999 -9999 -9999 -9999 -9999 -9999 -9999 -9999 -9999 -9999 -9999 -9999 -9999 -9999 -9999 -9999 -9999 -9999 -9999 -9999 -9999 -9999 0.0761863704897389 0.157830969515284 0.158981487001547 0.13679216787643 0.126128201699717 0.116741298977783 0.0990128297163026 0.0746366589859981 0.070497452513431 0.0907204258578256 0.119013386887349 0.21009962065814 0.594009438886927 0.93453080285789 0.853383074076451 0.675949275075107 0.613878183888188 0.647986901298177 0.704263704392839 0.757174671728115 0.810049663759446 0.851879966051222 0.889509879848107 0.921566638860605 0.960973440201362 0.997072288526004 1.02616582441992 1.04080463326889 1.03660560586492
-9999 -9999 -9999 -9999 -9999 -9999 -9999 -9999 -9999 -9999 -9999 -9999 -9999 -9999 -9999 -9999 -9999 -9999 -9999 -9999 -9999 -9999 -9999 -9999 -9999 -9999 -9999 0.0543392568331834 0.0901120100253432 0.16606809082744 0.147270809243688 0.136555752083414 0.130841690521542 0.122271089822874 0.104096117926674 0.0868838988118263 0.0795525589608682 0.10182246331758 0.183210472436834 0.468825152943218 0.841831735372093 0.868436268929426 0.71691357586217 0.619063973929733 0.613037144589954 0.650077133821267 0.695544646673727 0.741431765679386 0.78801855342649 0.832355854655841 0.878732067717626 0.934573365043986 0.980841866665535 1.01451020049967 1.03422276424327 1.04165961870561
-9999 -9999 -9999 -9999 -9999 -9999 -9999 -9999 -9999 -9999 -9999 -9999 -9999 -9999 -9999 -9999 -9999 -9999 -9999 -9999 -9999 -9999 -9999 -9999 -9999 -9999 -9999 -9999 0.0574835235646524 0.15045182853018 0.161672979119763 0.141239723181401 0.133752143690822 0.128085390846696 0.117882729358926 0.106002083287425 0.0868906191417396 0.0929928274332057 0.156809006168459 0.389303353232668 0.760932792000792 0.85644616150034 0.708341036480359 0.591935263642599 0.578903237432163 0.590380248745235 0.633333116933426 0.671110931102905 0.722683425235675 0.784572367555136 0.837082093769799 0.907444203498151 0.94849745850155 0.981250353077549 1.02137922212337 1.04583046356318
-9999 -9999 -9999 -9999 -9999 -9999 -9999 -9999 -9999 -9999 -9999 -9999 -9999 -9999 -9999 -9999 -9999 -9999 -9999 -9999 -9999 -9999 -9999 -9999 -9999 -9999 -9999 -9999 0.050483379903866 0.13005946023921 0.163959261632624 0.145278281417306 0.135007019184768 0.130088838224094 0.121330090794072 0.110507474187576 0.0915854970424051 0.0918266713013125 0.146997709778132 0.340772237568987 0.690840362221255 0.825251028417326 0.69472642603973 0.564099596649198 0.52617053857865 0.551373164472156 0.590831730143929 0.630198263882297 0.688685876917716 0.760249021144077 0.824079992150222 0.888042444180991 0.925381807909432 0.963590405523956 1.01021393249835 1.05365315963599
-9999 -9999 -9999 -9999 -9999 -9999 -9999 -9999 -9999 -9999 -9999 -9999 -9999 -9999 -9999 -9999 -9999 -9999 -9999 -9999 -9999 -9999 -9999 -9999 -9999 -9999 -9999 -9999 0.0499348625737494 0.119518113166416 0.16823738386795 0.147559187456129 0.135083518561859 0.130565915444377 0.119346025582003 0.111550079467421 0.091886577052673 0.0912000948045107 0.134282287738003 0.305879480571847 0.623920571470313 0.815079074348853 0.657423542856669 0.509823591521828 0.4655049140265 0.452604409673262 0.541643291778474 0.601550075962262 0.661068218983203 0.74371195802217 0.80636357152337 0.870115587246638 0.901685936868449 0.946390227745022 1.00784457404795 1.05512699051216
-9999 -9999 -9999 -9999 -9999 -9999 -9999 -9999 -9999 -9999 -9999 -9999 -9999 -9999 -9999 -9999 -9999 -9999 -9999 -9999 -9999 -9999 -9999 -9999 -9999 -9999 -9999 -9999 0.0418234270135152 0.118315842554228 0.174597068859187 0.147187766317505 0.133531110092225 0.128083249446227 0.11520910071132 0.0981867997412507 0.0843238059592465 0.0937835324366186 0.136345479118683 0.303491318592469 0.630038149701855 0.764795146154116 0.611615257532153 0.462744336094346 0.40078523131514 0.407780326578694 0.473928799551573 0.560753164247367 0.639813184203518 0.718049972444845 0.789619467405354 0.842358803339769 0.885069693444745 0.942984582644153 1.00711428339911 1.05240345677865
-9999 -9999 -9999 -9999 -9999 -9999 -9999 -9999 -9999 -9999 -9999 -9999 -9999 -9999 -9999 -9999 -9999 -9999 -9999 -9999 -9999 -9999 -9999 -9999 -9999 -9999 -9999 -9999 0.0352693018626348 0.117170377419367 0.185632810772633 0.144004566161971 0.131546412505526 0.125712324446614 0.110545254612719 0.0891693430200045 0.081721506621343 0.0979078878881767 0.135986989626254 0.317779862781432 0.630402481334778 0.716354590951907 0.546262402578202 0.408725608544814 0.353874223608839 0.347088723009555 0.412369265365919 0.504100920837219 0.592726390445816 0.682544338775776 0.740728654289865 0.801379800742131 0.859643503706008 0.921850078086395 0.987564287045901 1.03370313962394
