data/03_saidas_enm/CCSM_SVM_0k_B.balansae1.asc
NCOLS 154 
NROWS 168 
XLLCORNER -112 
YLLCORNER -55.5 
CELLSIZE 0.5 
NODATA_value -9999 
[rows 50 to 74 of 168, columns 56 to 111 of 154]
-9999 -9999 -9999 -9999 -9999 -9999 -9999 -9999 -9999 -9999 -9999 -9999 -9999 0.142943248331347 0.140888893367939 0.126017565263635 0.1082656511377 0.123006595468963 0.124535076050883 0.121054398650072 0.10128817912949 0.0721145425690536 0.0486319180216609 0.053883510043834 0.0748658985568412 0.083370766470094 0.0781537143202323 0.0823774536459151 0.0856001723151439 0.0949524886537372 0.10403721418321 0.0945570990474118 0.0806108857779539 0.0710122415179519 0.069984075987793 0.038143902643866 0.0329699843670404 0.0400971432624242 0.0515528308991505 0.0574773283530329 0.167292507868486 0.0819389162166353 0.0883434759380038 0.0567331133180678 -0.0174833828661493 0.00236136629925904 -0.0906463616905264 -0.0730269033528621 -0.080601717272771 -0.0810192424965496 -0.0417370863851834 -0.00164797778084269 0.0358881286094743 0.0584978376055695 0.0590328864448967 0.0438567313966828
-9999 -9999 -9999 -9999 -9999 -9999 -9999 -9999 -9999 -9999 -9999 -9999 -9999 0.135849684962367 0.114582578029018 0.0931342160541647 0.104698683788123 0.124885715679777 0.127208268013703 0.119161917824808 0.106945737067088 0.090569082634855 0.0789310368081132 0.0758940652310734 0.0712151554633363 0.0626721086998742 0.0526627784071322 0.050376381799624 0.061209108371035 0.0841510520274227 0.0981352051552982 0.0943614060757873 0.0808334857009594 0.0649570966513408 0.0665384924140685 0.0579343015394294 0.0278317877244644 0.0250112842763086 0.0267377318647672 0.0294177930252941 0.0571460531177194 0.0419031899222903 0.0493554535767944 0.0297363815613083 -0.0166279878061771 -0.0240027824071287 -0.0695008033111904 -0.069677463724729 -0.0704163047751076 -0.0562742835223917 -0.0156676193448684 0.0233998799516608 0.0589104284541115 0.0726017617832512 0.0576759017568082 0.0337858578783026
-9999 -9999 -9999 -9999 -9999 -9999 -9999 -9999 -9999 -9999 -9999 0.136800410842883 0.119488624400629 0.0977285007222014 0.0937991415567296 0.101170129344887 0.11507140512136 0.125201403295447 0.120053644906784 0.111869523198127 0.103027220292852 0.0930296899375525 0.0803676457438711 0.0686213689155494 0.054899143740734 0.0480328543068899 0.0469163813348583 0.0582619113486157 0.0800263689076621 0.10481618731749 0.115465070640989 0.10107962494416 0.078309399910162 0.0580080745555019 0.0566492301407653 0.0658559227183304 0.0354753759079026 -0.00374621287948762 -0.016843641831277 -0.0347205339321396 -0.0412645415153476 -0.0495692931438458 -0.0380867682059601 -0.0483925375729325 -0.0785682683795145 -0.0806138462601125 -0.108679050108402 -0.0950997240320068 -0.071641266390136 -0.0334869337312006 0.014401907569084 0.0500478909849927 0.0754023375835576 0.0789336249226099 0.0483609419283054 0.0248329757820456
-9999 -9999 -9999 -9999 -9999 -9999 -9999 -9999 -9999 -9999 0.135287816360164 0.120188805453391 0.111105108357169 0.113564681819869 0.117249502020532 0.123244073934542 0.120692560087149 0.109894743054073 0.103170274896225 0.0970236923271979 0.089509449404021 0.076807384232667 0.0648315824574578 0.0546232578547951 0.0476898655402798 0.048813277412434 0.0619951179901749 0.085814109541233 0.108788614067715 0.122442535088722 0.124888647286306 0.107420677786123 0.0738542754965246 0.0483898369580498 0.050295267451667 0.0681590465529756 0.0471930826780555 -0.000656989162720278 -0.0352836412304852 -0.0622593537357108 -0.0851108413701114 -0.0932860107059096 -0.0946258345590354 -0.101217794641658 -0.114192978279543 -0.113870283860047 -0.098104965764217 -0.0672502442752577 -0.0322388100714357 0.00790223838565546 0.0467515249681415 0.0707490224609635 0.0788396011716122 0.0759743255742979 0.03937870663952 0.0142312432948022
-9999 -9999 -9999 -9999 -9999 -9999 -9999 -9999 -9999 -9999 0.112354873009645 0.113333516799457 0.127880508357427 0.133679304888306 0.134507600374298 0.129039603211236 0.116829739357042 0.0988396040017247 0.0898613699810682 0.0788799751273668 0.071493073388903 0.0629021430036746 0.0559597721071766 0.053780360039078 0.0584734083671121 0.0727456626396074 0.0959755891073565 0.116888600773024 0.12017310303089 0.116142577858907 0.122756226607024 0.110459561630707 0.0729497866280327 0.0434252613927899 0.0470205251740454 0.0690866946763283 0.063033803251429 0.0237188736368925 -0.0161262296068205 -0.0460099360313893 -0.0722816813037468 -0.0826618176059336 -0.091522771356467 -0.0911964301609417 -0.0806449506513162 -0.0669634978943983 -0.0334591589951031 -0.000293663386044529 0.0287755690459574 0.05924902871337 0.0801543628284805 0.0921929712994856 0.09431663930258 0.0862101855450197 0.0441497872886484 0.0157605646776258
-9999 -9999 -9999 -9999 -9999 -9999 -9999 -9999 0.121744450540225 0.0958244115947464 0.0974473569948288 0.121920963196981 0.135531043016572 0.13912937994843 0.135096066320568 0.127907063993708 0.113842067028337 0.0985916956847505 0.0860901994091557 0.0727257335437839 0.0640252389370347 0.0605360024833624 0.0618402518431608 0.0693003336977416 0.0863085568339233 0.0882045579939156 0.0898958928404868 0.0860010363610853 0.086237847348249 0.0895013381132742 0.0877627821599536 0.082431068054822 0.0728274852535043 0.0434536645731486 0.0450034654332547 0.0663134984826673 0.0722142658598254 0.0535617059792361 0.0247426246848773 -0.00305304977910803 -0.0213183297204032 -0.0329511018268298 -0.034870995748438 -0.0287927569360831 -0.0146807287291945 0.00624490567590641 0.0333172488923932 0.0583544633932835 0.0754467108155029 0.089464106872037 0.100010117366768 0.107026791350596 0.108377360115996 0.104692356782042 0.070486368630011 0.0355816122787507
-9999 -9999 -9999 -9999 -9999 -9999 -9999 -9999 0.0915979371081726 0.0930290389701887 0.129556742233084 0.133634875642862 0.137923285837088 0.138997934109988 0.13475189666115 0.127012225347575 0.114955420424363 0.10030638539657 0.0905280530080638 0.0767936891116897 0.0677989260695892 0.0648593219115334 0.0638998922729829 0.0617331646670389 0.0596912057768981 0.0593179361980447 0.0580313171449073 0.0584828068855058 0.0574585206768695 0.0553541360473219 0.0534949672547277 0.0514397594598159 0.0504022625239314 0.0495411968021158 0.0468017812508541 0.0621855698151684 0.0743154319613599 0.0741541826349869 0.0637042714917477 0.0539244582707482 0.046794062549144 0.0459585142523689 0.0462391745962575 0.0532438297028743 0.0639797749727061 0.0707035074216018 0.0780235070761611 0.0814181431186666 0.0824433072661526 0.0842725402336595 0.0893243237789169 0.0985817960965225 0.10810624896051 0.113413460641314 0.101381946644381 0.0720676886026867
-9999 -9999 -9999 -9999 -9999 -9999 -9999 0.115660867607028 0.0835533798602318 0.103230248532846 0.13424545013038 0.131419448280995 0.134688108638074 0.137968927924247 0.134048462211624 0.127030928158665 0.116828717841094 0.104585224039993 0.095961062698678 0.0803675771142591 0.0684177165622472 0.0632883443656855 0.0580600141018143 0.0552705201932496 0.052282144548394 0.0502782116677311 0.0488208655197855 0.0471950282302129 0.0460943638754571 0.0456591223978536 0.0452945395106463 0.0448497364024159 0.0454700699979435 0.0477999497542301 0.0495804564657846 0.0567671696614748 0.067822830186643 0.0754441642189498 0.0759263835020551 0.0740487762916763 0.072835644410876 0.0730059735596091 0.0729300179341298 0.073125964318943 0.0718934863736778 0.0679408718860193 0.06226169502857 0.0582103306551376 0.0556416450098003 0.0580428402826394 0.0656485998662903 0.0789655214085429 0.0974296511357951 0.115212043295852 0.125983724255858 0.116992678333268
-9999 -9999 -9999 -9999 -9999 -9999 -9999 0.111621725428317 0.0906908089012459 0.104003738403395 0.12901991566418 0.121035411780109 0.131012498278116 0.136944735955065 0.133231747339666 0.126805279147602 0.118315659620322 0.109147803646175 0.102472712090673 0.0909661212400773 0.079245235501299 0.0713236461181083 0.0648440875466879 0.0627434992151621 0.060458021777608 0.0571964051092119 0.0556076528285369 0.0528819790730771 0.0524351658213545 0.0537218730941809 0.0534431190067067 0.0535541315807527 0.0533136060222044 0.0543051639711519 0.0559945980219856 0.0566469384082483 0.0580882658644295 0.0606473096867456 0.0611206424212193 0.0586522859151536 0.0579867922015508 0.0544101070455115 0.0529135560967853 0.0510862343997647 0.0471329905663753 0.0445729805588751 0.0427985108090885 0.0427890346730153 0.0436305321669544 0.0467429569750945 0.0544454239745765 0.0682623027927221 0.088058799060646 0.108158143183201 0.12961481281888 0.131175750828354
-9999 -9999 -9999 -9999 -9999 -9999 0.138553615312958 0.114064836285982 0.0850323114567267 0.0884000126852458 0.1371278725253 0.111437035939419 0.128395916622827 0.136947642464187 0.130967967624051 0.124011092167342 0.118333450587044 0.112753142059744 0.107907938762698 0.0999264653551759 0.0901831219170976 0.0844227483795759 0.0796845600092939 0.0776934721495365 0.0736099880368486 0.0711273624116316 0.0686632512164634 0.0679069813269404 0.0679765890727471 0.0664112127016183 0.0673350822430007 0.0663082043821962 0.0666442205968757 0.0674748230333831 0.0648299077336025 0.0622044412736623 0.0565122256878329 0.052382840353008 0.0494318573657935 0.0470830831918834 0.0464695337822199 0.0459282390890025 0.0465712243418941 0.0475452672069938 0.0461138909793338 0.0463232117837399 0.0459387490967109 0.046770235105511 0.0477592399132775 0.0502004106911023 0.0559854517985623 0.0679205259954421 0.086193337376602 0.101970239986113 0.120171932160164 0.121728321572605
-9999 -9999 -9999 -9999 -9999 -9999 0.139992178686193 0.11929457851564 0.0571680416809924 0.0375259169382117 0.106375017745374 0.0919969140034254 0.11994653121058 0.131381014220234 0.124751521650532 0.11764480979612 0.11222330479551 0.109194428546943 0.105128413881454 0.099196756492006 0.092260006748596 0.0879665999344977 0.0842909540652724 0.0815608638870968 0.0788226992835119 0.0765074242416559 0.0781086848162534 0.0818778232636589 0.0835784124802613 0.0832019142572766 0.0825353811518046 0.0819865043001586 0.0809929758649958 0.0802398564077504 0.0780286524245324 0.0720303266540922 0.0664722719073462 0.0614743501116325 0.0587911411709133 0.0570987302005348 0.0558268176782942 0.0561850772101562 0.0571929750002018 0.05750981512854 0.0582393287168477 0.0586506438878161 0.0595891769297363 0.0597268158903661 0.060308361719001 0.0628676307423962 0.0673046565352289 0.0765105204445197 0.0888837293841606 0.099951708065436 0.108911974272292 0.110819134457608
-9999 -9999 -9999 -9999 -9999 -9999 0.140476941722257 0.122391740673943 0.0375272577409268 -0.0237678274715629 0.0767209916542267 0.0718895902175209 0.103196301697206 0.121399218610847 0.114189182534972 0.109282944482024 0.101936054461065 0.0983900868713355 0.0936426486633459 0.0902603035897494 0.0864981772593318 0.0840823273771435 0.0816552239293536 0.0797096249923492 0.0786459495196449 0.078292331820046 0.0808666905855395 0.0849202982419958 0.0898642709988214 0.0895742281566943 0.0896591518070511 0.0893100161401972 0.0890668578676512 0.0886055303746346 0.0860178111846842 0.0822802811713089 0.0770902206171447 0.0733065378227233 0.0705959919133499 0.0680212840893456 0.0675523969841712 0.0672763095162521 0.0676355401045033 0.0675613099564093 0.0680144287953273 0.069622454116686 0.0689301299772036 0.0694836269659835 0.0701718074353267 0.0720187021828895 0.0758427464816815 0.0811976104406381 0.0876533001083976 0.0941533513829085 0.100886343544148 0.102464073937499
-9999 -9999 -9999 -9999 -9999 -9999 -9999 0.123350639558964 0.0338955610542707 -0.0786608188443362 0.0481351029253555 0.0612175788812986 0.0825194145862885 0.100837022788774 0.0967763705679835 0.0935376321629413 0.0866750764792018 0.0833655391954302 0.0783754427865266 0.0747962227767475 0.0738509848598228 0.0722004092336205 0.0711311027085996 0.0694571454807366 0.0686469384111942 0.0701249244726869 0.0720948095940887 0.0763664011451493 0.0804003349680715 0.0830006305702892 0.0852243185846168 0.086441079143968 0.0881238797362567 0.0886244546657202 0.0880785106318712 0.0865463319392654 0.0835405918129337 0.080982287811199 0.0788666219679878 0.0769566508837909 0.075502604655883 0.0729759458866273 0.0710058794359471 0.0696059603956143 0.0678985254200776 0.0670660458754558 0.065266812759343 0.065136488693166 0.0656747699572083 0.0670169288842756 0.0699198080612887 0.0727192934840594 0.075821702906453 0.0784831821176138 0.0821058065289491 0.0844543957923612
-9999 -9999 -9999 -9999 -9999 -9999 -9999 -9999 0.0272297061406866 -0.098515899905242 0.124426486912823 0.0629500769632496 0.0640709669346259 0.085556435164082 0.0836369243825639 0.083274019400561 0.073782499295465 0.069506884203327 0.0639000039409471 0.0601363803834679 0.0586382727232942 0.0562227509386417 0.0528147359549894 0.0505058753653805 0.0505819335095684 0.049977921018231 0.0534590814386116 0.0559962125199334 0.058955242555027 0.0650047406874146 0.0669607043603638 0.0720554728133844 0.0749065958964569 0.0772377571626274 0.0789090686815201 0.0788053744342193 0.0784209786356973 0.0760886975545689 0.0742704926731258 0.0711761234528735 0.066487665952788 0.0639450867305487 0.0589051081958603 0.0547246530515277 0.0521350591081889 0.0490122116296605 0.0489958098343096 0.0470111588065553 0.0463519077517149 0.046280870622109 0.0443058022345316 0.0460508065562965 0.0466515312530468 0.0479799785021293 0.0550483654047659 0.0549679487847253
-9999 -9999 -9999 -9999 -9999 -9999 0.117083901818302 0.0685289053723523 -0.0619872585259464 -0.0673397428931104 0.0743231070543764 0.0620561521489328 0.0537100192078585 0.0654328452641909 0.0659039745889073 0.0714208961148155 0.0664885219404036 0.0571280595513839 0.0496998324092835 0.0432799077396057 0.0381076644014944 0.0316668997207566 0.0267315222969898 0.0225943286313303 0.0185701043385273 0.0180428579011216 0.0184491305089946 0.0213949671089748 0.0239451121986454 0.0281144521088394 0.0342002556024099 0.0391528069405466 0.0453849739024381 0.048504147618933 0.0502316304247454 0.0526503877296617 0.0513619941222307 0.0507725327268729 0.0482161723111506 0.0423991544729297 0.0386730588624171 0.0329409269791356 0.0295888559072026 0.0274169568602318 0.0240504132662128 0.023528129044726 0.0205851182968438 0.0194821424069164 0.017319316387125 0.0125445860398404 0.0105546867123141 0.00669732299194536 0.00606986024082884 0.0053385331724401 0.00645766617187088 0.00900991021246578
-9999 -9999 -9999 -9999 -9999 0.0986496784822237 0.0354662137339707 -0.046285472902141 -0.110909368665211 -0.013264799005181 0.0955101584484068 0.0645043847211391 0.0483358399686551 0.0568240624871056 0.0727030656082326 0.0811071013864281 0.0736734202575993 0.0537815771615817 0.041224558270183 0.0399173345614159 0.0292930751096794 0.021792720744867 0.00686881736660638 -0.00175626482243463 -0.00443198634777919 -0.00964736450696413 -0.00894825550245981 -0.0118585902121406 -0.0120691545603283 -0.0051990832530503 -0.00272343694150934 0.00277416973648364 0.00705009407262319 0.00946643338168063 0.0146512798118862 0.0147023222852069 0.0150286819392151 0.0128023178687811 0.0111153974239222 0.00867587522126856 0.00614179761124051 0.00384665733682332 -0.000284914634796518 -0.00115758940461486 -0.00363603640141408 -0.00438906899698366 -0.00730411832820321 -0.0129049886104435 -0.0168169075207036 -0.0209929580376492 -0.0260248637806574 -0.0307551460305022 -0.0361292683216432 -0.0395741240156566 -0.0383265359120308 -0.0384462878593517
-9999 -9999 -9999 -9999 -9999 0.0560111845787448 -0.050302078600035 -0.126382751501844 -0.0816842210188164 0.043136727439348 0.0931587955437049 0.0723079513807657 0.0613937666197632 0.0686312451846218 0.0864012996038824 0.103414405940202 0.091663960735917 0.0708280979094974 0.056595641548515 0.0460671647174444 0.039366924197315 0.0263730562405093 0.00968519657536254 -0.00183816728530894 -0.0117275196517741 -0.017938609245021 -0.022171480253895 -0.0257945422374372 -0.0285896653399543 -0.0299949963702034 -0.0296388694767917 -0.0283893481494268 -0.0258438856495182 -0.025491540616485 -0.0257157025756759 -0.0243579975134105 -0.0251940352868381 -0.0244258374623962 -0.0253020802449662 -0.0284122464464355 -0.028310754324711 -0.0312659237424768 -0.0318496973430021 -0.0324963673388535 -0.0366536386979375 -0.0384398783730656 -0.04405873359767 -0.0480481785962785 -0.0520843359966093 -0.0586703002127309 -0.0626430533192175 -0.0688532462744791 -0.0726136753081438 -0.0761321983259345 -0.0780626195573806 -0.075478028655193
-9999 -9999 -9999 -9999 -9999 -9999 -0.0965013168761515 -0.158668688613258 -0.0339854528292141 0.0657057386037068 0.0994887953107385 0.0784671140098126 0.078622611246591 0.0886564579701888 0.101281084380937 0.126255851118544 0.103863739848843 0.0869184292577916 0.0744507770900648 0.0651103919407178 0.0663039331771869 0.0461824782238096 0.0317796488716946 0.0165736587774059 0.00203200541716647 -0.00514523994812621 -0.0135271887308168 -0.0167285033824549 -0.0245412562337046 -0.0331212555378485 -0.0384367456039363 -0.0452814036699574 -0.0469622355746631 -0.0521014826597386 -0.0571419869702426 -0.0588088849694942 -0.0614675473474171 -0.0609759891405166 -0.0619227484615286 -0.0654947573661085 -0.0640651112076175 -0.0675962779634828 -0.0681508492541314 -0.0684584987443047 -0.0739037214097206 -0.0746551339042436 -0.0811706075869886 -0.0851522205529527 -0.0890383151725757 -0.0948761001823402 -0.097584673950481 -0.103080951717912 -0.105554336301004 -0.108695146354021 -0.111260534348715 -0.107639786742716
-9999 -9999 -9999 -9999 -9999 -9999 -0.042580916271325 -0.16851114433496 -0.0306844707533813 0.0676657316405346 0.093408581857296 0.0831155440797496 0.0811651639968425 0.0905170322101387 0.0994458176437512 0.103352449120308 0.0979535780354553 0.097784963455025 0.0967890163289544 0.0852703600154749 0.0745963372791532 0.0716011719641867 0.0716225965243889 0.0607095600710122 0.0385166665002371 0.0197286938098989 0.0199203778078457 0.0235382171108718 0.0146450260017023 -0.00409118056942981 -0.0238342814711682 -0.031220055045948 -0.0382338372233498 -0.0482987367135513 -0.0588097570400784 -0.0687154963809472 -0.0725426461992156 -0.0756476198966263 -0.0802920375375125 -0.085930490960942 -0.0896189328484183 -0.0927343470381198 -0.0946069861043884 -0.096090801243473 -0.100145473806352 -0.102882537284293 -0.106612097013035 -0.109503220766773 -0.110954687498987 -0.113059875877056 -0.115896271801335 -0.12268134846686 -0.127578154664882 -0.129676253498801 -0.13037737154254 -0.126541091268582
-9999 -9999 -9999 -9999 -9999 -9999 0.0698152963700166 -0.112259772690754 -0.105556727720272 0.0285004938325318 0.0942396633967684 0.0938100069884923 0.0994533285174754 0.113711929994752 0.116126449674566 0.109784755119048 0.0883038782170143 0.0925858740544319 0.0999169169024922 0.0892224899484426 0.0826005211387954 0.0933065370994445 0.110458013340027 0.106362447435266 0.0778690752729216 0.0537392896732075 0.0615952680453207 0.0810063509815241 0.07486996739541 0.0465958178914416 0.0177859798047386 0.0109300052706716 0.00666076452454595 -0.00752180763709998 -0.0268279888965214 -0.0459137037018391 -0.0558533948137621 -0.0608188667458746 -0.0708862126029288 -0.0860253004231959 -0.0934922422847436 -0.100860945990715 -0.103982406908647 -0.10613979140374 -0.112714388985891 -0.113002284107315 -0.115635347041368 -0.113940955948753 -0.11310453242818 -0.112892357963574 -0.111068038334751 -0.130713474009921 -0.140995762775634 -0.145179725479063 -0.146420408287845 -0.137313001539613
-9999 -9999 -9999 -9999 -9999 -9999 -9999 -9999 -0.0222877068210517 -0.0292066595000448 0.108662319093708 0.109848597446408 0.114284115525075 0.13159134107324 0.13873251125164 0.130037493845524 0.0930163834854005 0.0778758211992363 0.0908175728517253 0.0921078928459463 0.0998933678123577 0.120916419059447 0.143261917991343 0.145894918421347 0.121754644479651 0.0994998249062001 0.111779673538736 0.138728799181165 0.139411238752482 0.116748421448818 0.0934538507740441 0.0912217136313522 0.0965887420880375 0.084454091536018 0.0568008294596081 0.0267068683631668 0.0137752824792609 0.00107940264281109 -0.0167822205296633 -0.0360379320775346 -0.0561093945923504 -0.0660120820207807 -0.0747321687606514 -0.081879254255748 -0.0890697440543359 -0.0941625561010724 -0.0941819556350016 -0.0934456675089025 -0.0923068445580248 -0.0922235920328142 -0.102271630287959 -0.121907578295193 -0.141709207627115 -0.149230472036321 -0.148921319999298 -0.141192823871084
-9999 -9999 -9999 -9999 -9999 -9999 -9999 -9999 0.0938879834312649 -0.0555681443825199 0.114576818929454 0.119117672548652 0.123984560393073 0.141653160963546 0.153633931698807 0.154850423054882 0.108621688777462 0.0845692026962245 0.100987939624944 0.101911737706986 0.120607515037349 0.143915265115551 0.16836287216512 0.173678224091461 0.153514216702036 0.135504148160242 0.149287650987875 0.182274840261204 0.189793833011837 0.17541069013711 0.164946273849787 0.173623780935404 0.195373208738875 0.192523831071128 0.165394650554418 0.134239227010106 0.119702726645042 0.105683919004973 0.0834678205018597 0.0556238081178297 0.0266893969462639 0.0100777882391317 -0.00577027669182562 -0.0200689719707712 -0.0371905830407971 -0.0482015725445234 -0.0494266494217226 -0.0507381195477208 -0.0539157911879657 -0.0608848366442311 -0.0747543704231209 -0.0991965953477701 -0.126220790815026 -0.141706935365716 -0.145792236466536 -0.1378972814939
-9999 -9999 -9999 -9999 -9999 -9999 -9999 -9999 -9999 -0.0523458491836093 0.0337009208989995 0.099043375655696 0.125309767172199 0.145578279283754 0.166150899085501 0.185646324977036 0.149708197455992 0.120960182494133 0.141261846317628 0.132682742727162 0.150809337941388 0.170648574904812 0.18654622635423 0.194023317282242 0.179831992147814 0.166630092003914 0.179884999237984 0.205822247045872 0.216441526421601 0.213437244579286 0.214697330840647 0.235877106145447 0.268942519307961 0.281951979596346 0.271497507788211 0.2549016437312 0.247289159424605 0.239649933626345 0.216768019805 0.186580713272799 0.150978317576813 0.128390911041985 0.104608113747271 0.0767103472637516 0.0463325724107353 0.0214691027279276 0.0169373682626975 0.0125428066636706 0.00254118049693891 -0.0119289338015632 -0.0332374047558619 -0.0568400874000238 -0.082061659414068 -0.108454808289171 -0.129521534696988 -0.129492431710125
-9999 -9999 -9999 -9999 -9999 -9999 -9999 -9999 -9999 -9999 -0.0475854008680727 0.0670928548586283 0.120150102171507 0.143607808312331 0.176552020042544 0.223450468973104 0.215275230077019 0.194219968591152 0.207906668894301 0.184367811124483 0.18374666475534 0.193530831873182 0.208092712062239 0.212573987337785 0.203688366458018 0.194114127799994 0.202114500668466 0.222782121868097 0.232302162039347 0.235221985409802 0.244860141455142 0.270863872877826 0.31096439225292 0.337826391791824 0.349010020329321 0.356879312788302 0.363066034695846 0.366324096809869 0.353582932911754 0.327572566436491 0.2962302477353 0.269886333310962 0.240623562205087 0.202832253639567 0.155804078171869 0.1181979849372 0.105596209763466 0.0953673741553106 0.0766873526667329 0.0503020713247672 0.0189219624232392 -0.00914641921795778 -0.0373661629737319 -0.071577528995972 -0.105356143537357 -0.115338133839365
-9999 -9999 -9999 -9999 -9999 -9999 -9999 -9999 -9999 -9999 -9999 0.0970124887251899 0.112041948596314 0.150410882774975 0.196606758126406 0.256928443827872 0.281557780304946 0.289442760613091 0.301772842776054 0.239070597451532 0.208265571728303 0.21095003604518 0.228558225473324 0.236071832645505 0.226262901665568 0.220279253046996 0.222101280941944 0.234070722665122 0.242086664409257 0.246989975134165 0.25917304428965 0.286109457272194 0.325512586492917 0.360454481387837 0.391164969377759 0.422324445322977 0.439920377774644 0.458690185013269 0.460025998177381 0.44484875794161 0.426971164963325 0.401209296048547 0.378939659793729 0.336614758686763 0.275986286907042 0.232220532426192 0.212128470439151 0.192396806992469 0.163353473164082 0.123382941279265 0.078019829137319 0.0375981436476974 -0.00958802112937429 -0.043043756382661 -0.0661887917433082 -0.0787785488682912
