data/03_saidas_enm/CCSM_SVM_21k_B.balansae2.asc
NCOLS 154 
NROWS 168 
XLLCORNER -112 
YLLCORNER -55.5 
CELLSIZE 0.5 
NODATA_value -9999 
[rows 50 to 74 of 168, columns 56 to 111 of 154]
-9999 -9999 -9999 -9999 -9999 -9999 -9999 -9999 -9999 -9999 -9999 -9999 -9999 0.138954387240187 0.135946205221687 0.131889200851088 0.127527279975435 0.132660615870504 0.143257147435855 0.138861847480947 0.10742490180603 0.0472504561587139 -0.046730846866922 -0.0837132375458927 -0.039840760398118 0.0222847808747045 0.0853579269302659 0.127406360629729 0.135754491657385 0.138472815075673 0.138795535884859 0.138673100219323 0.136903330466036 0.126645860099383 0.0466211949159219 -0.0326287394415443 -0.00643427755313741 0.128597850538417 0.189206901512201 0.210462655308914 0.355690770022779 0.22716943470992 0.212787262130995 0.135272509707928 0.0118028968785092 -0.0514721281164882 -0.120467196134828 -0.131896984582763 -0.140332845433549 -0.121579759685118 -0.107767060000233 -0.0617111135254532 -0.016419399966893 0.0239739545155058 0.0725454210509345 0.107620782455272
-9999 -9999 -9999 -9999 -9999 -9999 -9999 -9999 -9999 -9999 -9999 -9999 -9999 0.135855563008349 0.125634061638165 0.122626193623533 0.129161575744559 0.140969635805251 0.148371638852596 0.141066666797084 0.109679409381266 0.0602193928396345 0.00641067382399646 -0.0230706240666737 -0.0144129752961069 0.0246897973168587 0.0761112363944781 0.112783873171166 0.125888350612159 0.132977593695791 0.135266692791764 0.134513935610246 0.128932817616646 0.100470760833073 0.00744596511518536 -0.0485095451134092 -0.00494723237000738 0.114129556036794 0.173313433382328 0.189700993133037 0.243319373696636 0.187868601615905 0.157887250314521 0.091531660359474 0.000524252535526404 -0.055156705972404 -0.113686761948889 -0.117043127874637 -0.124288348020966 -0.116301082576314 -0.0844892648041743 -0.0477288056572461 -0.00398577148777446 0.0342144558666405 0.0716771299672386 0.103519016635493
-9999 -9999 -9999 -9999 -9999 -9999 -9999 -9999 -9999 -9999 -9999 0.134629213335666 0.125895076050876 0.122914248267344 0.115040314074926 0.116420492101892 0.125820621697438 0.143702093579979 0.151829573283498 0.142488003943831 0.12016372102922 0.104204903209082 0.071783394723492 0.0605207232426896 0.0660483840270402 0.0716263576979918 0.0824520607399422 0.0955550494197028 0.0991010034736416 0.101622070495027 0.112342559106618 0.108182159644982 0.105221988709151 0.0712752068891241 -0.000236868430674275 -0.0153600587080788 0.0126573182157153 0.0963992601346064 0.109948825235358 0.0998611173627891 0.10356676153228 0.0493750834277384 0.0429126422576678 -0.0055681658747353 -0.0762209823769229 -0.0751512832572293 -0.127588089540977 -0.109202558699529 -0.0966929885672037 -0.082649310365507 -0.0444474792305372 -0.0116804417821678 0.0252722734003479 0.0532114965122537 0.0755247413885235 0.101544452344564
-9999 -9999 -9999 -9999 -9999 -9999 -9999 -9999 -9999 -9999 0.131602904333987 0.123569540889154 0.120813032364784 0.120902254506209 0.119532491615054 0.115865054197532 0.113311601915277 0.12016279283267 0.123882015559031 0.123289075267254 0.118388283782627 0.110331160139228 0.103712764662218 0.0919830161751115 0.0848923974257271 0.0794781805805049 0.0738557779786448 0.0715244718057897 0.0716152037925394 0.0772008494968824 0.0817254092566895 0.0846409270859901 0.0820051108798832 0.0673784852017247 0.0492736151187532 0.0454160994349134 0.0526001589982696 0.0639687083577764 0.0566600137510376 0.0309623639991022 0.00893066671925596 -0.0219435948221527 -0.0393674961103204 -0.0702284032642863 -0.114206165877425 -0.120289558052592 -0.11898291794443 -0.093502602836553 -0.0702911531161752 -0.0447349332747488 -0.00466392046269393 0.0156302108424449 0.0461213355414526 0.0620876553083596 0.0738065699300544 0.0887793219064495
-9999 -9999 -9999 -9999 -9999 -9999 -9999 -9999 -9999 -9999 0.112952269113743 0.118310289204778 0.128491754625973 0.127868496951275 0.125379216806776 0.117999169392079 0.0994146861893855 0.0864895113049211 0.0886886005675505 0.0960051252113863 0.0972867010706088 0.0907140019407371 0.0892224636531866 0.0811552833614931 0.0704002638125289 0.0650803742598168 0.0615017228736908 0.0618496354998415 0.0640873742886113 0.069291229803945 0.0718887729911276 0.0655218334120691 0.0670945603039712 0.0676049830086206 0.0736134648966827 0.0867776909216255 0.0922675413149793 0.0589912420403109 0.0377745145266539 0.00881311137447355 -0.0285683156447912 -0.0448359669001404 -0.0702022224832537 -0.0918859494569256 -0.107402982377185 -0.103722361427823 -0.0905372100415193 -0.0517998748739681 -0.0226475311436733 0.00667707786637378 0.0356009171390017 0.04964320479479 0.0655731748158253 0.0730715377440246 0.0771100619149173 0.0849428144510209
-9999 -9999 -9999 -9999 -9999 -9999 -9999 -9999 0.119956366600207 0.0995832784802243 0.103428705422916 0.122848572570951 0.134698362111186 0.13152071304954 0.125232689914991 0.114598466097381 0.0917591877528509 0.0697004719244729 0.0633515280666032 0.064313127806846 0.0699204603220789 0.068533163200501 0.0664415302678882 0.0644251622420076 0.0617896380400622 0.062318322376697 0.0631317199653852 0.0686022253831158 0.0757157507941212 0.0765428122293298 0.0733866525965401 0.0607352746922915 0.0569552916359813 0.0595686543434256 0.072993458990324 0.0786353583648726 0.0777670160676399 0.0621418120291563 0.0332211557390506 -0.00342178970730167 -0.0376140379090067 -0.0525647104167379 -0.0612006249246765 -0.070626658802182 -0.0765876719553037 -0.0608883369489831 -0.0353081071901642 0.00424650028212126 0.0334299915113741 0.0524898741965702 0.0732241979350075 0.0795449135755221 0.0849824142746031 0.0858569094854941 0.0853850410627631 0.08932408816698
-9999 -9999 -9999 -9999 -9999 -9999 -9999 -9999 0.0977670395073181 0.0970503732635351 0.137039924866795 0.147690923523634 0.146698886837207 0.134453056356175 0.124107410082675 0.10859299736361 0.0898390130114854 0.066582953685229 0.0530828754605639 0.0527814575344923 0.0554516404052466 0.0558797231856614 0.0568724831091251 0.0579849114327545 0.0620806783539397 0.0689249345636969 0.0755592626403602 0.0848150480595675 0.089985327107296 0.0899050632506305 0.0827026982354674 0.0630679066316854 0.0518275984174019 0.0521243034608548 0.0697632689772141 0.0813784138119097 0.0726555924679427 0.0487613349290986 0.0304252886926241 0.0185443208678663 -0.00499391389739012 -0.014515004225957 -0.0292692026633301 -0.0274859665136371 -0.0162903982545886 -0.00204223917239776 0.0237840545383364 0.0512116819077459 0.0721015463270987 0.0784885044873661 0.0834836700527364 0.0850607875523274 0.0880343616249684 0.0915309684663236 0.0967181361269763 0.103013031275364
-9999 -9999 -9999 -9999 -9999 -9999 -9999 0.114263467030884 0.0989714470020573 0.117817974743557 0.158367608525383 0.160041111651686 0.154214676670328 0.140537156387602 0.12499413961104 0.10771263113835 0.0852237995857567 0.0642479122090024 0.0533416405948776 0.0557828437025409 0.0591819007000802 0.0600846376919666 0.06019367812428 0.0640483551955583 0.0725013824208346 0.0766322945549867 0.077369935060504 0.0768711122288744 0.0783868682182741 0.081669973041739 0.0842601420215637 0.0671016138641948 0.0524536388681147 0.0471177649526422 0.0587884369479562 0.0668026207643861 0.0635159767263213 0.039728226088956 0.0228906475469809 -0.00236372906384186 -0.0209811682776262 -0.0249341886961228 -0.0305479613278864 -0.0159685265450955 0.000710955050077178 0.0231276162168479 0.046300218466522 0.0622739368804148 0.0724848201237104 0.0730438031487056 0.0727716275259944 0.0741160398113696 0.0781239414785241 0.0852056506226066 0.0971685668233585 0.108237195773108
-9999 -9999 -9999 -9999 -9999 -9999 -9999 0.112764462755089 0.110056898595646 0.149147263351012 0.166997360340976 0.156188986184115 0.155171275559095 0.149212682191168 0.134651743493053 0.11297889104027 0.0883981003248523 0.064714200977372 0.0504220623093781 0.0473734250205131 0.0505591100110558 0.0534569792904491 0.0568269373416149 0.0561144261755385 0.0558088356084672 0.0567261238032146 0.0571281826827719 0.0596561870402682 0.0598521398400516 0.0591863133065105 0.0612633137160185 0.0635017677560406 0.0551587101118924 0.0463006547337492 0.0502129655328031 0.0596752870664677 0.0609628965437763 0.0453775451604288 0.0290158875648812 0.0178524599487916 0.00541551337614793 0.0102040409549737 0.0179152589666094 0.0306944812212557 0.0473194120093269 0.058357036277175 0.0666538928122896 0.0652795323813551 0.0617318066085003 0.0602349579320824 0.0572878195746901 0.055408908254316 0.056295624645344 0.0630540469486097 0.0736903130720939 0.0895980725134897
-9999 -9999 -9999 -9999 -9999 -9999 0.132832464097734 0.11536987076746 0.127750650338752 0.162041134585481 0.166276289739326 0.149918702613854 0.152044772423504 0.153053686896837 0.143309578095071 0.12006495665028 0.0993301307313604 0.0763409742385827 0.0624118034753346 0.0498890965861061 0.0477576563495132 0.0472466746998038 0.0478543687474688 0.0476992522548642 0.0481946822409366 0.0486447021483266 0.0490767582662909 0.0487959921427996 0.0491672884687074 0.0509107445976792 0.0513767146264562 0.0538200950759687 0.0567397917040866 0.0481153134654059 0.0466929410609539 0.0532824871625208 0.0558801869947958 0.0531730730523837 0.0486511425291719 0.0435215734319906 0.045293397848232 0.0494200945286674 0.059541027923643 0.0629552204373044 0.0698472607554271 0.0679773845362713 0.0632368383741781 0.0594622860357418 0.0531045647381758 0.0526169145575366 0.0511887045633128 0.0486996592145626 0.0459587568907319 0.0469548434501458 0.0525284534805612 0.063648943211549
-9999 -9999 -9999 -9999 -9999 -9999 0.134639775907784 0.123869817932352 0.125823660456058 0.150118451453085 0.158238532933445 0.141332639075028 0.149461024203942 0.155352355289142 0.152947381851792 0.138158142414005 0.117279393485711 0.0967659238026932 0.0800202113851098 0.0646822880477796 0.0539332009815964 0.0487135047315198 0.0459542918889753 0.0455143602302524 0.0456000057682872 0.0454148377308739 0.0453933967994136 0.0451455385951129 0.0452133658101266 0.0456310515516102 0.0460290155574936 0.0468458393911768 0.0485062957475904 0.0485716790638483 0.0456361261938975 0.046238227720883 0.048392145732302 0.0505784347755652 0.0508580803392067 0.05271508593723 0.0563774337787007 0.0622771113492113 0.0660336085670922 0.0637175300627446 0.0651221356405068 0.065241545000307 0.0685145226876699 0.0650625244836728 0.0568461019431656 0.054666901460685 0.0528071910987705 0.0506361111900353 0.0483879772690504 0.0495147232721859 0.0556465980800622 0.0639087169793082
-9999 -9999 -9999 -9999 -9999 -9999 0.136131025924931 0.125791858275489 0.0967827297908115 0.125560034835567 0.15481614865901 0.139812022051311 0.142981188415463 0.154670172151934 0.155751998842073 0.144926417447353 0.132168087151762 0.116205498820218 0.102354298574485 0.0839013232938648 0.0675687006365203 0.0604936566870423 0.0545434971935558 0.0537802608812968 0.0523862719698668 0.0524070152285312 0.0514366149281842 0.0527412435021819 0.0525299555618547 0.0515567987002954 0.0523030813933954 0.0505342174381641 0.0511259045001031 0.0491497248776962 0.0460790879271483 0.0450358397438991 0.0434710085361416 0.0436929909584265 0.0441389940082797 0.0471790097670901 0.0488507725125991 0.0524302733850852 0.0602312614655183 0.0614989698606073 0.0705049402987443 0.0699807753649505 0.0678282726559199 0.0673784882227415 0.0605907558863561 0.0582264968611402 0.0538576399618889 0.0524775184114923 0.0524568021722039 0.0549404455047879 0.0589649317401222 0.063776981369449
-9999 -9999 -9999 -9999 -9999 -9999 -9999 0.115426167254948 0.068694756226611 0.0925164123523077 0.15494157335176 0.143839908721182 0.138493575482769 0.150366678949502 0.154496028036548 0.152556044647889 0.143471234103912 0.130154840298295 0.116615145126445 0.103975615617368 0.0912017311984687 0.0819897767306498 0.0749694537718467 0.0732201482325675 0.0726862528012735 0.0717318676100119 0.0726790136907166 0.0726036044949394 0.0721564612993389 0.0719047550535946 0.0700359557089866 0.0694517453212851 0.0671371554164201 0.0631382699101379 0.0581957398741867 0.0529553333560917 0.0488237723297656 0.0462609791529978 0.0460202170663774 0.0481111901131562 0.051054714594149 0.0582592300152239 0.0631716021271807 0.0632684208413393 0.0687234229451984 0.068653421619069 0.0680584277030909 0.0644171444710404 0.0584987716181835 0.0555533758007046 0.0537049209234036 0.0535570803300504 0.0564111373769239 0.0600780069734827 0.0658451424732514 0.0697649229402829
-9999 -9999 -9999 -9999 -9999 -9999 -9999 -9999 0.0560904395048831 0.0765151796082737 0.196593923413948 0.156982112299621 0.13378440686066 0.147478426307675 0.151973567821601 0.15554265532836 0.14966666525422 0.142177457702718 0.129371541933183 0.116380309899248 0.102836810976849 0.0953496378680255 0.0892501845159157 0.0866040449783633 0.0860319428351625 0.0861189587734584 0.0894964910156715 0.0925093379634923 0.0913331562702442 0.0890370158202136 0.0869575742728033 0.0851634106571564 0.0839495105848839 0.0793163687423143 0.0728879211944448 0.0672785203273161 0.06097303865195 0.0557233276887913 0.0535425173056376 0.0516158907205139 0.0525320332536515 0.0543370527269194 0.0573961566173848 0.0572184362798567 0.0592467786477031 0.056617680617131 0.0550424268721655 0.0517267752114033 0.0493556155973495 0.0468724771428932 0.0452162091879271 0.0451864547532975 0.0435967333102016 0.0488696147471638 0.0594543998267999 0.0667045781771942
-9999 -9999 -9999 -9999 -9999 -9999 0.111957118402874 0.0782315415290087 0.045181419407703 0.0899641042745289 0.161220415314775 0.154713015086726 0.137608087008675 0.145571686458211 0.152554589436789 0.163481834682788 0.162731600854749 0.150028698420233 0.138482020206743 0.129798066378179 0.119661083983107 0.111477732154695 0.105390615697094 0.101960105518534 0.100941898240897 0.10057191468084 0.10321719727932 0.105102544081945 0.10458984853962 0.101822218811701 0.099034401164986 0.0977977686981265 0.0963766388739745 0.0930689658691394 0.0890732885806789 0.0838034983632719 0.076999095686209 0.0702705823397277 0.0663195247481115 0.0600680299407059 0.0567779706585912 0.0536865173395675 0.0521958445102889 0.0510018641897899 0.0468175875923636 0.0438691130218561 0.0388391286310337 0.0353671185512049 0.0308174145462224 0.0202998295963668 0.0139895632877342 0.00733201075794604 0.00592729475517878 0.0111830491606821 0.0168002605205033 0.0263395661647038
-9999 -9999 -9999 -9999 -9999 0.0950132867061563 0.0635883897700642 0.0349772805329936 0.0494183084142961 0.0990282746899416 0.151454818257848 0.158325857005535 0.149869849949529 0.156840978720053 0.170392556731273 0.193144946221061 0.185563077420114 0.16037534861365 0.146756381383899 0.145072480041739 0.135102090760416 0.129167094618028 0.123083297006721 0.118606566939556 0.116941212487419 0.114604044635938 0.115018466095867 0.112969148382612 0.109516021505823 0.106020516056161 0.102301363583271 0.100537436161215 0.0985581754825013 0.0963735038874817 0.0961546847031511 0.0927943700755032 0.0890172998250351 0.0838069479306984 0.0793088776397984 0.068731275872791 0.064102750558746 0.0596141647335024 0.0518581496286319 0.050143416813682 0.0392693383355169 0.0336460272096512 0.0252605430800954 0.00982232216441975 0.00186113275638428 -0.0108840956295749 -0.0199994027517505 -0.0242177120802286 -0.032640484469638 -0.0312213351789185 -0.0273057973183553 -0.0207354002077995
-9999 -9999 -9999 -9999 -9999 0.0648902481323902 0.014048899058787 0.00509502315452715 0.0422214391683986 0.100494925991544 0.139869320251211 0.152685574480051 0.163141471039062 0.185482886804598 0.214459404941573 0.226707813193784 0.203009354135238 0.178145798850799 0.164070597781167 0.155193811503053 0.15342601694338 0.150991402160619 0.146314017368727 0.14076901511771 0.136498221530607 0.131993037148335 0.128946417164222 0.125071984109097 0.119405906013878 0.111954693887297 0.103880031569175 0.0988292632413125 0.0966783580814514 0.0942902168574631 0.0944041027572364 0.0942140132923713 0.0940575608596123 0.0926944534849493 0.0890073030725283 0.0820605429433461 0.0758542071555278 0.0659411082677476 0.0583340126268481 0.046403372207097 0.0297342944913678 0.014474673416024 -0.000856618190227421 -0.0132988709553385 -0.021704301749078 -0.0356239144900607 -0.0450482926292476 -0.0550465808714421 -0.0612790106761334 -0.0607115692820306 -0.0610927796902972 -0.0592183887482763
-9999 -9999 -9999 -9999 -9999 -9999 -0.00800387417911808 -0.0142306210676036 0.0457908886030287 0.0906828925697278 0.120782832933864 0.136076939773051 0.171254694721477 0.205651335730535 0.219197431960622 0.249134449115799 0.217538810744934 0.186985517978798 0.171053574086546 0.165140721855939 0.170244276310987 0.16764566847707 0.168386514149957 0.163486044554309 0.156336177684505 0.150280625886012 0.144212141883789 0.139720744773152 0.131973205586456 0.120913956160999 0.112899046035695 0.102795211767533 0.0964765092202415 0.0917040134100255 0.0898520937199999 0.0906174176935549 0.0919301933102664 0.0946348477019275 0.091086005287523 0.0837511421282967 0.0740492182169545 0.059796923402115 0.0437117413795276 0.0302002551707902 0.0099434887125095 -0.00480050079757743 -0.0191144061957123 -0.0336785731724543 -0.0437655244532148 -0.0590036066094309 -0.0672417393425112 -0.0764683025741367 -0.0827909533236304 -0.0856266851029754 -0.0905128529028045 -0.0896368046882352
-9999 -9999 -9999 -9999 -9999 -9999 0.0182922180370989 -0.0283662829211354 0.0571219760624639 0.106690708038467 0.127133832482033 0.135645622737822 0.150033209512633 0.171929534782856 0.194555447021603 0.196260538864406 0.198755815743687 0.184447823263364 0.179725065813007 0.173369146529343 0.18057997992481 0.184798926956864 0.187809876154943 0.182218472069521 0.174998956409258 0.166501236398686 0.160389135458084 0.155572774699864 0.148133121803881 0.136582095724115 0.124173460264946 0.116001091313241 0.108991582432749 0.102904061860802 0.0989780662011401 0.0962805093458711 0.0980783902607361 0.0988933835122674 0.0928970162669678 0.0840846141126129 0.0716720768120209 0.0560441059437453 0.0397068076712651 0.0244749131324853 0.00513984498114622 -0.0105659165652046 -0.0279891543861823 -0.0435727388755318 -0.054980413654654 -0.0714129601125648 -0.0833257731433937 -0.091238349444446 -0.096462421514791 -0.097757166649153 -0.103635782887195 -0.108033649788502
-9999 -9999 -9999 -9999 -9999 -9999 0.0783519568861273 -0.0269655352963435 0.0489245877508634 0.107450302249535 0.128598504517934 0.137912342381762 0.148754403266458 0.168003255339481 0.18600314436091 0.190927699331742 0.173970588052764 0.170121730315523 0.169014397346642 0.16613626254374 0.18214353707701 0.188523151588626 0.193048836490258 0.190373082796903 0.183163161644472 0.177457972890632 0.171800303650478 0.16931177385149 0.164091321454435 0.150798539105379 0.140992158076517 0.134517712966631 0.12941272670784 0.123171487808259 0.116425890592005 0.111013152739099 0.106924651194712 0.109055918753365 0.101458785386382 0.0855886102426427 0.0754906675640283 0.0544697144103356 0.0417844018858597 0.0278464524922737 0.00194764504601824 -0.00822393693577628 -0.0270672449753024 -0.0428356831676436 -0.0565373744064566 -0.0795585192546291 -0.0881393022666713 -0.0979245517273784 -0.103803372524263 -0.107463936628576 -0.115601988534401 -0.116443850024953
-9999 -9999 -9999 -9999 -9999 -9999 -9999 -9999 0.00411400479094776 0.0851304805049581 0.138484727513169 0.13873194893182 0.14948558727067 0.164794780219058 0.185175581727949 0.196308316684991 0.172885456464088 0.146779492964636 0.157031286401266 0.164016929030157 0.181140779161774 0.194351083674303 0.193243508993171 0.18892550632649 0.189451540391308 0.185500383698657 0.183229159104493 0.17956087462324 0.175983610489541 0.170346379456782 0.162811460444602 0.16144506139364 0.160038656828368 0.156271073839297 0.149914540688256 0.140993470314654 0.139025484978391 0.135303064214638 0.124981441585929 0.113349982228472 0.097849126186897 0.0822653906336475 0.06650476181662 0.0499627103840381 0.030073151058253 0.0125622506376638 -0.00589646801884269 -0.024205178263656 -0.0410008664252719 -0.0639398031799172 -0.0817351611787883 -0.0947015647574252 -0.103474728700187 -0.106705312972948 -0.112774033582827 -0.11490667919624
-9999 -9999 -9999 -9999 -9999 -9999 -9999 -9999 0.0571643590858735 0.0512753967690829 0.131645677794818 0.132897069078688 0.145579865392066 0.159070668905422 0.181153269858374 0.205410312047918 0.187912392683573 0.156057142925625 0.164104943971874 0.16143704448302 0.181199257430518 0.185785884910535 0.186174744162282 0.1833992093419 0.185921495043057 0.188670879712248 0.184435206094119 0.182659271814014 0.182541875616833 0.17953472463912 0.180300375935777 0.184574211219713 0.188910264102955 0.190506099263021 0.186185831988445 0.180213942467499 0.173275252258601 0.170423712885583 0.160222491411164 0.144995927466066 0.133898191809061 0.114941061059477 0.102615196877997 0.0864289605087782 0.0599738653142138 0.0455231047696423 0.0264842743889668 0.00676374383125944 -0.0143720931679867 -0.0467511588046832 -0.0663365654690363 -0.0854575931627248 -0.0982034694103113 -0.103884815705326 -0.108803067989793 -0.105676135637139
-9999 -9999 -9999 -9999 -9999 -9999 -9999 -9999 -9999 0.0235342792742192 0.0890190167472927 0.118834369857334 0.140138170849173 0.152071054581891 0.176584539956671 0.217339571313054 0.214146259472343 0.194624148658591 0.207849255609878 0.18582864438679 0.188581926230673 0.188872051150888 0.18144635232133 0.178245938925703 0.185956868143437 0.188015370041375 0.186996397992906 0.182420651936398 0.180142420614246 0.186409449204022 0.19044377910476 0.201049723136952 0.211226410018364 0.218136572915603 0.221976944712684 0.219239534649598 0.220410425889829 0.215741932797764 0.205502512451487 0.197181168593327 0.184595556455828 0.171831986542009 0.156978148036423 0.135987990857064 0.115997458928609 0.0941601717152621 0.0747334338337769 0.0522633077836003 0.0225826784537174 -0.0108425141833892 -0.0420142883618531 -0.0633027528744426 -0.0801377852595621 -0.0877462449909057 -0.0924729043002614 -0.0885266693109705
-9999 -9999 -9999 -9999 -9999 -9999 -9999 -9999 -9999 -9999 0.047771166432915 0.109027400535217 0.13513570465171 0.146483131717637 0.173215792423577 0.225779688487754 0.259302364080335 0.247642179439833 0.266145665614933 0.225576926394904 0.206388336384358 0.191201621744641 0.190366384908197 0.178016402581681 0.179451940713719 0.180828583620439 0.179413099789905 0.179175199159483 0.179572948778788 0.18172135678223 0.190758379523662 0.205127776607312 0.220728688276182 0.235367415600584 0.247245588683278 0.253867431765865 0.257656503494716 0.260980172120106 0.254979969057351 0.246417781785741 0.235823056483718 0.224330893828543 0.216266070745343 0.199548048540461 0.173317343872428 0.151801683982212 0.132830566504015 0.109450877129815 0.0755081326294156 0.030375389410643 -0.00543718441044216 -0.028950396660097 -0.0477414552316633 -0.061459723855012 -0.0740641690996134 -0.0749978454976264
-9999 -9999 -9999 -9999 -9999 -9999 -9999 -9999 -9999 -9999 -9999 0.118550053140151 0.131112589012517 0.141363028418645 0.169931942872243 0.228283977172027 0.283053141532834 0.302136682413743 0.310489741355171 0.244264113426402 0.230281212008196 0.200709668600114 0.196999798700304 0.193585354695556 0.178874097583549 0.175285753914869 0.172501245011657 0.17436417445072 0.172023694603554 0.177655330494225 0.184720330982346 0.19873595724375 0.221520911157906 0.239238664971375 0.259417880143128 0.276062470320801 0.287599367720203 0.294264671938131 0.293518438848109 0.292138607393542 0.283346151220075 0.274632278139411 0.272168617586695 0.257157508526547 0.235536599103854 0.220286556271194 0.200828061669831 0.175196874396415 0.138178437170206 0.0865530166074914 0.0439604909569679 0.0153097559703233 -0.0142513855719559 -0.032844110081279 -0.0439363893222378 -0.0496348073831704
