data/03_saidas_enm/CCSM_Maha_6k_B.balansae2.asc
NCOLS 154 
NROWS 168 
XLLCORNER -112 
YLLCORNER -55.5 
CELLSIZE 0.5 
NODATA_value -9999 
[rows 100 to 124 of 168, columns 56 to 111 of 154]
-9999 -9999 -9999 -9999 -9999 -9999 -9999 -9999 -9999 -9999 -9999 -9999 -9999 -9999 -9999 -9999 -9999 -9999 -9999 -9999 -9999 -9999 -9999 -9999 -9999 -9999 -9999 -9999 -157.312273833455 -141.469466507594 -141.859342331861 -161.253092834814 -178.105582051325 -187.949479728211 -180.548411010748 -148.021040445887 -124.694363953939 -96.5240707717057 -56.1468465423464 -20.4726525048552 -8.56492079473224 -12.3989098304594 -20.149509797814 -25.7199673930545 -29.8886394510717 -29.7304842459002 -21.7329846355816 -13.1369903148679 -8.13581592960249 -5.31109655991197 -3.64569545311741 -1.68124377785709 -0.557728977005209 0.0768146001549322 0.297891487527418 0.623549222342006
-9999 -9999 -9999 -9999 -9999 -9999 -9999 -9999 -9999 -9999 -9999 -9999 -9999 -9999 -9999 -9999 -9999 -9999 -9999 -9999 -9999 -9999 -9999 -9999 -9999 -9999 -9999 -9999 -157.516229353815 -139.624005987143 -138.211738658624 -160.116616996912 -175.983896159481 -179.856212489283 -161.734110477049 -133.915809766606 -109.379829917729 -86.5782181466936 -48.1899119703269 -14.0405043697315 -6.88462827950704 -11.8161911112636 -19.4062726646154 -25.5964014446433 -31.0798575936221 -30.2925285904088 -20.298650721784 -12.2555559272763 -8.16004295597092 -6.69226298689651 -6.6668418647878 -3.71833874789735 -1.92511591087202 -0.997218682222732 -0.233251362339599 0.0413459359578799
-9999 -9999 -9999 -9999 -9999 -9999 -9999 -9999 -9999 -9999 -9999 -9999 -9999 -9999 -9999 -9999 -9999 -9999 -9999 -9999 -9999 -9999 -9999 -9999 -9999 -9999 -9999 -145.232814261554 -161.037978490295 -147.826717726803 -144.638028843352 -158.831456809886 -164.760565014332 -160.816868809596 -143.593911083983 -117.812360602173 -96.9163711381938 -73.4572891160555 -37.0082489848718 -7.97920299269576 -6.42345593613676 -13.2356299291592 -18.8498958129728 -24.8627855362687 -32.4149290360061 -30.7716212519316 -22.4733950424753 -14.3394032112383 -10.037182543155 -8.01108137931409 -6.56772343111685 -4.66410305970479 -2.69304067285302 -1.71126981600233 -1.24286232704752 -0.771205434665136
-9999 -9999 -9999 -9999 -9999 -9999 -9999 -9999 -9999 -9999 -9999 -9999 -9999 -9999 -9999 -9999 -9999 -9999 -9999 -9999 -9999 -9999 -9999 -9999 -9999 -9999 -9999 -152.575513736252 -170.900458849025 -157.097341450825 -153.483934449535 -163.384008623209 -159.016949691171 -146.32701967658 -128.477248012863 -106.328859827992 -88.0415850534147 -63.7500034681154 -29.462350890949 -5.53481559602859 -9.89112755851086 -16.595358679404 -22.0766150331136 -27.4967951597328 -35.3314921583772 -35.4479757146098 -27.9216143148533 -18.7493801021646 -13.2074043599625 -10.2478518673212 -8.14330662224426 -5.65661163251554 -3.72277860237136 -2.44831626934715 -2.17285019270599 -1.72239547460633
-9999 -9999 -9999 -9999 -9999 -9999 -9999 -9999 -9999 -9999 -9999 -9999 -9999 -9999 -9999 -9999 -9999 -9999 -9999 -9999 -9999 -9999 -9999 -9999 -9999 -9999 -9999 -160.109627639936 -180.179632150592 -171.174205298102 -164.85578764826 -168.330836051404 -157.77340272797 -136.0082966805 -121.503632003275 -100.115272810171 -85.1781891199597 -55.2508986046632 -23.5249298693359 -4.94999579890092 -12.5569331303866 -22.2036418125117 -28.7706555844874 -33.0476040183042 -36.7084544187299 -39.9276139228606 -31.9470047803436 -23.5297330519071 -17.3572663885194 -12.6463423041779 -10.1994311891558 -7.09712504329362 -5.46308655076199 -4.23287899330748 -3.37074620056493 -2.79772305414588
-9999 -9999 -9999 -9999 -9999 -9999 -9999 -9999 -9999 -9999 -9999 -9999 -9999 -9999 -9999 -9999 -9999 -9999 -9999 -9999 -9999 -9999 -9999 -9999 -9999 -9999 -9999 -165.84296178494 -189.732386341866 -181.479450247567 -178.416100455247 -180.923164671942 -161.083166794769 -131.444686844055 -118.40626501107 -102.925800298641 -84.7963948951897 -52.3189476444922 -20.7668005876854 -5.17234969013711 -16.0034530297384 -27.6826208188887 -35.0682754772972 -36.0318351192688 -37.4387946620659 -36.9642196940735 -29.5897160998929 -25.1438934649094 -19.439681771256 -13.5438851393355 -11.0058641712331 -8.60549219593279 -7.00474841483107 -5.73848477885616 -4.42678489523478 -3.68840403402315
-9999 -9999 -9999 -9999 -9999 -9999 -9999 -9999 -9999 -9999 -9999 -9999 -9999 -9999 -9999 -9999 -9999 -9999 -9999 -9999 -9999 -9999 -9999 -9999 -9999 -9999 -9999 -168.030798841175 -193.017985425462 -192.485801745937 -192.705837682583 -193.766824884845 -170.194867983542 -129.75168084301 -115.033227801015 -112.094777457215 -90.7122296144417 -55.1474171149574 -20.2328935354191 -3.60005188397133 -16.8898860971939 -32.9713625012648 -38.1647308134047 -38.0791873980424 -35.5801060409918 -29.9565710235314 -27.0083002767197 -21.900761950659 -18.275385249726 -14.5695654621169 -10.4679706946713 -9.10017472882221 -7.96357057344377 -6.66596043703054 -5.49291242898555 -3.94503868792246
-9999 -9999 -9999 -9999 -9999 -9999 -9999 -9999 -9999 -9999 -9999 -9999 -9999 -9999 -9999 -9999 -9999 -9999 -9999 -9999 -9999 -9999 -9999 -9999 -9999 -9999 -9999 -164.020244463919 -192.805014972245 -207.436597860452 -217.061310595936 -212.797195740307 -179.497036665168 -129.468841047108 -110.452911404893 -119.028926027744 -101.347841332457 -61.3223811610718 -21.2778783036633 -3.77828663604709 -19.0020962528283 -37.4602420234839 -42.8043200007426 -41.1941037593587 -37.7386641344644 -31.2420992797306 -27.8445531741132 -23.1004069307453 -18.6398644805205 -15.1330909904125 -11.8661829931129 -10.512156192709 -9.29363159590991 -7.83147573997602 -6.31832750799204 -4.75563635207222
-9999 -9999 -9999 -9999 -9999 -9999 -9999 -9999 -9999 -9999 -9999 -9999 -9999 -9999 -9999 -9999 -9999 -9999 -9999 -9999 -9999 -9999 -9999 -9999 -9999 -9999 -9999 -156.084600524741 -187.756701340805 -219.858543842399 -249.823150740619 -234.101779075156 -193.446058511345 -128.859335086405 -107.211434818052 -136.042004525211 -113.771022984917 -68.7250121314538 -24.7609257549635 -4.14614419888036 -24.0803307542629 -42.3189733848958 -47.7210340493694 -46.4807291578992 -43.3521333078234 -40.403097451912 -32.9239490450123 -27.5067876330614 -22.2463584238117 -16.7809166386866 -14.4625546876156 -12.949850232706 -11.2880205914592 -9.44646230754265 -7.17068086883346 -5.77263134037059
-9999 -9999 -9999 -9999 -9999 -9999 -9999 -9999 -9999 -9999 -9999 -9999 -9999 -9999 -9999 -9999 -9999 -9999 -9999 -9999 -9999 -9999 -9999 -9999 -9999 -9999 -9999 -152.01841248015 -186.790953424001 -227.355710509337 -254.120649666003 -239.535761915459 -188.396242989868 -118.464707759237 -96.8544075150727 -125.554113867261 -109.13346700823 -65.1250049669213 -23.4517047237134 -7.7300972392227 -27.3093198913037 -46.0951244535689 -52.1781350166769 -50.7447776180308 -47.481519118966 -43.9166281401246 -36.7538265503408 -30.7537079741878 -25.1908103870828 -19.9702925392411 -17.1423886901794 -15.0719604288527 -13.4769750613207 -11.0757557151397 -8.61378529692404 -7.09705573673293
-9999 -9999 -9999 -9999 -9999 -9999 -9999 -9999 -9999 -9999 -9999 -9999 -9999 -9999 -9999 -9999 -9999 -9999 -9999 -9999 -9999 -9999 -9999 -9999 -9999 -9999 -135.428895792053 -150.745656397168 -186.770382377354 -228.593314611168 -255.712766562469 -231.130963309737 -181.72684873445 -106.272559155956 -82.1535538279015 -118.314163923413 -89.9012869829015 -52.3095205988778 -23.3350924730476 -15.1450669187085 -35.9554808213969 -49.4930719328664 -54.3819296402805 -53.3496577377629 -47.9028326821253 -43.8684742743222 -37.4529322926618 -31.6338278962682 -26.6843651436757 -22.5980385948187 -19.8344332634192 -16.8868688400002 -14.9813624490941 -12.2839571497171 -9.87382917104971 -8.48491477632985
-9999 -9999 -9999 -9999 -9999 -9999 -9999 -9999 -9999 -9999 -9999 -9999 -9999 -9999 -9999 -9999 -9999 -9999 -9999 -9999 -9999 -9999 -9999 -9999 -9999 -9999 -131.905879085164 -154.924192125507 -194.850643274333 -232.365008350813 -241.545023753054 -213.930266925744 -158.957636344787 -91.5048152398061 -61.746266895492 -68.238277797949 -52.7122087453815 -29.7684288208867 -21.6061391977203 -25.0794553190387 -41.3722426250072 -53.3181806107866 -55.2480554894847 -55.3821603735635 -51.6119692022583 -46.43452424152 -40.0649883345645 -34.5679526106441 -29.5845970827892 -24.8711675188169 -21.4667728175439 -18.3706679392919 -15.9449052184296 -13.4777491426988 -11.3849147814319 -10.1783821085992
-9999 -9999 -9999 -9999 -9999 -9999 -9999 -9999 -9999 -9999 -9999 -9999 -9999 -9999 -9999 -9999 -9999 -9999 -9999 -9999 -9999 -9999 -9999 -9999 -9999 -9999 -132.262782559088 -168.354450546171 -211.323212201124 -233.907378543358 -239.640898615894 -184.479436469569 -139.067548698413 -76.122673534741 -37.7714156784808 -39.8947586112574 -27.7021905341047 -20.8963022408751 -28.1151481153605 -38.7177329759529 -53.8283182784762 -57.5350267044337 -57.2159250254511 -56.1377817033134 -53.3115621902347 -51.3760183248293 -44.491920920778 -38.053942550686 -33.1193831167403 -27.7243298532637 -23.7393996343111 -20.1984384584016 -17.0303161371973 -14.3922625984447 -12.7344222021601 -10.2197076385587
-9999 -9999 -9999 -9999 -9999 -9999 -9999 -9999 -9999 -9999 -9999 -9999 -9999 -9999 -9999 -9999 -9999 -9999 -9999 -9999 -9999 -9999 -9999 -9999 -9999 -9999 -139.923983960396 -186.039689675575 -222.005256679296 -224.2881493 -194.853072933529 -149.065352404932 -94.7167253635927 -47.6035795379524 -15.5926226350782 -15.7183308522686 -21.7923488896822 -28.6536586643247 -43.0643001258599 -54.8283279431813 -61.4928466559166 -62.5581621986595 -60.616533166667 -58.0882859992563 -53.7420574007542 -49.2157121562181 -44.0782045885297 -39.8501994992943 -35.4309726714503 -30.4134740980989 -25.7612747891554 -22.00036418192 -18.6984495088254 -16.1214834533411 -14.5989731192182 -11.0982842430221
-9999 -9999 -9999 -9999 -9999 -9999 -9999 -9999 -9999 -9999 -9999 -9999 -9999 -9999 -9999 -9999 -9999 -9999 -9999 -9999 -9999 -9999 -9999 -9999 -9999 -107.25697344281 -159.075365356812 -210.66893143499 -233.093070521264 -204.10101267898 -169.539609534637 -111.349099566031 -59.8823234215537 -28.0491359700163 -11.0009472577301 -26.2868551966771 -32.2966045649155 -45.0809014229058 -63.6305916714842 -69.2033783389489 -71.6474443761891 -69.6380223317649 -65.198285173142 -60.2320074317033 -55.1702043649249 -49.9177011134401 -44.6097021026824 -41.0222257452505 -37.8573685507894 -33.0469057798813 -28.3918224973662 -24.1627812311134 -20.8872865979087 -18.3188344088902 -16.219688085903 -12.7271455979395
-9999 -9999 -9999 -9999 -9999 -9999 -9999 -9999 -9999 -9999 -9999 -9999 -9999 -9999 -9999 -9999 -9999 -9999 -9999 -9999 -9999 -9999 -9999 -9999 -9999 -121.742613626792 -175.115836691587 -220.967607760344 -226.258455618364 -182.135005319755 -133.030247990346 -85.837841906921 -45.7424515562244 -23.091772728415 -23.0165833030169 -35.9706280261253 -48.0180812404341 -62.1614562023051 -76.4036669947767 -79.5502300457559 -78.727979302676 -74.8688697181559 -69.6870345992803 -64.6091551966796 -58.6439654940288 -52.9802116557789 -47.1457058646616 -43.4030136123473 -39.8466365619877 -35.6936293831394 -30.1837944791167 -26.4249075219074 -23.4619034722297 -20.7835551833265 -17.6627497234072 -13.7500995369145
-9999 -9999 -9999 -9999 -9999 -9999 -9999 -9999 -9999 -9999 -9999 -9999 -9999 -9999 -9999 -9999 -9999 -9999 -9999 -9999 -9999 -9999 -9999 -9999 -9999 -126.102740997671 -182.591655605565 -227.475846534785 -219.150442137984 -155.192453361562 -108.843830812268 -68.7780184318876 -46.0549728422314 -37.0523578525646 -41.1464487128116 -56.8458194303668 -64.1946133081488 -74.4335182959195 -82.7152955584068 -81.6666709720098 -82.7997517099205 -77.5468947832904 -73.4387787384148 -68.4910952283624 -62.475395536458 -56.8694475311713 -50.8555440116397 -46.8495360223048 -42.6885605837091 -37.4287271845656 -32.0834843342486 -28.626526302488 -25.9051698450213 -23.2589403958948 -18.7540485413101 -14.7583268230709
-9999 -9999 -9999 -9999 -9999 -9999 -9999 -9999 -9999 -9999 -9999 -9999 -9999 -9999 -9999 -9999 -9999 -9999 -9999 -9999 -9999 -9999 -9999 -9999 -9999 -103.63980926016 -171.541700051871 -210.440497845523 -193.763638733632 -132.993371003774 -84.9294707568133 -62.7146436971621 -53.0466184165733 -51.7280072935553 -57.5986922849928 -68.7739042115486 -73.453219830577 -75.6344511464649 -78.8613298636576 -78.7787333909845 -78.4064153000426 -76.9811262159638 -75.0032938723985 -72.3186341242023 -68.55871555629 -63.3126191067144 -56.2596238666857 -49.6461589926113 -44.1401078519383 -39.1996565796638 -34.5967320907403 -30.818864754712 -27.7603078623712 -24.6936482663188 -19.628417296093 -15.5139024046901
-9999 -9999 -9999 -9999 -9999 -9999 -9999 -9999 -9999 -9999 -9999 -9999 -9999 -9999 -9999 -9999 -9999 -9999 -9999 -9999 -9999 -9999 -9999 -9999 -9999 -83.3872345671472 -149.808512528563 -199.216270074112 -178.614620350671 -115.721660721003 -70.6041211312049 -56.4401159474934 -60.060139014474 -63.8485743517614 -69.3827720792647 -78.9686650684799 -78.6502429053344 -76.8461489463457 -78.1732732266938 -75.7707429369154 -76.1542120384917 -77.0878595918672 -78.310971230612 -76.8917559504028 -74.0545635250207 -70.5158874602711 -60.4289162483448 -52.1547993438729 -45.9734243257818 -40.8391671036762 -37.1333970313167 -32.9220308575615 -29.6473240075879 -25.658369086646 -20.4376932397583 -16.3777273788488
-9999 -9999 -9999 -9999 -9999 -9999 -9999 -9999 -9999 -9999 -9999 -9999 -9999 -9999 -9999 -9999 -9999 -9999 -9999 -9999 -9999 -9999 -9999 -9999 -9999 -76.8987482743253 -136.367215114144 -183.801550501773 -165.744716505307 -108.50703035317 -69.5890323790204 -58.6345838188571 -63.8494912911865 -71.5971455209794 -78.3982608288436 -81.8264336810264 -81.628385874748 -80.4505352486201 -80.3931421807389 -77.5219819467158 -77.103362575775 -80.7811577839883 -86.6063130215086 -86.394018484318 -79.7578992766777 -70.9966874132719 -63.0709011102003 -55.9870409808938 -49.2271310765919 -43.4627319612486 -39.1877887608817 -35.1469141151587 -31.9282407227135 -27.2862109137852 -21.6871099061618 -17.2633190027381
-9999 -9999 -9999 -9999 -9999 -9999 -9999 -9999 -9999 -9999 -9999 -9999 -9999 -9999 -9999 -9999 -9999 -9999 -9999 -9999 -9999 -9999 -9999 -9999 -9999 -66.4957315570242 -124.587833832469 -182.052123195319 -164.063888832621 -106.099253835045 -67.8997964353559 -62.0342698537312 -70.0946456674016 -79.8299949622064 -83.8874415021362 -85.7605407079263 -84.5262068218324 -83.7826510836605 -83.8164720485224 -79.2221306573268 -78.4588694012899 -83.5865399514764 -92.5943847192027 -91.8668927744945 -81.6487746322133 -72.4356517122349 -64.4386511571864 -58.2946489901579 -52.0215502169096 -46.6034483986914 -41.8166672696985 -37.4176854519003 -34.0704124466486 -29.0587169234862 -23.1066041877624 -18.6820650960969
-9999 -9999 -9999 -9999 -9999 -9999 -9999 -9999 -9999 -9999 -9999 -9999 -9999 -9999 -9999 -9999 -9999 -9999 -9999 -9999 -9999 -9999 -9999 -9999 -9999 -57.8777618938322 -115.237286941282 -186.555234861068 -171.102756348514 -109.465545316333 -71.9362501350985 -69.3311848187168 -77.5588018924277 -87.130334370702 -90.205876053357 -90.4876611119663 -89.2423261776699 -88.8739902925573 -87.174798164837 -81.1336154392487 -78.7016541372811 -84.6380771631322 -93.5167397342502 -93.1942822644667 -84.4309355477632 -73.5531808893375 -66.5709248757276 -61.1580685399697 -54.9255405955839 -49.4437647175538 -44.6769185277159 -39.708976072878 -35.8528404917604 -30.7639865624836 -24.9801828819612 -20.4281520589751
-9999 -9999 -9999 -9999 -9999 -9999 -9999 -9999 -9999 -9999 -9999 -9999 -9999 -9999 -9999 -9999 -9999 -9999 -9999 -9999 -9999 -9999 -9999 -9999 -9999 -46.729978390341 -100.545825384581 -171.023940474345 -176.384135662201 -116.997148243748 -79.6024637221125 -75.8560954685819 -85.8904788534661 -92.8464792359347 -93.056314313933 -92.1206443428848 -90.1708387651146 -89.8600023395313 -88.2005690101133 -79.8495043261458 -77.9124684932963 -83.7484217895805 -93.2404201236636 -94.3438063219413 -85.9172172696738 -76.1297663331067 -69.3269105094139 -63.9651763983313 -57.6711564272841 -52.0410469025755 -47.0938955526067 -42.1662656690934 -38.1974969548793 -33.580296839618 -27.4196173337713 -22.9973408892324
-9999 -9999 -9999 -9999 -9999 -9999 -9999 -9999 -9999 -9999 -9999 -9999 -9999 -9999 -9999 -9999 -9999 -9999 -9999 -9999 -9999 -9999 -9999 -9999 -9999 -36.5345314954108 -87.5828038775193 -150.179715906506 -170.716324321919 -123.044511543397 -91.6773805031527 -86.133413460639 -90.9948342198972 -96.6648594365242 -94.4809369789336 -88.7955550436743 -89.1920505733224 -88.3220325247073 -85.1580831324549 -79.6679037933833 -76.9993489662651 -82.8159608802652 -92.9417436613319 -94.2502557393165 -88.126209824129 -80.1724518740505 -72.7327919074594 -66.6466965608636 -60.0388210096667 -53.8806974616628 -48.8804944079355 -44.0262995769365 -41.5247133705626 -35.8890013254497 -29.0825782601632 -25.4358492367703
-9999 -9999 -9999 -9999 -9999 -9999 -9999 -9999 -9999 -9999 -9999 -9999 -9999 -9999 -9999 -9999 -9999 -9999 -9999 -9999 -9999 -9999 -9999 -9999 -21.8465256235363 -32.6278834735306 -75.7218038811469 -129.916619456145 -165.130854553952 -126.7120732257 -96.1319303439729 -92.2168373085918 -96.3378867786309 -99.8115325803519 -97.6492897950046 -92.6035819067827 -92.1275829948244 -91.161685524598 -88.4584444957797 -82.8202052300327 -79.8304166051111 -85.2473946702153 -93.2606510482301 -94.390022959222 -89.0956404854725 -81.8367762954882 -75.4358273937962 -69.1990991853851 -62.05504066819 -54.8460738358336 -48.8484876529844 -44.9744110636507 -42.1300872111325 -36.0609566999379 -27.7082708390404 -21.9125208778202
