data/03_saidas_enm/CCSM_Maha_6k_B.balansae1.asc
NCOLS 154 
NROWS 168 
XLLCORNER -112 
YLLCORNER -55.5 
CELLSIZE 0.5 
NODATA_value -9999 
[rows 50 to 74 of 168, columns 56 to 111 of 154]
-9999 -9999 -9999 -9999 -9999 -9999 -9999 -9999 -9999 -9999 -9999 -9999 -9999 -1947.14239675064 -1091.9778753391 -540.541873258515 -265.037124253741 -118.325485928124 -68.6919862935859 -47.6645900904536 -56.2137485851526 -66.2240092511109 -89.816783989325 -113.821990427522 -165.835756150789 -219.856621207044 -275.891405860172 -366.883948667454 -447.826096564491 -551.893134237381 -627.270385077544 -568.693413510092 -459.752518450384 -317.597180633509 -159.196385802617 -76.5165187099565 -40.0769205332782 -21.8680698455213 -17.8408726915376 -16.1596347842898 -13.4187873320898 -16.266853672609 -17.6609845280877 -21.1249621830468 -20.8653021159644 -24.193490593955 -27.2094134462369 -28.6319094109334 -33.5304488464306 -40.1540773297646 -41.3045334920656 -41.8649914846883 -35.2650994730785 -31.8497427316226 -29.0143901616703 -24.435111896066
-9999 -9999 -9999 -9999 -9999 -9999 -9999 -9999 -9999 -9999 -9999 -9999 -9999 -1201.43100253088 -705.719642699059 -359.243049989581 -182.036711076671 -96.1248825396687 -60.2323307536524 -46.1093061252614 -54.1437570265615 -67.9395531969668 -88.8931845867152 -118.39909706304 -165.289065646149 -220.617930129706 -277.381271343047 -356.494098280736 -435.413187568089 -514.072741577172 -560.340721434906 -505.260227390438 -391.717330788491 -257.678939196022 -137.813229732538 -65.0638579937542 -31.5490169091633 -18.4602067999659 -14.5554910974158 -14.5170232966052 -13.6439919688076 -16.2644588513239 -17.428953478903 -21.1284968689519 -21.5467475458868 -22.3656027111536 -26.5087907646835 -27.839632209624 -31.5259515000158 -34.8954375316076 -32.0240786894478 -29.2641966178518 -25.6313519555403 -25.4496977002333 -27.3462415302002 -22.7868459880591
-9999 -9999 -9999 -9999 -9999 -9999 -9999 -9999 -9999 -9999 -9999 -1438.63442372007 -1065.82431743558 -680.525520070464 -400.652164010268 -220.140334990447 -130.937197908403 -76.0949265066962 -53.6152834947461 -52.2310316395641 -59.6227197369827 -77.6962024823729 -106.385449827231 -144.23270003834 -203.070005523923 -266.361921653392 -343.880046994027 -432.865329306119 -525.739824528316 -628.751119576059 -674.35171791671 -581.905879149001 -446.601660220247 -294.634531887063 -156.234455689516 -75.0168981289612 -32.1663773197884 -15.7988884287534 -13.6716774807162 -13.7955681205857 -14.5133329702156 -16.4328710731088 -17.3849559744028 -19.617933724237 -23.5937547838639 -25.2078737058398 -29.1151063802022 -30.4478313847255 -30.4717512753038 -25.8469636822347 -22.8021831600078 -20.594000654595 -19.6136859048672 -21.5547469401965 -26.4312096496065 -21.5488383299085
-9999 -9999 -9999 -9999 -9999 -9999 -9999 -9999 -9999 -9999 -1349.26323207555 -947.573517810516 -575.289580495397 -393.276547214203 -293.480321904265 -201.513336343238 -125.284778670309 -79.4046978931549 -68.4773027401486 -73.934415702043 -87.9194341602983 -120.864301265715 -162.349112850586 -211.788924343436 -277.624894578665 -356.094064779801 -448.177590705122 -548.526338271357 -646.258237340378 -726.191461245359 -743.526216988625 -629.749699152935 -467.430357520761 -304.520971984516 -170.151224234996 -85.8350235900331 -41.8835660358328 -22.0472304999354 -15.8125267441953 -16.3956241561979 -17.7869858588735 -18.4598673381396 -19.2459773901229 -20.846459745783 -24.7195996129192 -26.7372094066241 -29.1103025181744 -29.0030764381306 -28.6403562924183 -25.2200247361722 -21.2358293847475 -21.3747473983636 -21.7080567272964 -24.7004520643271 -30.2279686537747 -23.6533894995813
-9999 -9999 -9999 -9999 -9999 -9999 -9999 -9999 -9999 -9999 -854.026937044582 -478.414010901967 -272.932640881869 -220.591423059589 -220.021727939968 -206.963249051663 -153.195493118354 -113.775759264604 -102.97984333698 -119.964739097908 -139.908419653201 -182.314051500143 -232.592106670923 -289.351226253988 -370.197729550189 -459.540823221019 -557.744278456721 -665.592769092071 -755.575003329974 -818.986956882281 -824.348640701229 -668.948344837324 -487.412198530276 -321.14819545803 -182.745559571054 -98.7484351572912 -61.7431296693913 -38.5138141371383 -28.3578018919391 -22.5258739027308 -20.8046674463857 -20.5101067380859 -21.454678743721 -22.4786538557143 -24.2668055943072 -27.8290046377705 -29.9292502077814 -29.9951060533339 -30.2394213355608 -31.503766960954 -30.8780304937439 -35.3774351781958 -38.0031346648716 -40.506595218192 -46.6756427070739 -32.0277187753945
-9999 -9999 -9999 -9999 -9999 -9999 -9999 -9999 -961.847398865908 -674.02486296171 -400.300732175839 -248.719569955196 -156.434001050575 -135.763072382279 -172.311289724166 -224.675327250177 -198.642516238428 -159.946702343126 -155.190430929831 -189.632813932548 -238.365212187924 -275.047451674846 -314.12488193252 -373.403131910459 -468.051299615908 -577.112640550932 -678.843352659024 -775.93222980951 -856.103771866109 -894.401217052764 -865.454689354378 -705.005612099917 -514.857743110195 -343.565239595595 -212.631122093901 -132.2564782872 -89.420055533244 -66.3965903484838 -53.5091449028976 -47.0090545585558 -45.6836660329889 -42.91350364579 -43.6564247486422 -44.1631279620546 -45.4753421260377 -48.7261751401701 -50.491122384709 -57.1929303275704 -62.9259765972827 -63.0075587853074 -64.9019647292864 -65.4428387568811 -69.2965630801944 -69.9734730719773 -66.7467140876484 -38.9788651967869
-9999 -9999 -9999 -9999 -9999 -9999 -9999 -9999 -653.333069576814 -373.636851491872 -172.304286998519 -106.739238322595 -84.0325972184119 -102.814390069692 -143.17602117975 -195.864616455474 -240.214737469997 -218.693774498216 -222.148988341116 -280.687024034041 -353.790404656442 -388.0886431822 -418.982588163806 -474.891202218066 -583.135507295578 -698.176502624439 -729.444712789342 -760.547357367065 -762.427871146074 -746.076443528029 -726.533940283284 -692.16608283985 -540.663013705378 -379.86909152614 -252.525234430497 -176.956187385684 -132.075185777575 -102.411181875753 -90.7553212060014 -87.1941769693485 -89.3087060344426 -91.7378764222488 -95.0636495098591 -99.5590029110134 -104.654880645658 -107.176158207329 -109.398030359265 -111.866100161871 -119.949419986291 -124.175473484372 -122.021341877906 -118.844327870974 -112.237623001218 -102.6658846082 -94.2180800016073 -51.6254557739584
-9999 -9999 -9999 -9999 -9999 -9999 -9999 -702.324551488251 -463.958865244048 -233.01814848352 -94.1881882051604 -61.1499982912095 -58.3277226712593 -74.0742098379832 -112.39562347073 -174.105581378411 -207.467306711192 -252.851886623178 -287.500625006137 -365.661514600858 -441.368711709243 -468.887159498744 -500.008698821259 -519.871450765864 -554.264570810146 -593.01986230481 -599.894920102204 -598.908104869111 -599.552359608792 -594.202428637043 -587.789514634174 -563.105160445377 -536.324284774131 -412.861705333689 -302.570090355448 -233.137344094636 -183.389203721725 -150.701020319983 -137.140989857658 -138.707850553408 -143.020153264149 -155.342714454053 -168.672387004341 -178.481058015625 -186.068523382546 -190.823569970543 -192.44455995265 -197.86769891431 -208.845313496548 -210.288143767812 -199.956304026536 -188.276860932129 -162.714422721114 -143.332146427733 -126.446061418514 -64.2781413007829
-9999 -9999 -9999 -9999 -9999 -9999 -9999 -572.528425362197 -298.180475683925 -114.822368385221 -49.5557165372991 -47.2516755920696 -53.3009791077748 -61.5987485220773 -89.5330434703125 -136.892935229709 -171.52871242215 -211.004763604252 -241.082174836664 -293.217565337845 -354.357825193673 -386.979523446729 -417.578996485104 -423.770014060226 -433.375558798133 -458.625113308738 -461.317061320639 -475.585162328174 -468.242731191543 -445.286234338147 -441.38906094542 -428.920377988832 -432.323295533123 -426.715633898698 -349.50733237308 -289.679858614982 -246.316877873046 -214.413166159883 -205.968438230712 -215.092495282519 -225.084733415227 -248.517619386067 -266.791896271402 -285.907014278041 -305.433385180364 -311.725581604452 -318.678924512662 -331.484409491676 -343.770768626765 -333.016729816637 -299.830755639862 -259.843687180076 -219.897463254372 -191.754964012928 -165.824116426765 -91.1647171364737
-9999 -9999 -9999 -9999 -9999 -9999 -681.334291991616 -413.01114647085 -178.501624413179 -61.4101677677788 -42.5677447706223 -47.9582910992935 -53.0303173534686 -56.675583940945 -74.7459304508224 -113.410099852511 -135.323213212536 -164.078183225799 -192.158970392611 -237.241289008925 -291.714377120033 -312.091279320993 -326.580440215246 -331.629358829887 -350.790546070092 -365.161667910918 -370.425768756967 -365.082603861958 -356.633395260187 -358.871220595121 -350.551373876852 -349.915655990198 -345.583373665079 -344.352152420537 -358.398816742414 -338.659690730561 -310.275087638712 -296.737756391187 -294.681011774339 -308.49674963872 -334.461804766221 -360.873864078401 -394.069375419487 -423.37045869127 -408.867861394467 -374.47559293863 -354.598812491554 -335.052126207211 -318.444530981793 -297.075722217882 -270.130112169236 -236.329051679174 -197.813459740393 -168.202765404187 -153.761490420831 -125.714945006483
-9999 -9999 -9999 -9999 -9999 -9999 -556.275942246064 -313.439259199422 -119.847257716877 -34.9971997684483 -38.128766311771 -47.6212983853832 -47.8304793056438 -48.3228123486464 -59.7042026152672 -84.0217918242896 -109.524286115764 -133.104112382598 -150.971412083632 -179.826414641652 -213.382794029391 -231.869019843468 -245.056887151685 -248.261211668614 -256.535057291411 -269.502654835247 -270.624139624626 -271.286625995365 -267.620944224181 -265.479452868907 -267.973832043513 -267.384915265432 -272.256251776376 -277.16260737699 -286.71752056024 -299.866884160725 -312.362026046833 -330.870591738532 -343.051941269737 -348.895011225018 -360.651872349846 -356.918032233815 -353.493933330562 -343.882756505799 -321.02514979487 -301.746373047982 -287.099630216769 -277.248824876591 -264.835943672753 -244.084867370712 -225.521401819255 -198.928916169414 -175.020903796328 -156.266978732224 -140.856742981441 -131.662126878465
-9999 -9999 -9999 -9999 -9999 -9999 -474.924664448264 -275.493033252791 -96.1596246880412 -24.1742409398336 -25.47713552688 -37.1034601684507 -39.6556518753363 -40.957534624927 -48.828632248173 -70.2926403255948 -83.8514500184988 -104.542973308268 -119.254762257734 -142.008489163174 -166.25384040569 -178.405516513404 -188.902705958909 -195.539633415275 -208.34732243802 -217.395975236356 -215.910234081759 -206.523892876283 -204.880249619859 -211.099437475324 -209.99774190119 -216.773568370456 -218.908058236053 -225.469487432344 -239.307023810221 -245.947513274767 -258.642241794319 -265.07566836479 -276.022901394471 -284.169993122453 -285.967039166338 -289.034489735791 -278.539520048368 -270.512813791804 -258.915163076655 -250.371400613195 -242.14675869517 -227.016458575128 -215.884720855852 -203.853276374179 -187.630083280603 -175.582983321613 -160.097004648027 -143.766062333481 -134.033213031494 -126.95065780633
-9999 -9999 -9999 -9999 -9999 -9999 -9999 -222.772592232024 -87.4885866914353 -17.3679784653419 -17.6059421024981 -27.7402052786616 -30.8107846098256 -32.7213172977487 -37.803524066837 -50.8160931078745 -64.2451872542697 -80.3053697747908 -93.8224631534531 -110.342871401641 -130.088814625897 -142.315521417602 -152.235355011271 -157.929785732335 -162.987496022773 -167.803613161892 -163.063815557992 -156.536729863111 -150.157314382282 -153.106878873977 -158.345794885962 -161.673830814928 -168.464807696349 -174.068022965048 -181.403968274127 -192.334413169543 -199.705993909675 -208.991188307453 -214.219020862491 -213.992344987961 -217.330690337789 -212.91831793625 -208.533167261784 -202.174962384069 -194.31178240023 -188.849253183343 -177.777486525162 -171.17397624799 -163.662065504775 -152.360171943015 -144.435551364582 -135.138529848913 -129.719384921847 -123.479034957586 -115.34352669728 -113.159837732303
-9999 -9999 -9999 -9999 -9999 -9999 -9999 -9999 -76.6496127721167 -13.2596234465987 -17.1465356171491 -22.8895931008588 -25.0193419659721 -27.6216950137343 -31.58632383002 -41.2117584259056 -51.6907295391025 -66.6809694139111 -79.0011682221536 -91.6513742045458 -106.360662476668 -114.389582845493 -122.288789452943 -126.7731410737 -129.707749345575 -129.936951618637 -125.219425185084 -117.847796434194 -110.700622499692 -115.924273468915 -119.060362419108 -124.683150422515 -129.183801105766 -135.026671907904 -143.621870690488 -150.792437883671 -159.421918722146 -165.427268283456 -170.719894430944 -172.522820608249 -170.296836755568 -168.05434979743 -161.044718116969 -156.58420637634 -150.440316851425 -141.022595064805 -137.70427840785 -130.818751062662 -129.264162789903 -125.232302300778 -121.44131343425 -113.809638480723 -107.254347479276 -100.352834747083 -98.1407050371968 -97.072667742887
-9999 -9999 -9999 -9999 -9999 -9999 -190.589999203633 -110.562882731261 -38.8113465098474 -11.538185113536 -17.9423091869219 -22.0447974030269 -21.7415365763989 -23.0230336411081 -24.2102868033321 -30.3560798572686 -40.3522520545061 -53.5749274994805 -63.8357372634636 -70.5086988980366 -78.1544957392823 -84.5130302174571 -91.5732261235433 -94.7697357089285 -93.6960442978085 -92.4900768582341 -87.9056793946738 -83.5535241799346 -78.5677345553946 -78.5588412936787 -82.9315538217462 -86.6647350570078 -92.1550468890292 -96.912109217668 -102.491768451002 -109.922012556395 -115.153778666712 -121.630654600377 -125.607711170245 -126.079151084516 -126.966799848056 -122.891853113084 -119.389134429986 -118.170389311943 -117.102573495002 -118.375205271713 -117.554744078792 -118.178313224402 -116.755120922234 -111.838975982378 -108.374003368849 -100.845669500405 -95.0915812851236 -89.6713682695952 -84.7370828741522 -84.0795799176193
-9999 -9999 -9999 -9999 -9999 -179.304358179526 -113.172644040432 -49.4699997897795 -17.8584045135916 -15.241490801196 -27.7722716439566 -23.8894022060275 -19.951614296897 -19.9430852282116 -20.300502226532 -22.8130970313046 -30.3648908389701 -41.314963528021 -49.0231834902285 -53.9010529384461 -56.351830206976 -61.4352061036667 -65.9231293382026 -67.6897077424666 -66.5645281569031 -63.6598728022036 -60.6976782895149 -56.762985791369 -53.1446081871147 -52.2431962792846 -54.283400963042 -57.9524396889734 -61.6366096961008 -65.633664140482 -72.254935908043 -76.8768971516321 -81.8267835150607 -85.8425574808641 -89.3442689646507 -92.5175373465361 -97.5661353318563 -103.014766152978 -104.053517206843 -105.588318694035 -105.495951448896 -107.334745431192 -106.407304324146 -104.950913316296 -103.407932755263 -100.061237583304 -96.0260061634414 -89.6382318220839 -82.8509129013902 -78.6895063913987 -77.3029405598479 -77.9655118878541
-9999 -9999 -9999 -9999 -9999 -118.403362652664 -74.2380536045617 -28.6954002719007 -16.4250918627255 -22.4242051997781 -30.4214560399622 -28.8912970419522 -21.5982971774106 -17.7509416373073 -15.6610232895575 -15.9396532458082 -21.0689821421485 -29.1287943474839 -35.0155314288372 -36.4049736068335 -38.192937498019 -41.2784071625127 -44.0567769489901 -45.2645713390852 -43.4369080081028 -41.5961926496871 -38.8548964361253 -36.3900670891325 -34.3389604560806 -32.6740798998443 -33.5031526832167 -35.9537560104067 -39.4349474058004 -42.7979637739544 -46.7704150493831 -51.4559285057593 -54.9562754167115 -58.9845843550213 -65.0668406478731 -73.321231260605 -83.4210070982798 -85.7734229230444 -88.5711506715191 -90.7387094455651 -90.7532574001657 -91.9793004505689 -90.4900846934411 -89.8698606578085 -88.3202547563028 -84.9467687589661 -82.6451901892948 -77.2511418668416 -73.4526284606979 -70.7096996389115 -68.9356702630873 -70.4155957676883
-9999 -9999 -9999 -9999 -9999 -9999 -53.7779471810621 -20.8502997095514 -20.8411467607496 -32.4209794608876 -35.7161952031062 -38.8109379125771 -29.8961116073077 -22.1038949037231 -16.9725859422196 -14.5617620501268 -15.6931702950145 -20.300707764889 -23.0553688319898 -23.8603764244436 -25.2656926080249 -26.6891094540454 -27.4341426679447 -27.2608333487522 -26.2512166623373 -25.1671069822713 -23.0529168828835 -20.985730120919 -19.5842589827386 -18.948369685412 -19.3544929373317 -19.8898791491092 -22.2581910622154 -24.4267085453126 -27.3545390451563 -31.7737080941278 -36.0304777203864 -42.6358189580071 -50.0037810138495 -58.0233462235388 -66.0909448114306 -67.782795353112 -70.9559244392191 -73.503008949696 -73.5777465162325 -75.6547300255798 -73.2037454140259 -72.5100063826032 -71.1091047851176 -68.6152221410712 -68.7782038379954 -64.6472984082026 -63.3047179980324 -62.1643542636171 -61.0924988396682 -62.6657404953207
-9999 -9999 -9999 -9999 -9999 -9999 -52.8307715002209 -20.6230317106355 -21.434614298905 -42.0813872759498 -51.5165238420907 -50.8337861513903 -42.3276787551686 -31.1946879945498 -22.226101373991 -17.2886453532163 -15.5864991989974 -15.860140525378 -16.3081843011012 -17.3970154546866 -18.4817836261002 -18.3899128013993 -16.6696754457636 -15.8740368303086 -15.6345571072715 -15.2863799148698 -13.3396795150292 -11.1980347467435 -10.4194630746919 -10.5178996447605 -11.2709280012659 -11.6108295891026 -12.4494090436641 -14.1584645193946 -16.8152859429563 -20.8095656688556 -24.5824309596708 -29.7475882004224 -36.1125048591776 -43.3968959084956 -48.7887548417691 -51.167781909986 -54.0748090716908 -56.3068662715732 -56.977811505132 -57.8036591653575 -56.5076338979612 -55.3732893706017 -54.0100175633498 -52.0776089578555 -51.6047249150421 -51.4615885932213 -52.9644714906523 -53.7508486793827 -54.215631681199 -56.6078141885858
-9999 -9999 -9999 -9999 -9999 -9999 -56.0023687909977 -31.1822754554851 -19.5824761432146 -43.6684858250578 -65.1630785217176 -61.4279328363323 -52.1416102004357 -43.0693883388552 -30.3908052523291 -22.3829908227559 -15.6874446902543 -14.2904692232743 -13.2860892878334 -12.8633222386248 -14.0999412825953 -12.2167696151433 -10.4252257348002 -9.08901193167782 -8.45541874701578 -8.84430928386934 -6.96376144031042 -5.47256686314658 -4.86424055966279 -4.84835773766166 -5.70905799915732 -5.47380424049133 -5.94396492152057 -6.89311807252127 -8.5077100821219 -11.9287775774961 -14.2713085229777 -18.5521301273742 -23.530091408075 -29.091205570404 -34.0406467080554 -35.0146263165962 -38.1728623523774 -40.2287716392968 -40.1267046241011 -41.9736528319845 -40.3702648565847 -39.9559581092078 -39.0657342372122 -37.0534670264942 -37.4668586768577 -38.8720537626667 -42.7769383180633 -44.9046944334769 -46.0239266807262 -49.9437525921498
-9999 -9999 -9999 -9999 -9999 -9999 -9999 -9999 -43.0454512084351 -34.6085575729317 -63.0208594974994 -69.5581765907645 -62.4480707296269 -52.4555937610625 -39.4870123728796 -26.2622073120105 -16.3479612837588 -12.7482425839049 -12.1534109782657 -11.0018970205896 -10.2613750683291 -9.20274827021824 -8.19301954557386 -7.18169058522984 -6.12401286514952 -5.41113199834721 -4.4971087084299 -3.66410996531997 -3.26191957329616 -2.91499937338397 -2.79529401345231 -2.64558697081254 -2.43956604921156 -2.72320791544151 -3.71327207847804 -5.50579619524765 -7.43603950255387 -10.0691145257781 -13.7753881433082 -18.4426900825034 -22.4493521277825 -23.815418080111 -25.505778521189 -27.1213131066544 -28.2829263175139 -29.2492233509355 -28.9939507989618 -28.4480188491139 -27.9510743885644 -27.5672845200603 -28.351138953093 -30.1877070487037 -33.6345439203687 -36.441345166421 -38.698462694603 -42.0279895669996
-9999 -9999 -9999 -9999 -9999 -9999 -9999 -9999 -61.9556885198788 -30.0605610532129 -52.3985487745763 -65.8112062002815 -68.728894127763 -58.4232433137869 -45.2858258860656 -29.756950621926 -15.768304953425 -10.8444254153166 -10.680058700682 -8.47649603827767 -8.03000707228135 -7.51492528404795 -8.29759291806577 -7.8960942139776 -5.88589517146991 -4.81084675801571 -4.36269133017855 -4.48207776172702 -4.23777280375048 -3.41915403141116 -2.7047571859382 -2.40025923716523 -2.03124448795631 -1.67424313152239 -1.60833325243693 -2.10177177179154 -2.93701722457148 -4.37134866801453 -6.6481994462504 -9.74481300050676 -14.0742219490048 -14.4147771654463 -15.7145680996575 -16.9702949981236 -17.7680384079826 -19.3333143861599 -19.0961211625886 -19.2201876835737 -19.2071967729265 -19.0635797615619 -20.3034038587676 -21.4521386841015 -24.6361414831881 -27.571872575421 -30.2487811876389 -34.5711788843274
-9999 -9999 -9999 -9999 -9999 -9999 -9999 -9999 -9999 -35.06450586717 -28.5263805373621 -49.0938296548439 -66.7645262892565 -63.099034756912 -48.6467500561177 -30.5520570171224 -15.4218414569217 -8.70592883349438 -8.75052407326667 -7.52220291058893 -6.78553718736428 -7.55743242022189 -9.25781239273257 -9.41040355994507 -7.4552745115318 -5.99177992364391 -5.95762896238745 -6.67565256723471 -6.62205516632317 -5.58521116000835 -4.69246780501562 -4.21958712998426 -3.98975804621037 -3.18953265469182 -2.19052687705201 -1.63996074357257 -1.49817263840005 -1.81740731546871 -2.75835042647384 -4.50200543788723 -7.01094697193296 -9.6960656997386 -9.62673516171382 -10.1011862243705 -11.4230195685659 -12.493311109588 -12.7734651052253 -12.5727084704156 -12.72533329592 -13.462087318986 -14.1779617948286 -15.275903002631 -16.4085208852853 -19.1111478853435 -23.7904455260109 -28.4501303002421
-9999 -9999 -9999 -9999 -9999 -9999 -9999 -9999 -9999 -9999 -30.0712525422888 -41.1223276401162 -62.3082371554404 -64.080114830243 -49.2966674407438 -30.1999549403972 -13.7863263428269 -6.40200826135241 -6.56347348340884 -6.15840369361497 -6.49140443810974 -8.01838256277359 -10.5809742603488 -11.2718843697137 -9.5962603697667 -8.26412577769917 -8.53300286992893 -9.60739967771968 -9.66857029643276 -8.95347010471307 -8.07470712272752 -7.56441315158646 -7.25635141112339 -6.33105669608388 -5.0875426976311 -3.9224397128933 -2.96279825566701 -2.24479354688538 -2.02843387504219 -2.48028069837673 -3.48396720446894 -4.95669062322036 -6.81607150138533 -6.46959698237847 -6.51366792340955 -7.13193088401145 -7.46582517930611 -7.7147338829046 -8.05625653915657 -8.42418117211052 -9.1887929453825 -10.1318004733844 -11.4122104266253 -13.6388825871784 -17.1734298027049 -21.0599308194258
-9999 -9999 -9999 -9999 -9999 -9999 -9999 -9999 -9999 -9999 -9999 -61.7701305068035 -57.6624836197916 -64.969041932605 -50.5888777186797 -29.3119590533124 -13.5685597144802 -4.68884749081444 -4.2358558547876 -5.2535670149113 -7.03196037408501 -8.95824886570655 -11.4887909789285 -12.5306860903078 -11.9051133323438 -11.401431085232 -11.6318492554854 -12.5161827292826 -11.5746816229727 -10.19077676253 -8.90742335065453 -7.68010029772521 -6.36318088490793 -5.43386252822783 -4.6495999358186 -4.1268263925581 -4.17352496812214 -3.81436780960552 -3.17300637172151 -3.10069144737539 -2.96393823502405 -3.38539525570291 -3.75152695515003 -4.01292285273835 -4.51413669009614 -4.33747598526318 -4.40700585422875 -4.48355421517584 -4.71518886912626 -5.19510534349685 -5.8877270000917 -6.88425907507111 -8.32972937632649 -10.1363023943343 -12.1318163241928 -14.2311822962433
