data/03_saidas_enm/CCSM_Maxent_0k_B.balansae3.asc
NCOLS 154 
NROWS 168 
XLLCORNER -112 
YLLCORNER -55.5 
CELLSIZE 0.5 
NODATA_value -9999 
[rows 100 to 124 of 168, columns 56 to 111 of 154]
-9999 -9999 -9999 -9999 -9999 -9999 -9999 -9999 -9999 -9999 -9999 -9999 -9999 -9999 -9999 -9999 -9999 -9999 -9999 -9999 -9999 -9999 -9999 -9999 -9999 -9999 -9999 -9999 0.0358036272227764 0.165787175297737 0.395705550909042 0.47916841506958 0.456798404455185 0.402255892753601 0.340214222669601 0.219245404005051 0.122275985777378 0.0803729072213173 0.113324299454689 0.262506484985352 0.46169501543045 0.565275132656097 0.476969331502914 0.429508566856384 0.416254967451096 0.424866288900375 0.444596618413925 0.481899410486221 0.502403914928436 0.531512081623077 0.556988000869751 0.567972898483276 0.576332151889801 0.589846968650818 0.610568344593048 0.632020831108093
-9999 -9999 -9999 -9999 -9999 -9999 -9999 -9999 -9999 -9999 -9999 -9999 -9999 -9999 -9999 -9999 -9999 -9999 -9999 -9999 -9999 -9999 -9999 -9999 -9999 -9999 -9999 -9999 0.0363825000822544 0.189550653100014 0.406236231327057 0.447131603956223 0.454479575157166 0.397254019975662 0.332218855619431 0.206370890140533 0.116525411605835 0.0770910084247589 0.118761613965034 0.280402004718781 0.484877228736877 0.542685031890869 0.454163908958435 0.411721348762512 0.402545988559723 0.412740617990494 0.434195458889008 0.460737138986588 0.481179893016815 0.516817271709442 0.544880509376526 0.560990929603577 0.572509109973907 0.584553122520447 0.604454040527344 0.624789476394653
-9999 -9999 -9999 -9999 -9999 -9999 -9999 -9999 -9999 -9999 -9999 -9999 -9999 -9999 -9999 -9999 -9999 -9999 -9999 -9999 -9999 -9999 -9999 -9999 -9999 -9999 -9999 0.0257469154894352 0.0413774661719799 0.183053031563759 0.355291843414307 0.395443677902222 0.430096238851547 0.407486408948898 0.329956561326981 0.200779393315315 0.115793213248253 0.0894740447402 0.148001462221146 0.311772614717484 0.509927332401276 0.511999011039734 0.433979898691177 0.396923273801804 0.390480011701584 0.399169504642487 0.419864743947983 0.454594671726227 0.474857240915298 0.502909004688263 0.528092265129089 0.546448707580566 0.559790909290314 0.575008034706116 0.593386888504028 0.609666466712952
-9999 -9999 -9999 -9999 -9999 -9999 -9999 -9999 -9999 -9999 -9999 -9999 -9999 -9999 -9999 -9999 -9999 -9999 -9999 -9999 -9999 -9999 -9999 -9999 -9999 -9999 -9999 0.0260716080665588 0.0460847355425358 0.160244420170784 0.293485999107361 0.33338987827301 0.392637878656387 0.417060852050781 0.313945144414902 0.182535469532013 0.112204790115356 0.0970513075590134 0.169041454792023 0.343801409006119 0.543603301048279 0.485223829746246 0.411431401968002 0.380144238471985 0.376009613275528 0.385229349136353 0.402025878429413 0.435035645961761 0.465093731880188 0.490208387374878 0.513341307640076 0.531636953353882 0.546496272087097 0.56151807308197 0.576982617378235 0.58909398317337
-9999 -9999 -9999 -9999 -9999 -9999 -9999 -9999 -9999 -9999 -9999 -9999 -9999 -9999 -9999 -9999 -9999 -9999 -9999 -9999 -9999 -9999 -9999 -9999 -9999 -9999 -9999 0.0275161080062389 0.0586650818586349 0.141992419958115 0.226568192243576 0.275743991136551 0.351797342300415 0.420623034238815 0.289698570966721 0.154416784644127 0.100625179708004 0.103557944297791 0.179342940449715 0.369369983673096 0.566064894199371 0.464188873767853 0.396711409091949 0.368549376726151 0.36497437953949 0.371950536966324 0.387571305036545 0.411430209875107 0.441826224327087 0.469985961914062 0.491413742303848 0.512596964836121 0.528372287750244 0.54257744550705 0.557043612003326 0.569112181663513
-9999 -9999 -9999 -9999 -9999 -9999 -9999 -9999 -9999 -9999 -9999 -9999 -9999 -9999 -9999 -9999 -9999 -9999 -9999 -9999 -9999 -9999 -9999 -9999 -9999 -9999 -9999 0.0320320874452591 0.0782512873411179 0.12995932996273 0.173538580536842 0.218067273497581 0.310143619775772 0.412618041038513 0.248696714639664 0.115293502807617 0.0789065957069397 0.0902747064828873 0.180088624358177 0.385868757963181 0.566505074501038 0.44665190577507 0.381850391626358 0.358651638031006 0.35392102599144 0.360203415155411 0.374407321214676 0.397337377071381 0.425247550010681 0.454237699508667 0.475200474262238 0.494315624237061 0.508722543716431 0.521686792373657 0.536410689353943 0.549002170562744
-9999 -9999 -9999 -9999 -9999 -9999 -9999 -9999 -9999 -9999 -9999 -9999 -9999 -9999 -9999 -9999 -9999 -9999 -9999 -9999 -9999 -9999 -9999 -9999 -9999 -9999 -9999 0.0404544062912464 0.109176874160767 0.127859145402908 0.134839117527008 0.174286454916 0.270302355289459 0.398771226406097 0.199454218149185 0.074925608932972 0.0675727427005768 0.0727422535419464 0.164557173848152 0.387357264757156 0.54936808347702 0.429214507341385 0.370078682899475 0.3501156270504 0.345549821853638 0.351194500923157 0.367595076560974 0.390684396028519 0.416625022888184 0.438197612762451 0.457781404256821 0.478980928659439 0.489488482475281 0.502266049385071 0.516496241092682 0.5317702293396
-9999 -9999 -9999 -9999 -9999 -9999 -9999 -9999 -9999 -9999 -9999 -9999 -9999 -9999 -9999 -9999 -9999 -9999 -9999 -9999 -9999 -9999 -9999 -9999 -9999 -9999 -9999 0.0560254082083702 0.117485299706459 0.118518061935902 0.105874180793762 0.143132045865059 0.24552184343338 0.377178281545639 0.154695823788643 0.0631023868918419 0.0702206566929817 0.0729985237121582 0.156113788485527 0.393281579017639 0.535334706306458 0.410012483596802 0.355937540531158 0.340990781784058 0.337785094976425 0.341929972171783 0.355951517820358 0.376466065645218 0.400564402341843 0.419108033180237 0.435100436210632 0.454784393310547 0.468249142169952 0.480449199676514 0.495145618915558 0.51007491350174
-9999 -9999 -9999 -9999 -9999 -9999 -9999 -9999 -9999 -9999 -9999 -9999 -9999 -9999 -9999 -9999 -9999 -9999 -9999 -9999 -9999 -9999 -9999 -9999 -9999 -9999 -9999 0.0763949230313301 0.125809788703918 0.110253877937794 0.0855446308851242 0.12291070073843 0.225895866751671 0.364630818367004 0.119684524834156 0.0623180791735649 0.071260116994381 0.0747107714414597 0.157200515270233 0.406978607177734 0.505796432495117 0.391379475593567 0.341256022453308 0.329316228628159 0.327237665653229 0.332508891820908 0.341912865638733 0.35500580072403 0.377508819103241 0.401462107896805 0.415172070264816 0.433436155319214 0.442762076854706 0.456518948078156 0.473516941070557 0.488020956516266
-9999 -9999 -9999 -9999 -9999 -9999 -9999 -9999 -9999 -9999 -9999 -9999 -9999 -9999 -9999 -9999 -9999 -9999 -9999 -9999 -9999 -9999 -9999 -9999 -9999 -9999 -9999 0.0952157527208328 0.131340280175209 0.10534656047821 0.0819535404443741 0.120410613715649 0.24177061021328 0.35743573307991 0.110993169248104 0.0629429817199707 0.0703465715050697 0.0777686387300491 0.209439530968666 0.449245154857635 0.479232728481293 0.365393161773682 0.325131863355637 0.317006260156631 0.31512451171875 0.318707436323166 0.326567083597183 0.337035268545151 0.355291724205017 0.375858008861542 0.393448889255524 0.407514989376068 0.418404072523117 0.432949185371399 0.448278814554214 0.46173894405365
-9999 -9999 -9999 -9999 -9999 -9999 -9999 -9999 -9999 -9999 -9999 -9999 -9999 -9999 -9999 -9999 -9999 -9999 -9999 -9999 -9999 -9999 -9999 -9999 -9999 -9999 0.0480560027062893 0.101509779691696 0.127099543809891 0.100145719945431 0.0824699699878693 0.127000167965889 0.262632548809052 0.369037508964539 0.118059515953064 0.0642072409391403 0.0693410336971283 0.110166132450104 0.295212149620056 0.50963968038559 0.417851120233536 0.337654650211334 0.307210952043533 0.301102817058563 0.298584818840027 0.301560252904892 0.309187889099121 0.317351877689362 0.335595011711121 0.353210389614105 0.369039863348007 0.385504305362701 0.396819680929184 0.411603033542633 0.424834430217743 0.434904009103775
-9999 -9999 -9999 -9999 -9999 -9999 -9999 -9999 -9999 -9999 -9999 -9999 -9999 -9999 -9999 -9999 -9999 -9999 -9999 -9999 -9999 -9999 -9999 -9999 -9999 -9999 0.0792239531874657 0.12001296132803 0.121009238064289 0.0958383828401566 0.0847035720944405 0.15150660276413 0.31960454583168 0.373426377773285 0.155145078897476 0.0666051506996155 0.0859140232205391 0.209255963563919 0.408962368965149 0.531512200832367 0.372342824935913 0.303948789834976 0.284669637680054 0.281238347291946 0.279327750205994 0.281370937824249 0.289188414812088 0.300541192293167 0.317342489957809 0.333032548427582 0.347805023193359 0.36276850104332 0.37607404589653 0.389877438545227 0.399849981069565 0.408410668373108
-9999 -9999 -9999 -9999 -9999 -9999 -9999 -9999 -9999 -9999 -9999 -9999 -9999 -9999 -9999 -9999 -9999 -9999 -9999 -9999 -9999 -9999 -9999 -9999 -9999 -9999 0.101546488702297 0.117625154554844 0.106007933616638 0.0897539630532265 0.0850512534379959 0.187605738639832 0.378246545791626 0.391737133264542 0.212661355733871 0.106043510138988 0.185042753815651 0.358386784791946 0.521586954593658 0.430675029754639 0.313730686903 0.276040345430374 0.261656522750854 0.259462743997574 0.258583396673203 0.259306102991104 0.272705435752869 0.286054074764252 0.300505131483078 0.313923686742783 0.327778369188309 0.342469930648804 0.355984807014465 0.3688123524189 0.375857472419739 0.383055806159973
-9999 -9999 -9999 -9999 -9999 -9999 -9999 -9999 -9999 -9999 -9999 -9999 -9999 -9999 -9999 -9999 -9999 -9999 -9999 -9999 -9999 -9999 -9999 -9999 -9999 -9999 0.120237752795219 0.105801038444042 0.0877558141946793 0.0844598859548569 0.127936810255051 0.2479487657547 0.433923691511154 0.441906332969666 0.309059530496597 0.254893392324448 0.335655778646469 0.485400557518005 0.435905039310455 0.343729555606842 0.286974102258682 0.258827239274979 0.248165801167488 0.247295051813126 0.251272141933441 0.257584512233734 0.264773666858673 0.272013455629349 0.282838612794876 0.293517112731934 0.305648177862167 0.318124800920486 0.330410659313202 0.341795653104782 0.347473055124283 0.351708203554153
-9999 -9999 -9999 -9999 -9999 -9999 -9999 -9999 -9999 -9999 -9999 -9999 -9999 -9999 -9999 -9999 -9999 -9999 -9999 -9999 -9999 -9999 -9999 -9999 -9999 0.121912859380245 0.117991454899311 0.0932615697383881 0.0751132592558861 0.0955479964613914 0.173427134752274 0.303049862384796 0.486754655838013 0.476417720317841 0.404395639896393 0.382702261209488 0.466716468334198 0.417275846004486 0.326611191034317 0.273213744163513 0.244029343128204 0.240479946136475 0.237868577241898 0.239832192659378 0.239720225334167 0.240927681326866 0.257294297218323 0.25919309258461 0.264732390642166 0.272459417581558 0.282806158065796 0.294697135686874 0.303364783525467 0.31208747625351 0.315370857715607 0.317439705133438
-9999 -9999 -9999 -9999 -9999 -9999 -9999 -9999 -9999 -9999 -9999 -9999 -9999 -9999 -9999 -9999 -9999 -9999 -9999 -9999 -9999 -9999 -9999 -9999 -9999 0.129296019673347 0.115020334720612 0.08476822078228 0.0745953619480133 0.11666601151228 0.216804355382919 0.328889906406403 0.445734649896622 0.48973947763443 0.471880227327347 0.424961417913437 0.372490048408508 0.309859335422516 0.258727461099625 0.236865550279617 0.224144920706749 0.222557008266449 0.224405616521835 0.226599887013435 0.226734951138496 0.22986426949501 0.24230520427227 0.245699733495712 0.249264001846313 0.254854947328568 0.262889087200165 0.26977127790451 0.275489956140518 0.282748848199844 0.284941017627716 0.284128755331039
-9999 -9999 -9999 -9999 -9999 -9999 -9999 -9999 -9999 -9999 -9999 -9999 -9999 -9999 -9999 -9999 -9999 -9999 -9999 -9999 -9999 -9999 -9999 -9999 -9999 0.126763626933098 0.112272076308727 0.0812424570322037 0.072676807641983 0.138883009552956 0.255969405174255 0.335890531539917 0.388995945453644 0.385888159275055 0.348545879125595 0.284624934196472 0.264710396528244 0.237376853823662 0.219581887125969 0.211798012256622 0.208331093192101 0.21203701198101 0.215280771255493 0.218301936984062 0.218050122261047 0.219555467367172 0.231615096330643 0.230460479855537 0.232923075556755 0.237255051732063 0.244192183017731 0.247789323329926 0.250052630901337 0.254272252321243 0.254472404718399 0.254055291414261
-9999 -9999 -9999 -9999 -9999 -9999 -9999 -9999 -9999 -9999 -9999 -9999 -9999 -9999 -9999 -9999 -9999 -9999 -9999 -9999 -9999 -9999 -9999 -9999 -9999 0.119036883115768 0.106788225471973 0.0789478942751884 0.0751437693834305 0.149940833449364 0.257781744003296 0.324819624423981 0.330905795097351 0.30763703584671 0.264873415231705 0.225004822015762 0.211107820272446 0.206776887178421 0.201402336359024 0.200348153710365 0.201195687055588 0.205550953745842 0.204871758818626 0.204540655016899 0.207566469907761 0.212041035294533 0.215400561690331 0.217604368925095 0.221507549285889 0.223034605383873 0.225171864032745 0.227121278643608 0.228247717022896 0.231862813234329 0.230234280228615 0.227067530155182
-9999 -9999 -9999 -9999 -9999 -9999 -9999 -9999 -9999 -9999 -9999 -9999 -9999 -9999 -9999 -9999 -9999 -9999 -9999 -9999 -9999 -9999 -9999 -9999 -9999 0.113894939422607 0.101486377418041 0.0752499625086784 0.0755591467022896 0.154568076133728 0.271800965070724 0.305922478437424 0.285271793603897 0.250556707382202 0.21392597258091 0.184137254953384 0.180673032999039 0.186264991760254 0.189089924097061 0.189615964889526 0.193788781762123 0.198977276682854 0.191491916775703 0.189255133271217 0.189914479851723 0.192993059754372 0.199926570057869 0.205333441495895 0.209406614303589 0.208424538373947 0.209114119410515 0.210015818476677 0.209731623530388 0.211204096674919 0.206865563988686 0.204296767711639
-9999 -9999 -9999 -9999 -9999 -9999 -9999 -9999 -9999 -9999 -9999 -9999 -9999 -9999 -9999 -9999 -9999 -9999 -9999 -9999 -9999 -9999 -9999 -9999 -9999 0.109759844839573 0.0967305302619934 0.0749533176422119 0.0752012133598328 0.146164745092392 0.246234118938446 0.280158340930939 0.25270801782608 0.219524428248405 0.191602021455765 0.172270581126213 0.168055862188339 0.169954016804695 0.173767149448395 0.180078744888306 0.185648083686829 0.187020197510719 0.17579285800457 0.178043991327286 0.182296216487885 0.187669783830643 0.191346660256386 0.193471342325211 0.196996286511421 0.19694322347641 0.196171045303345 0.195168673992157 0.19332954287529 0.194719463586807 0.191335067152977 0.186268478631973
-9999 -9999 -9999 -9999 -9999 -9999 -9999 -9999 -9999 -9999 -9999 -9999 -9999 -9999 -9999 -9999 -9999 -9999 -9999 -9999 -9999 -9999 -9999 -9999 -9999 0.107109367847443 0.0941190868616104 0.0734061971306801 0.0716254413127899 0.135793417692184 0.227197408676147 0.251302093267441 0.228576272726059 0.19977480173111 0.179356619715691 0.165155187249184 0.160910189151764 0.160464838147163 0.164555162191391 0.172365367412567 0.179130926728249 0.17498017847538 0.165894344449043 0.168190836906433 0.174129515886307 0.181439638137817 0.184574589133263 0.184913247823715 0.186208307743073 0.185101613402367 0.185560494661331 0.18469662964344 0.18158683180809 0.181455537676811 0.176576107740402 0.172150582075119
-9999 -9999 -9999 -9999 -9999 -9999 -9999 -9999 -9999 -9999 -9999 -9999 -9999 -9999 -9999 -9999 -9999 -9999 -9999 -9999 -9999 -9999 -9999 -9999 -9999 0.104229964315891 0.0913863703608513 0.0718860924243927 0.0679497718811035 0.120902322232723 0.197562679648399 0.221075803041458 0.208479851484299 0.190999463200569 0.17618764936924 0.167060732841492 0.161009013652802 0.159021645784378 0.161401242017746 0.168773636221886 0.175771832466125 0.166571691632271 0.159391328692436 0.160912096500397 0.166981518268585 0.173686444759369 0.176567420363426 0.177543058991432 0.178501695394516 0.177116096019745 0.176400810480118 0.175354242324829 0.173493713140488 0.172961056232452 0.167539820075035 0.160252958536148
-9999 -9999 -9999 -9999 -9999 -9999 -9999 -9999 -9999 -9999 -9999 -9999 -9999 -9999 -9999 -9999 -9999 -9999 -9999 -9999 -9999 -9999 -9999 -9999 -9999 0.101360440254211 0.0888232365250587 0.070402018725872 0.0617293082177639 0.107201479375362 0.16985322535038 0.188552170991898 0.18164749443531 0.172898784279823 0.167421102523804 0.161723345518112 0.157670751214027 0.153307124972343 0.155741095542908 0.164733916521072 0.171039253473282 0.161825388669968 0.153625845909119 0.154320314526558 0.158609926700592 0.164923802018166 0.168671324849129 0.169968485832214 0.172182753682137 0.170502573251724 0.170165821909904 0.169860482215881 0.166393354535103 0.164281472563744 0.159469828009605 0.152278885245323
-9999 -9999 -9999 -9999 -9999 -9999 -9999 -9999 -9999 -9999 -9999 -9999 -9999 -9999 -9999 -9999 -9999 -9999 -9999 -9999 -9999 -9999 -9999 -9999 -9999 0.0983040258288383 0.084748312830925 0.0693197324872017 0.0555482394993305 0.0920925959944725 0.143362283706665 0.163212522864342 0.161055967211723 0.155766069889069 0.156332865357399 0.157257243990898 0.152575820684433 0.150872558355331 0.154437646269798 0.160114958882332 0.165633678436279 0.158734828233719 0.14846608042717 0.14821220934391 0.150515288114548 0.154823169112206 0.15936079621315 0.163019359111786 0.16617739200592 0.166218131780624 0.16698457300663 0.165513888001442 0.159410014748573 0.158619716763496 0.152778342366219 0.146642968058586
-9999 -9999 -9999 -9999 -9999 -9999 -9999 -9999 -9999 -9999 -9999 -9999 -9999 -9999 -9999 -9999 -9999 -9999 -9999 -9999 -9999 -9999 -9999 -9999 0.10662043094635 0.109327413141727 0.0865484550595284 0.065247543156147 0.0533321723341942 0.0777945518493652 0.11810577660799 0.140420138835907 0.144122943282127 0.141744360327721 0.141419902443886 0.143963679671288 0.142061471939087 0.142198741436005 0.146587535738945 0.153292596340179 0.157130643725395 0.152766734361649 0.142451167106628 0.142367601394653 0.143895134329796 0.146900668740273 0.150602832436562 0.154457494616508 0.158800840377808 0.161247551441193 0.163942694664001 0.161335945129395 0.156113162636757 0.155792832374573 0.143956705927849 0.13419783115387
