data/03_saidas_enm/CCSM_SVM_6k_B.balansae1.asc
NCOLS 154 
NROWS 168 
XLLCORNER -112 
YLLCORNER -55.5 
CELLSIZE 0.5 
NODATA_value -9999 
[rows 50 to 74 of 168, columns 56 to 111 of 154]
-9999 -9999 -9999 -9999 -9999 -9999 -9999 -9999 -9999 -9999 -9999 -9999 -9999 0.142956607917486 0.142512331298108 0.139502823187384 0.127629406945436 0.109879162510042 0.099110460858417 0.0906945226401744 0.0611500602236995 0.00572993333449023 -0.03563575158229 -0.0272818315202329 0.0280293719027083 0.0672250194681426 0.0872333287819808 0.103051215945097 0.106314846794648 0.113194160735145 0.120413100148566 0.122979832945115 0.120857838337448 0.110565808786571 0.0444832381006383 -0.0436830236206041 -0.048742729239624 -0.0232789807002598 -0.013365028869232 -0.0158169469263916 0.00214288235208077 -0.0361374260602851 -0.0536931140553909 -0.0810487441011486 -0.102770419784972 -0.0570932744950123 -0.103914882602394 -0.0635260634298525 -0.0580146576144723 -0.0609239663939702 -0.000873698439416426 0.0448444162990115 0.0938712599615532 0.12906468702436 0.1174086732478 0.102116115130398
-9999 -9999 -9999 -9999 -9999 -9999 -9999 -9999 -9999 -9999 -9999 -9999 -9999 0.140589203232486 0.130627254644405 0.115586165381715 0.112149542020494 0.107855662069433 0.09698098346581 0.0898437376996503 0.0621413478763171 0.0344561311929526 0.0229693455284934 0.0333222746577703 0.0570307425390186 0.0735760244245616 0.0767542875967769 0.0714401978509051 0.0655414284693413 0.0635680671707903 0.0678186810163568 0.070362037276493 0.07250083084122 0.073935449086806 0.0434917304578883 -0.00425067016428848 -0.00703961998452229 -8.91685461468228e-07 0.00600686023627378 -0.00974301640872977 -0.00808909009020964 -0.0380364699131691 -0.0458622741782027 -0.0639988270956094 -0.0880059141516751 -0.0744591839435484 -0.087283084737607 -0.0656373657146332 -0.0497872776126246 -0.0206973606287536 0.0419504382942697 0.0909906208522721 0.137378580044185 0.150870704312334 0.121562525284613 0.0949658650038891
-9999 -9999 -9999 -9999 -9999 -9999 -9999 -9999 -9999 -9999 -9999 0.140280750712666 0.130232768010769 0.110032754451332 0.0919915844725152 0.101498859344849 0.115413727747965 0.112417267989543 0.0991112995633884 0.0865191819931725 0.0745541551519746 0.0718852521087566 0.0745531223208092 0.0799862632209158 0.0815788600256905 0.0766735818237985 0.0659661469174047 0.0568923571014439 0.0541454318727485 0.0595668226632374 0.0655921226334 0.0607329591048653 0.0603641196911988 0.0687902031244251 0.0663693257934137 0.0267243976058187 0.0197918717773936 0.0173887502623807 0.00585440387600306 -0.00984654484541236 -0.0218589965562352 -0.041178535244746 -0.0426241580284008 -0.0554149628387099 -0.0837340769410547 -0.0879417315419587 -0.101877971161227 -0.0847410625499644 -0.0533888045597762 0.00374990431714667 0.0746761503456164 0.125430160409066 0.153030826228821 0.151167986074672 0.102545368472303 0.0836859717853162
-9999 -9999 -9999 -9999 -9999 -9999 -9999 -9999 -9999 -9999 0.138928844465277 0.12387723483801 0.104445628699098 0.100115776388563 0.105751808350604 0.117547480264254 0.12349336844108 0.116252030628438 0.0992116541983557 0.0912850581034224 0.0885070062510729 0.0912240603610079 0.0907183435804413 0.0843680038168395 0.0731508216447439 0.0613601238052532 0.0527952068706256 0.0505793210266305 0.0556717578291973 0.0645421098240506 0.0678362945266308 0.0568481954505317 0.0517857764388688 0.0625243722031291 0.075755196072681 0.0489825108509332 0.0147063424997686 -0.00993622066813526 -0.0209259700370399 -0.0416472246552657 -0.0568452501995103 -0.0598834638856659 -0.0594305532527025 -0.0682356380899607 -0.0907764729143541 -0.0983895889217332 -0.0913155874791487 -0.0630825647989161 -0.0220914439141512 0.0365774553895609 0.0993103628912186 0.128665770939569 0.130361784522553 0.116684679873433 0.0798256060219323 0.061263935716846
-9999 -9999 -9999 -9999 -9999 -9999 -9999 -9999 -9999 -9999 0.1125731235371 0.0984401918799478 0.115718354706207 0.125528736920163 0.129178114509742 0.129523056555712 0.122160276109958 0.114327402240835 0.108288395820006 0.101752381092611 0.0969702258086015 0.0919648148687969 0.0831166791122384 0.0730974274124818 0.0604371618915001 0.0519263263539185 0.0511169811972768 0.0578866074301142 0.0701682475955089 0.0808452791516188 0.0813115367754442 0.0593168580248845 0.0487105290752809 0.0587713332739663 0.0816530148501902 0.065294114330367 0.0271000004823612 -0.0216580604665233 -0.0472575818569972 -0.0598150634478681 -0.0726199434454418 -0.0687929181121737 -0.067940019232635 -0.068166807328676 -0.0709181734038576 -0.0708067125648795 -0.0443595877610425 -0.0105622238496329 0.0258878786216178 0.0748695353320543 0.11406313297926 0.133331760093074 0.137561160415786 0.128533063363438 0.104355895165946 0.0946259036018146
-9999 -9999 -9999 -9999 -9999 -9999 -9999 -9999 0.131598514334111 0.0875096586509319 0.0706083258158914 0.103284706654455 0.130209667359491 0.135705934578461 0.133294058964776 0.12789343908731 0.117436842210462 0.110423582342067 0.106022101399118 0.0960380332190843 0.0851025930266017 0.0778958758382311 0.0715471517243004 0.0639220645648714 0.0561385719670845 0.0565171696255929 0.0652915151622308 0.0810886809029898 0.0947429354057456 0.100585122324767 0.0957494859462395 0.0691762400586555 0.0521146936785956 0.0596104321041611 0.0803138897129175 0.0778038817474285 0.0428786147846489 -0.00124308176140253 -0.0344684724130698 -0.0574534570773534 -0.0700177688570738 -0.0699357422205127 -0.0643903474012233 -0.0549482663437516 -0.0418875780082367 -0.0211637689275694 0.00932390874685701 0.042931391202073 0.0734842515560123 0.105157898668098 0.125929634543066 0.139567312012617 0.137403688920718 0.134765017032125 0.122716919706556 0.12388834704716
-9999 -9999 -9999 -9999 -9999 -9999 -9999 -9999 0.10727546163099 0.0784438339427118 0.109118660517765 0.134639406633656 0.138398091198988 0.136063998050322 0.131286227540198 0.125633781538015 0.117348862438151 0.107371796094577 0.101970389453572 0.0894950119687647 0.076608417687967 0.0716753232057573 0.0671498514089002 0.0651320299917133 0.0673778788245767 0.0794099647291076 0.0814139520942297 0.0841387404293908 0.0832921808998881 0.0796818752994745 0.0774249423307938 0.0772145859603126 0.0610828526985796 0.0626802357449949 0.0782320876764783 0.0844766931215098 0.0715506163796873 0.0391742036239093 0.0138357185935564 -0.00107903735481729 -0.00986774323247364 -0.00626035216365461 -0.00218655156168612 0.0113112484587237 0.0326814960786283 0.0496809305426801 0.0725908826825424 0.0889907077692478 0.101166654533571 0.112759145771656 0.121712615417556 0.130293383171557 0.132862513207649 0.135659973718811 0.133228500916925 0.15235073920157
-9999 -9999 -9999 -9999 -9999 -9999 -9999 0.124450373282832 0.0972716944362804 0.0997393598022497 0.140948475572429 0.152393459007716 0.141356923619173 0.133898379853539 0.128594607471332 0.124150463527335 0.116906536906154 0.109572663127004 0.103725594761306 0.0910071995104942 0.0805990039518666 0.0774220904267198 0.0748629932021956 0.0729877402492282 0.0696487256838616 0.0680415460624763 0.066711347847952 0.0655748500068006 0.0649856197771799 0.0645945292077587 0.0653528093303379 0.0667908897399665 0.0700656726011109 0.0704737910907649 0.0765039052306862 0.0835833657531105 0.0848052285186752 0.0745518429084099 0.0621323272437324 0.0549544511693213 0.0506795958644319 0.0572328258797743 0.0635809007273048 0.0702077983166545 0.077313586110567 0.0826509781872526 0.0892582430460442 0.0923110913824908 0.0922429495345926 0.0952446209104212 0.102374480926658 0.110592886391136 0.122596688156442 0.130434930939256 0.131941015290565 0.167598326601548
-9999 -9999 -9999 -9999 -9999 -9999 -9999 0.11478918743991 0.104247517194958 0.127160836709588 0.164439411549417 0.150765970316685 0.138736854954263 0.133820441736262 0.126562325751407 0.121667668554212 0.116212062956596 0.111484893223104 0.107322983114344 0.0977103393878982 0.0870899546370273 0.0811730192409271 0.0772631653303004 0.0752333531608165 0.0715206217019123 0.0678927746818184 0.066501350614513 0.0658254004604718 0.0664231224507394 0.0678900879212411 0.0693053404069552 0.0718317711216277 0.0746999033026277 0.0780831531559137 0.0799206676804952 0.0819301552484371 0.0844969799365642 0.0860090519069915 0.0841874876950974 0.0813861584205086 0.0798756587619279 0.0780083399924725 0.0766468997783216 0.0743456227633601 0.0712820371315204 0.0713645246436099 0.0729943034428227 0.0724736392897792 0.0732026131955797 0.0776313840305451 0.0872958716342094 0.0990292946436104 0.11270179725644 0.121201217614636 0.126456089797038 0.155331903247513
-9999 -9999 -9999 -9999 -9999 -9999 0.13822646923014 0.113635057916051 0.110818732867605 0.142075075647746 0.175413084741208 0.142774834811132 0.138542334262185 0.135437793386327 0.123606021395339 0.118045571070879 0.114602122335379 0.112977830431598 0.110617454838322 0.103805878705458 0.0947926271140682 0.0905507124663766 0.087033768258623 0.0853043634426056 0.0809625048230583 0.0777906320433557 0.0767204920062395 0.0774976431554402 0.0788724007274448 0.0792433471770531 0.0817758122818916 0.0827885412786392 0.0850236155315657 0.0872627310645551 0.0861200404254681 0.0850437365839933 0.0828316230919283 0.0811426619185263 0.0794329117037126 0.0753172215624734 0.0707997453745685 0.0665572477123447 0.0626515298943981 0.0602948612749128 0.0619554032001076 0.0660186692766049 0.06891062762678 0.0712905425207632 0.0747716676402128 0.0812756203328588 0.0901452198107255 0.103030656510322 0.118403811195505 0.129533563220184 0.131401138130488 0.136309279801035
-9999 -9999 -9999 -9999 -9999 -9999 0.139350735538219 0.12217118051901 0.104522694339429 0.12678375646489 0.150660777467092 0.127705429270841 0.137369458729953 0.13452039137238 0.119600024500743 0.112981061163348 0.111798995994399 0.111717590325351 0.110929883226732 0.108472015589068 0.104503677240053 0.101307120175246 0.0987023236393897 0.0975019997624064 0.0951453733665444 0.0925314203840347 0.0919264004290364 0.0920160251933507 0.0931231383826608 0.0939806068504948 0.0946949561317756 0.09536782802141 0.0957261036943082 0.095875393225244 0.0942549414622725 0.0927041310288908 0.0882950454802911 0.0830255390509176 0.0786213839179886 0.0742567067374137 0.0704997010639918 0.0687551451784171 0.0684729656879087 0.0696118091490734 0.0732436136278813 0.0770809594849685 0.0794102653324538 0.0817168786948576 0.085656236804618 0.0927785161951321 0.101470144589835 0.1137386533933 0.126240954980744 0.134585797572379 0.137471505624881 0.133110867110232
-9999 -9999 -9999 -9999 -9999 -9999 0.140411842890147 0.126998335439167 0.0709983305280982 0.0842331612233876 0.156752435738439 0.131089814619482 0.135577268018647 0.129599798498664 0.113068768608672 0.108392204436346 0.106277744922765 0.10755428473459 0.1076636690857 0.108475012323534 0.107761672956659 0.106590690778599 0.104689165502902 0.102419790028978 0.0993557541884109 0.0968403313143205 0.0986275638926493 0.101797982657571 0.102338317475102 0.101894860709407 0.102645969179723 0.102262967811898 0.102504847565666 0.102103584047237 0.0996335610013629 0.0987242387987379 0.095672888203175 0.0929861988775024 0.0888749931609071 0.0842247292174254 0.0816420564846954 0.0793843813316361 0.0801907496780347 0.0814832476062537 0.0839848878030359 0.0855889232861583 0.0872677401828355 0.0904230953338423 0.0948655730767299 0.101966660459491 0.111387572934467 0.119502345376488 0.126659385467095 0.132842292967124 0.135457163941117 0.130395148781554
-9999 -9999 -9999 -9999 -9999 -9999 -9999 0.124678022150237 0.0387351170834387 0.041104550687174 0.172311304192303 0.141312520063039 0.128134497143585 0.120706324396196 0.105586864018988 0.102783288668862 0.101626318120086 0.101854814121467 0.10216330241948 0.10357575031385 0.104171589266483 0.103461676379591 0.102627994659368 0.100997427502608 0.0993589435627366 0.0989283914727918 0.10036703658101 0.10295689269752 0.104492121728581 0.104466056466205 0.104748992543363 0.104807386529161 0.104935970594957 0.104629141150858 0.103450777929548 0.102069578889998 0.0999857506796042 0.0976941945985437 0.0956841607226307 0.0933236954887244 0.0908518655838638 0.0891107608363737 0.0882149311433288 0.0881790996242078 0.0871581623228318 0.0869210150639104 0.0876064454811391 0.0904751974787497 0.0960447521892325 0.104566621439335 0.113213043701962 0.120572355785688 0.124074324271453 0.127690254292142 0.131131817292734 0.125573351659615
-9999 -9999 -9999 -9999 -9999 -9999 -9999 -9999 0.0075272468927477 0.0354698528599779 0.248784357839672 0.154529034581023 0.121289691489114 0.111427378142692 0.101795957500202 0.107236984281361 0.103829319696043 0.1030500746077 0.101782239541676 0.10191013592407 0.101802936080833 0.100847920659537 0.0993683130451367 0.0976072494521391 0.0968273355361468 0.0955995355209225 0.0973707570047311 0.0980168965884514 0.0977354388943716 0.0987458945564149 0.0982745969482684 0.100167825066401 0.100880445398978 0.101250951214071 0.101191251367027 0.100224868608243 0.0990825958042459 0.096955091477031 0.095323420336425 0.0928460402839426 0.0900021276942713 0.0885886192788223 0.0858503805515013 0.0841843861411915 0.0825135410393653 0.081949807740983 0.0833743953149927 0.0847776652923606 0.0891859074140697 0.0975611113960673 0.10198611307836 0.11219982899403 0.115287759273569 0.118063207987263 0.121674486236086 0.117453489624092
-9999 -9999 -9999 -9999 -9999 -9999 0.114104521596976 0.0560498114478031 -0.0402597539992603 0.0998507759366366 0.205004070445992 0.156641529342382 0.113461349427062 0.102186429869854 0.101560260759566 0.114205243916803 0.114455334973798 0.106056888699136 0.101857199468434 0.101736575633497 0.100577267585607 0.0976337878150562 0.0941081231247361 0.0910139250012321 0.0888767803132072 0.0875191640086895 0.0865084710231686 0.0850965582220214 0.0825315551118075 0.0820190784508558 0.0831693046650574 0.0850122436863175 0.087343108538641 0.088184106673287 0.0884413108591642 0.0889204091378606 0.0876200067858267 0.0864835561384047 0.0847763592874242 0.0804160198198549 0.0771662314741978 0.0725982891127683 0.0696116779085728 0.06794250442769 0.0638729633319817 0.0613614762996212 0.0584809591389915 0.0578151000293248 0.0618294184475892 0.0683271294365387 0.0768152661160458 0.086453264787899 0.0932099967217526 0.0961528175032061 0.0953864211050127 0.0834716529451193
-9999 -9999 -9999 -9999 -9999 0.0918731826374274 0.0319144357681559 -0.034417741616376 0.00778132784637425 0.144327998323957 0.197136981186719 0.154815011199252 0.108787627796908 0.099607551933553 0.116313837236245 0.13748718005425 0.132935063541703 0.115577830116778 0.1069288884774 0.111694433852078 0.108180526383491 0.103970937740979 0.0935248124176266 0.087093294446157 0.0870747263983608 0.0823723074245003 0.079791152462345 0.072538906175434 0.0667613462764368 0.0663926884631371 0.0644149534317582 0.0666484331501374 0.0668337456673431 0.0667239284013306 0.069079644048772 0.0673871319722364 0.0682818441874377 0.0661393714117124 0.0646058851133534 0.0602698405514416 0.0546487777271179 0.0524684427250927 0.0433254280655178 0.0400874888755972 0.0367335652155209 0.0334274208762624 0.0335909351578469 0.0291876967840305 0.0327472233402701 0.0412122178943549 0.0510179881681491 0.060850829042377 0.0694483581604695 0.0690569508750781 0.0570134107689955 0.0323716189097057
-9999 -9999 -9999 -9999 -9999 0.0540996899878265 -0.0416702522096501 -0.060573633205954 0.0603776079012452 0.164853332370664 0.17536376542501 0.147706088408937 0.119574175112243 0.11994046889243 0.139966039109689 0.163008497795247 0.153788669365968 0.134772353813571 0.125300589761669 0.126732228191829 0.129042028629895 0.122524351196339 0.110752342214959 0.102171037552107 0.0968994493022973 0.0914129015950252 0.085657392671796 0.0773269287768998 0.06881712801817 0.061877599062891 0.0570407709992399 0.0561591188183752 0.0543971418982439 0.0513977835135406 0.0486663586309665 0.0469424685241208 0.0462945037748386 0.0465600180596878 0.046104161279287 0.0412325375124678 0.0363697677425555 0.0304573374011815 0.024271420651984 0.0204279274431567 0.015715099233284 0.0122940412224992 0.0108032810234192 0.0101519397459108 0.0140987431715706 0.0197027847268108 0.0252066849171131 0.0342019897070164 0.038811896329553 0.0363808954058077 0.0276579971942378 0.0100599312831453
-9999 -9999 -9999 -9999 -9999 -9999 -0.0519614155063112 -0.0608563757569568 0.0830896165844774 0.142398413792098 0.152516849138631 0.140913362930337 0.129769066287821 0.13593398275442 0.149235431335447 0.175958653011018 0.162153469900509 0.146242215149868 0.141048073881167 0.144664354740368 0.155879534443111 0.144065690859994 0.13797462060636 0.128546303606196 0.11958914424379 0.116086162243352 0.106265214937027 0.101306472342062 0.0907331298750519 0.0790915428491476 0.0700199298224144 0.0593110964755273 0.0559037530718421 0.0484891544814565 0.0400510909388476 0.0353180226805046 0.0347241450463376 0.0365779887602034 0.0361257161830991 0.0292534461318929 0.0239116658418197 0.017980782592226 0.0114723953925042 0.00819532955767288 0.000935881552057316 -0.00173861308062995 -0.000173596324932745 0.00116945661099976 0.00611767961105986 0.0114288114195396 0.00949226700913458 0.017273179251282 0.0152193465254443 0.00871522714533912 0.00181548760586386 -0.00861663170824967
-9999 -9999 -9999 -9999 -9999 -9999 0.0215143383357624 -0.064047920725899 0.0457956608197851 0.116592600979278 0.133195552594305 0.136327623730962 0.129137446401377 0.135175473631563 0.142870261998844 0.151974757914246 0.151203547712692 0.149900818954666 0.15327563579039 0.155039980898552 0.156451698973282 0.162209568650174 0.170585833592393 0.167022606422696 0.153896526419357 0.140255555338427 0.144138071436024 0.15065585000002 0.142510151907615 0.125215434462042 0.104936055819285 0.0984466349163973 0.0921413587450728 0.0820872859589857 0.0711450890594108 0.0593751238624652 0.0590844420613073 0.0588417170106563 0.0551558221593512 0.0464993842819321 0.0357159322179251 0.0294380521134515 0.0219798172872874 0.0172128356244901 0.0119197402556262 0.008858347568582 0.0123288283914758 0.017556913429685 0.0270725807859034 0.0391013141484621 0.0421417083528631 0.0310838309465373 0.0125478011523503 -6.10902398031632e-05 -0.00995960868570778 -0.0243253088693772
-9999 -9999 -9999 -9999 -9999 -9999 0.0959609991879102 -0.00965043160136791 -0.013610504080496 0.0836945730595217 0.122344024717023 0.143651935888886 0.142564832547339 0.148604404000873 0.150778313036062 0.145964687686133 0.140277196286471 0.141460384884335 0.151236154984114 0.155630038738115 0.158376430314102 0.176888400577515 0.199577434261956 0.203637135381989 0.188769479603424 0.171212025178564 0.185206606499092 0.21053423585012 0.209718598133079 0.189420192062296 0.164858937602854 0.164414978310698 0.166315898843232 0.157322888506048 0.142125340906138 0.121934400286884 0.11813858325991 0.117761628132606 0.109948550450374 0.0921246160206746 0.0765837800937403 0.0671956037764298 0.0575356748166891 0.0523905764071033 0.0441018406568222 0.0422122361396989 0.0483273986115101 0.0593653536060445 0.071384225999955 0.0872182006642327 0.0962509167527049 0.0583872481229694 0.0215043266319849 -0.00240618645800705 -0.0202254248143632 -0.0333200727252879
-9999 -9999 -9999 -9999 -9999 -9999 -9999 -9999 0.0553293536804579 0.0480046124715272 0.139154529811635 0.145130829212624 0.146922262229151 0.159068476410772 0.165170162241729 0.164455565000836 0.146511948217249 0.130436218621633 0.141997373014846 0.15700101876807 0.173152732135147 0.199073786059768 0.225015859882912 0.233917250096969 0.223385727433914 0.211364212964199 0.229935171920643 0.263445822078105 0.271258292367733 0.260844965981861 0.248994691427401 0.256902361404752 0.275811697642367 0.274623999309442 0.25628265676305 0.233341368760517 0.227782152152319 0.222199141060689 0.208017517679083 0.188664175590312 0.16267721800066 0.150630416684396 0.137260061188332 0.125538141208721 0.11387113738445 0.106924972466715 0.113290494974751 0.122945114038399 0.13485237936617 0.144787243334826 0.132005330944973 0.0951306955220033 0.0440779552419469 0.0116295425530476 -0.0111741604921253 -0.0315952448685138
-9999 -9999 -9999 -9999 -9999 -9999 -9999 -9999 0.113154112481813 0.0218632894313597 0.160553081549082 0.156851600357895 0.150073151161213 0.16385237252983 0.177137576527787 0.188821866716787 0.175412602510945 0.150305248386913 0.161095724193202 0.179453108289269 0.198083557195025 0.225578092250333 0.249683443760889 0.258992605763817 0.25525591910517 0.245786364174381 0.266537244006664 0.304493169252681 0.320048007349805 0.321378071054055 0.323198568032898 0.344724019003625 0.379698796104863 0.391686872955163 0.382277860433975 0.365301607226486 0.362161151357636 0.358814551798857 0.34408670689214 0.320121032920843 0.288492388679498 0.27117204981981 0.251318981369082 0.231869741819179 0.207215597184769 0.192257563576493 0.197727507597745 0.20465047250627 0.210692236390329 0.20888790567073 0.191271435526404 0.150923080865557 0.0926102174031159 0.0445481180448666 0.00528384999508491 -0.0231721676233593
-9999 -9999 -9999 -9999 -9999 -9999 -9999 -9999 -9999 0.00140258949829908 0.132508300177034 0.155615190223097 0.150588675831007 0.163832130544763 0.185177839519809 0.221113100860418 0.227981412995316 0.214221999572189 0.223249638046099 0.221482469416498 0.238452043996942 0.258994096147013 0.274949072217708 0.285063024674782 0.281624899867638 0.279021462154967 0.298122280810314 0.33033211370422 0.348940984226487 0.357449268005816 0.371691100481537 0.403320612764417 0.449390300343304 0.475647862216786 0.483070482722697 0.48589269961565 0.495753363650296 0.507420553062277 0.497515539356396 0.475809437450691 0.443275624784385 0.423905092538636 0.399493763387508 0.365750599817961 0.32452319454388 0.292092760975689 0.294215942168486 0.300193220238615 0.299184577617362 0.287488818031174 0.261100869300713 0.224048722668156 0.178822006662466 0.116597755932988 0.0392955222200399 -0.0113901669231734
-9999 -9999 -9999 -9999 -9999 -9999 -9999 -9999 -9999 -9999 -0.0336449443112076 0.098611616466363 0.146438355952223 0.163180891878594 0.195222842100826 0.26115062380925 0.315010179561057 0.323631219409744 0.317970107495947 0.297808905896743 0.288637188736964 0.297064969102881 0.305825269708008 0.310715746583754 0.314354091597723 0.313415799377655 0.326453882046678 0.35068926674436 0.367612771689125 0.384085222831844 0.405208534727579 0.439324169922874 0.486052834917608 0.524001081573358 0.55392568462156 0.580725563818911 0.605879798599961 0.629054995165869 0.635416911016161 0.62669650735292 0.606728430884003 0.58795125726105 0.561879987105912 0.520999671322088 0.463792348763659 0.417877429440459 0.409785779605096 0.40953483727713 0.399761040864984 0.375416326952205 0.336452362999247 0.293058771920478 0.242189371985772 0.17307999613039 0.0868239888213646 0.0312656869296841
-9999 -9999 -9999 -9999 -9999 -9999 -9999 -9999 -9999 -9999 -9999 0.087055652960913 0.140445225021353 0.175207094164204 0.216471846576979 0.296992159852002 0.393119279080105 0.454042152612829 0.447315787936618 0.381527361258919 0.333284986139901 0.329887625562584 0.339789964961239 0.345652587816405 0.343946613206436 0.343450741633579 0.350414800765725 0.367946738319579 0.383288414590111 0.398525427758398 0.419887820779531 0.454316000253015 0.501440491712327 0.54449595915263 0.58734401521885 0.632480533655246 0.668102321004865 0.707955785597195 0.730799970812359 0.7376212504294 0.739374601957319 0.725390326883203 0.714723117122534 0.674701181157733 0.604458649819152 0.555200461034872 0.537602426824768 0.525583086007729 0.504111332998018 0.465598682895895 0.412811193906995 0.350717889532216 0.27154491545354 0.209369521269134 0.158727166614702 0.119847880183187
