data/03_saidas_enm/CCSM_Maha_21k_B.balansae4.asc
NCOLS 154 
NROWS 168 
XLLCORNER -112 
YLLCORNER -55.5 
CELLSIZE 0.5 
NODATA_value -9999 
[rows 50 to 74 of 168, columns 56 to 111 of 154]
-9999 -9999 -9999 -9999 -9999 -9999 -9999 -9999 -9999 -9999 -9999 -9999 -9999 -1552.71101980876 -717.259874770078 -280.390076860363 -151.954637428635 -98.2431151854516 -78.7496744680859 -66.3535979812693 -62.5531534275625 -49.8377441862523 -34.4287563401232 -34.2105188930666 -56.0959898539407 -85.4026684243242 -140.404793918885 -245.018479183135 -334.104798748166 -466.34634861472 -535.272933308731 -469.582684995611 -332.684300606243 -203.689194193443 -87.1460914002666 -48.4059803164262 -30.1975520364463 -21.8677401377484 -18.9283907702083 -16.2878384177052 -9.74311446543064 -11.6989634624833 -10.6184040608814 -11.5294609598884 -13.1035660380571 -9.41001097616018 -15.3216161315217 -15.8745183332443 -18.1605660156287 -22.4229420267813 -21.7715528501527 -29.4335643054984 -31.0182137956715 -26.6458836527591 -21.7825385071847 -20.3279300574916
-9999 -9999 -9999 -9999 -9999 -9999 -9999 -9999 -9999 -9999 -9999 -9999 -9999 -895.060027177176 -489.630747070611 -231.533965178575 -141.355629297134 -92.4531299816015 -73.1315131073408 -60.5035434758952 -52.3792252754569 -46.5098513636284 -42.016672200231 -38.7864451044533 -50.1354320460718 -70.6424413990683 -116.202552775549 -189.373734277112 -259.894393380471 -347.988990151402 -401.312365598768 -346.2729458545 -259.231636596895 -154.188703461686 -75.9165381265244 -43.8620377780483 -24.830024764284 -17.4700686912543 -14.6514840990706 -12.6218024161931 -10.1881313302585 -11.3981290227494 -12.6253374608559 -12.2244195513297 -12.1061795501121 -9.87808415215244 -11.6016585486449 -13.2730613967226 -16.1055830779367 -21.5947384225859 -26.6854042507528 -29.0827445069493 -27.1674341459518 -24.7375098194462 -21.4764806808039 -19.6441633304292
-9999 -9999 -9999 -9999 -9999 -9999 -9999 -9999 -9999 -9999 -9999 -861.555542940976 -615.993248924233 -511.251258543511 -350.2697538167 -206.609819657059 -138.026246151946 -89.6555289665951 -67.1481597232778 -54.5562592413253 -47.7803524095952 -41.4514193962589 -40.3093527463526 -47.3652908035438 -62.6166687109302 -78.3336422224262 -111.64185805476 -177.96537500095 -235.452606208818 -300.355607045913 -349.76505753652 -276.676807259418 -197.345343478018 -117.932421266964 -64.1291899069595 -32.9543300782879 -22.6435890906365 -17.455709072788 -15.086713595955 -13.7060864503356 -12.8974446040319 -15.1928152276914 -16.0595830441495 -16.3222742494132 -15.1763400546675 -14.1012715107415 -15.640867254272 -16.864585591884 -20.0067065413516 -27.6608420249743 -27.4720171031743 -25.5076250579247 -24.1762994939662 -22.9363716015062 -20.6705050188093 -19.2806207482671
-9999 -9999 -9999 -9999 -9999 -9999 -9999 -9999 -9999 -9999 -711.70219252375 -522.258194053785 -342.12956892414 -307.831182596219 -321.134901036604 -248.659127830798 -156.011517315908 -100.631519261866 -73.8644460398323 -59.3086363875621 -49.045697487077 -49.4788682254072 -53.5547759646778 -67.7364959194211 -88.315310731818 -109.917743870752 -152.783979888816 -208.60471285536 -266.516533538631 -328.045376916465 -343.057008528988 -276.164544717008 -182.083151666094 -109.282269889795 -54.4762439048567 -27.8124885482047 -20.9356971443364 -18.4212793867042 -16.3412125373942 -15.2649782999204 -15.1961423495321 -16.9683732063162 -18.060127173621 -20.3260030867133 -21.3728964882113 -22.7741866026052 -23.8233742932952 -26.6758369813306 -29.9941978150147 -29.0370792660264 -26.3893579828991 -26.3944689881229 -24.5818291208087 -23.773733622025 -22.1953484863764 -21.2158795568511
-9999 -9999 -9999 -9999 -9999 -9999 -9999 -9999 -9999 -9999 -359.463721637089 -246.025797998456 -197.651097172788 -225.334255062148 -267.465596394726 -302.419248372645 -213.84796412348 -130.60443806487 -94.7560058297305 -78.85976677306 -69.8922876147751 -83.0192005611467 -88.9253998494967 -106.999325382792 -136.735511920358 -161.265106983248 -216.355672259181 -279.133614457233 -334.79918818388 -387.846640783736 -397.227257853307 -312.055372519917 -202.520311601296 -124.623335585878 -60.9601041661804 -27.8134310459173 -21.7423420186091 -19.1709909904708 -17.1936651705115 -16.2402676684721 -16.5461706238126 -17.3391005168443 -18.5563440187875 -20.2966435948042 -24.1045182009353 -26.439245108114 -29.8077635705624 -29.552498022748 -29.9248698955914 -29.3228879019637 -28.1619948197958 -28.1003564635666 -27.5023042636898 -27.0482269156124 -26.3823920153236 -25.9426056278647
-9999 -9999 -9999 -9999 -9999 -9999 -9999 -9999 -477.719672486014 -290.883427354073 -182.022054898879 -158.818619030507 -142.986214849364 -163.518529950019 -227.744301297596 -308.502719655279 -253.878921944081 -165.287233067937 -128.884046409945 -127.565890144059 -120.674657512068 -131.449290646574 -144.495713542169 -159.124735881378 -191.647312007529 -239.194433597531 -296.544546727397 -362.432339986173 -423.934379716442 -437.339624488387 -424.425402814759 -324.690324089154 -225.124728215137 -138.00869008546 -76.0110219233894 -36.5449745177977 -23.1649215777652 -19.6591685272271 -17.6688669107707 -16.6311790737583 -17.1798305522577 -17.5069939050633 -17.4979339278416 -18.9978115072466 -22.0170922884805 -24.2470331335939 -27.2335924931999 -29.1613055252775 -30.3111626193986 -31.4460938978403 -32.225773731657 -32.4921952132768 -33.686705974966 -33.5296094167788 -32.5334136691582 -34.0701514540089
-9999 -9999 -9999 -9999 -9999 -9999 -9999 -9999 -306.204232141483 -165.103838233146 -99.9218967733545 -103.506685096962 -110.4585825027 -139.720627459784 -187.817679037635 -244.862973165061 -247.867794177993 -203.531439661444 -175.342140325018 -175.443811180392 -188.567741665663 -200.678503045508 -201.617543633012 -225.780268203228 -284.763154133108 -343.124015448283 -393.325702591583 -448.156244428212 -477.264245883996 -485.994701620341 -454.38239813506 -345.761193991722 -235.439927677956 -156.035011825048 -87.2754242691338 -49.3667126132073 -31.943535744706 -21.4346270862634 -18.7111159098602 -17.209185325594 -17.1112766433842 -17.1260096530895 -18.2842302965283 -19.6566604477757 -23.8215013600039 -27.8493820566701 -32.0415236484326 -37.1488494059334 -39.4165600134669 -46.8174928103858 -50.9228279951918 -50.9733326041973 -49.1645844718537 -44.8153618417538 -40.4312199160428 -39.2492621524807
-9999 -9999 -9999 -9999 -9999 -9999 -9999 -343.282479062159 -199.652022671728 -113.960566098166 -94.846201466484 -107.049460463189 -110.114453871029 -118.447421603688 -150.238183985852 -190.814732241701 -189.422221297282 -190.343493002722 -176.392490042662 -227.655105252617 -260.334220219387 -275.283625524086 -289.484823893529 -317.459937548399 -367.876166981587 -396.833265051267 -405.833464573359 -402.329671777592 -416.943503914301 -427.96511267585 -436.089320968482 -350.872760368953 -246.3679006292 -169.235755898514 -108.372573675011 -71.0534567340479 -46.3565093401222 -31.9935700165175 -26.5083104091431 -27.2648264301494 -27.6278572518215 -31.212990018229 -40.0797372824224 -43.1616804573329 -52.1377801732007 -56.3354226581454 -63.9332711982079 -73.882616290121 -76.3224183803694 -86.3099844091208 -88.6386517064548 -85.1421020998301 -77.0418693980044 -65.307758945743 -53.9261196374587 -48.1070275364819
-9999 -9999 -9999 -9999 -9999 -9999 -9999 -247.084591729007 -143.103185285838 -81.5251544110677 -102.128211102356 -119.153336691704 -111.823608000009 -104.615850303789 -110.599212055634 -125.196825507461 -128.207913983735 -133.092562747531 -143.77703332552 -177.524199119363 -215.89032035588 -248.423833018874 -279.898971069655 -281.250599488659 -285.800887548988 -297.583936952551 -297.296384324274 -307.879316690656 -304.707136851004 -295.801462210189 -298.967556012845 -297.819364358833 -246.139841605274 -182.378725982387 -129.156427750444 -92.9633759079393 -69.1424094545321 -52.4450651314962 -50.2732396608698 -54.9389481832334 -54.8759783262681 -60.8956272316354 -65.4413991559621 -73.6411067441025 -87.7660801761887 -99.1016513926656 -116.543380327403 -121.713554373348 -128.699179046838 -145.25398747947 -150.350893806608 -146.261256485413 -128.648253231176 -105.469141581872 -87.9482907003915 -71.8468233106253
-9999 -9999 -9999 -9999 -9999 -9999 -314.468565446095 -160.144563750841 -86.7747355346623 -75.7498085721031 -120.66281584263 -129.941135417742 -114.139092035903 -97.4741082693156 -91.2113440764812 -94.133243058142 -92.5704312630621 -97.0034717441617 -100.454140424616 -133.162298460443 -176.816442580728 -194.294817256092 -213.511528277859 -216.882035332455 -223.738178530719 -227.494110301785 -230.47538298691 -222.921434796131 -223.050173661664 -229.351937454831 -224.842151631939 -232.760138066872 -233.900737511597 -186.28484766925 -143.815997359113 -113.872691316562 -98.4282531608013 -84.5248838603969 -79.6636587484677 -81.3181947488598 -87.1986971371203 -95.8429830213216 -116.97104409252 -127.534088252648 -154.716031601089 -172.310013351469 -186.566094302453 -218.756229901469 -223.210007709406 -242.882589826234 -227.508088760453 -210.180614697673 -179.815265659917 -158.753183412102 -137.082412178952 -109.47608389606
-9999 -9999 -9999 -9999 -9999 -9999 -244.492480957675 -106.75861127569 -63.3673362017082 -69.7856394474513 -111.410629021476 -123.995699967829 -106.171469357426 -90.3182228560061 -76.5443204632901 -70.4511278230577 -69.9090436630053 -72.4115206657356 -76.8577343261723 -94.0625188282602 -122.153199317768 -142.949694287315 -159.488607353405 -158.792809569522 -158.476094885925 -162.646137930951 -160.163169883545 -160.811969701197 -160.219456753028 -157.275062283555 -160.217643421897 -160.019023964265 -164.909905237136 -172.823337011746 -164.701922434158 -141.147140861948 -126.28477166088 -116.433723400017 -116.274726512765 -125.562973199499 -137.473884977033 -164.880010573456 -191.631356850109 -210.912844140949 -255.378565255587 -251.940171254692 -239.568392728424 -220.84730777209 -196.567410351995 -179.820620227382 -168.949025597444 -152.077657555274 -136.852418102767 -126.329150049958 -107.904751770448 -94.7412443410576
-9999 -9999 -9999 -9999 -9999 -9999 -200.733916662081 -85.2104499516132 -58.8470778234886 -61.1639585383937 -90.1970159591073 -107.923231855097 -97.8678693237043 -81.7395962401605 -67.5966805037663 -60.348775264296 -56.2578063407018 -56.470357168546 -57.750339595071 -71.0619127891412 -91.7062480616848 -102.19113909448 -114.524136088548 -115.081206126056 -119.277552956594 -119.17772970914 -120.576979060212 -114.41916017208 -113.905985802976 -116.17090472004 -113.633879760624 -120.231794208295 -120.251494857646 -128.249960759277 -145.523520216193 -152.099024482035 -155.169042321223 -152.271217147114 -154.854599347171 -172.970960557733 -195.215572583516 -209.311439259341 -213.726933462641 -205.897498752083 -211.377095185124 -192.842159309071 -182.235124486034 -167.076179990662 -149.819984943674 -141.352026573552 -124.61495247081 -119.89191104142 -108.000251708688 -100.016747804566 -90.6851225039015 -80.2572637110153
-9999 -9999 -9999 -9999 -9999 -9999 -9999 -73.777421448233 -60.0795170650867 -50.7437468139096 -70.4492520591091 -90.6746575565069 -86.9578950360423 -73.2946433373358 -60.0782972436819 -50.7079293518866 -46.518806517108 -46.2050839330834 -47.1259981975243 -53.2568768387192 -63.3198562276811 -71.0036484759335 -78.3368909720826 -78.8750983130363 -78.1517730409837 -78.7713261627027 -76.4681962440362 -76.0461953369341 -75.607202782718 -74.9955011734379 -77.2852623019584 -78.1654464106773 -82.2081946804276 -87.4995315503559 -95.7658328725532 -107.49033784785 -121.267750780607 -132.81431228805 -136.434017851599 -143.380133671677 -151.1818648491 -157.531157709125 -160.222438752746 -151.767450634541 -149.736658595714 -142.520731706108 -133.138480503937 -122.452793864849 -108.684148111234 -100.351406309934 -91.5830068127098 -84.7751873290161 -79.5049107291048 -72.2338638833887 -63.2948814597634 -59.1221596647121
-9999 -9999 -9999 -9999 -9999 -9999 -9999 -9999 -61.9096016780986 -45.426759974495 -63.6708443810122 -78.0129013538245 -78.6499066281676 -66.2236561299357 -55.5964558347494 -46.5782548221587 -40.758959347946 -39.6853577447094 -40.1767373143443 -46.217778661415 -54.0340892691536 -58.3657320079107 -62.1201531876788 -62.5543646716131 -61.5647042409255 -59.6732554477248 -56.6811901480247 -53.284958040931 -53.3916568610664 -54.4913165912578 -54.7147759711823 -57.7039253681949 -59.6824553004003 -63.926702408218 -71.2412965388554 -77.695301623435 -88.2753051315162 -100.497691009217 -107.546592467828 -113.58747281714 -115.004392532621 -118.024522299519 -119.131674738412 -112.907581129453 -112.501440914666 -102.389136068119 -96.9628351846481 -89.4270353040055 -81.866724414714 -77.2664439035779 -71.3275594375355 -68.6999240093325 -65.1891702401807 -59.9216416331524 -51.0863712011775 -45.7326792302873
-9999 -9999 -9999 -9999 -9999 -9999 -89.5364689423634 -59.9386652004676 -56.557382974026 -47.9167322850274 -63.4697228495546 -76.4222989981408 -70.5056662054064 -59.66173786928 -50.4967122192058 -41.2930841190974 -36.3760021264208 -34.8330132583184 -35.175412543452 -37.9671293438687 -42.2637436507709 -45.3746570049042 -48.282987136681 -47.753225395267 -45.1775597687976 -43.4550720100664 -40.361163303052 -38.8362918969207 -38.3255462376773 -38.5128311388716 -39.7297027807843 -40.9004010952494 -43.0963153308966 -44.998436755051 -48.2641303801797 -53.3893110787837 -60.0521564416205 -68.9025225497062 -74.1166454736808 -85.2367508454182 -87.0208413346386 -88.0913018706248 -88.1629518580915 -83.1052510867858 -80.2113960402219 -76.0892829556483 -70.8547400813292 -66.4221911263306 -64.2776432337797 -62.3505950662539 -61.041769541561 -57.8195718810204 -54.8557879432627 -52.7706402277914 -51.2695354089012 -47.4241598476677
-9999 -9999 -9999 -9999 -9999 -97.6314797373977 -57.2834479419056 -53.8527669991858 -49.0198725206644 -52.0854969180477 -75.9181728757686 -75.7753338061134 -61.9341475273045 -52.3111444257346 -47.9333286482067 -38.117634911421 -32.4743809359535 -31.2684800363307 -31.2046534008117 -34.5010688233128 -36.5147761725539 -37.0446971513963 -38.321453177383 -37.4158661489853 -35.1688775449766 -33.4333933630801 -32.1157663749903 -30.9843008302163 -31.0206117302797 -33.1184849703585 -33.4074991101478 -34.0203057752194 -35.0331003253543 -35.3292273659368 -37.215261066371 -38.7204294705109 -41.5917033205618 -46.7550856612579 -49.9943879789532 -60.9037497404759 -64.5914053811899 -67.7294585704586 -67.0724835933571 -64.3444291862711 -62.9223869648783 -59.4644113754311 -58.5460148072568 -58.5370652972349 -57.3330865389895 -56.1853558926867 -54.4839617667468 -51.3782518269182 -48.1462804804423 -45.8864351846959 -44.5023457959246 -44.3225902855181
-9999 -9999 -9999 -9999 -9999 -61.2784326377598 -37.9024577039799 -53.0006354043553 -47.3141973867407 -63.2676971290934 -78.7308884363894 -80.333575703583 -67.7128867787564 -53.888328745976 -44.3490469033395 -37.2157326011314 -34.305724372644 -32.1433047644992 -30.5826478180226 -31.0755509749491 -31.9732595481376 -32.2430063155689 -31.7893621622181 -30.7733165725889 -29.2102735595113 -28.0775121485403 -27.4405796115068 -27.5547431094153 -28.4108282786636 -30.3195000206754 -32.3423796833969 -33.703560516278 -33.473640081316 -32.6423550005948 -31.670662074595 -31.5870085247298 -32.0802236760608 -33.9651429647752 -35.3014669908205 -39.1002797596781 -43.2263485617192 -47.9906573425935 -51.4232577228427 -55.2508448810436 -53.6869872248636 -53.3618680899398 -52.720282625829 -52.6045938672641 -51.8100963338097 -50.1054969632644 -48.8589797057088 -46.0638832150642 -43.7231280395277 -42.1596713524168 -40.7507684503416 -40.0532043763839
-9999 -9999 -9999 -9999 -9999 -9999 -26.7639644142436 -39.2368759232826 -47.2987149755154 -74.0227855588843 -102.621803676175 -100.438683804136 -80.5086060355607 -61.1743631666409 -50.5934991470767 -40.2719010987056 -36.0176107842841 -35.7483631333384 -33.4562663251763 -32.0826699564571 -31.8979508268504 -30.5087694826206 -29.4336216741245 -28.1423499878284 -26.8937149071045 -26.1637803045028 -26.2406632142623 -27.1598882174621 -27.9057560762924 -29.6165799668703 -30.8168511541828 -31.4868470187772 -32.4881810094758 -31.329405156453 -30.1044461772841 -28.6097083792784 -27.0378877466541 -26.7684901803364 -27.1708913879685 -29.8623289067056 -34.7051225701647 -39.4003687612394 -46.7411281570853 -48.7731252080423 -47.7543731925721 -47.8493541988249 -47.0821375560913 -46.9863072201261 -46.095970363964 -44.9992528541839 -44.1854931080595 -42.044649619193 -40.4925236877996 -39.1448629866241 -37.5971461601265 -37.2604943062519
-9999 -9999 -9999 -9999 -9999 -9999 -20.7277083269014 -27.13928716388 -38.5373822255966 -82.1029716717494 -125.309268365846 -122.358406472737 -99.3685218431431 -78.3648356359009 -61.8160542957064 -53.1028583430025 -44.4024670258686 -42.9174391545388 -37.8258583095058 -34.6048014130316 -32.8156545825569 -32.0519567196069 -31.7338157681989 -30.724750313736 -28.6865402758749 -27.4926746860639 -28.3014696550417 -29.9497546292745 -30.632346072853 -31.2283668274082 -31.188065632758 -31.7747812439275 -31.5761985231326 -29.5149526326689 -27.233770502769 -24.8559871035848 -22.9902347040063 -21.9559617256771 -21.9085346987502 -23.9252967544219 -27.9876314817826 -33.0385753786197 -39.3356814478794 -43.6011867631722 -42.5267792579126 -42.3952437134181 -41.7963307771989 -41.4599961343734 -41.2555058050122 -40.7875333707214 -40.4291817321863 -39.071063335839 -37.8837807988539 -37.2771433287556 -36.3895132892723 -36.3160594969067
-9999 -9999 -9999 -9999 -9999 -9999 -21.5189304392729 -25.5759088962901 -28.8229967098883 -79.2735064868724 -146.739901961741 -148.320211880122 -119.683005867477 -95.5344806382099 -77.5817693431839 -64.157207684809 -52.8331541700064 -47.865911455785 -42.9120711197907 -38.4715922015912 -36.2874846008595 -36.6280248794364 -38.4524448226919 -37.4283073072845 -33.7410069773707 -31.2075774057298 -32.2669319493678 -35.0945992800505 -35.0188794073399 -34.4378359516374 -32.9481487219583 -32.2080101197917 -32.2966137447954 -29.4132144694946 -25.7793850146854 -22.7866841105276 -19.8554251454785 -18.434116895304 -17.7188001272398 -18.8456951808525 -21.87171542727 -25.368911621216 -30.907016671151 -35.0164242035739 -37.7123540083779 -37.7210068917396 -36.8719079477586 -37.1413890729312 -37.3739352534955 -37.4454987233625 -38.3726657649117 -36.9081136125207 -35.8147539089021 -35.4593219146985 -35.0847076080035 -36.010692826518
-9999 -9999 -9999 -9999 -9999 -9999 -9999 -9999 -31.1729035577631 -61.7491812528952 -143.142733429727 -159.260553411268 -131.256915172915 -110.735034490125 -88.8895713217333 -75.8699617427625 -59.8760163842187 -47.1283230810491 -39.8382941038703 -40.3223212062021 -41.8846320290724 -43.2636803025627 -47.4360172656213 -47.2534884260355 -41.6813491292026 -38.042077275919 -38.7974281874621 -42.0051321713402 -41.786450274721 -39.6855701844246 -37.6518069392864 -36.487692239976 -35.7278066366027 -32.0459107892049 -27.5753010724307 -23.5461563362735 -19.9608113346315 -17.2657670588833 -15.4895321005292 -15.070279686015 -16.3344748200893 -18.8985062370538 -22.3197812561054 -25.5568174656647 -29.5782597354774 -32.9228156836645 -34.4151930944748 -34.4831166541276 -35.4531553859759 -36.1917717251621 -36.799703020689 -36.3938976148278 -35.022834179741 -35.1178141030157 -35.9143519665585 -36.7662014513585
-9999 -9999 -9999 -9999 -9999 -9999 -9999 -9999 -24.3012981630729 -46.6244313760233 -123.87393840008 -153.224940020571 -139.68065498764 -119.065498146611 -97.2222508785714 -81.2103506393047 -61.8133118669458 -43.4148218439849 -38.0727235163615 -43.421701728564 -47.7848163512539 -51.8514212481868 -57.6602212906365 -57.8109563719365 -50.5825658376053 -45.6351073763853 -46.3557951941143 -50.1850708064535 -49.3329426697634 -46.4329004532199 -43.6205136840089 -41.0170193303563 -40.6625273121912 -36.3788958371789 -30.7161718114449 -26.1792249247839 -21.6680257198149 -18.2424580713547 -15.2622648101405 -13.1153147205286 -12.7628980635587 -13.4562163969997 -15.487888693804 -17.6274070975123 -20.8149232585526 -23.5487351529482 -24.7384848113894 -26.1472778061417 -26.8799486995588 -27.7219991461214 -29.3141600228208 -31.1299530900556 -33.4777790457544 -36.4801634411158 -37.7910366207411 -38.4953375273015
-9999 -9999 -9999 -9999 -9999 -9999 -9999 -9999 -9999 -43.174346099469 -77.8124933882151 -125.478148959535 -132.158953598154 -124.833728995783 -101.20555405599 -80.9047986315144 -64.7179501281691 -41.5452447363454 -35.9370842172576 -45.3669646440406 -53.5232308075974 -59.4151920368023 -65.0291554289574 -65.514561278514 -58.7044297927717 -53.8402002013594 -54.3677978687344 -57.2123712483575 -57.0845489403884 -53.3975767090136 -50.5032723222502 -47.8226531164402 -46.1247925869101 -41.8040444560211 -36.2188077683221 -31.4239758420972 -26.1630614710755 -22.0992973590337 -17.881630159532 -14.3167856852979 -12.0298562207276 -11.217473478434 -11.257748403674 -12.2910244966565 -14.2134798022756 -16.2924327581071 -17.8066308117067 -18.7114167134416 -20.0852694405163 -21.8903433926497 -23.5761281304364 -25.348872688201 -27.2176366551937 -30.1014851238637 -35.0837485328754 -39.6126245812456
-9999 -9999 -9999 -9999 -9999 -9999 -9999 -9999 -9999 -9999 -57.9571091108047 -97.3965427003763 -126.314847970004 -123.287779179527 -102.095007859198 -77.9502212041373 -59.8858756774417 -41.3091239887238 -36.1251128661779 -47.1835168470675 -57.2533670576274 -64.6807644774413 -68.5717409626478 -71.4783032389984 -66.9065070107592 -62.9939443829292 -62.9063493439926 -64.868961491351 -63.7119760367691 -61.2607601247817 -57.839601496357 -54.3101099730503 -52.8396011995404 -48.3850865640458 -42.755267949705 -38.0477389294209 -32.8599401742461 -28.2335245639892 -23.4886153869768 -18.2303011509438 -14.7492854691684 -12.3575302503871 -10.6880322912736 -10.0310632593973 -10.2643719123064 -11.1962597504312 -12.3908493610692 -13.7318529956919 -15.3521780826113 -17.193072537126 -19.2873693860213 -21.1864009750789 -23.3904525957685 -26.5406592390152 -30.7211909294414 -35.2735634248104
-9999 -9999 -9999 -9999 -9999 -9999 -9999 -9999 -9999 -9999 -9999 -90.4058195324927 -118.004830736533 -125.237772304322 -101.113064544613 -73.1907859442231 -58.347917830898 -40.8409640968549 -38.1921866083612 -51.5584734139578 -56.8216428280018 -66.3941461634324 -71.3207449144353 -72.3020293924676 -73.095146650886 -72.4809557842799 -71.7345230768045 -71.5591726173559 -70.9352181999094 -68.2924719727808 -65.5974678740442 -62.3291288406698 -59.0423756829089 -54.9255244839761 -50.4696624168164 -46.3861337218045 -40.5377899995274 -36.1480927974439 -30.7045377857816 -24.760297352514 -20.7538781148082 -16.6626274394566 -13.8927434530542 -11.5270775196823 -9.8025505666026 -9.44877171205817 -10.1098091658639 -11.1735699377844 -12.6414196813335 -14.6494942723657 -16.714511670282 -18.6332829835252 -21.2176272314876 -23.9827327361657 -26.6539510828535 -29.3860253790388
