data/03_saidas_enm/CCSM_Maxent_6k_B.balansae5.asc
NCOLS 154 
NROWS 168 
XLLCORNER -112 
YLLCORNER -55.5 
CELLSIZE 0.5 
NODATA_value -9999 
[rows 50 to 74 of 168, columns 56 to 111 of 154]
-9999 -9999 -9999 -9999 -9999 -9999 -9999 -9999 -9999 -9999 -9999 -9999 -9999 0.00435088388621807 0.00584816792979836 0.00938230007886887 0.0173045285046101 0.0460294783115387 0.0768879503011703 0.110941015183926 0.109202064573765 0.10366415977478 0.088460385799408 0.079384945333004 0.0606648288667202 0.0482865013182163 0.0405723452568054 0.0291450656950474 0.0231721680611372 0.0164312738925219 0.0133969001471996 0.0147798042744398 0.0175719149410725 0.0256413612514734 0.0483723692595959 0.0746201127767563 0.0981079339981079 0.117720179259777 0.12233716994524 0.124838411808014 0.134206682443619 0.124903544783592 0.124632388353348 0.128440707921982 0.138577446341515 0.164179727435112 0.157016947865486 0.175379544496536 0.184299647808075 0.188936859369278 0.224429205060005 0.244917377829552 0.275580137968063 0.281533509492874 0.262811958789825 0.25476348400116
-9999 -9999 -9999 -9999 -9999 -9999 -9999 -9999 -9999 -9999 -9999 -9999 -9999 0.0053419005125761 0.00637564016506076 0.0150035321712494 0.0346871837973595 0.0625972151756287 0.0920127406716347 0.119580060243607 0.117864303290844 0.113819107413292 0.106838084757328 0.098429374396801 0.0824911966919899 0.0678455457091331 0.0584173053503036 0.0466623269021511 0.0386186726391315 0.0335133895277977 0.0298573654145002 0.0300889816135168 0.0383678637444973 0.053479578346014 0.0770455226302147 0.101397499442101 0.12193176150322 0.133984059095383 0.137162491679192 0.134046360850334 0.136244043707848 0.129729449748993 0.130576342344284 0.133192762732506 0.137369871139526 0.150706082582474 0.154786929488182 0.170848220586777 0.182943046092987 0.199762627482414 0.230602636933327 0.263828545808792 0.271812915802002 0.270969182252884 0.26025328040123 0.247040331363678
-9999 -9999 -9999 -9999 -9999 -9999 -9999 -9999 -9999 -9999 -9999 0.00409565167501569 0.00549239898100495 0.00984346121549606 0.0188485030084848 0.0365642718970776 0.0603638365864754 0.0885187536478043 0.112673409283161 0.122264660894871 0.124899752438068 0.120184391736984 0.110389605164528 0.0992363765835762 0.0812719911336899 0.0681028962135315 0.0547857172787189 0.0447988845407963 0.0396745204925537 0.033579021692276 0.0307575799524784 0.0334963575005531 0.0386389382183552 0.0544630214571953 0.080625131726265 0.106658421456814 0.135063484311104 0.154603704810143 0.151238426566124 0.145844340324402 0.142222478985786 0.136513039469719 0.137020409107208 0.138463869690895 0.137747839093208 0.144041210412979 0.150013267993927 0.163566157221794 0.179974436759949 0.207088232040405 0.233544632792473 0.247565552592278 0.241710424423218 0.247797459363937 0.240180373191833 0.238616347312927
-9999 -9999 -9999 -9999 -9999 -9999 -9999 -9999 -9999 -9999 0.00649775937199593 0.00849032308906317 0.0140512436628342 0.0238497126847506 0.0359220653772354 0.0546962171792984 0.0826120227575302 0.110692724585533 0.119135208427906 0.118054375052452 0.114111229777336 0.102431200444698 0.0907822623848915 0.0792370215058327 0.0657447949051857 0.0534552596509457 0.0467473939061165 0.0413930080831051 0.0375402048230171 0.0346089564263821 0.0334277041256428 0.037272721529007 0.0442041866481304 0.0586888678371906 0.0828940272331238 0.108325302600861 0.133384674787521 0.15259250998497 0.158844515681267 0.151923283934593 0.146718472242355 0.144307762384415 0.144182458519936 0.144838616251945 0.14281402528286 0.147512182593346 0.155004367232323 0.169080212712288 0.186759024858475 0.210123464465141 0.217703774571419 0.216481283307076 0.209391057491302 0.216079428792 0.220273613929749 0.225485250353813
-9999 -9999 -9999 -9999 -9999 -9999 -9999 -9999 -9999 -9999 0.0119913872331381 0.019213167950511 0.0304499231278896 0.0452326685190201 0.0597276426851749 0.0636153742671013 0.0865450650453568 0.110281504690647 0.117800734937191 0.106433443725109 0.0989271849393845 0.0865901932120323 0.0740807428956032 0.0641117319464684 0.0555095188319683 0.0492084547877312 0.0454024411737919 0.0409800820052624 0.0389173626899719 0.037705659866333 0.0367671512067318 0.0434745103120804 0.0506036877632141 0.0612359344959259 0.0866708904504776 0.108206905424595 0.122597984969616 0.13707110285759 0.145241588354111 0.153504058718681 0.156960248947144 0.156904682517052 0.157147824764252 0.159719884395599 0.162586256861687 0.166664838790894 0.174088537693024 0.179936468601227 0.183537378907204 0.195204436779022 0.20726802945137 0.220389828085899 0.226434528827667 0.236608728766441 0.249651595950127 0.263854414224625
-9999 -9999 -9999 -9999 -9999 -9999 -9999 -9999 0.0242848005145788 0.0248532071709633 0.0292426999658346 0.0395585261285305 0.056768860667944 0.0644074976444244 0.0513498298823833 0.0679056644439697 0.0894084200263023 0.10462561249733 0.107769049704075 0.0929564908146858 0.0767220929265022 0.0686465352773666 0.0642040520906448 0.0593574903905392 0.0531092435121536 0.0476815365254879 0.0447439327836037 0.0434039868414402 0.0419655330479145 0.0412272214889526 0.0423191487789154 0.0479582250118256 0.0560735426843166 0.064974918961525 0.0833232700824738 0.0993781983852386 0.111446879804134 0.119438461959362 0.126929640769958 0.132438957691193 0.135299533605576 0.14044015109539 0.142965272068977 0.147383123636246 0.152370318770409 0.157414972782135 0.166083723306656 0.169229045510292 0.174319848418236 0.186851769685745 0.200951084494591 0.226145416498184 0.245549350976944 0.261712610721588 0.267642438411713 0.27631676197052
-9999 -9999 -9999 -9999 -9999 -9999 -9999 -9999 0.0333729535341263 0.0395941846072674 0.0656199231743813 0.0890523567795753 0.0764930322766304 0.0521081276237965 0.0555441528558731 0.0733062773942947 0.0936548784375191 0.100623078644276 0.0991623625159264 0.0841343104839325 0.0705370455980301 0.0670356452465057 0.0635801032185555 0.0606253817677498 0.0551967471837997 0.0503828153014183 0.048898097127676 0.0474519208073616 0.0473755225539207 0.0479000918567181 0.0495787523686886 0.0549816824495792 0.0612975917756557 0.0683296024799347 0.0792846009135246 0.0907707065343857 0.100563384592533 0.108647406101227 0.111986458301544 0.113791160285473 0.113248109817505 0.113777346909046 0.1150923371315 0.116736143827438 0.1191735714674 0.124711640179157 0.132802620530128 0.14036238193512 0.144672021269798 0.152268618345261 0.165976166725159 0.189912423491478 0.22051277756691 0.261263489723206 0.289551138877869 0.299309939146042
-9999 -9999 -9999 -9999 -9999 -9999 -9999 0.0279728639870882 0.0382474437355995 0.0544489547610283 0.102457791566849 0.117229230701923 0.0708771571516991 0.0516873225569725 0.0617090426385403 0.0773534551262856 0.0968329608440399 0.105471029877663 0.102098599076271 0.0866140350699425 0.0736542344093323 0.070205882191658 0.0678193345665932 0.0653696209192276 0.0603438541293144 0.0561288110911846 0.054931815713644 0.0547577291727066 0.0548080429434776 0.0554106049239635 0.0569359064102173 0.0610435605049133 0.0663129910826683 0.0725870579481125 0.0752411559224129 0.0836551636457443 0.0925914272665977 0.100200839340687 0.103417433798313 0.100391015410423 0.0986040532588959 0.0950721949338913 0.0921449288725853 0.0922958329319954 0.0948767066001892 0.0991853103041649 0.107254825532436 0.112735010683537 0.116480737924576 0.127036064863205 0.145158603787422 0.168762072920799 0.206704169511795 0.245900854468346 0.293031126260757 0.326779931783676
-9999 -9999 -9999 -9999 -9999 -9999 -9999 0.0279629491269588 0.0447528958320618 0.0871149972081184 0.131525367498398 0.0952274650335312 0.0592667981982231 0.0543939545750618 0.0667256340384483 0.0852522850036621 0.102763794362545 0.111606746912003 0.107732988893986 0.0929172486066818 0.079912394285202 0.075311467051506 0.0732271820306778 0.0715063810348511 0.0676148384809494 0.0639032572507858 0.063042439520359 0.0628345906734467 0.0638933628797531 0.065653920173645 0.0670494735240936 0.0702850520610809 0.0733164772391319 0.0769000723958015 0.0789453089237213 0.0781273618340492 0.0844463631510735 0.0904221311211586 0.0908426344394684 0.0859595760703087 0.0826635733246803 0.0771818682551384 0.0746767818927765 0.073619931936264 0.0739682838320732 0.0784004926681519 0.0853688940405846 0.0904356464743614 0.0980311408638954 0.109648644924164 0.130784943699837 0.15773418545723 0.196995183825493 0.229999706149101 0.266096323728561 0.324116408824921
-9999 -9999 -9999 -9999 -9999 -9999 0.0199359804391861 0.0297269076108932 0.0565176904201508 0.117339462041855 0.12192327529192 0.0861126184463501 0.0499352365732193 0.0512798763811588 0.0708180367946625 0.0962626934051514 0.112636372447014 0.122943267226219 0.118973702192307 0.0998757854104042 0.0861203745007515 0.0828439891338348 0.080672949552536 0.0789361745119095 0.0749272480607033 0.0712669715285301 0.071383111178875 0.0728830695152283 0.0742553174495697 0.075130321085453 0.0772192552685738 0.0790285393595695 0.0817071348428726 0.0841704681515694 0.083569347858429 0.0822224840521812 0.0800290927290916 0.0780184045433998 0.0773825794458389 0.0732844546437263 0.0676057264208794 0.0651736706495285 0.0633981451392174 0.0645861774682999 0.0695287138223648 0.0763876810669899 0.0826128050684929 0.0869775414466858 0.0956071764230728 0.111274771392345 0.132183998823166 0.164225861430168 0.206962391734123 0.241546392440796 0.263162851333618 0.283451348543167
-9999 -9999 -9999 -9999 -9999 -9999 0.0194916110485792 0.033122718334198 0.0660103112459183 0.12854577600956 0.109144024550915 0.0762000679969788 0.0502405613660812 0.0547287054359913 0.0755701214075089 0.102574102580547 0.121617779135704 0.131688147783279 0.134147927165031 0.118450470268726 0.10235283523798 0.0960255786776543 0.0922574624419212 0.0905357524752617 0.087012954056263 0.0828307196497917 0.0829952135682106 0.0842373222112656 0.0857639536261559 0.0869749113917351 0.0880329981446266 0.0895775705575943 0.0907073840498924 0.0911757275462151 0.0894839912652969 0.0877880901098251 0.0846096351742744 0.0806245431303978 0.0776031240820885 0.0741162002086639 0.0706171989440918 0.0688614621758461 0.068080946803093 0.0710815563797951 0.0783637687563896 0.0870277509093285 0.0932492315769196 0.100017733871937 0.111014395952225 0.128601655364037 0.150211721658707 0.179175987839699 0.211935892701149 0.235741600394249 0.252915918827057 0.257996588945389
-9999 -9999 -9999 -9999 -9999 -9999 0.0209674425423145 0.0340354144573212 0.0713593438267708 0.144037693738937 0.129827544093132 0.0893510580062866 0.0573170967400074 0.0606073923408985 0.0838155969977379 0.112207069993019 0.128049612045288 0.137783110141754 0.141226336359978 0.137461245059967 0.122014448046684 0.116433322429657 0.111582346260548 0.10703045129776 0.100611984729767 0.0954593643546104 0.0979809910058975 0.103069648146629 0.104252435266972 0.103421427309513 0.104188524186611 0.103529863059521 0.1037253215909 0.102389417588711 0.0979068204760551 0.0956951156258583 0.0926860347390175 0.0904809907078743 0.0876745954155922 0.0850699916481972 0.0843681022524834 0.0837433487176895 0.086286798119545 0.0903537273406982 0.09677854180336 0.101749278604984 0.108926638960838 0.119421526789665 0.131876811385155 0.149338513612747 0.171261578798294 0.189886167645454 0.210801541805267 0.229479029774666 0.24257455766201 0.245148837566376
-9999 -9999 -9999 -9999 -9999 -9999 -9999 0.0353327244520187 0.0754268690943718 0.159885302186012 0.152006611227989 0.108489967882633 0.0724368542432785 0.0716617554426193 0.09480070322752 0.126778066158295 0.142242208123207 0.147755011916161 0.154129102826118 0.155178636312485 0.138772323727608 0.130331367254257 0.124574303627014 0.119786143302917 0.115287803113461 0.112261474132538 0.115481443703175 0.121326871216297 0.126658767461777 0.126144975423813 0.12467585504055 0.123876720666885 0.121683947741985 0.119719065725803 0.116213232278824 0.112053021788597 0.109021417796612 0.105944104492664 0.105097308754921 0.10510091483593 0.104649104177952 0.106375314295292 0.109385371208191 0.114857442677021 0.120545782148838 0.125858247280121 0.134815856814384 0.144076973199844 0.156689301133156 0.174580425024033 0.191382691264153 0.206481888890266 0.218427360057831 0.228784486651421 0.237972795963287 0.236832514405251
-9999 -9999 -9999 -9999 -9999 -9999 -9999 -9999 0.0811082422733307 0.168930470943451 0.187051668763161 0.126628011465073 0.086109459400177 0.0856994763016701 0.112358786165714 0.149486154317856 0.163757026195526 0.171946749091148 0.175394982099533 0.173182472586632 0.155810505151749 0.14821083843708 0.14114998281002 0.136163264513016 0.132756471633911 0.130940288305283 0.135756283998489 0.142428010702133 0.149895235896111 0.147840857505798 0.146186470985413 0.14330892264843 0.140368178486824 0.137347906827927 0.132768914103508 0.129114434123039 0.125311613082886 0.122586026787758 0.121636115014553 0.121068939566612 0.122869573533535 0.126294404268265 0.131597056984901 0.137651115655899 0.144165873527527 0.154109418392181 0.160393938422203 0.169627219438553 0.176171258091927 0.188256323337555 0.196827173233032 0.211493879556656 0.220917254686356 0.230758637189865 0.236201301217079 0.233271911740303
-9999 -9999 -9999 -9999 -9999 -9999 0.0374066308140755 0.0527973733842373 0.113538712263107 0.169601127505302 0.165098085999489 0.129808500409126 0.0966535583138466 0.0998107567429543 0.129086852073669 0.165652349591255 0.182489469647408 0.186965867877007 0.190418437123299 0.189809128642082 0.184581682085991 0.173933729529381 0.163945734500885 0.158360555768013 0.157429531216621 0.158066466450691 0.162682175636292 0.168369024991989 0.165553018450737 0.163731336593628 0.163908764719963 0.165146619081497 0.163678795099258 0.159678116440773 0.154757007956505 0.149882584810257 0.146637618541718 0.143641531467438 0.143172949552536 0.143605962395668 0.145059257745743 0.149376466870308 0.154581964015961 0.158358871936798 0.159538894891739 0.159962177276611 0.161414787173271 0.162747472524643 0.168816730380058 0.179957881569862 0.19017094373703 0.20187620818615 0.209985390305519 0.214976578950882 0.218015789985657 0.212019354104996
-9999 -9999 -9999 -9999 -9999 0.0556620433926582 0.0543754734098911 0.0785372331738472 0.151426330208778 0.156398579478264 0.150655418634415 0.128436550498009 0.103971481323242 0.111795172095299 0.146849185228348 0.186835691332817 0.197210282087326 0.197117388248444 0.199131011962891 0.204065099358559 0.203744798898697 0.202240779995918 0.192331984639168 0.185699746012688 0.186567053198814 0.188959851861 0.191194728016853 0.185485556721687 0.177451491355896 0.169861912727356 0.171205908060074 0.174750834703445 0.176029413938522 0.176614806056023 0.178147345781326 0.17231373488903 0.170063525438309 0.167440563440323 0.167252719402313 0.166363954544067 0.163867682218552 0.160757154226303 0.15509332716465 0.154153928160667 0.156371712684631 0.15737821161747 0.159956753253937 0.161537334322929 0.1672243475914 0.177919581532478 0.189137652516365 0.19749416410923 0.206072717905045 0.206828325986862 0.200361043214798 0.186086088418961
-9999 -9999 -9999 -9999 -9999 0.0596809573471546 0.0708340704441071 0.106599174439907 0.13826596736908 0.142589032649994 0.139314860105515 0.124456703662872 0.113984972238541 0.126995995640755 0.157773703336716 0.193892523646355 0.200609356164932 0.199221268296242 0.201253294944763 0.206652492284775 0.213322788476944 0.215268716216087 0.212697714567184 0.209919765591621 0.209586843848228 0.208142638206482 0.204417541623116 0.196288213133812 0.18651257455349 0.178298771381378 0.175813674926758 0.180620446801186 0.184501901268959 0.187245175242424 0.190261945128441 0.192619517445564 0.197307094931602 0.194684311747551 0.189910918474197 0.181416869163513 0.172706767916679 0.167466148734093 0.162263140082359 0.160585403442383 0.162029519677162 0.163003504276276 0.166210323572159 0.168773606419563 0.173967838287354 0.182018131017685 0.187953323125839 0.195364698767662 0.198598116636276 0.197453185915947 0.193331092596054 0.182864218950272
-9999 -9999 -9999 -9999 -9999 -9999 0.0841527208685875 0.101027511060238 0.120329931378365 0.120883129537106 0.126437723636627 0.11600624024868 0.113064736127853 0.127001836895943 0.151993498206139 0.194406807422638 0.193041205406189 0.192965656518936 0.197349786758423 0.204554170370102 0.21664933860302 0.214577302336693 0.215562060475349 0.21465565264225 0.214343413710594 0.214505642652512 0.208308294415474 0.203103333711624 0.196323782205582 0.190631061792374 0.186688542366028 0.18307226896286 0.188224971294403 0.190982729196548 0.194747433066368 0.203128039836884 0.214818760752678 0.215000048279762 0.206379681825638 0.196279659867287 0.185587614774704 0.180950134992599 0.175438418984413 0.173479437828064 0.173379883170128 0.173371598124504 0.178212657570839 0.181711539626122 0.186552137136459 0.192632496356964 0.192712128162384 0.197628393769264 0.196121349930763 0.192632034420967 0.189897313714027 0.183336779475212
-9999 -9999 -9999 -9999 -9999 -9999 0.0635511726140976 0.079137496650219 0.0980136021971703 0.100181512534618 0.105183787643909 0.101117081940174 0.0889398530125618 0.0999805778264999 0.124718062579632 0.153191730380058 0.170694142580032 0.183319136500359 0.193560242652893 0.199792012572289 0.205493465065956 0.21097806096077 0.214882671833038 0.214843392372131 0.213542968034744 0.211541429162025 0.212198123335838 0.21234118938446 0.208572238683701 0.204136744141579 0.200104728341103 0.200429767370224 0.202872201800346 0.207170754671097 0.215014204382896 0.226794317364693 0.23877327144146 0.239689648151398 0.229636922478676 0.218492195010185 0.207598194479942 0.201176345348358 0.195284813642502 0.192332610487938 0.191691517829895 0.191909775137901 0.195742249488831 0.19998636841774 0.205432295799255 0.212596818804741 0.214777544140816 0.209954351186752 0.201304599642754 0.19474969804287 0.189618065953255 0.180818736553192
-9999 -9999 -9999 -9999 -9999 -9999 0.0461033135652542 0.0616369768977165 0.075785405933857 0.0812197998166084 0.0936968997120857 0.101434886455536 0.0828849002718925 0.0823592990636826 0.104693740606308 0.127991005778313 0.151644542813301 0.175420790910721 0.190708890557289 0.194097831845284 0.198874711990356 0.207069128751755 0.215354830026627 0.216290026903152 0.213140264153481 0.21095609664917 0.214669302105904 0.221596136689186 0.220915153622627 0.216725215315819 0.214423790574074 0.216803923249245 0.222895964980125 0.228692829608917 0.237257957458496 0.249265894293785 0.262165874242783 0.27025631070137 0.259517639875412 0.246833205223083 0.234244346618652 0.227854311466217 0.220284074544907 0.216615721583366 0.215070769190788 0.213640317320824 0.217398047447205 0.22150257229805 0.226500406861305 0.234261453151703 0.238016396760941 0.22427149116993 0.209255859255791 0.19839183986187 0.190432354807854 0.181050449609756
-9999 -9999 -9999 -9999 -9999 -9999 -9999 -9999 0.0510613471269608 0.0717552304267883 0.105919361114502 0.101979054510593 0.0841091945767403 0.0859596878290176 0.100068978965282 0.124466188251972 0.147615864872932 0.175328761339188 0.194563180208206 0.194098070263863 0.198511973023415 0.209491565823555 0.220194116234779 0.221954062581062 0.216361582279205 0.213096424937248 0.219250351190567 0.229222342371941 0.231457933783531 0.229648381471634 0.229586020112038 0.235294386744499 0.245170995593071 0.252776175737381 0.260018885135651 0.270540505647659 0.286255121231079 0.297906130552292 0.29511296749115 0.281853884458542 0.268332749605179 0.259731769561768 0.251987993717194 0.246216967701912 0.242005720734596 0.239355504512787 0.24086394906044 0.243588238954544 0.246853694319725 0.250556439161301 0.247601926326752 0.23566298186779 0.217951163649559 0.205254897475243 0.195170730352402 0.183964386582375
-9999 -9999 -9999 -9999 -9999 -9999 -9999 -9999 0.0468714833259583 0.0721597149968147 0.133505880832672 0.121354289352894 0.0907176584005356 0.0960728675127029 0.110762283205986 0.135839208960533 0.158579081296921 0.190554529428482 0.209919065237045 0.202075004577637 0.205562382936478 0.215851455926895 0.229382395744324 0.230673477053642 0.221777990460396 0.217086136341095 0.223450303077698 0.236513659358025 0.240635246038437 0.239319860935211 0.242640674114227 0.250757843255997 0.265196293592453 0.273866295814514 0.279848158359528 0.290051966905594 0.303503096103668 0.32133960723877 0.330372542142868 0.322797864675522 0.30764040350914 0.297916799783707 0.287875205278397 0.279904901981354 0.272454649209976 0.26660293340683 0.266251653432846 0.266323894262314 0.266215622425079 0.265668213367462 0.261332184076309 0.250182002782822 0.232737481594086 0.217187523841858 0.203055500984192 0.18926614522934
-9999 -9999 -9999 -9999 -9999 -9999 -9999 -9999 -9999 0.0773462057113647 0.179293140769005 0.144342318177223 0.10014171153307 0.113033071160316 0.137506350874901 0.167736172676086 0.184578999876976 0.217816755175591 0.238286241889 0.220586702227592 0.218877851963043 0.227746054530144 0.24052631855011 0.242442548274994 0.231130763888359 0.224325746297836 0.230386927723885 0.242081701755524 0.247278094291687 0.247224032878876 0.250703066587448 0.262533754110336 0.279355049133301 0.290640085935593 0.29754227399826 0.306381613016129 0.320798069238663 0.33796814084053 0.353152334690094 0.360964745283127 0.351728528738022 0.339625418186188 0.328169643878937 0.316481918096542 0.304384350776672 0.294268578290939 0.291382908821106 0.289119601249695 0.28607776761055 0.28190940618515 0.275473743677139 0.268871396780014 0.25946906208992 0.242910966277122 0.217026874423027 0.195504665374756
-9999 -9999 -9999 -9999 -9999 -9999 -9999 -9999 -9999 -9999 0.130462110042572 0.134701818227768 0.122704073786736 0.148111000657082 0.186827123165131 0.22187165915966 0.233496472239494 0.26069575548172 0.274619936943054 0.24791145324707 0.235241904854774 0.239997878670692 0.250237941741943 0.249838188290596 0.243191197514534 0.235469684004784 0.239127278327942 0.249214470386505 0.253633320331573 0.253816068172455 0.258705079555511 0.271144956350327 0.289735853672028 0.302926331758499 0.311978429555893 0.323499500751495 0.337785005569458 0.354545623064041 0.369179546833038 0.38330265879631 0.389545619487762 0.386047184467316 0.371950447559357 0.357261836528778 0.340555220842361 0.326564908027649 0.320075511932373 0.314843475818634 0.308373838663101 0.301146686077118 0.292797327041626 0.287002801895142 0.280065774917603 0.264239221811295 0.237976774573326 0.21822153031826
-9999 -9999 -9999 -9999 -9999 -9999 -9999 -9999 -9999 -9999 -9999 0.0765605345368385 0.155781373381615 0.221375316381454 0.260576546192169 0.288698554039001 0.293130129575729 0.314160019159317 0.322930425405502 0.277193158864975 0.250000894069672 0.252320230007172 0.256609290838242 0.256123125553131 0.255026608705521 0.25011220574379 0.250773936510086 0.256873786449432 0.260602444410324 0.260886996984482 0.265995860099792 0.278472423553467 0.296330630779266 0.311922371387482 0.32482922077179 0.34126815199852 0.354685425758362 0.3715880215168 0.386064141988754 0.399211049079895 0.413296848535538 0.42120960354805 0.418832629919052 0.400741189718246 0.378241062164307 0.361561179161072 0.351627111434937 0.342860192060471 0.334306985139847 0.323902159929276 0.313143849372864 0.303985565900803 0.288377463817596 0.27845573425293 0.27087527513504 0.262781769037247
