data/03_saidas_enm/CCSM_SVM_6k_B.balansae5.asc
NCOLS 154 
NROWS 168 
XLLCORNER -112 
YLLCORNER -55.5 
CELLSIZE 0.5 
NODATA_value -9999 
[rows 75 to 99 of 168, columns 56 to 111 of 154]
-9999 -9999 -9999 -9999 -9999 -9999 -9999 -9999 -9999 -9999 -9999 0.0588715752879699 0.182754029149261 0.293501102297145 0.357028347537319 0.45403881269793 0.574985336248407 0.670417694352735 0.679840803520575 0.618917393243308 0.545652066015786 0.517790057309013 0.507115573779612 0.497827717024611 0.495640267784844 0.491717463551632 0.494958393303697 0.501950809905876 0.509084762854163 0.520308069214245 0.53725478132282 0.564754622142256 0.600027344886726 0.635849856838211 0.674553435282113 0.714503702485535 0.753385981146872 0.79145763877472 0.822716875081028 0.843783517054302 0.856917389105482 0.859158282523584 0.855174682543471 0.833692044058916 0.794176504766983 0.758796711438762 0.732793695755378 0.707811745231415 0.673418451517999 0.62503132230375 0.562046022346649 0.490591540263069 0.408584095036575 0.347617904532771 0.304055763857777 0.267261975315593
-9999 -9999 -9999 -9999 -9999 -9999 -9999 -9999 -9999 -9999 -9999 0.0440179844061979 0.16925638071889 0.30436463125925 0.345974190843565 0.400340710402729 0.50375140607823 0.589683506345413 0.646918133543993 0.660264182065223 0.612024983452308 0.575078688023784 0.549216300828793 0.531194497923204 0.51348897920583 0.499748126281258 0.502098939400083 0.50743758267315 0.5114226970528 0.518240658741537 0.529550861293602 0.55602542509216 0.592968971567119 0.627643455700934 0.663045647573354 0.702863452990736 0.743529751429766 0.78818719869168 0.827583733385438 0.859251946905244 0.88209105348835 0.897574806327429 0.901692991569709 0.890751069453873 0.869365137739033 0.844827042969278 0.823598256300105 0.79741273539529 0.76312846010286 0.715341280857426 0.661377055320497 0.592739420178155 0.519739711789832 0.468125728490677 0.434114455375383 0.408801674236056
-9999 -9999 -9999 -9999 -9999 -9999 -9999 -9999 -9999 -9999 -9999 -9999 0.0899461353107529 0.2323650988754 0.302903862056421 0.356481382185937 0.387914506058049 0.390171708526095 0.435341910597925 0.555704562845767 0.65665203353913 0.656559134984374 0.613927823870579 0.574000167243063 0.555031069574121 0.531797933330137 0.521684692844205 0.51642107202396 0.512074691136556 0.513846804142338 0.52371155537996 0.546096867187331 0.577580062291934 0.609466223953789 0.643771201786949 0.682405825572289 0.725298444261686 0.7717726730467 0.818738629671374 0.860956856895412 0.898228874233262 0.927996365511561 0.94471780725715 0.946434539647023 0.936137026002913 0.917456101030257 0.894979262924111 0.869144480875681 0.83803145633769 0.797499471323415 0.752160060087352 0.698328712810155 0.64336526782342 0.602320212448893 0.573046569817206 0.546029321239977
-9999 -9999 -9999 -9999 -9999 -9999 -9999 -9999 -9999 -9999 -9999 -9999 0.0523684208825854 0.103110541811391 0.230178193411237 0.323542266367926 0.28384815855126 0.222573003043371 0.238038650415268 0.364086753950364 0.569623495428578 0.671067081507364 0.696660669896058 0.656142490591532 0.615872645814839 0.587132184562432 0.545558115479222 0.525088189075661 0.511910552750036 0.506183296391054 0.511107632220655 0.528548425710859 0.553796064566872 0.581503505406235 0.615673484487081 0.650486337839329 0.692569135312528 0.738895175612011 0.790339518427214 0.841941355808927 0.892141842681648 0.939720761642598 0.974326516847734 0.9884844962499 0.985138232055854 0.972963185582973 0.94541777233078 0.915962374004974 0.889069807387007 0.858708762803233 0.827798433073534 0.791486280466695 0.753405594983921 0.721535155510677 0.691853530586285 0.668286193945213
-9999 -9999 -9999 -9999 -9999 -9999 -9999 -9999 -9999 -9999 -9999 -9999 -9999 0.0506021065261535 0.140370206044146 0.221133750217074 0.19161229481138 0.160940888372847 0.173635551435424 0.230048828342777 0.354110864534599 0.526507954562034 0.728535016925308 0.796429301666474 0.786171744345093 0.719544408704098 0.657642681338676 0.582026524710217 0.513776164661656 0.50683313714589 0.503898815192598 0.51769758322353 0.536065329656685 0.558061157001336 0.587389647231759 0.617770236489863 0.659170846503009 0.703030124331916 0.755601036809949 0.810519698188635 0.869214007809178 0.932734837623867 0.981707700892581 1.00885700171819 1.01427345154042 1.00209587402484 0.973876676888262 0.941584414240378 0.916836702346039 0.90154039581674 0.886004439480451 0.861831919555585 0.835702845846231 0.812577483892398 0.790937647487894 0.773221745321376
-9999 -9999 -9999 -9999 -9999 -9999 -9999 -9999 -9999 -9999 -9999 -9999 -9999 0.0599026842674688 0.0841472703411061 0.160022328726184 0.14044130003764 0.124512744536433 0.126569295765995 0.152477178044411 0.180217575757568 0.272435624620489 0.414592210003395 0.522451085307312 0.585868806566227 0.803290098246226 0.793591027789717 0.709298837434059 0.588733491255566 0.535094774909712 0.509371434103627 0.524588528550093 0.528202876263819 0.543577042364687 0.565644132185156 0.582575832512972 0.629035372465693 0.672559629209989 0.722668333433867 0.771168702179758 0.82335882366786 0.899630672896193 0.970359610151583 1.01068757631269 1.02733755710139 1.01969038052002 0.992537963419228 0.949384159392989 0.924051349154108 0.92295922773363 0.91936256188949 0.904897873699613 0.887654753291521 0.872051470881957 0.856113071660645 0.846486232666118
-9999 -9999 -9999 -9999 -9999 -9999 -9999 -9999 -9999 -9999 -9999 -9999 -9999 -9999 0.0550845950492059 0.106662154673723 0.128584451037164 0.113503710227904 0.105247014528885 0.113526339876233 0.127666355217347 0.134891889090342 0.126614646349945 0.110771562881264 0.0961524158912787 0.168555293775386 0.386152676984014 0.727197953731845 0.787231778211395 0.760885893707941 0.633841506562453 0.593051834419612 0.567673790370462 0.546586347115586 0.564774186418827 0.584653079942745 0.622552452084906 0.6630185772326 0.709111570640247 0.75937280692956 0.805411508964759 0.87246329848651 0.936349440284846 0.989284006897923 1.02422381823909 1.02549274207415 1.00221938129216 0.963414622107488 0.939051307521164 0.934978273410939 0.931803989246174 0.924198403111499 0.910886901377385 0.902663409870916 0.899648188205052 0.892926051898621
-9999 -9999 -9999 -9999 -9999 -9999 -9999 -9999 -9999 -9999 -9999 -9999 -9999 -9999 0.0656356475893233 0.0595034150547555 0.116408940974312 0.113204336405118 0.0900472989718102 0.0968131164727168 0.107995568593585 0.118681519827499 0.127029791771962 0.128514930322501 0.129754930542569 0.126126109824053 0.107615717424188 0.155371913103077 0.423848842230329 0.65024055910156 0.777304474259144 0.720945503384915 0.636413867852941 0.57719200627514 0.572452874415523 0.58519096334189 0.622430956289476 0.661432054403503 0.699574614921682 0.750281755280746 0.780144919569318 0.839776471168889 0.888995586802505 0.954385627360155 1.00606086589492 1.02053803923585 1.00575202215313 0.972589638659222 0.952759274831649 0.950087104077724 0.936206109747498 0.938502482446151 0.924265054863899 0.918328443960923 0.923393304324085 0.927333057211995
-9999 -9999 -9999 -9999 -9999 -9999 -9999 -9999 -9999 -9999 -9999 -9999 -9999 -9999 -9999 0.0504047686033396 0.0968488179213356 0.128217125371749 0.081075224000379 0.0822465759159792 0.103929392835941 0.116295972660906 0.124239201057088 0.126059384178484 0.126627234126781 0.127092098799749 0.12801760851989 0.129922447055117 0.126775658084732 0.119404639447365 0.47539433357685 0.82895021401465 0.76012055811846 0.620490600805954 0.597949549639087 0.605619750380558 0.628323866511163 0.655162204552839 0.695757703726387 0.75767462527933 0.817707092291083 0.855464944683338 0.86513979795405 0.899658691672802 0.96955919100639 1.00442687262378 1.00369768288153 0.990134504032008 0.983829733307955 0.983778926061456 0.979571643455383 0.970287242664824 0.952901873455106 0.944005841924 0.94162572580757 0.928945224467366
-9999 -9999 -9999 -9999 -9999 -9999 -9999 -9999 -9999 -9999 -9999 -9999 -9999 -9999 -9999 0.0920177199547191 0.055688516452212 0.155321392523337 0.0891036514654027 0.0691944401836418 0.0940362948775983 0.101154555716951 0.115858687103593 0.122653386452718 0.125847628376012 0.126708400518525 0.126706410699645 0.126802119625664 0.12717473740154 0.130015957989431 0.215068865919167 0.611695920253917 0.849811261135357 0.70964999241225 0.655874454394528 0.627539544754346 0.640389030081051 0.658607815459986 0.697623265379842 0.753054522782368 0.800761964631295 0.866437193223493 0.854310734102047 0.85226918082178 0.930629496659596 0.987456047459319 0.998271600154867 1.00568078356685 1.00819427134898 1.00960803349544 1.00990213830653 1.00085423814503 0.985974151487634 0.97868822359975 0.970751493987911 0.95219839536787
-9999 -9999 -9999 -9999 -9999 -9999 -9999 -9999 -9999 -9999 -9999 -9999 -9999 -9999 -9999 0.114899081753221 0.0516812643944076 0.144162320509842 0.157698803852414 0.083809537649665 0.0507234475486336 0.0621958222234025 0.082339803623742 0.100212315958141 0.114876616985044 0.120745309463581 0.124517355538096 0.125854961177305 0.125616731254794 0.126179567590921 0.154547421147022 0.368032777319018 0.846248867823871 0.862787657596678 0.774151455207023 0.696540539774914 0.67039511061255 0.682336063215897 0.710523347293863 0.745990904617315 0.778126131216817 0.861540299142349 0.832525173328519 0.817513535680085 0.857572268159984 0.949589390778803 0.986577431606762 1.01005460976222 1.02416103956171 1.02658955448675 1.01815577618461 1.01806874546039 1.01351872047624 1.00997863303359 1.00879957086015 1.00185853566752
-9999 -9999 -9999 -9999 -9999 -9999 -9999 -9999 -9999 -9999 -9999 -9999 -9999 -9999 -9999 -9999 0.0993514108043762 0.0536886535249694 0.176550944895542 0.165061992451149 0.0834067790470113 0.0600690925852482 0.0589608211491493 0.0697480987474751 0.083616163509051 0.092183418847209 0.10853392497709 0.115541469608925 0.11862094033801 0.122219615404572 0.133416155301376 0.204980607362069 0.549099953302017 0.853962616440063 0.918309878474793 0.818293707100737 0.733570803768102 0.720006004649879 0.731158368946334 0.76988568871345 0.792677269738475 0.844283003930438 0.787369123114179 0.777443133681779 0.831610950456177 0.924084948754369 0.979367269841291 1.01172883212066 1.02930137146279 1.03391336611237 1.0287235001443 1.03326768119 1.02799493176353 1.02428393503542 1.02373021976636 1.00827320357235
-9999 -9999 -9999 -9999 -9999 -9999 -9999 -9999 -9999 -9999 -9999 -9999 -9999 -9999 -9999 -9999 -9999 0.0980237345510499 0.0533331666179976 0.163926251865047 0.211564600285284 0.13257815739936 0.0707416351161239 0.0543820932905275 0.0608692285192549 0.0724016817129389 0.0870077382839234 0.0984062627869776 0.107774539446476 0.118026329282424 0.125669409915676 0.142219016179198 0.200801809788053 0.369847618353023 0.763818357711412 0.945393006154329 0.876311503599407 0.795927415076214 0.738258974113707 0.7693009702492 0.772752879243813 0.779736929276042 0.759879281976093 0.785637951698299 0.849070131219238 0.924058535370959 0.965626085453178 0.991797797688919 1.00637115366556 1.01476786047133 1.0167555729433 1.02909415824584 1.0347139970208 1.03757234522358 1.03431010761896 1.0179423427883
-9999 -9999 -9999 -9999 -9999 -9999 -9999 -9999 -9999 -9999 -9999 -9999 -9999 -9999 -9999 -9999 -9999 -9999 -9999 0.0564768632733348 0.110009410010716 0.16298315524589 0.143590052135258 0.0949587419749269 0.0710252483260289 0.0639370649015585 0.0682459188176267 0.0831485659385417 0.0952000461707601 0.108870097982396 0.12052234716503 0.126104191584228 0.135073176858539 0.15832352989713 0.310517638444384 0.747645358463251 0.934748087309326 0.920565916310903 0.811640728097553 0.772790716109477 0.707163758752611 0.748352757820765 0.766073744474881 0.795363170205934 0.862769219905379 0.901664373170567 0.935562807471725 0.960607851204203 0.977666965154434 0.989116724576788 0.987912895306731 1.01033833457871 1.0234979933223 1.03305891038651 1.03948908273995 1.02738736825089
-9999 -9999 -9999 -9999 -9999 -9999 -9999 -9999 -9999 -9999 -9999 -9999 -9999 -9999 -9999 -9999 -9999 -9999 -9999 -9999 -9999 0.074771573772936 0.0892207433785188 0.133166000643627 0.121293712223005 0.0686962661689637 0.0636062913552058 0.0725697524355373 0.0813565299613612 0.0934774500921131 0.102588063392733 0.11465733630684 0.124107718056911 0.129811661699724 0.147450651148729 0.208832382722069 0.516561328933992 0.939141947022146 0.93061700081927 0.894163665253822 0.820101415542335 0.780938135495544 0.77733028207084 0.812008833818763 0.843832233404638 0.878099138118346 0.915413231437796 0.944323279962676 0.968052417236126 0.981886812097774 0.989929933810969 1.00798024606079 1.02473444812311 1.03554141905546 1.04015270063933 1.04018578730168
-9999 -9999 -9999 -9999 -9999 -9999 -9999 -9999 -9999 -9999 -9999 -9999 -9999 -9999 -9999 -9999 -9999 -9999 -9999 -9999 -9999 -9999 -9999 0.0843286777616102 0.119592638143599 0.128488172801742 0.100353876223149 0.0778855726114868 0.0761761804168251 0.0807934356529748 0.0852427634259751 0.0983599229680565 0.114471864421677 0.122190061509124 0.128599369637711 0.139636207327977 0.193421743289536 0.509197744160371 0.905317792164037 1.01389877075066 0.908372160850729 0.809452142393841 0.773823955236637 0.779393906202974 0.812374247486634 0.854006567862011 0.89578874267262 0.931427036992643 0.95844431659875 0.976231398465644 0.989556000231078 1.00778657301256 1.02170880380135 1.03156522106283 1.03776536651294 1.03873597910614
-9999 -9999 -9999 -9999 -9999 -9999 -9999 -9999 -9999 -9999 -9999 -9999 -9999 -9999 -9999 -9999 -9999 -9999 -9999 -9999 -9999 -9999 -9999 -9999 -9999 0.0617938961122076 0.160152299895801 0.121212644303633 0.0872176513188086 0.0895404196011859 0.0926288110414187 0.0841006904203545 0.0890186462268239 0.10157701747833 0.116747196926846 0.125718428639552 0.141523588713252 0.191967407628474 0.415014962254445 0.929310907575698 0.96659424153403 0.826101416344458 0.735725199654695 0.728477577211975 0.777386705183261 0.829604577222296 0.875537340633438 0.91772443931836 0.94508081330993 0.964836645854563 0.980600607918496 0.999434164966873 1.00879848651826 1.02008520137981 1.03235801942501 1.03203206164993
-9999 -9999 -9999 -9999 -9999 -9999 -9999 -9999 -9999 -9999 -9999 -9999 -9999 -9999 -9999 -9999 -9999 -9999 -9999 -9999 -9999 -9999 -9999 -9999 -9999 0.0778514049591371 0.0763801674197005 0.185474904727162 0.155826328616097 0.123906986236889 0.109746990162859 0.0930437495010041 0.0793574172886796 0.0777841743899602 0.0914985943301249 0.109377095886855 0.122882439011349 0.153118612473715 0.281775377318217 0.756167771498284 0.997318229519858 0.8701010062259 0.73363684996543 0.69803471352703 0.738508907918477 0.796037648060888 0.843224189748156 0.887489269755837 0.918864237065414 0.942128092352121 0.963840962070784 0.981017643417248 0.995758844368911 1.01322564086721 1.02880127307907 1.02823345369937
-9999 -9999 -9999 -9999 -9999 -9999 -9999 -9999 -9999 -9999 -9999 -9999 -9999 -9999 -9999 -9999 -9999 -9999 -9999 -9999 -9999 -9999 -9999 -9999 -9999 -9999 -9999 0.0906192626281859 0.204385995627189 0.164169872023752 0.125509183459663 0.115131555727457 0.107607083988859 0.0947413672247436 0.0796792457362867 0.0765701830402403 0.0999306618047954 0.129382352625475 0.229334062628133 0.594170350098391 0.93848075335621 0.907653545812575 0.749525107919402 0.680519805954439 0.710214114849958 0.759932897500467 0.803467837522815 0.842918097016008 0.873233797465297 0.905606090929171 0.928710306370917 0.956865457739929 0.982085512426898 1.0079080082082 1.02757634951099 1.02688378209388
-9999 -9999 -9999 -9999 -9999 -9999 -9999 -9999 -9999 -9999 -9999 -9999 -9999 -9999 -9999 -9999 -9999 -9999 -9999 -9999 -9999 -9999 -9999 -9999 -9999 -9999 -9999 0.0639151062634865 0.161694149763317 0.180984980483859 0.139923249857329 0.126199910170783 0.121168430842472 0.114073919607674 0.10114778763717 0.0898441565936014 0.0900087530084995 0.113304702650154 0.200702716909856 0.472262874244114 0.835068096815197 0.910832000391938 0.78551047841598 0.685033540474809 0.67927939533243 0.714889482160886 0.750848381046976 0.786158629778345 0.819924989938767 0.851115701139509 0.888309973073609 0.937231020513038 0.976876177167591 1.00675423081446 1.0255974952881 1.03230964546566
-9999 -9999 -9999 -9999 -9999 -9999 -9999 -9999 -9999 -9999 -9999 -9999 -9999 -9999 -9999 -9999 -9999 -9999 -9999 -9999 -9999 -9999 -9999 -9999 -9999 -9999 -9999 -9999 0.120989159776357 0.182616416044207 0.164098772990233 0.135731369961388 0.127447889128838 0.121380952122412 0.113896947790383 0.108586116509807 0.0963785309586879 0.101902035455573 0.16846177604767 0.392968063531417 0.748809043632987 0.880768150506729 0.763043150935968 0.650156594368447 0.647412569274397 0.666281320768053 0.699252197397576 0.728361939978502 0.768033428538818 0.810349448984593 0.850150601499607 0.916818827013028 0.959100959520199 0.987684860754108 1.01978930283229 1.03815791905814
-9999 -9999 -9999 -9999 -9999 -9999 -9999 -9999 -9999 -9999 -9999 -9999 -9999 -9999 -9999 -9999 -9999 -9999 -9999 -9999 -9999 -9999 -9999 -9999 -9999 -9999 -9999 -9999 0.102026795190459 0.16709664463789 0.176670081773763 0.146366332260567 0.132988019441463 0.126025370365417 0.119096123321275 0.114406566669848 0.099109832625967 0.0971951167175502 0.152596286896403 0.341725581173899 0.671812700316931 0.832646288627002 0.740806614864985 0.619591791307744 0.584925084933596 0.616947920476716 0.658791541139721 0.695258776224101 0.743742010175513 0.794168634865677 0.842303344851765 0.901033839795978 0.941721145165408 0.975512764997787 1.01424308722833 1.04768021956144
-9999 -9999 -9999 -9999 -9999 -9999 -9999 -9999 -9999 -9999 -9999 -9999 -9999 -9999 -9999 -9999 -9999 -9999 -9999 -9999 -9999 -9999 -9999 -9999 -9999 -9999 -9999 -9999 0.0939085878995963 0.164710400358105 0.181250096034945 0.152301521444217 0.134634969902203 0.127054464727104 0.118205557684358 0.115425754206288 0.0982093469693749 0.0906842223694234 0.132992151457168 0.303302504873258 0.600862791658493 0.81590458727796 0.702166178723776 0.564622183852862 0.518832853338171 0.500502811672018 0.604110571107018 0.669975985915932 0.723125708736689 0.785997289002129 0.823907339901352 0.890230685335703 0.924776315901414 0.964281997695319 1.01581456591822 1.053497938752
-9999 -9999 -9999 -9999 -9999 -9999 -9999 -9999 -9999 -9999 -9999 -9999 -9999 -9999 -9999 -9999 -9999 -9999 -9999 -9999 -9999 -9999 -9999 -9999 -9999 -9999 -9999 -9999 0.0903173510226216 0.173068405968923 0.19855597190841 0.152766896684299 0.132002050554342 0.123831420385894 0.113851407857406 0.103033261913025 0.088591490475354 0.0892244083952702 0.13029296241074 0.298752209865244 0.604741965966986 0.766610362944763 0.657772942448788 0.517708798775312 0.450170158393199 0.454667449933378 0.526730018469461 0.618596911503908 0.696232872832212 0.768168189947947 0.830160535522154 0.876732810344583 0.914513157560786 0.964365578627602 1.01893993433873 1.05604865472901
-9999 -9999 -9999 -9999 -9999 -9999 -9999 -9999 -9999 -9999 -9999 -9999 -9999 -9999 -9999 -9999 -9999 -9999 -9999 -9999 -9999 -9999 -9999 -9999 -9999 -9999 -9999 -9999 0.0853293302954495 0.185247877699732 0.207863276268809 0.148111859620383 0.128358607524774 0.120346407939581 0.108737607261696 0.0934309984073894 0.084810016926913 0.0888226581147077 0.125535441717241 0.311616102515521 0.604307825965422 0.727778818529108 0.601287599880046 0.467598483571579 0.403492298307155 0.391447340988838 0.461336843056244 0.557876497421332 0.647912952694252 0.743596493075602 0.803181230679832 0.850919170467529 0.897627912043618 0.951038710781722 1.00786308621681 1.04783613126645
