data/03_saidas_enm/CCSM_Maxent_6k_B.balansae5.asc
NCOLS 154 
NROWS 168 
XLLCORNER -112 
YLLCORNER -55.5 
CELLSIZE 0.5 
NODATA_value -9999 
[rows 100 to 124 of 168, columns 56 to 111 of 154]
-9999 -9999 -9999 -9999 -9999 -9999 -9999 -9999 -9999 -9999 -9999 -9999 -9999 -9999 -9999 -9999 -9999 -9999 -9999 -9999 -9999 -9999 -9999 -9999 -9999 -9999 -9999 -9999 0.0345455035567284 0.144997656345367 0.38647648692131 0.433784633874893 0.42128112912178 0.415306180715561 0.381471365690231 0.328290283679962 0.22735196352005 0.168597832322121 0.21947292983532 0.352585643529892 0.509607076644897 0.510406136512756 0.41187795996666 0.400745004415512 0.407297819852829 0.40607413649559 0.434377759695053 0.476728349924088 0.511944651603699 0.521589457988739 0.536738097667694 0.55268782377243 0.561841666698456 0.557880580425262 0.569836795330048 0.592584252357483
-9999 -9999 -9999 -9999 -9999 -9999 -9999 -9999 -9999 -9999 -9999 -9999 -9999 -9999 -9999 -9999 -9999 -9999 -9999 -9999 -9999 -9999 -9999 -9999 -9999 -9999 -9999 -9999 0.0346536599099636 0.148801371455193 0.402182847261429 0.409574091434479 0.398784667253494 0.406585484743118 0.378530234098434 0.312108218669891 0.219033882021904 0.17173370718956 0.22687865793705 0.368101179599762 0.527471721172333 0.498813420534134 0.400036543607712 0.406694561243057 0.392772048711777 0.392796605825424 0.424194604158401 0.471884250640869 0.492081016302109 0.502049088478088 0.483378171920776 0.51222175359726 0.523451626300812 0.523679733276367 0.544682919979095 0.568325459957123
-9999 -9999 -9999 -9999 -9999 -9999 -9999 -9999 -9999 -9999 -9999 -9999 -9999 -9999 -9999 -9999 -9999 -9999 -9999 -9999 -9999 -9999 -9999 -9999 -9999 -9999 -9999 0.0178184118121862 0.0370757319033146 0.144713073968887 0.345422834157944 0.362435698509216 0.378297865390778 0.413390934467316 0.377020686864853 0.293955475091934 0.21811705827713 0.190925002098083 0.255066514015198 0.391487121582031 0.543796300888062 0.468505412340164 0.387693643569946 0.399954378604889 0.374384462833405 0.368578344583511 0.394636929035187 0.446726739406586 0.471477538347244 0.479522615671158 0.479969352483749 0.495139986276627 0.505069613456726 0.504728078842163 0.527467787265778 0.550367593765259
-9999 -9999 -9999 -9999 -9999 -9999 -9999 -9999 -9999 -9999 -9999 -9999 -9999 -9999 -9999 -9999 -9999 -9999 -9999 -9999 -9999 -9999 -9999 -9999 -9999 -9999 -9999 0.0184103138744831 0.0403071641921997 0.138163626194 0.282028704881668 0.303589016199112 0.343815326690674 0.419047802686691 0.3585125207901 0.269601821899414 0.214685365557671 0.204121515154839 0.264554023742676 0.417597264051437 0.526849806308746 0.439376592636108 0.364766031503677 0.376627892255783 0.344587236642838 0.332836002111435 0.354044049978256 0.390785157680511 0.427231341600418 0.443077176809311 0.454556256532669 0.479223996400833 0.505676209926605 0.498416066169739 0.515301287174225 0.528960525989532
-9999 -9999 -9999 -9999 -9999 -9999 -9999 -9999 -9999 -9999 -9999 -9999 -9999 -9999 -9999 -9999 -9999 -9999 -9999 -9999 -9999 -9999 -9999 -9999 -9999 -9999 -9999 0.0198609102517366 0.0484357476234436 0.139645904302597 0.216665387153625 0.248866036534309 0.306623429059982 0.421207845211029 0.334528177976608 0.240102469921112 0.200971737504005 0.191799774765968 0.275512993335724 0.438476711511612 0.515941679477692 0.408896625041962 0.350208312273026 0.332351714372635 0.323688864707947 0.301972240209579 0.318251669406891 0.343678325414658 0.373976618051529 0.402288824319839 0.416993886232376 0.448226511478424 0.463306069374084 0.476178079843521 0.494955241680145 0.5085808634758
-9999 -9999 -9999 -9999 -9999 -9999 -9999 -9999 -9999 -9999 -9999 -9999 -9999 -9999 -9999 -9999 -9999 -9999 -9999 -9999 -9999 -9999 -9999 -9999 -9999 -9999 -9999 0.0230325758457184 0.0605517067015171 0.13315013051033 0.164169237017632 0.194166794419289 0.267527133226395 0.413058161735535 0.302911698818207 0.19790817797184 0.169856995344162 0.17396479845047 0.276721805334091 0.450215667486191 0.496360033750534 0.38494485616684 0.33123043179512 0.314415991306305 0.306109398603439 0.305340796709061 0.311870992183685 0.3182113468647 0.339968502521515 0.376491814851761 0.397100269794464 0.419818818569183 0.438514739274979 0.454808801412582 0.474857151508331 0.48956498503685
-9999 -9999 -9999 -9999 -9999 -9999 -9999 -9999 -9999 -9999 -9999 -9999 -9999 -9999 -9999 -9999 -9999 -9999 -9999 -9999 -9999 -9999 -9999 -9999 -9999 -9999 -9999 0.0279314946383238 0.0769474059343338 0.117251046001911 0.124565899372101 0.152342364192009 0.229603707790375 0.400914072990417 0.264862447977066 0.148401588201523 0.120528995990753 0.146648466587067 0.262354999780655 0.450442165136337 0.479367077350616 0.363282263278961 0.320981979370117 0.307731777429581 0.305648595094681 0.309463828802109 0.314498692750931 0.321783751249313 0.337628960609436 0.360073983669281 0.393017619848251 0.408037424087524 0.421287149190903 0.437192022800446 0.455163866281509 0.476940035820007
-9999 -9999 -9999 -9999 -9999 -9999 -9999 -9999 -9999 -9999 -9999 -9999 -9999 -9999 -9999 -9999 -9999 -9999 -9999 -9999 -9999 -9999 -9999 -9999 -9999 -9999 -9999 0.0354167446494102 0.0953555479645729 0.107203833758831 0.0962613001465797 0.123589485883713 0.205180048942566 0.379455178976059 0.217084243893623 0.101489894092083 0.0935389325022697 0.123999699950218 0.25426459312439 0.453615933656693 0.463012963533401 0.337622761726379 0.304566472768784 0.301651000976562 0.302401542663574 0.306660532951355 0.312912613153458 0.319089293479919 0.332804530858994 0.350578874349594 0.374162524938583 0.38792684674263 0.401792883872986 0.417533904314041 0.436432033777237 0.458728849887848
-9999 -9999 -9999 -9999 -9999 -9999 -9999 -9999 -9999 -9999 -9999 -9999 -9999 -9999 -9999 -9999 -9999 -9999 -9999 -9999 -9999 -9999 -9999 -9999 -9999 -9999 -9999 0.0441377647221088 0.113744132220745 0.0986258909106255 0.0772974565625191 0.105778373777866 0.18713453412056 0.366910487413406 0.177346169948578 0.0857788100838661 0.0942406356334686 0.113407880067825 0.254163593053818 0.462516844272614 0.430983036756516 0.316061019897461 0.289933890104294 0.288810610771179 0.292310178279877 0.296788513660431 0.303392022848129 0.31037700176239 0.317544162273407 0.337241649627686 0.351390510797501 0.362836986780167 0.377102911472321 0.39487361907959 0.419126957654953 0.439954072237015
-9999 -9999 -9999 -9999 -9999 -9999 -9999 -9999 -9999 -9999 -9999 -9999 -9999 -9999 -9999 -9999 -9999 -9999 -9999 -9999 -9999 -9999 -9999 -9999 -9999 -9999 -9999 0.0508605092763901 0.108591631054878 0.093051865696907 0.0722565501928329 0.103882916271687 0.202641203999519 0.359701573848724 0.166545420885086 0.0876424238085747 0.0974126681685448 0.135090783238411 0.295098543167114 0.489258825778961 0.401649653911591 0.292323410511017 0.266773104667664 0.271337330341339 0.275147706270218 0.279919147491455 0.287272900342941 0.294502258300781 0.302637457847595 0.314738541841507 0.329834967851639 0.342275619506836 0.353277146816254 0.373261004686356 0.39685845375061 0.41708043217659
-9999 -9999 -9999 -9999 -9999 -9999 -9999 -9999 -9999 -9999 -9999 -9999 -9999 -9999 -9999 -9999 -9999 -9999 -9999 -9999 -9999 -9999 -9999 -9999 -9999 -9999 0.0212039332836866 0.0619727224111557 0.105201452970505 0.0883952230215073 0.0724771395325661 0.110472276806831 0.222999513149261 0.374708473682404 0.173160627484322 0.0910638496279716 0.101764835417271 0.205655440688133 0.370871514081955 0.521966814994812 0.340160191059113 0.267106652259827 0.241145953536034 0.246246844530106 0.252726852893829 0.257994681596756 0.266361922025681 0.274315178394318 0.283671826124191 0.296041250228882 0.308975458145142 0.325766861438751 0.337060511112213 0.356875061988831 0.378482490777969 0.395083010196686
-9999 -9999 -9999 -9999 -9999 -9999 -9999 -9999 -9999 -9999 -9999 -9999 -9999 -9999 -9999 -9999 -9999 -9999 -9999 -9999 -9999 -9999 -9999 -9999 -9999 -9999 0.0331747904419899 0.0881312042474747 0.106574043631554 0.0843279212713242 0.0746520012617111 0.131173476576805 0.27616423368454 0.383362799882889 0.207542881369591 0.123483300209045 0.170591071248055 0.298836082220078 0.446664184331894 0.439252614974976 0.296821743249893 0.237988591194153 0.222947359085083 0.220256015658379 0.221769794821739 0.229559570550919 0.240575075149536 0.252019494771957 0.263393580913544 0.277039885520935 0.292187362909317 0.308115631341934 0.322603166103363 0.340166836977005 0.358752459287643 0.374399304389954
-9999 -9999 -9999 -9999 -9999 -9999 -9999 -9999 -9999 -9999 -9999 -9999 -9999 -9999 -9999 -9999 -9999 -9999 -9999 -9999 -9999 -9999 -9999 -9999 -9999 -9999 0.0600037463009357 0.0917201638221741 0.0933893844485283 0.0787180960178375 0.0745041072368622 0.160623952746391 0.328681886196136 0.400715410709381 0.265412449836731 0.182697549462318 0.275199979543686 0.401600748300552 0.467226028442383 0.335193544626236 0.238525301218033 0.213733494281769 0.205331355333328 0.204489201307297 0.204696282744408 0.205657884478569 0.217154383659363 0.229776665568352 0.242419272661209 0.255949020385742 0.272019386291504 0.289272844791412 0.307766616344452 0.326696783304214 0.341939389705658 0.356659442186356
-9999 -9999 -9999 -9999 -9999 -9999 -9999 -9999 -9999 -9999 -9999 -9999 -9999 -9999 -9999 -9999 -9999 -9999 -9999 -9999 -9999 -9999 -9999 -9999 -9999 -9999 0.0822501257061958 0.0885365605354309 0.0764282122254372 0.0736022517085075 0.109064519405365 0.207384780049324 0.373422265052795 0.435962915420532 0.376492828130722 0.35229679942131 0.407794952392578 0.470916479825974 0.338461250066757 0.256741046905518 0.215239986777306 0.194678142666817 0.18984380364418 0.191326960921288 0.194017633795738 0.200661420822144 0.209000736474991 0.220666497945786 0.232152491807938 0.242376491427422 0.256930440664291 0.273110687732697 0.290733993053436 0.307625740766525 0.320918351411819 0.333608597517014
-9999 -9999 -9999 -9999 -9999 -9999 -9999 -9999 -9999 -9999 -9999 -9999 -9999 -9999 -9999 -9999 -9999 -9999 -9999 -9999 -9999 -9999 -9999 -9999 -9999 0.0868588238954544 0.0920333787798882 0.0838557928800583 0.0649239793419838 0.0820037797093391 0.142076477408409 0.247696697711945 0.397260040044785 0.491298466920853 0.458472579717636 0.420478701591492 0.466701567173004 0.33027857542038 0.2420474588871 0.209486424922943 0.201859131455421 0.18541793525219 0.182444617152214 0.187225967645645 0.196253567934036 0.211199447512627 0.209212571382523 0.21244952082634 0.22195491194725 0.230177894234657 0.240999758243561 0.25694140791893 0.271960496902466 0.286565542221069 0.298516392707825 0.310510337352753
-9999 -9999 -9999 -9999 -9999 -9999 -9999 -9999 -9999 -9999 -9999 -9999 -9999 -9999 -9999 -9999 -9999 -9999 -9999 -9999 -9999 -9999 -9999 -9999 -9999 0.0898589640855789 0.0970317274332047 0.0732715427875519 0.0645409971475601 0.0985935553908348 0.1756791472435 0.263391137123108 0.347252607345581 0.417644828557968 0.404911935329437 0.354024410247803 0.313424199819565 0.25257596373558 0.199797436594963 0.184772580862045 0.183971673250198 0.175879821181297 0.175959095358849 0.180501341819763 0.193879351019859 0.201155185699463 0.203345820307732 0.201914012432098 0.210866138339043 0.217973962426186 0.228554919362068 0.240336790680885 0.251798540353775 0.26482355594635 0.27577206492424 0.286160320043564
-9999 -9999 -9999 -9999 -9999 -9999 -9999 -9999 -9999 -9999 -9999 -9999 -9999 -9999 -9999 -9999 -9999 -9999 -9999 -9999 -9999 -9999 -9999 -9999 -9999 0.0919325649738312 0.0988848581910133 0.0703368782997131 0.0629731938242912 0.115573182702065 0.205118387937546 0.259425550699234 0.293107092380524 0.309372693300247 0.294697254896164 0.232365012168884 0.219095900654793 0.19446961581707 0.173653945326805 0.1733208745718 0.170644417405128 0.16783319413662 0.16525112092495 0.170275554060936 0.183723077178001 0.191348627209663 0.194329842925072 0.192124009132385 0.199942961335182 0.206907287240028 0.21694053709507 0.225553885102272 0.233764365315437 0.244418621063232 0.254499435424805 0.264034003019333
-9999 -9999 -9999 -9999 -9999 -9999 -9999 -9999 -9999 -9999 -9999 -9999 -9999 -9999 -9999 -9999 -9999 -9999 -9999 -9999 -9999 -9999 -9999 -9999 -9999 0.0830662846565247 0.0926847979426384 0.0683347880840302 0.0635382384061813 0.124068826436996 0.206564322113991 0.244593650102615 0.242917940020561 0.232771798968315 0.220095157623291 0.186086773872375 0.17706498503685 0.165751129388809 0.157058596611023 0.163256198167801 0.168896168470383 0.162142246961594 0.156233906745911 0.157326519489288 0.163345441222191 0.171529039740562 0.17607556283474 0.184387192130089 0.192404419183731 0.197932258248329 0.204132929444313 0.211931988596916 0.219776645302773 0.229769736528397 0.238281831145287 0.246669247746468
-9999 -9999 -9999 -9999 -9999 -9999 -9999 -9999 -9999 -9999 -9999 -9999 -9999 -9999 -9999 -9999 -9999 -9999 -9999 -9999 -9999 -9999 -9999 -9999 -9999 0.0770985409617424 0.0857319757342339 0.064873680472374 0.0630312636494637 0.127297401428223 0.213071897625923 0.227585598826408 0.207682430744171 0.189035728573799 0.178648337721825 0.152708068490028 0.151578977704048 0.150743991136551 0.147361040115356 0.158319070935249 0.164051368832588 0.157152116298676 0.147970631718636 0.150463879108429 0.153756573796272 0.158501476049423 0.168587446212769 0.177673891186714 0.184979662299156 0.189324587583542 0.193435832858086 0.200554624199867 0.207469373941422 0.216150939464569 0.223100557923317 0.231189265847206
-9999 -9999 -9999 -9999 -9999 -9999 -9999 -9999 -9999 -9999 -9999 -9999 -9999 -9999 -9999 -9999 -9999 -9999 -9999 -9999 -9999 -9999 -9999 -9999 -9999 0.0739162117242813 0.0802834779024124 0.06345434486866 0.0623040646314621 0.120799645781517 0.194783806800842 0.208350151777267 0.186334997415543 0.170337930321693 0.159004956483841 0.140663787722588 0.140747472643852 0.139170035719872 0.138285413384438 0.147524580359459 0.153973489999771 0.145599693059921 0.139310777187347 0.141471460461617 0.147264838218689 0.155160948634148 0.162525340914726 0.169222131371498 0.176112711429596 0.181158274412155 0.185058921575546 0.189572513103485 0.195264920592308 0.203876048326492 0.211206331849098 0.218071579933167
-9999 -9999 -9999 -9999 -9999 -9999 -9999 -9999 -9999 -9999 -9999 -9999 -9999 -9999 -9999 -9999 -9999 -9999 -9999 -9999 -9999 -9999 -9999 -9999 -9999 0.0721581876277924 0.0780942440032959 0.0622516237199306 0.0587880499660969 0.113324411213398 0.182776570320129 0.18962174654007 0.167750686407089 0.153348222374916 0.148628309369087 0.136870086193085 0.136055484414101 0.129587888717651 0.128618508577347 0.139076352119446 0.144657596945763 0.13613173365593 0.132381618022919 0.134585380554199 0.142093226313591 0.150654807686806 0.157405272126198 0.162285968661308 0.167986944317818 0.1722012758255 0.176766350865364 0.18046148121357 0.185235783457756 0.193036109209061 0.199555724859238 0.206541478633881
-9999 -9999 -9999 -9999 -9999 -9999 -9999 -9999 -9999 -9999 -9999 -9999 -9999 -9999 -9999 -9999 -9999 -9999 -9999 -9999 -9999 -9999 -9999 -9999 -9999 0.0699610784649849 0.0757613852620125 0.0607720538973808 0.055760845541954 0.101489670574665 0.16117388010025 0.170872062444687 0.152855694293976 0.136945381760597 0.131882295012474 0.126891434192657 0.123387135565281 0.119198560714722 0.121026962995529 0.132039949297905 0.138043627142906 0.132303416728973 0.128391072154045 0.129996746778488 0.136781230568886 0.145288407802582 0.151110842823982 0.155554339289665 0.16083987057209 0.164974212646484 0.168354898691177 0.171984985470772 0.177445918321609 0.185167491436005 0.190939456224442 0.196134731173515
-9999 -9999 -9999 -9999 -9999 -9999 -9999 -9999 -9999 -9999 -9999 -9999 -9999 -9999 -9999 -9999 -9999 -9999 -9999 -9999 -9999 -9999 -9999 -9999 -9999 0.067959800362587 0.0735863819718361 0.0600811429321766 0.0517958477139473 0.0902841910719872 0.141368612647057 0.151970505714417 0.139580994844437 0.128870040178299 0.123825617134571 0.12079282104969 0.118491515517235 0.11711623519659 0.119852624833584 0.131731793284416 0.136095523834229 0.129890814423561 0.125059589743614 0.125509813427925 0.13083304464817 0.138294622302055 0.144210010766983 0.148774027824402 0.154599860310555 0.158664062619209 0.162357583642006 0.165894165635109 0.169227346777916 0.17490990459919 0.180580601096153 0.18522422015667
-9999 -9999 -9999 -9999 -9999 -9999 -9999 -9999 -9999 -9999 -9999 -9999 -9999 -9999 -9999 -9999 -9999 -9999 -9999 -9999 -9999 -9999 -9999 -9999 -9999 0.0695128217339516 0.0692839622497559 0.0602354146540165 0.0493460632860661 0.0781294032931328 0.121290676295757 0.133730456233025 0.128402516245842 0.121916681528091 0.119717344641685 0.120832026004791 0.117584474384785 0.116822674870491 0.120445311069489 0.130378946661949 0.135807275772095 0.127463921904564 0.121783494949341 0.121512413024902 0.124731689691544 0.129948854446411 0.136329174041748 0.142533525824547 0.148850157856941 0.153862372040749 0.15895688533783 0.16069570183754 0.160221591591835 0.167939484119415 0.175232633948326 0.177211433649063
-9999 -9999 -9999 -9999 -9999 -9999 -9999 -9999 -9999 -9999 -9999 -9999 -9999 -9999 -9999 -9999 -9999 -9999 -9999 -9999 -9999 -9999 -9999 -9999 0.0615158379077911 0.0790956094861031 0.0739036500453949 0.0606888793408871 0.0473714545369148 0.0661457180976868 0.101547904312611 0.116701051592827 0.116684190928936 0.114302292466164 0.113430500030518 0.114061705768108 0.113052606582642 0.113502383232117 0.116190820932388 0.12433810532093 0.131477206945419 0.123550534248352 0.117772653698921 0.117535598576069 0.119948878884315 0.124088548123837 0.129324078559875 0.135229006409645 0.14193494617939 0.14792001247406 0.152993053197861 0.154810160398483 0.156597465276718 0.167896866798401 0.160425737500191 0.150881037116051
