data/03_saidas_enm/CCSM_SVM_0k_B.balansae2.asc
NCOLS 154 
NROWS 168 
XLLCORNER -112 
YLLCORNER -55.5 
CELLSIZE 0.5 
NODATA_value -9999 
[rows 100 to 124 of 168, columns 56 to 111 of 154]
-9999 -9999 -9999 -9999 -9999 -9999 -9999 -9999 -9999 -9999 -9999 -9999 -9999 -9999 -9999 -9999 -9999 -9999 -9999 -9999 -9999 -9999 -9999 -9999 -9999 -9999 -9999 -9999 0.0258009985658974 0.119699340927585 0.173102406464697 0.14742967226148 0.133448462793231 0.122032795937947 0.0971706582264774 0.073012877085373 0.0860639401765141 0.113535394030393 0.131954851714099 0.283230230320177 0.698985008338968 0.808214601538334 0.61798184259745 0.459834478795005 0.409606030413355 0.430579667693729 0.514160578852047 0.601846687343356 0.672939723146594 0.756127630751694 0.83928903573215 0.899458987191388 0.953757981665052 1.00454318277382 1.04537369560105 1.0655383825791
-9999 -9999 -9999 -9999 -9999 -9999 -9999 -9999 -9999 -9999 -9999 -9999 -9999 -9999 -9999 -9999 -9999 -9999 -9999 -9999 -9999 -9999 -9999 -9999 -9999 -9999 -9999 -9999 0.0266243729763651 0.116122514605783 0.169948533217371 0.150517630416747 0.139643961590534 0.127830937821731 0.0978086224881022 0.0734400539505891 0.0923508302027898 0.119188569196122 0.137233790703819 0.33161237405237 0.748800217608515 0.755185017575259 0.54847409596295 0.413334733589941 0.378748648594835 0.397723536561873 0.482639789749523 0.548125994717925 0.606841591199928 0.709597124707335 0.79572510071626 0.859866642215078 0.915051855057623 0.968073234229895 1.01760137829433 1.0482477529327
-9999 -9999 -9999 -9999 -9999 -9999 -9999 -9999 -9999 -9999 -9999 -9999 -9999 -9999 -9999 -9999 -9999 -9999 -9999 -9999 -9999 -9999 -9999 -9999 -9999 -9999 -9999 0.0718402463406494 0.0306239553556254 0.10645072503439 0.166745146247061 0.155859031087828 0.146908226719411 0.134750998992326 0.103146414857107 0.0813099583403656 0.099743273738547 0.122978688708346 0.151237156071722 0.407955066109091 0.785236300067359 0.683801918900902 0.497049765042359 0.384841492083561 0.353041716236862 0.375254598588238 0.446875799286855 0.519870327746956 0.585399013403061 0.66382685847407 0.738640514787059 0.800489761793855 0.849034471330842 0.908179859050957 0.970562405242446 1.0110495964277
-9999 -9999 -9999 -9999 -9999 -9999 -9999 -9999 -9999 -9999 -9999 -9999 -9999 -9999 -9999 -9999 -9999 -9999 -9999 -9999 -9999 -9999 -9999 -9999 -9999 -9999 -9999 0.0750899963437354 0.0369383110690718 0.0982786377898878 0.156937923521721 0.154689462410612 0.151855913567558 0.142424460902347 0.106053809082675 0.0872868093484646 0.107572616098783 0.128062961379134 0.16626970979552 0.482658909511463 0.771331172877185 0.612315842504467 0.440402799069408 0.349468387136141 0.324778799358604 0.34096219827817 0.404553384607668 0.481028186571488 0.548202803241532 0.61492587265321 0.682532830956411 0.7375312592808 0.782626467404029 0.84215874786352 0.909073640788156 0.95856960281551
-9999 -9999 -9999 -9999 -9999 -9999 -9999 -9999 -9999 -9999 -9999 -9999 -9999 -9999 -9999 -9999 -9999 -9999 -9999 -9999 -9999 -9999 -9999 -9999 -9999 -9999 -9999 0.075265198236674 0.0446667782535277 0.0969374612568302 0.143363493471232 0.148906002838205 0.151250862845235 0.146864254268811 0.108283176708777 0.0936933123847187 0.115416951006588 0.134162833431069 0.186199830938214 0.522459860626595 0.767292882423297 0.559565138448406 0.396040532540582 0.321867879331928 0.302139384700273 0.31331299000702 0.368948532137964 0.433493778710166 0.49807139101335 0.564362901690305 0.622987387967546 0.679428513337693 0.727880556181599 0.785605028387256 0.84904842525174 0.900016606312546
-9999 -9999 -9999 -9999 -9999 -9999 -9999 -9999 -9999 -9999 -9999 -9999 -9999 -9999 -9999 -9999 -9999 -9999 -9999 -9999 -9999 -9999 -9999 -9999 -9999 -9999 -9999 0.0751715780663936 0.0537085916323829 0.099118805366507 0.133229727421045 0.140154190539555 0.1471735292567 0.147758427023918 0.106629084157887 0.102800884370646 0.123224626138402 0.136230471109968 0.187219843461261 0.537815316285375 0.733749274722852 0.509628532234248 0.35949568619129 0.302293908043888 0.290298114138169 0.303907366918405 0.350850876789952 0.399814863518219 0.455822520017992 0.516154775874914 0.571353067541417 0.624702861860719 0.669951297906918 0.723284573692342 0.78534642333449 0.841551309672815
-9999 -9999 -9999 -9999 -9999 -9999 -9999 -9999 -9999 -9999 -9999 -9999 -9999 -9999 -9999 -9999 -9999 -9999 -9999 -9999 -9999 -9999 -9999 -9999 -9999 -9999 -9999 0.0765040626664549 0.0635126319045681 0.105183881100981 0.127157651204727 0.134178538219158 0.14193295786655 0.146247488999573 0.10677074515903 0.117308843385584 0.13075536051585 0.135715511577272 0.176008817589526 0.551869440696471 0.698769500895725 0.461162076450842 0.335263156262201 0.292586460413048 0.290436868519785 0.31299626508963 0.340041904081051 0.378214599601236 0.423676605255416 0.474325887645817 0.52740821828714 0.573030041271833 0.612695640185765 0.666164551076992 0.725369107890693 0.792838203061928
-9999 -9999 -9999 -9999 -9999 -9999 -9999 -9999 -9999 -9999 -9999 -9999 -9999 -9999 -9999 -9999 -9999 -9999 -9999 -9999 -9999 -9999 -9999 -9999 -9999 -9999 -9999 0.0795950681174448 0.073232405186041 0.110963610031216 0.125392841744209 0.131405608034592 0.139349190491211 0.14460610256059 0.11106671611957 0.128403451164908 0.135164145942246 0.136089572600319 0.173522464746675 0.565500504244281 0.651858322728733 0.410367836556193 0.305154433439677 0.275394018804364 0.277520709458531 0.297415296921954 0.320837885091579 0.353504502782933 0.391838463071231 0.431924846045604 0.473397452230364 0.513440225225101 0.554232849606626 0.606844261748324 0.667610078043841 0.735287159097826
-9999 -9999 -9999 -9999 -9999 -9999 -9999 -9999 -9999 -9999 -9999 -9999 -9999 -9999 -9999 -9999 -9999 -9999 -9999 -9999 -9999 -9999 -9999 -9999 -9999 -9999 -9999 0.085055793004187 0.0812008472676864 0.114979520499067 0.126187854783819 0.130342605227458 0.138040653015441 0.144433886929283 0.115950903238221 0.135028257755543 0.137129994338911 0.136303894235343 0.179853221942375 0.592046804461808 0.570837926197183 0.354922189153256 0.27094432109884 0.250283856104299 0.249928096278237 0.263409418913396 0.290276632870089 0.320455253077335 0.356093125854904 0.38586447717534 0.416598247728015 0.456130007547888 0.492556550910875 0.546491224771845 0.610012665588429 0.6789700900622
-9999 -9999 -9999 -9999 -9999 -9999 -9999 -9999 -9999 -9999 -9999 -9999 -9999 -9999 -9999 -9999 -9999 -9999 -9999 -9999 -9999 -9999 -9999 -9999 -9999 -9999 -9999 0.0929832531166327 0.0886896326384383 0.116322684949611 0.124845892999161 0.129253698936464 0.140135607971372 0.150553166702194 0.120262129833582 0.135740655200381 0.137335765648906 0.137843534868406 0.241485925809402 0.641503617370522 0.496137424883221 0.295168986531117 0.238623577419838 0.225137463377015 0.224156986575863 0.233197959890063 0.252949156404427 0.278178561042823 0.308756178014309 0.336212049589232 0.36565407485704 0.399532319316173 0.435795625241984 0.488386523369635 0.546745257371082 0.611377021869438
-9999 -9999 -9999 -9999 -9999 -9999 -9999 -9999 -9999 -9999 -9999 -9999 -9999 -9999 -9999 -9999 -9999 -9999 -9999 -9999 -9999 -9999 -9999 -9999 -9999 -9999 0.128412278103369 0.0979551633431062 0.0945700792714658 0.116244905004095 0.12271317907831 0.127492442981604 0.145330807405769 0.16865305793185 0.125688516550561 0.136334133950942 0.137227097766361 0.156236783935504 0.380688185715558 0.61845467305135 0.356601261803144 0.237776299756949 0.206302321554785 0.19877741072803 0.196352853731961 0.203856014275911 0.218462294891889 0.235156573055367 0.261419651825156 0.290548593146896 0.321306728666276 0.357679630516974 0.388941890070364 0.438368306711039 0.490380469049925 0.542780652908035
-9999 -9999 -9999 -9999 -9999 -9999 -9999 -9999 -9999 -9999 -9999 -9999 -9999 -9999 -9999 -9999 -9999 -9999 -9999 -9999 -9999 -9999 -9999 -9999 -9999 -9999 0.126097199295696 0.0976223588785 0.103483751161933 0.115484652608177 0.118660003340309 0.127386359791021 0.162174863885715 0.198141190130047 0.142935478312298 0.137005629455324 0.147612917611527 0.268087466263466 0.52786048813243 0.474584575327203 0.266622957735586 0.183472499834231 0.168509096951001 0.165674175547982 0.163821099369136 0.167212557625847 0.181037862759054 0.200900766522396 0.22764825844331 0.255211314521011 0.285246412586401 0.321025663079892 0.358376424647694 0.405119246071886 0.44720030682647 0.495672711642499
-9999 -9999 -9999 -9999 -9999 -9999 -9999 -9999 -9999 -9999 -9999 -9999 -9999 -9999 -9999 -9999 -9999 -9999 -9999 -9999 -9999 -9999 -9999 -9999 -9999 -9999 0.117751152631747 0.101817439893157 0.110944771163381 0.113770711803164 0.115729117566079 0.130905515461141 0.190632825399362 0.246653050467588 0.200655552419372 0.154863807053569 0.241379809087173 0.476060718449878 0.459028291335171 0.29529517136545 0.169823253076111 0.143533147163728 0.134919025157645 0.134010707740991 0.133074929830041 0.131425207904625 0.151295002069451 0.174933655823379 0.201550008060653 0.224553016405998 0.253395627898327 0.289988917686905 0.332868782173785 0.377324790730719 0.409267610576594 0.453898141211574
-9999 -9999 -9999 -9999 -9999 -9999 -9999 -9999 -9999 -9999 -9999 -9999 -9999 -9999 -9999 -9999 -9999 -9999 -9999 -9999 -9999 -9999 -9999 -9999 -9999 -9999 0.104386407514264 0.111194902802847 0.113282944981706 0.111710745146669 0.114853499817979 0.155308689989931 0.271162518769198 0.382793567654327 0.375183780408142 0.347481818786926 0.458069453439172 0.467009361839413 0.279260991402455 0.177597696722821 0.13439997962703 0.118329293483545 0.113538443630209 0.114090421828627 0.115670665434158 0.120340298950269 0.132739079362462 0.150971162929398 0.173814874635006 0.194143169436887 0.219475585987661 0.252693215208792 0.291187945354945 0.331631710961594 0.361793329151541 0.394040003720325
-9999 -9999 -9999 -9999 -9999 -9999 -9999 -9999 -9999 -9999 -9999 -9999 -9999 -9999 -9999 -9999 -9999 -9999 -9999 -9999 -9999 -9999 -9999 -9999 -9999 0.0851605861458974 0.100116638995643 0.115654155958279 0.114696039274281 0.110721606192886 0.127012757015696 0.204487484445149 0.395377783009749 0.534187426959935 0.517483420155188 0.409132120470735 0.407954451884721 0.263014620768793 0.151756245422094 0.122144067668981 0.113805213761183 0.105170045727775 0.100295992889493 0.101890835884078 0.10639665987722 0.116080839264926 0.120668360598963 0.13142428178711 0.148294609324778 0.164553942790993 0.185555528437989 0.218261394636291 0.249360825203915 0.283339771818863 0.309581666767616 0.336196803639689
-9999 -9999 -9999 -9999 -9999 -9999 -9999 -9999 -9999 -9999 -9999 -9999 -9999 -9999 -9999 -9999 -9999 -9999 -9999 -9999 -9999 -9999 -9999 -9999 -9999 0.0878262746688566 0.103116230009855 0.111997959001569 0.110560502217601 0.109891066473051 0.145508926162374 0.253323610007553 0.430766202064512 0.524599440481226 0.426741404159441 0.306462393839411 0.228136093562883 0.150843964967796 0.111635351038432 0.102865099265828 0.100134642541458 0.0941215620542786 0.091046440530534 0.0926666546922084 0.0988679319518924 0.10622106191384 0.106975952136762 0.111865305063469 0.125937573282023 0.142127738833147 0.163093232400253 0.188034967323143 0.213215309954846 0.243624364245066 0.269995240975309 0.294046500975924
-9999 -9999 -9999 -9999 -9999 -9999 -9999 -9999 -9999 -9999 -9999 -9999 -9999 -9999 -9999 -9999 -9999 -9999 -9999 -9999 -9999 -9999 -9999 -9999 -9999 0.0867599360342354 0.104214851860761 0.109622473707883 0.106690280239013 0.109174938125664 0.173875415488767 0.269923951176412 0.357773858783017 0.341428920179415 0.244966540125926 0.160935533354291 0.133898900175871 0.1047392970792 0.0933757359611306 0.0898429465181013 0.0889679076142267 0.0844535491204238 0.0804398250127869 0.0809734951399095 0.0860256944462188 0.0959948912438525 0.0920461136087865 0.0946025064655125 0.106986118850352 0.123114590972144 0.144112188891622 0.165252398281339 0.186064711639262 0.212286929469108 0.236744340450022 0.261380780705389
-9999 -9999 -9999 -9999 -9999 -9999 -9999 -9999 -9999 -9999 -9999 -9999 -9999 -9999 -9999 -9999 -9999 -9999 -9999 -9999 -9999 -9999 -9999 -9999 -9999 0.098816406167573 0.103128447097521 0.104531450497432 0.0982429732649199 0.10275446499727 0.173441012617155 0.242182066505705 0.23211735004674 0.186652730556176 0.140539312471406 0.113982375780534 0.0968597660840513 0.079398065866062 0.0725210457445883 0.0760781253481532 0.0787117052247793 0.0736856281001501 0.0692111568816942 0.0684456114238212 0.0681154606151518 0.0695601603255695 0.0736256134953351 0.0828045566399093 0.096235229942306 0.109445886013326 0.12580704714944 0.146392990664244 0.167875241193348 0.193440760624702 0.215965917570735 0.237462342631183
-9999 -9999 -9999 -9999 -9999 -9999 -9999 -9999 -9999 -9999 -9999 -9999 -9999 -9999 -9999 -9999 -9999 -9999 -9999 -9999 -9999 -9999 -9999 -9999 -9999 0.108340136712409 0.101293938642497 0.100878221327485 0.0913415245088042 0.0959088049835531 0.176126447110619 0.198624652842075 0.141930049705963 0.109420076286414 0.0990018090604721 0.0915593076470082 0.0789393350735689 0.0627800650667088 0.0581317768715474 0.0646656992498347 0.0693894163718981 0.062337921636851 0.0573700031616748 0.056982135585413 0.0551901711055762 0.054783578959312 0.0615903377960579 0.0726404748087041 0.0857918235751334 0.0973256038710019 0.111480804474623 0.131847344434903 0.153305941599033 0.177296644789704 0.197844414214 0.219431815645468
-9999 -9999 -9999 -9999 -9999 -9999 -9999 -9999 -9999 -9999 -9999 -9999 -9999 -9999 -9999 -9999 -9999 -9999 -9999 -9999 -9999 -9999 -9999 -9999 -9999 0.114793421680268 0.101358273724397 0.0985899544296813 0.0856691805878503 0.0850510566744604 0.141352973277019 0.147051370792303 0.100427606189832 0.0856070387651138 0.0852394773405957 0.0851609853142632 0.0706341834631835 0.0562462664798924 0.0517798998040795 0.0549862211565407 0.0564962992108858 0.0501972043438593 0.0475855846326803 0.0495084284137121 0.0490599898509199 0.0501191720674327 0.0544262471320684 0.0624393804269232 0.0742176438972985 0.0868350168894818 0.101839709166003 0.11998832653434 0.139292714849986 0.162979036007081 0.185700961102623 0.206531598288848
-9999 -9999 -9999 -9999 -9999 -9999 -9999 -9999 -9999 -9999 -9999 -9999 -9999 -9999 -9999 -9999 -9999 -9999 -9999 -9999 -9999 -9999 -9999 -9999 -9999 0.120381468178284 0.0992895728549374 0.0994444678982272 0.085836876074627 0.0790994906204228 0.116888848017609 0.106678373177202 0.072146240714052 0.0679935358730654 0.0698724487604414 0.0718017233511449 0.058235314877936 0.0468835798604141 0.0436916901831101 0.0460643389966216 0.0468563883795997 0.0414102394391846 0.0429421138891506 0.0465179081483842 0.0447396825280837 0.0458002021671187 0.0494795632037168 0.0554519936492823 0.0650866886695669 0.0771581831838354 0.0925612436371217 0.110101280578526 0.128587301460879 0.151228706319595 0.173321058068931 0.194882600768392
-9999 -9999 -9999 -9999 -9999 -9999 -9999 -9999 -9999 -9999 -9999 -9999 -9999 -9999 -9999 -9999 -9999 -9999 -9999 -9999 -9999 -9999 -9999 -9999 -9999 0.127599774292708 0.0987677065635636 0.101805207615763 0.0897765938231316 0.0746747618226954 0.0878830210287929 0.0728731205704556 0.0501838772831418 0.0497775684550486 0.0498510632194133 0.045105007323546 0.0409187120088159 0.0355127652561967 0.0349701733563278 0.0393268267595188 0.0395862382634429 0.0355025747832001 0.0392615990621372 0.0432839199679883 0.0414789948604299 0.0415577028037844 0.0447519381462081 0.0500434449042695 0.0588854150327183 0.0698035355754723 0.0837479425626227 0.102057935208566 0.121036154225367 0.143062170643754 0.163765058515864 0.182052140364937
-9999 -9999 -9999 -9999 -9999 -9999 -9999 -9999 -9999 -9999 -9999 -9999 -9999 -9999 -9999 -9999 -9999 -9999 -9999 -9999 -9999 -9999 -9999 -9999 -9999 0.139273900308384 0.0971852845881512 0.0992600487845199 0.0925509732414992 0.0735135426736655 0.0690934506172095 0.0505303176070304 0.0362579518043624 0.0387468857194905 0.0377841727605567 0.0341507854038953 0.0328170423113556 0.0305380973176263 0.0313693830319162 0.0370108697170609 0.0373810788532862 0.0326689524805844 0.0359186520795391 0.0401439492171248 0.0377881061849653 0.0373222170158488 0.0401857006731808 0.045323178819229 0.0540132384994755 0.065258601811791 0.0789568922032192 0.0961495300511063 0.113973661556421 0.132252413903698 0.151579398281681 0.168216363307146
-9999 -9999 -9999 -9999 -9999 -9999 -9999 -9999 -9999 -9999 -9999 -9999 -9999 -9999 -9999 -9999 -9999 -9999 -9999 -9999 -9999 -9999 -9999 -9999 -9999 0.155514026826229 0.0991467809141773 0.0956474621719252 0.093019178638263 0.073818676904702 0.0588254141615865 0.0383812481791997 0.0296119118656262 0.0332993078706716 0.0327963023287298 0.0318495227410387 0.0303159823206752 0.0297426436600662 0.0318717202177958 0.0363581482629983 0.0387588906299614 0.0318932559663577 0.0333554597000706 0.0367197183645775 0.0346056939611284 0.0332543518415583 0.0354767258717002 0.0412743082685672 0.0502037679095792 0.0624304601051328 0.0781366093292815 0.092700360348544 0.105085445626504 0.125172855731511 0.144441134186967 0.156791257622824
-9999 -9999 -9999 -9999 -9999 -9999 -9999 -9999 -9999 -9999 -9999 -9999 -9999 -9999 -9999 -9999 -9999 -9999 -9999 -9999 -9999 -9999 -9999 -9999 0.189395666476024 0.15687505841398 0.0992094325660819 0.093934848556595 0.0964800365933434 0.0773495774358309 0.0578573219577834 0.0344199145174401 0.027000720679072 0.0316423363889883 0.0307356274436523 0.028844193357995 0.0277935879037456 0.027119161473911 0.0289051621586377 0.0340639206532382 0.0370948853032818 0.0319284927079031 0.0315483211465691 0.0334398099999633 0.0317819571170842 0.0305061938437089 0.0320079179107537 0.0366996138179402 0.0448168642996856 0.0573536367834205 0.0733544693072679 0.0859804393260836 0.0981033901972983 0.121746119185508 0.154584824763911 0.177396915462046
