data/03_saidas_enm/CCSM_Maha_6k_B.balansae5.asc
NCOLS 154 
NROWS 168 
XLLCORNER -112 
YLLCORNER -55.5 
CELLSIZE 0.5 
NODATA_value -9999 
[rows 100 to 124 of 168, columns 56 to 111 of 154]
-9999 -9999 -9999 -9999 -9999 -9999 -9999 -9999 -9999 -9999 -9999 -9999 -9999 -9999 -9999 -9999 -9999 -9999 -9999 -9999 -9999 -9999 -9999 -9999 -9999 -9999 -9999 -9999 -254.884698441504 -226.741046661523 -211.741968004881 -224.018457374256 -238.013582248452 -242.488345420645 -220.932519228311 -163.074423611885 -109.978067242981 -79.134046705871 -46.5640063601058 -19.1051079011676 -9.71790105990069 -12.5017958798188 -25.0544434129833 -28.0771453391104 -32.3646578440133 -32.5559262564583 -23.4458022342554 -13.8583364079563 -8.54289649218657 -5.67257893833957 -3.94462128442607 -1.81354371065893 -0.62499789469078 -0.0071788789389382 0.214870946555011 0.301542944118811
-9999 -9999 -9999 -9999 -9999 -9999 -9999 -9999 -9999 -9999 -9999 -9999 -9999 -9999 -9999 -9999 -9999 -9999 -9999 -9999 -9999 -9999 -9999 -9999 -9999 -9999 -9999 -9999 -254.380894024606 -221.882484668935 -203.064502485722 -223.152890906838 -237.648496259964 -233.759799761449 -195.216063151468 -139.676341253344 -93.0677258038825 -70.1522194900394 -40.294228650432 -13.7358044930885 -7.49594785250457 -11.5283416063809 -21.9287789962731 -26.602544613209 -32.8327815530509 -32.3634050026827 -20.9021143150912 -11.8855524204684 -7.80424416327123 -6.79358811087648 -7.31408571800049 -4.09264965728391 -2.08204706629534 -1.15503194242754 -0.392668654634459 -0.609304545522676
-9999 -9999 -9999 -9999 -9999 -9999 -9999 -9999 -9999 -9999 -9999 -9999 -9999 -9999 -9999 -9999 -9999 -9999 -9999 -9999 -9999 -9999 -9999 -9999 -9999 -9999 -9999 -222.868255178982 -257.692447434438 -233.625533810661 -215.969431970315 -225.926220441834 -225.397827001507 -209.606303453982 -170.60409898067 -112.910572674356 -80.3194536400091 -59.1354621124908 -31.1030537527421 -9.39128305930163 -6.28905845460349 -14.0061820533134 -19.7424780555018 -24.6088964969145 -33.4283561446494 -32.233017368909 -22.9029305297166 -13.9129798254462 -9.55325313503714 -7.7403567976919 -6.51000413676499 -4.66616906888321 -2.61476817344083 -1.78377368012788 -1.50148758898541 -1.73056947714936
-9999 -9999 -9999 -9999 -9999 -9999 -9999 -9999 -9999 -9999 -9999 -9999 -9999 -9999 -9999 -9999 -9999 -9999 -9999 -9999 -9999 -9999 -9999 -9999 -9999 -9999 -9999 -233.473042535258 -271.205141058171 -246.331342616972 -229.484818684302 -234.918041008773 -221.012927272632 -191.14136713176 -147.576763006948 -95.7336925939953 -71.5389719122731 -51.9423062978578 -25.4896558903269 -7.66889440651003 -9.34129733974379 -18.0576572443567 -22.795870166029 -26.9612698141737 -36.4037817116183 -37.2240461199171 -28.9145710864188 -18.6149587870046 -12.7130088553484 -9.67918299026344 -7.59340918913209 -5.08337911168509 -3.10148524863752 -2.11237806169854 -2.28093087672384 -2.82993099746777
-9999 -9999 -9999 -9999 -9999 -9999 -9999 -9999 -9999 -9999 -9999 -9999 -9999 -9999 -9999 -9999 -9999 -9999 -9999 -9999 -9999 -9999 -9999 -9999 -9999 -9999 -9999 -245.010180530461 -283.231724282038 -264.795223376686 -243.884139973371 -240.314379972326 -220.794713845431 -176.663625444652 -133.435489909106 -86.3179622060967 -68.6951087578673 -46.5408625878493 -21.9559073060366 -6.3435892164128 -12.5041341421063 -23.7367662594582 -30.593479987041 -33.7227286082464 -37.8781415536761 -42.3834619251616 -33.3193309305976 -23.7310631891773 -16.9078653512678 -11.8440926180304 -9.29681526101675 -6.07750108034822 -4.52388736062005 -3.66159570424764 -3.25259631408071 -3.76908868532504
-9999 -9999 -9999 -9999 -9999 -9999 -9999 -9999 -9999 -9999 -9999 -9999 -9999 -9999 -9999 -9999 -9999 -9999 -9999 -9999 -9999 -9999 -9999 -9999 -9999 -9999 -9999 -252.999091210266 -294.453262895618 -274.856247491648 -258.223888520628 -253.509015173021 -222.372835905791 -168.752744769122 -122.118859298528 -85.5361039275226 -68.7807749180763 -46.7597937651903 -21.3832232573071 -6.08750155860271 -15.9402798205964 -29.3480081356625 -38.5808003748291 -37.298308052078 -38.8085473677767 -38.7151782052714 -30.192102071249 -25.1048095821547 -18.7752491374063 -12.1994666527781 -9.545115987064 -7.15394628240465 -5.66675051549638 -4.77352840037373 -3.87341585254972 -4.22813472029082
-9999 -9999 -9999 -9999 -9999 -9999 -9999 -9999 -9999 -9999 -9999 -9999 -9999 -9999 -9999 -9999 -9999 -9999 -9999 -9999 -9999 -9999 -9999 -9999 -9999 -9999 -9999 -254.417896461892 -294.61945002659 -283.447246681358 -270.429708893045 -265.739608162454 -230.828066892577 -163.87999042605 -112.000276743952 -92.0034248274545 -76.9272236325954 -53.6213066320789 -23.194349057576 -4.76158698025241 -15.983459717577 -34.6069571583064 -42.214636233851 -39.8921215161892 -36.7588448352499 -30.3042503569769 -26.9606551235829 -21.0535809217956 -16.9708525590206 -12.850609740079 -8.50699090054769 -7.11327599720774 -6.03037707570724 -5.13924857880353 -4.42555693671155 -3.64510836943792
-9999 -9999 -9999 -9999 -9999 -9999 -9999 -9999 -9999 -9999 -9999 -9999 -9999 -9999 -9999 -9999 -9999 -9999 -9999 -9999 -9999 -9999 -9999 -9999 -9999 -9999 -9999 -245.263856593452 -288.818941312412 -298.157459717125 -297.962684726678 -288.178179484028 -241.698534906223 -160.538170099403 -103.13295614076 -99.621106652937 -92.4005736267757 -65.6744596162568 -26.9463030151213 -4.20417407526649 -18.1861322183098 -39.3705289630727 -47.5125003423041 -43.5215486934763 -39.2787984157112 -31.7729906081626 -27.7360156938145 -22.2040795626946 -17.0050407804667 -12.8647627530502 -9.32824873430243 -7.87069119955508 -6.7938942349565 -5.7280362149894 -4.62072623050451 -3.67901835822978
-9999 -9999 -9999 -9999 -9999 -9999 -9999 -9999 -9999 -9999 -9999 -9999 -9999 -9999 -9999 -9999 -9999 -9999 -9999 -9999 -9999 -9999 -9999 -9999 -9999 -9999 -9999 -229.59467657759 -275.735392312329 -309.525838400759 -338.546258301057 -316.463841298431 -261.504237301038 -158.466410964082 -96.3029236177214 -119.829148988735 -112.756450922545 -80.020242291392 -33.5082255341435 -4.66136126845354 -23.2088728642926 -44.6112511448892 -52.0641458742505 -50.1064544956427 -45.9290839660411 -42.7789245335888 -33.3816398285261 -26.8674808792254 -20.582977650803 -13.9376474418646 -11.2186805636031 -9.7300433200705 -8.09945459911457 -6.70596615502874 -4.86674265346273 -4.02587928418475
-9999 -9999 -9999 -9999 -9999 -9999 -9999 -9999 -9999 -9999 -9999 -9999 -9999 -9999 -9999 -9999 -9999 -9999 -9999 -9999 -9999 -9999 -9999 -9999 -9999 -9999 -9999 -219.560248357767 -269.671170482417 -316.463323209855 -344.217562097005 -326.414481837814 -259.743504618077 -144.51669798977 -85.288551586377 -114.693269666125 -114.726338042489 -76.6335747230487 -31.2594549377549 -7.71665271989978 -27.1268008818234 -49.0909907804266 -56.1558489700049 -53.8280738311522 -49.5519558094188 -45.3266908378658 -36.4849572170012 -29.2369796198702 -22.6350308833894 -16.3920660645796 -13.1536379353674 -10.9707508632859 -9.46528065813522 -7.5109603946167 -5.46945567841239 -4.54636723193435
-9999 -9999 -9999 -9999 -9999 -9999 -9999 -9999 -9999 -9999 -9999 -9999 -9999 -9999 -9999 -9999 -9999 -9999 -9999 -9999 -9999 -9999 -9999 -9999 -9999 -9999 -181.974974240496 -214.272432716537 -265.070430007043 -313.702842018391 -345.065419837758 -318.995673948295 -257.948421486427 -131.351543230395 -71.7086806233906 -112.243055338285 -99.2247327107754 -65.52486124907 -29.6670244672557 -14.1893464081494 -35.2344484325645 -49.1169663866045 -55.5522131884523 -54.3911036233231 -47.625807860612 -42.8211576905764 -35.2044457400036 -28.1093988541517 -22.5918106531118 -18.0997114420976 -15.1084199067983 -12.2204847076315 -10.1541157285375 -7.617344509346 -5.12978790157163 -3.87850495851442
-9999 -9999 -9999 -9999 -9999 -9999 -9999 -9999 -9999 -9999 -9999 -9999 -9999 -9999 -9999 -9999 -9999 -9999 -9999 -9999 -9999 -9999 -9999 -9999 -9999 -9999 -177.120831779064 -215.500965160773 -268.83120769253 -313.076839077257 -326.302983777063 -300.406295201513 -228.798092978323 -113.749071788607 -55.9539771379376 -66.7100634357418 -62.241341988437 -38.8862251299646 -23.2770453052666 -24.1420297433505 -37.9686028107345 -49.9330948833643 -52.9135299271147 -53.166158498695 -48.5665344655169 -42.5071364694875 -35.5518411774011 -29.6869335243357 -24.547408692095 -19.5874690614657 -16.0467779874449 -12.9270575001307 -9.81476429826825 -7.36832440832805 -4.86539961735671 -3.8110603350234
-9999 -9999 -9999 -9999 -9999 -9999 -9999 -9999 -9999 -9999 -9999 -9999 -9999 -9999 -9999 -9999 -9999 -9999 -9999 -9999 -9999 -9999 -9999 -9999 -9999 -9999 -176.892901655812 -225.855407385902 -280.343408869994 -308.231261678096 -318.021577189459 -263.548885000007 -202.271878897498 -95.8644591620498 -37.1990060684045 -42.4839961540994 -34.8178417642648 -22.558854935256 -27.8258789251416 -35.1462361418142 -47.4630916025894 -50.9789596071357 -51.3518277623561 -50.477580958162 -47.0650266142523 -44.4717866070793 -38.2024009194043 -32.2192149005443 -27.5724362173643 -21.7666586633136 -17.6846077586196 -13.6802861143197 -9.85473332738314 -7.17535505898852 -4.72365938475879 -3.69226434724126
-9999 -9999 -9999 -9999 -9999 -9999 -9999 -9999 -9999 -9999 -9999 -9999 -9999 -9999 -9999 -9999 -9999 -9999 -9999 -9999 -9999 -9999 -9999 -9999 -9999 -9999 -183.409004545268 -239.015010953753 -284.636413697267 -294.735964455216 -268.816431170684 -217.964630965172 -139.715992446919 -58.7803926755095 -19.6644278727899 -21.1264995525487 -24.0801699263998 -28.0009636630027 -39.6293610430806 -48.2267732996331 -53.387331419265 -53.9733057446815 -52.3756706490176 -50.0251082025592 -45.2757611300287 -40.5682325026586 -36.158023171577 -32.8194286235342 -28.9250885140827 -23.6224669125183 -18.1888446619971 -13.5959557344863 -9.64620052439932 -6.97289906761631 -4.67879632224403 -3.31629298661171
-9999 -9999 -9999 -9999 -9999 -9999 -9999 -9999 -9999 -9999 -9999 -9999 -9999 -9999 -9999 -9999 -9999 -9999 -9999 -9999 -9999 -9999 -9999 -9999 -9999 -142.395531183931 -203.896809701637 -260.643905793789 -290.772893781916 -271.716965795051 -241.532655167181 -165.168156147458 -88.9922599420904 -33.0190572662999 -14.0515735779625 -31.5620830884896 -34.6519411271163 -42.1706371509789 -55.8082082757634 -60.0918130171349 -62.2030421442891 -59.6518512444843 -55.5311167067519 -50.9463117557568 -45.611866231098 -40.6303145783699 -35.8132601312192 -33.0161496729157 -30.414513834636 -24.7157520123043 -18.9999254669528 -14.3520900489243 -9.87256858268466 -7.02956871640327 -4.60773641333165 -3.0216033080949
-9999 -9999 -9999 -9999 -9999 -9999 -9999 -9999 -9999 -9999 -9999 -9999 -9999 -9999 -9999 -9999 -9999 -9999 -9999 -9999 -9999 -9999 -9999 -9999 -9999 -158.477821292497 -221.596167962803 -272.762423460802 -282.537203730538 -244.07253331122 -191.589015996075 -125.746150059796 -61.0582406754463 -25.4127723266874 -22.3341646393787 -38.9540945322009 -47.4957725352939 -56.2118446585242 -66.560756392793 -68.73902448552 -68.0073309180278 -64.1069368180818 -59.2136238164656 -54.5099460283433 -48.7275761445532 -43.3237783783489 -37.5177811782861 -34.2655353643972 -31.4066034770294 -26.1955002888157 -19.4978511213287 -14.8771190622291 -10.9365385072076 -8.09451020353843 -5.61278922377762 -3.85171052753137
-9999 -9999 -9999 -9999 -9999 -9999 -9999 -9999 -9999 -9999 -9999 -9999 -9999 -9999 -9999 -9999 -9999 -9999 -9999 -9999 -9999 -9999 -9999 -9999 -9999 -162.065273560663 -227.294138141294 -277.233530827729 -270.566011888062 -207.647773251431 -157.743108567677 -93.7660329307782 -49.5061082909308 -34.1884938747019 -40.7295019264034 -55.4016793854557 -60.170637216473 -66.4897093854836 -72.3108165479503 -71.416766378534 -71.623739563195 -66.619478508329 -62.5399736451012 -57.8812211976992 -51.9986359196251 -46.8665703555999 -40.601789985337 -36.6946435396221 -32.8139568608832 -26.5325526261881 -20.4613729110857 -16.181475278504 -12.30799959684 -9.38783639358451 -6.65459919545416 -5.07486289905702
-9999 -9999 -9999 -9999 -9999 -9999 -9999 -9999 -9999 -9999 -9999 -9999 -9999 -9999 -9999 -9999 -9999 -9999 -9999 -9999 -9999 -9999 -9999 -9999 -9999 -131.981880109057 -204.933956121698 -249.899478585592 -232.091643122027 -170.265879746929 -112.306802937572 -72.1620652147261 -52.3633714392862 -49.5646207962861 -55.351952339076 -64.8287251244762 -68.2075835608009 -69.4783969494987 -71.5205996859259 -70.4082174474347 -69.3212869866408 -66.8874034426944 -64.4077434905698 -61.4628077832738 -57.0735093254968 -51.7542645882266 -44.8441762430054 -38.7231024702761 -33.7269037929587 -27.8295569513642 -22.1777189766037 -17.6316330452872 -13.6446987622592 -10.8121334167589 -8.15800816030269 -6.3404600451888
-9999 -9999 -9999 -9999 -9999 -9999 -9999 -9999 -9999 -9999 -9999 -9999 -9999 -9999 -9999 -9999 -9999 -9999 -9999 -9999 -9999 -9999 -9999 -9999 -9999 -105.028434120625 -175.870870305667 -227.421869881712 -204.02825667105 -138.958383612007 -82.3695916270183 -58.5998290928174 -56.9777859801018 -60.2145434381362 -64.872744131762 -73.4850627904884 -73.6365091820272 -71.7552989534307 -73.6604370085379 -69.6978837190192 -68.7383866660134 -67.7977631793773 -67.6351534831453 -65.5805364559742 -61.6726405113515 -58.0068234070717 -48.7123239824675 -40.8636171132087 -35.1197002046287 -28.706309044507 -24.4427646246898 -19.6616859933272 -15.4256512503044 -12.4600233699094 -9.62918536773587 -8.11296688034718
-9999 -9999 -9999 -9999 -9999 -9999 -9999 -9999 -9999 -9999 -9999 -9999 -9999 -9999 -9999 -9999 -9999 -9999 -9999 -9999 -9999 -9999 -9999 -9999 -9999 -96.2534210127366 -158.640819589746 -206.207639357555 -180.813799200687 -120.528645778807 -73.4177430542455 -57.7127185712507 -61.4885850908278 -65.8580344845849 -71.975353570921 -76.1912574412661 -76.632641064955 -73.8494615629969 -73.9326487037344 -72.3802341262259 -70.2072296220831 -71.1931639793409 -74.4249686581201 -73.18938779361 -66.6590794010365 -58.6684636587074 -50.8593377054007 -43.9615501008528 -37.8215398811472 -31.4523048833411 -26.5133711035512 -21.7338090997135 -17.6215007208067 -14.709503037636 -12.0332096386923 -10.4984519770572
-9999 -9999 -9999 -9999 -9999 -9999 -9999 -9999 -9999 -9999 -9999 -9999 -9999 -9999 -9999 -9999 -9999 -9999 -9999 -9999 -9999 -9999 -9999 -9999 -9999 -82.4747796504482 -143.555239972574 -203.510482312795 -176.956984190302 -112.121552632273 -69.1077927334212 -58.4498026615548 -66.0109137321893 -72.1208729755995 -76.3351441769383 -78.9845313156268 -78.5977716843602 -76.5346250590724 -76.4589031174561 -74.0452345706935 -71.9521807494243 -73.9490868808532 -79.3411395377171 -77.4595461143201 -68.0447233393454 -60.0938593838808 -52.4017856085809 -45.9949169394961 -40.2682989735161 -34.1396092953288 -29.4036104920339 -24.4432863676197 -20.0702876650346 -16.9409491059564 -14.1090933179126 -13.0524344189978
-9999 -9999 -9999 -9999 -9999 -9999 -9999 -9999 -9999 -9999 -9999 -9999 -9999 -9999 -9999 -9999 -9999 -9999 -9999 -9999 -9999 -9999 -9999 -9999 -9999 -71.1190776831656 -131.987855200608 -209.428804125187 -185.912943716594 -113.19482570818 -71.0980242396261 -64.3114540137222 -71.7807894012394 -77.8311971046633 -80.9435964015555 -82.3752507954328 -82.3486315766399 -81.8595732363005 -79.8614841526438 -74.638635583961 -73.1737352388777 -75.5410598539115 -80.395683045326 -78.6141258971437 -70.6320217651211 -61.1418417665577 -54.3304954604229 -48.8807393359083 -43.1580176201724 -37.430463595928 -32.245917827494 -26.8209602495023 -22.3296611260973 -19.0857122298319 -16.5869609502626 -15.1841984528452
-9999 -9999 -9999 -9999 -9999 -9999 -9999 -9999 -9999 -9999 -9999 -9999 -9999 -9999 -9999 -9999 -9999 -9999 -9999 -9999 -9999 -9999 -9999 -9999 -9999 -56.7655475424732 -113.559202118896 -190.292622504972 -190.132079824139 -120.283734086684 -77.4131935988467 -69.8813451735254 -78.7138861248231 -82.3737766086476 -83.1955854608321 -83.8064416369579 -83.1912770946154 -82.5734931206858 -80.5269311336547 -72.6421429580895 -72.1523255649447 -75.2041186022017 -80.4691943284988 -79.8080718492759 -71.5878526675127 -63.282488690133 -57.0553211830032 -51.6542173590746 -46.3901918979008 -40.3639702746469 -35.5472911783497 -30.5804304590146 -25.584411100861 -22.57908683938 -19.3577192649059 -17.9734369950295
-9999 -9999 -9999 -9999 -9999 -9999 -9999 -9999 -9999 -9999 -9999 -9999 -9999 -9999 -9999 -9999 -9999 -9999 -9999 -9999 -9999 -9999 -9999 -9999 -9999 -43.9215345788441 -97.2371776785254 -163.648554705403 -181.260479711932 -125.572119355419 -89.0165973044779 -79.018223429047 -83.182918460431 -85.3974295010663 -84.4559799789974 -81.1740715571092 -82.3344606437381 -80.578022864253 -77.159509463807 -72.547780564665 -71.0104785840232 -74.4060214610552 -80.3670894817259 -79.9856568358605 -73.5523051768362 -66.599118821551 -60.0110089966387 -54.6166011209041 -49.180238820383 -43.1741992218112 -39.0538561939653 -33.5442959649418 -29.9264490511307 -25.6345360810009 -21.030597810778 -20.4373683074191
-9999 -9999 -9999 -9999 -9999 -9999 -9999 -9999 -9999 -9999 -9999 -9999 -9999 -9999 -9999 -9999 -9999 -9999 -9999 -9999 -9999 -9999 -9999 -9999 -30.1749133607165 -37.6137237511226 -81.6971255644113 -138.868231331776 -173.895035127835 -128.794841677364 -92.7314988860631 -83.3261652630089 -88.1759581502845 -87.5538798018969 -86.0773712754905 -83.4352551229157 -83.6322452946793 -83.7619011268488 -81.5359532098042 -76.1953351511946 -72.9382263872925 -75.588970040468 -80.5402722411111 -80.2807805397624 -74.7424168943899 -68.0902944159289 -62.2789876019812 -56.9101542875522 -51.2800930398826 -44.5211373632053 -38.9485446793244 -34.4652974103615 -30.8809539376616 -25.658408478076 -19.1180235660265 -16.3038314284861
