data/03_saidas_enm/CCSM_SVM_21k_B.balansae5.asc
NCOLS 154 
NROWS 168 
XLLCORNER -112 
YLLCORNER -55.5 
CELLSIZE 0.5 
NODATA_value -9999 
[rows 75 to 99 of 168, columns 56 to 111 of 154]
-9999 -9999 -9999 -9999 -9999 -9999 -9999 -9999 -9999 -9999 -9999 0.105939361741628 0.128330245709955 0.153896511834068 0.181412752500286 0.226099898132389 0.288420566002289 0.334614616881423 0.363215429000319 0.332235581817322 0.30313792912714 0.283030676243869 0.269995671053396 0.256299122021911 0.239157820984837 0.228625541821176 0.217968154542578 0.223759969427412 0.223929951115907 0.228652932800123 0.239895623391372 0.254492436319122 0.27701343763431 0.297893636903541 0.322623985588796 0.34603256475141 0.364616083756191 0.38129921419734 0.390649768072146 0.396960635758814 0.399749227538431 0.39616109746237 0.393627513055577 0.386026063083752 0.377969507776261 0.374961969165516 0.357877084703935 0.335359351264849 0.3000489475947 0.247222160614806 0.194091062404758 0.14795174472609 0.100452318038055 0.0647314402618854 0.0400817502766934 0.0214445685324632
-9999 -9999 -9999 -9999 -9999 -9999 -9999 -9999 -9999 -9999 -9999 0.100752654533503 0.120322779459275 0.152134390857756 0.173950933252728 0.201020155243625 0.238927940251406 0.251477390445076 0.268241356765685 0.278307173447617 0.291961698801106 0.300569463740434 0.295426057564571 0.283309387543229 0.243902531001818 0.230554705829771 0.218922785230013 0.220145510164313 0.219135569251839 0.221041673297814 0.225376225608731 0.238873027716964 0.258848392746627 0.278054210322369 0.305901360512964 0.328237058679401 0.353893497216048 0.373594708452489 0.390377383141723 0.409151326032485 0.413446834760097 0.414472208196269 0.41126295159354 0.408398168808006 0.417777062927944 0.428393288401874 0.419117440107454 0.403322399296544 0.375857200400063 0.328490529107266 0.28724445537286 0.235916565907039 0.185478743965372 0.150158641713298 0.123573508321507 0.105096008322797
-9999 -9999 -9999 -9999 -9999 -9999 -9999 -9999 -9999 -9999 -9999 -9999 0.106831704716778 0.135858704696946 0.160102581722407 0.181026296873979 0.179690168418825 0.165905382890034 0.165130496169251 0.19194067213041 0.243709350837437 0.291554037799134 0.311898261285321 0.303146463587873 0.287214355720804 0.256347606560998 0.24039448429863 0.224650570489985 0.213274413923301 0.20566808788274 0.212005741574856 0.216135328729855 0.234208584645356 0.252229290352403 0.277246459397656 0.304817136858961 0.334177075963548 0.360582595323135 0.383830419617512 0.405253953789338 0.421426260168965 0.427599908947853 0.429434435567034 0.430578149228341 0.443056448857972 0.457798427434399 0.457023183070288 0.449830261677419 0.433278927689492 0.402130501968888 0.369381201015863 0.32964896400065 0.289772487827284 0.256641578890751 0.22643882284111 0.202891450287928
-9999 -9999 -9999 -9999 -9999 -9999 -9999 -9999 -9999 -9999 -9999 -9999 0.0993843159749708 0.113916917566212 0.14390953607567 0.164621897174441 0.137329431526272 0.127380277324346 0.130604676784464 0.147920554192006 0.194278620593393 0.245807838453009 0.303853584716359 0.331100113181677 0.327011142869945 0.320316125050689 0.266666757032601 0.236605725287761 0.219880981234804 0.194456926879548 0.205792941151507 0.205319563531508 0.214474982466836 0.230428830522242 0.255843290829527 0.278005473455654 0.310921798747638 0.341302481745844 0.370810468225755 0.401565411986687 0.422857201205891 0.441289815412353 0.455937199947105 0.46025148048582 0.470765616909833 0.484125312034927 0.482502742798536 0.478321240992026 0.472449139357148 0.455233994212544 0.438788538200186 0.416074470575097 0.387457951617174 0.360820717084399 0.323188755226931 0.295605020034067
-9999 -9999 -9999 -9999 -9999 -9999 -9999 -9999 -9999 -9999 -9999 -9999 -9999 0.0968563546370608 0.121770409930434 0.129313295165132 0.113169063336808 0.115621202604104 0.119568233346068 0.128648475138143 0.155542394384679 0.195562269925665 0.268776611665129 0.34676876979439 0.391746485922526 0.386594494515819 0.339607185840418 0.277756682411572 0.234259086881246 0.22234441774712 0.215037618874997 0.206508171215 0.209244385876825 0.217338657934741 0.228959312718069 0.25434360552285 0.280836473485781 0.313085145227812 0.345759645156293 0.382418064130644 0.417810563797271 0.448354342520171 0.474116940736971 0.485011548819733 0.488508110287643 0.494201405075811 0.494699404216635 0.496695576141127 0.4971256683531 0.495493501973826 0.492205171887776 0.480173331994022 0.46293386133747 0.441658938674805 0.40901919314678 0.384041953579355
-9999 -9999 -9999 -9999 -9999 -9999 -9999 -9999 -9999 -9999 -9999 -9999 -9999 0.088711515278718 0.110037702136824 0.104905244406245 0.103265928764328 0.111490113289668 0.113913737659936 0.117203533259488 0.124118005840916 0.136880183731006 0.161014766176183 0.179451420242348 0.229715272289801 0.371942819152728 0.385014201644035 0.342471039380824 0.286396444986342 0.253424655600933 0.233937213288732 0.215896304370942 0.206803629292407 0.212373583704045 0.213847349095712 0.233231381789772 0.257897157830196 0.291644613981201 0.325431260859146 0.369466756434879 0.408914843536841 0.446941748809681 0.482538255396637 0.500901739883491 0.504831466024209 0.498959014210482 0.506433122649021 0.506930581177893 0.509091977793456 0.51829806545579 0.52480124920677 0.52141163579456 0.512293387432812 0.497992296253618 0.46832625228836 0.450382644084936
-9999 -9999 -9999 -9999 -9999 -9999 -9999 -9999 -9999 -9999 -9999 -9999 -9999 -9999 0.093984772962373 0.11449874615324 0.108981034969857 0.105749532721495 0.106434842474733 0.111309201113145 0.1168199666136 0.119831260778318 0.12382691733856 0.12378409008674 0.111965792780787 0.0993625634426548 0.144362213872045 0.30796226286854 0.385054497126587 0.361483236669354 0.290032602782701 0.254562088738346 0.221143083468326 0.208068679574462 0.214493220202922 0.22497078013403 0.239001510716573 0.267607310800343 0.303392232358824 0.350224442387121 0.394889931950277 0.433803903118181 0.473311033115094 0.498963620571275 0.509796772261602 0.516396445315935 0.517493709712209 0.518548516902257 0.519545428592014 0.525473947834769 0.532578025394475 0.535668649472945 0.534102246559137 0.52593223363403 0.503749371724196 0.489281522168584
-9999 -9999 -9999 -9999 -9999 -9999 -9999 -9999 -9999 -9999 -9999 -9999 -9999 -9999 0.0880536553833845 0.0987257534528765 0.117245311097022 0.100435061750476 0.0959098240957335 0.10612856261841 0.113254398554658 0.121688661129416 0.126202905932087 0.126850030297731 0.127059520657062 0.128338421241451 0.122563253713588 0.0945915597816861 0.165048172008149 0.246449926413523 0.331234473680068 0.310603005308688 0.251829116498995 0.219360227923196 0.211574016558311 0.206558546304214 0.216505365510676 0.231265626346784 0.268479309136195 0.328978957559137 0.380545958791191 0.421464261350602 0.460487017649641 0.491061348059062 0.512529273157525 0.522259660922998 0.527486676678621 0.528633303319617 0.527305142250067 0.528967033043455 0.529802713884433 0.538326515047644 0.541558789046904 0.538488828475118 0.520947211177741 0.510979908547497
-9999 -9999 -9999 -9999 -9999 -9999 -9999 -9999 -9999 -9999 -9999 -9999 -9999 -9999 -9999 0.08300509880142 0.118045653002932 0.105941223851278 0.0828254293398506 0.098539122437069 0.115477604950238 0.121746171007012 0.125739096119065 0.126421179272888 0.126556613417447 0.126696379871785 0.126754854663071 0.127217898147493 0.127626829665962 0.122703003278511 0.234139472740979 0.378203149132337 0.315744885159941 0.244699697381334 0.226426469851821 0.202793038625154 0.207687468546613 0.212363572298938 0.241418658561401 0.290580349782275 0.348385662000165 0.415128071550847 0.456237426595408 0.478787536459992 0.504704825909797 0.52279370149604 0.534710164840851 0.540892598465438 0.540370592887278 0.534457927563007 0.53181561942399 0.537120560119299 0.54064359878683 0.540485722535733 0.533471746011615 0.519771510671356
-9999 -9999 -9999 -9999 -9999 -9999 -9999 -9999 -9999 -9999 -9999 -9999 -9999 -9999 -9999 0.0997388617822312 0.098349298670915 0.119013684290978 0.0702366656781891 0.0848084544490793 0.113875633621056 0.117318222623654 0.124461762410067 0.12573973333061 0.126348742453406 0.126735847703673 0.12670643505641 0.126757335036898 0.126766272469002 0.1261323750313 0.164842259797547 0.320590237085734 0.41163557536478 0.340532107022556 0.286477946358939 0.22932668550346 0.236733691488683 0.227292993462002 0.23156846179384 0.260193446435021 0.278680859764044 0.397795988570464 0.459527320361675 0.469254723546646 0.494846422091902 0.518864931459905 0.532501825436165 0.548327327947604 0.546785701204603 0.531571964605015 0.523215317576698 0.530138507790255 0.539900443339056 0.546842163978832 0.547030584857405 0.538724752310874
-9999 -9999 -9999 -9999 -9999 -9999 -9999 -9999 -9999 -9999 -9999 -9999 -9999 -9999 -9999 0.11882986495093 0.0921374291839492 0.128578601380701 0.101783990615177 0.0690082980306234 0.0699928808352249 0.0924402154436729 0.108134277855857 0.116844529674756 0.121108902079876 0.123733162273244 0.125539968737534 0.126359524933651 0.1261121093737 0.124481252362666 0.130666031833126 0.213355690731794 0.436938324467232 0.495993642743331 0.420598115514326 0.351100899819554 0.305866477838795 0.269674476968107 0.267914929679313 0.258404998672855 0.282906762433692 0.419413533696605 0.477470055084293 0.469561802797209 0.479763806359419 0.504433941060049 0.527526538419406 0.544480199461721 0.544906727940115 0.529949106045572 0.514097343414434 0.529506932192669 0.549096547392127 0.565356921795515 0.579585514163991 0.579225252237706
-9999 -9999 -9999 -9999 -9999 -9999 -9999 -9999 -9999 -9999 -9999 -9999 -9999 -9999 -9999 -9999 0.111756245850828 0.0929567369094688 0.133938241849527 0.109256937628079 0.0535650976081059 0.0557579304375089 0.0757042438900447 0.0923960518335914 0.102688854375923 0.105449897225412 0.116797958265132 0.122405178435375 0.123218532977314 0.123766579010264 0.125230053475641 0.14270417829439 0.282933008371268 0.495230137834421 0.580161643706402 0.527030826951866 0.447182500878553 0.371764148401557 0.366571129132479 0.366590888937538 0.358032584124678 0.479154369794004 0.490970609399717 0.463786078110048 0.467542370636423 0.490465450624152 0.51545620289122 0.536316020756199 0.541986586599111 0.53248237295295 0.519420569848201 0.549558135420828 0.577387199472385 0.601962195981596 0.618786051726448 0.609369853229984
-9999 -9999 -9999 -9999 -9999 -9999 -9999 -9999 -9999 -9999 -9999 -9999 -9999 -9999 -9999 -9999 -9999 0.111145972407492 0.0954215619219975 0.144442524470469 0.140684824761621 0.0827502792268227 0.0659065666632817 0.0728621420639998 0.085372359634599 0.0950158857117338 0.107976527415538 0.115657348141314 0.119143929196017 0.122570493229744 0.124770671685496 0.126239961988891 0.141799827078119 0.22446035579611 0.472687299388189 0.635319878043148 0.582062658527793 0.50020556548853 0.468481434184046 0.482926997394668 0.508089719024267 0.501706210434509 0.485460631857066 0.473575024554178 0.471862974694331 0.485765432180144 0.504192582371152 0.521339672394281 0.531265400564867 0.542491666931497 0.554353041317234 0.595292268184675 0.649030821274265 0.67899011747869 0.679251324785194 0.661116786416472
-9999 -9999 -9999 -9999 -9999 -9999 -9999 -9999 -9999 -9999 -9999 -9999 -9999 -9999 -9999 -9999 -9999 -9999 -9999 0.0935420127329445 0.116345570170661 0.136851137818595 0.117115996124248 0.0915613780590678 0.084674418888306 0.0870530571738578 0.0962180759621036 0.108175567510687 0.113262320697632 0.11909340589049 0.123721315444308 0.123924560313487 0.125705193765459 0.135083486941208 0.214568809152731 0.472184606476141 0.621474607061385 0.623784887686558 0.559906732780466 0.527490293579785 0.48381497668723 0.493145738594667 0.486603095212363 0.482875173281753 0.480460643427963 0.485185633414831 0.497767218317219 0.514888684132241 0.530127190240965 0.554142801636652 0.574140832613221 0.631293727168259 0.704008970372732 0.73724508172355 0.729853358849214 0.704636474260321
-9999 -9999 -9999 -9999 -9999 -9999 -9999 -9999 -9999 -9999 -9999 -9999 -9999 -9999 -9999 -9999 -9999 -9999 -9999 -9999 -9999 0.105700655290468 0.11575109396349 0.126755221749036 0.111315405303869 0.0860978281733874 0.0865109247368642 0.0960194948372505 0.103532461279592 0.111307572525752 0.115521063287405 0.120882407427547 0.124648882680853 0.125579223154236 0.133705409124486 0.182469284532499 0.35948770418157 0.61162974781291 0.646168549694606 0.602268751597379 0.536107949427985 0.507420773452699 0.489812886494916 0.499441582481063 0.49739665239383 0.497915424512203 0.513486098443695 0.534615158111898 0.560216730136982 0.58371561048204 0.614677282715636 0.678517385371344 0.743872231521718 0.772054644139881 0.765293948837023 0.735341417148435
-9999 -9999 -9999 -9999 -9999 -9999 -9999 -9999 -9999 -9999 -9999 -9999 -9999 -9999 -9999 -9999 -9999 -9999 -9999 -9999 -9999 -9999 -9999 0.111067444147259 0.126282798458081 0.116899031031192 0.0933153941828476 0.0855087140558667 0.0892071459901009 0.0977934104481782 0.103891887718254 0.113586553553792 0.121059936978899 0.1232336199852 0.124374963838357 0.131139123192333 0.180656361013562 0.368703933646768 0.607434005839603 0.677583020875788 0.585174142355151 0.526000967522974 0.486141521399305 0.494653854045696 0.507183164610498 0.517644888311224 0.539310106656187 0.565356434440369 0.591079049657767 0.620852397679395 0.657280328508075 0.714896643325509 0.774510731739836 0.800250071669034 0.791472472452045 0.765237912878774
-9999 -9999 -9999 -9999 -9999 -9999 -9999 -9999 -9999 -9999 -9999 -9999 -9999 -9999 -9999 -9999 -9999 -9999 -9999 -9999 -9999 -9999 -9999 -9999 -9999 0.103103441263444 0.13345821094131 0.0919862248737157 0.0739681915511915 0.088513701994046 0.0967478573064444 0.10046339328143 0.108153104041364 0.113151884640271 0.120101821876632 0.124144017038582 0.131235129565487 0.177541616976473 0.358505700373432 0.65341616512284 0.650327330043325 0.557801942727836 0.478269553953968 0.48277533436746 0.509524330023171 0.534277351528198 0.562626045762673 0.590727161313382 0.621926337573422 0.654492676990919 0.689555720833865 0.74320867388619 0.79737720575237 0.819440211897369 0.817091956309563 0.795592099231313
-9999 -9999 -9999 -9999 -9999 -9999 -9999 -9999 -9999 -9999 -9999 -9999 -9999 -9999 -9999 -9999 -9999 -9999 -9999 -9999 -9999 -9999 -9999 -9999 -9999 0.0988362591051283 0.10816369553805 0.136977045768801 0.105030049597665 0.0914700573041086 0.0882636480325957 0.0885916551515386 0.0911179250695225 0.0950280446612797 0.105497549063317 0.114705047187865 0.117863195593354 0.137005971621442 0.235455505535189 0.547329160665601 0.712782178921906 0.634269279234097 0.520901999341534 0.494682004067394 0.519393939225415 0.554990767254507 0.589214603662253 0.620784255088302 0.653883375050488 0.69388964052153 0.734122536350837 0.778877615386221 0.821041818326361 0.838695225392609 0.834082383479481 0.814634677231562
-9999 -9999 -9999 -9999 -9999 -9999 -9999 -9999 -9999 -9999 -9999 -9999 -9999 -9999 -9999 -9999 -9999 -9999 -9999 -9999 -9999 -9999 -9999 -9999 -9999 -9999 -9999 0.110626929236816 0.14003262639845 0.11554979357797 0.0987222683895676 0.092380059338856 0.0938809678110797 0.0878212247762314 0.0854396973523237 0.0794120916008815 0.0944409623650679 0.114769400898677 0.186632786653911 0.441279351132404 0.706115447109953 0.711365601591046 0.581670450788639 0.520820791108868 0.533506301157523 0.576908965811422 0.611840362122377 0.652153620238803 0.69047294584428 0.735960865083021 0.780016948302318 0.810664844242385 0.841612703061921 0.857871926854718 0.845692218544662 0.825103301217354
-9999 -9999 -9999 -9999 -9999 -9999 -9999 -9999 -9999 -9999 -9999 -9999 -9999 -9999 -9999 -9999 -9999 -9999 -9999 -9999 -9999 -9999 -9999 -9999 -9999 -9999 -9999 0.0936374803827372 0.136579737769056 0.137985380596333 0.109779535201196 0.101708500600135 0.10284343734774 0.0984983320903529 0.0891664766344534 0.0792878727949653 0.0788397453062711 0.0973933779169567 0.159427507974102 0.36390129389929 0.659610193905053 0.764364968575256 0.673648639065509 0.590807377338208 0.573024571458024 0.597146419807158 0.6335578126468 0.681165392501553 0.724639140896634 0.77076152990069 0.812819672935386 0.844269727966337 0.859299825891564 0.857717654276083 0.85536005393574 0.844131188845031
-9999 -9999 -9999 -9999 -9999 -9999 -9999 -9999 -9999 -9999 -9999 -9999 -9999 -9999 -9999 -9999 -9999 -9999 -9999 -9999 -9999 -9999 -9999 -9999 -9999 -9999 -9999 -9999 0.126371620112238 0.150318482164209 0.121614512012812 0.108196249744257 0.110105202854484 0.108009352017352 0.099810779835817 0.0880437866768441 0.0762830793900703 0.0831056695492526 0.131535127439043 0.305894395935268 0.611543703496214 0.779674900598803 0.708951981704204 0.623507485111333 0.610605347689589 0.600019318812441 0.647025864655032 0.693324076209409 0.742515110790671 0.796597321113067 0.836531738278362 0.866840827771204 0.859185261316725 0.852456463922657 0.874339169268899 0.873923608756072
-9999 -9999 -9999 -9999 -9999 -9999 -9999 -9999 -9999 -9999 -9999 -9999 -9999 -9999 -9999 -9999 -9999 -9999 -9999 -9999 -9999 -9999 -9999 -9999 -9999 -9999 -9999 -9999 0.117945297520152 0.152100660383957 0.132354966013792 0.113346909711571 0.115629456462614 0.114380974570253 0.105336418685085 0.0910267076089567 0.0727929140338188 0.074274827893663 0.117734643211398 0.270448863776728 0.557614979320698 0.7556230787397 0.71074488631758 0.623284097227928 0.616601812268491 0.645745531117621 0.679141665183667 0.707589298456161 0.756657048926706 0.823052386913575 0.86478512547385 0.892973218430907 0.884908114080381 0.882409561412579 0.900617470628002 0.911217654462412
-9999 -9999 -9999 -9999 -9999 -9999 -9999 -9999 -9999 -9999 -9999 -9999 -9999 -9999 -9999 -9999 -9999 -9999 -9999 -9999 -9999 -9999 -9999 -9999 -9999 -9999 -9999 -9999 0.11341757258481 0.155453282838788 0.135633914469026 0.115908033274063 0.118917715768931 0.117900472446671 0.107156813136009 0.0909113970938479 0.0704591671930794 0.0661363840606993 0.099971273573391 0.239795180105657 0.502631135657119 0.721391573459632 0.665708699352976 0.568947680835767 0.550941035739593 0.568491326185045 0.677993904608961 0.719563961345995 0.75387427695868 0.842386420911815 0.885011138705316 0.91452903980769 0.908224233574064 0.918595458681117 0.943723765927136 0.939352049386698
-9999 -9999 -9999 -9999 -9999 -9999 -9999 -9999 -9999 -9999 -9999 -9999 -9999 -9999 -9999 -9999 -9999 -9999 -9999 -9999 -9999 -9999 -9999 -9999 -9999 -9999 -9999 -9999 0.112148320449304 0.161743149832262 0.137669984324795 0.115981961865895 0.117172911720132 0.116002304144487 0.10554473304219 0.0853189609280447 0.065435655127075 0.065074140473859 0.0986193697978929 0.237592449797964 0.497773865158456 0.674228208181032 0.620665850518417 0.511891523776967 0.47407536824569 0.504524241395828 0.622310423407749 0.731372204060601 0.795431850503088 0.85215584433381 0.89845622110869 0.923697379076035 0.936786080999714 0.960757869502932 0.979567043424821 0.973315194303754
-9999 -9999 -9999 -9999 -9999 -9999 -9999 -9999 -9999 -9999 -9999 -9999 -9999 -9999 -9999 -9999 -9999 -9999 -9999 -9999 -9999 -9999 -9999 -9999 -9999 -9999 -9999 -9999 0.111157995644019 0.169126134693394 0.131337805804221 0.113520323242493 0.11505387532067 0.114048779879983 0.102988010273744 0.0829266444364443 0.0647496785919036 0.0669392116845632 0.101661112313385 0.255231926384585 0.509282985360584 0.654867653048839 0.568355376640241 0.45895074211588 0.418711691626696 0.431076283212202 0.560963379078885 0.681442561223637 0.778459345199691 0.843788807032034 0.856203975679994 0.919615648947797 0.955634981880596 0.984011133765217 0.997367987248507 0.986720015585126
