data/03_saidas_enm/CCSM_Maxent_21k_B.balansae2.asc
NCOLS 154 
NROWS 168 
XLLCORNER -112 
YLLCORNER -55.5 
CELLSIZE 0.5 
NODATA_value -9999 
[rows 100 to 124 of 168, columns 56 to 111 of 154]
-9999 -9999 -9999 -9999 -9999 -9999 -9999 -9999 -9999 -9999 -9999 -9999 -9999 -9999 -9999 -9999 -9999 -9999 -9999 -9999 -9999 -9999 -9999 -9999 -9999 -9999 -9999 -9999 0.0832503363490105 0.227344006299973 0.403092235326767 0.392130553722382 0.355748772621155 0.336785525083542 0.333207607269287 0.255724906921387 0.180738046765327 0.207837045192719 0.273057609796524 0.333566695451736 0.453685253858566 0.447589546442032 0.417916119098663 0.403724104166031 0.399582952260971 0.406233429908752 0.42447555065155 0.455682158470154 0.467922538518906 0.483878999948502 0.501763641834259 0.517885208129883 0.531991541385651 0.545929491519928 0.558290541172028 0.56862211227417
-9999 -9999 -9999 -9999 -9999 -9999 -9999 -9999 -9999 -9999 -9999 -9999 -9999 -9999 -9999 -9999 -9999 -9999 -9999 -9999 -9999 -9999 -9999 -9999 -9999 -9999 -9999 -9999 0.0843906179070473 0.251744300127029 0.426307529211044 0.379196554422379 0.360124975442886 0.343042492866516 0.322017341852188 0.2403714209795 0.18718995153904 0.228894785046577 0.282209038734436 0.33884659409523 0.450286835432053 0.41471454501152 0.388180941343307 0.379499137401581 0.378228038549423 0.386618763208389 0.402594536542892 0.42577263712883 0.433596819639206 0.464315742254257 0.491760462522507 0.506816446781158 0.518903255462646 0.530084371566772 0.54008549451828 0.542641222476959
-9999 -9999 -9999 -9999 -9999 -9999 -9999 -9999 -9999 -9999 -9999 -9999 -9999 -9999 -9999 -9999 -9999 -9999 -9999 -9999 -9999 -9999 -9999 -9999 -9999 -9999 -9999 0.0597039423882961 0.0928600654006004 0.258853048086166 0.415852397680283 0.372967690229416 0.354448407888412 0.3287433385849 0.298389047384262 0.230861842632294 0.199915885925293 0.252362608909607 0.28179207444191 0.357290685176849 0.439790517091751 0.382986336946487 0.36090162396431 0.353957951068878 0.356638342142105 0.365334242582321 0.381664454936981 0.409860253334045 0.418078064918518 0.443458408117294 0.468782693147659 0.484899193048477 0.499363988637924 0.510696291923523 0.517472267150879 0.521380841732025
-9999 -9999 -9999 -9999 -9999 -9999 -9999 -9999 -9999 -9999 -9999 -9999 -9999 -9999 -9999 -9999 -9999 -9999 -9999 -9999 -9999 -9999 -9999 -9999 -9999 -9999 -9999 0.0603468418121338 0.102422244846821 0.274214655160904 0.384115070104599 0.359222322702408 0.344165444374084 0.317091435194016 0.269763171672821 0.2199866771698 0.216885358095169 0.27156338095665 0.278220415115356 0.376141786575317 0.41504293680191 0.35957670211792 0.33737725019455 0.332828372716904 0.337766796350479 0.346218764781952 0.361490964889526 0.388061821460724 0.404847770929337 0.426224857568741 0.442597478628159 0.45795863866806 0.473860293626785 0.486163139343262 0.494065225124359 0.50173944234848
-9999 -9999 -9999 -9999 -9999 -9999 -9999 -9999 -9999 -9999 -9999 -9999 -9999 -9999 -9999 -9999 -9999 -9999 -9999 -9999 -9999 -9999 -9999 -9999 -9999 -9999 -9999 0.0637129694223404 0.12653324007988 0.291576325893402 0.329872786998749 0.315565884113312 0.32090550661087 0.291795939207077 0.235051199793816 0.210985332727432 0.241522446274757 0.272113561630249 0.289076536893845 0.399530112743378 0.415450930595398 0.350573599338531 0.327581495046616 0.321806102991104 0.323747396469116 0.331591725349426 0.345067739486694 0.36389234662056 0.384742885828018 0.399872988462448 0.413246303796768 0.429829776287079 0.445022135972977 0.458286821842194 0.4703329205513 0.479587644338608
-9999 -9999 -9999 -9999 -9999 -9999 -9999 -9999 -9999 -9999 -9999 -9999 -9999 -9999 -9999 -9999 -9999 -9999 -9999 -9999 -9999 -9999 -9999 -9999 -9999 -9999 -9999 0.0729566141963005 0.158569768071175 0.281554043292999 0.274840950965881 0.267730623483658 0.287634879350662 0.270958989858627 0.206746265292168 0.216894388198853 0.259493499994278 0.266745090484619 0.290650248527527 0.413395375013351 0.400583505630493 0.338571429252625 0.316864013671875 0.312353640794754 0.313406825065613 0.31951978802681 0.33051985502243 0.346174269914627 0.363685727119446 0.37856662273407 0.390278398990631 0.405486941337585 0.418247133493423 0.432161420583725 0.447164416313171 0.459831357002258
-9999 -9999 -9999 -9999 -9999 -9999 -9999 -9999 -9999 -9999 -9999 -9999 -9999 -9999 -9999 -9999 -9999 -9999 -9999 -9999 -9999 -9999 -9999 -9999 -9999 -9999 -9999 0.0898879319429398 0.194677069783211 0.236926481127739 0.214746698737144 0.214965060353279 0.242405250668526 0.24082025885582 0.184909090399742 0.22014108300209 0.261296480894089 0.265365540981293 0.287150382995605 0.411962896585464 0.378231942653656 0.320478588342667 0.305390000343323 0.302771538496017 0.304897785186768 0.310116559267044 0.319228738546371 0.334837585687637 0.348931521177292 0.361367404460907 0.373041152954102 0.38415452837944 0.394202023744583 0.408148616552353 0.423759579658508 0.43971973657608
-9999 -9999 -9999 -9999 -9999 -9999 -9999 -9999 -9999 -9999 -9999 -9999 -9999 -9999 -9999 -9999 -9999 -9999 -9999 -9999 -9999 -9999 -9999 -9999 -9999 -9999 -9999 0.118198893964291 0.233011737465858 0.199425369501114 0.172997817397118 0.176031500101089 0.22034578025341 0.22165846824646 0.178614884614944 0.217681467533112 0.252154886722565 0.25932902097702 0.279996514320374 0.414024353027344 0.358808636665344 0.301530539989471 0.290835648775101 0.291788160800934 0.295239835977554 0.300892204046249 0.308615177869797 0.318630665540695 0.329914838075638 0.340675830841064 0.347391486167908 0.359384834766388 0.368316978216171 0.382555961608887 0.400798738002777 0.418525725603104
-9999 -9999 -9999 -9999 -9999 -9999 -9999 -9999 -9999 -9999 -9999 -9999 -9999 -9999 -9999 -9999 -9999 -9999 -9999 -9999 -9999 -9999 -9999 -9999 -9999 -9999 -9999 0.141242325305939 0.234160184860229 0.175948828458786 0.137171983718872 0.152205318212509 0.207008540630341 0.214481309056282 0.176230624318123 0.212562277913094 0.24478717148304 0.250824362039566 0.276787847280502 0.41181156039238 0.329905182123184 0.281619608402252 0.275258898735046 0.278171211481094 0.283091515302658 0.290819257497787 0.294438064098358 0.300703197717667 0.306361347436905 0.313092708587646 0.32068932056427 0.330740332603455 0.340564608573914 0.356203436851501 0.375861614942551 0.395724982023239
-9999 -9999 -9999 -9999 -9999 -9999 -9999 -9999 -9999 -9999 -9999 -9999 -9999 -9999 -9999 -9999 -9999 -9999 -9999 -9999 -9999 -9999 -9999 -9999 -9999 -9999 -9999 0.160932809114456 0.215232446789742 0.167588785290718 0.125930622220039 0.142534807324409 0.223545074462891 0.216100931167603 0.177374824881554 0.211594223976135 0.239515215158463 0.238023594021797 0.290198147296906 0.403006881475449 0.303150326013565 0.25872540473938 0.256910383701324 0.260908275842667 0.265483349561691 0.271115571260452 0.274377554655075 0.27802175283432 0.281545460224152 0.287073761224747 0.294628471136093 0.305243700742722 0.316214144229889 0.332281798124313 0.351242870092392 0.369790464639664
-9999 -9999 -9999 -9999 -9999 -9999 -9999 -9999 -9999 -9999 -9999 -9999 -9999 -9999 -9999 -9999 -9999 -9999 -9999 -9999 -9999 -9999 -9999 -9999 -9999 -9999 0.0904362052679062 0.1907127648592 0.199815168976784 0.157690539956093 0.117893278598785 0.150599792599678 0.240021005272865 0.248141258955002 0.191367998719215 0.216233029961586 0.22628653049469 0.223957419395447 0.316101014614105 0.355535268783569 0.254311382770538 0.230381771922112 0.23393914103508 0.239172771573067 0.24095045030117 0.245886921882629 0.248207867145538 0.250134468078613 0.254885643720627 0.262626975774765 0.272359132766724 0.284043401479721 0.294563174247742 0.310478419065475 0.326778292655945 0.342698961496353
-9999 -9999 -9999 -9999 -9999 -9999 -9999 -9999 -9999 -9999 -9999 -9999 -9999 -9999 -9999 -9999 -9999 -9999 -9999 -9999 -9999 -9999 -9999 -9999 -9999 -9999 0.125285714864731 0.192765668034554 0.178383961319923 0.135711044073105 0.11884231120348 0.165047094225883 0.275084733963013 0.268874943256378 0.207672446966171 0.219562500715256 0.215671494603157 0.257318466901779 0.34946009516716 0.276338636875153 0.21517026424408 0.198663890361786 0.202823773026466 0.208343997597694 0.211539670825005 0.215020820498466 0.221218183636665 0.22818411886692 0.235931977629662 0.243588641285896 0.252969652414322 0.265793710947037 0.278492391109467 0.293478697538376 0.306796371936798 0.320993423461914
-9999 -9999 -9999 -9999 -9999 -9999 -9999 -9999 -9999 -9999 -9999 -9999 -9999 -9999 -9999 -9999 -9999 -9999 -9999 -9999 -9999 -9999 -9999 -9999 -9999 -9999 0.185047641396523 0.167152523994446 0.14831331372261 0.114453785121441 0.108202919363976 0.1879603266716 0.320337891578674 0.305698662996292 0.223039582371712 0.221148580312729 0.228018760681152 0.306254744529724 0.274806439876556 0.209071531891823 0.169927045702934 0.166991859674454 0.1720851957798 0.177981644868851 0.182395502924919 0.183766975998878 0.197082668542862 0.210263267159462 0.220618411898613 0.226456865668297 0.234162330627441 0.247681513428688 0.262617319822311 0.2770636677742 0.286263406276703 0.299498915672302
-9999 -9999 -9999 -9999 -9999 -9999 -9999 -9999 -9999 -9999 -9999 -9999 -9999 -9999 -9999 -9999 -9999 -9999 -9999 -9999 -9999 -9999 -9999 -9999 -9999 -9999 0.174275353550911 0.130295813083649 0.106957361102104 0.0991511940956116 0.13694466650486 0.221570238471031 0.343937307596207 0.345416724681854 0.267824828624725 0.241878136992455 0.279571682214737 0.284259259700775 0.200299367308617 0.163438394665718 0.14622837305069 0.144367858767509 0.148912250995636 0.155391857028008 0.160473436117172 0.167667299509048 0.179819539189339 0.19336348772049 0.204197034239769 0.210192173719406 0.216849789023399 0.227407738566399 0.240490555763245 0.253280758857727 0.261761009693146 0.270486891269684
-9999 -9999 -9999 -9999 -9999 -9999 -9999 -9999 -9999 -9999 -9999 -9999 -9999 -9999 -9999 -9999 -9999 -9999 -9999 -9999 -9999 -9999 -9999 -9999 -9999 0.216305464506149 0.161449491977692 0.0959619879722595 0.0730979219079018 0.0972702130675316 0.161067977547646 0.24909071624279 0.354348808526993 0.378237724304199 0.314557641744614 0.260948061943054 0.250715047121048 0.190589264035225 0.146976724267006 0.132572650909424 0.125955790281296 0.128405719995499 0.133587077260017 0.140714228153229 0.148905798792839 0.158091753721237 0.166521921753883 0.17764700949192 0.187699377536774 0.192204654216766 0.198001891374588 0.207924976944923 0.216912567615509 0.227002531290054 0.233690619468689 0.240932390093803
-9999 -9999 -9999 -9999 -9999 -9999 -9999 -9999 -9999 -9999 -9999 -9999 -9999 -9999 -9999 -9999 -9999 -9999 -9999 -9999 -9999 -9999 -9999 -9999 -9999 0.199036419391632 0.151003539562225 0.0928594470024109 0.0707441717386246 0.101162955164909 0.174963593482971 0.242294147610664 0.297611653804779 0.303838133811951 0.241435319185257 0.185076504945755 0.157957449555397 0.140563905239105 0.119689039885998 0.113941885530949 0.112994894385338 0.116087272763252 0.122124210000038 0.129183426499367 0.137230262160301 0.144184872508049 0.152627721428871 0.160252943634987 0.169837355613708 0.175650805234909 0.180913969874382 0.188169851899147 0.194736868143082 0.203295737504959 0.209476619958878 0.214295834302902
-9999 -9999 -9999 -9999 -9999 -9999 -9999 -9999 -9999 -9999 -9999 -9999 -9999 -9999 -9999 -9999 -9999 -9999 -9999 -9999 -9999 -9999 -9999 -9999 -9999 0.193120062351227 0.142954111099243 0.0815223827958107 0.0654683038592339 0.106343097984791 0.1857570707798 0.219945400953293 0.227282360196114 0.21189221739769 0.160119235515594 0.114157848060131 0.109083943068981 0.107013002038002 0.10181463509798 0.100753381848335 0.101292252540588 0.106231555342674 0.111897602677345 0.11756543815136 0.124213352799416 0.130540192127228 0.136954680085182 0.144455030560493 0.153351157903671 0.159294202923775 0.164530888199806 0.170786619186401 0.175336703658104 0.181340500712395 0.186065956950188 0.191381648182869
-9999 -9999 -9999 -9999 -9999 -9999 -9999 -9999 -9999 -9999 -9999 -9999 -9999 -9999 -9999 -9999 -9999 -9999 -9999 -9999 -9999 -9999 -9999 -9999 -9999 0.169425055384636 0.128119215369225 0.0759604647755623 0.0613846220076084 0.0967025011777878 0.158954381942749 0.181826218962669 0.17225281894207 0.156187653541565 0.117835342884064 0.0916510224342346 0.0884678140282631 0.0933524817228317 0.091131366789341 0.0927217081189156 0.0954042002558708 0.0989995151758194 0.10349814593792 0.107818216085434 0.10932432860136 0.112940542399883 0.122148290276527 0.133129775524139 0.14195853471756 0.146439179778099 0.149923071265221 0.155258446931839 0.159396350383759 0.165059477090836 0.168784454464912 0.172191724181175
-9999 -9999 -9999 -9999 -9999 -9999 -9999 -9999 -9999 -9999 -9999 -9999 -9999 -9999 -9999 -9999 -9999 -9999 -9999 -9999 -9999 -9999 -9999 -9999 -9999 0.155137538909912 0.11455612629652 0.0670921951532364 0.0527116619050503 0.0860802456736565 0.142809227108955 0.150752857327461 0.13252617418766 0.11650338023901 0.0921103581786156 0.0738096237182617 0.0753734335303307 0.0827997773885727 0.0833066329360008 0.0856148228049278 0.0880997702479362 0.0902381613850594 0.0944387689232826 0.0978164970874786 0.0980115309357643 0.10046948492527 0.110952116549015 0.122069828212261 0.13020247220993 0.133235067129135 0.136614516377449 0.141441747546196 0.145164057612419 0.149834215641022 0.151886343955994 0.156046360731125
-9999 -9999 -9999 -9999 -9999 -9999 -9999 -9999 -9999 -9999 -9999 -9999 -9999 -9999 -9999 -9999 -9999 -9999 -9999 -9999 -9999 -9999 -9999 -9999 -9999 0.147894680500031 0.104072451591492 0.062299482524395 0.0469529144465923 0.0744272321462631 0.119644872844219 0.125706285238266 0.108921632170677 0.0954488217830658 0.0789635851979256 0.0677442848682404 0.0685844272375107 0.074751079082489 0.0759427919983864 0.0782632380723953 0.0801195204257965 0.0799071714282036 0.0807712525129318 0.0836764499545097 0.0883061960339546 0.0941100269556046 0.101884983479977 0.109757982194424 0.117262437939644 0.121976934373379 0.125631466507912 0.129477500915527 0.132382452487946 0.137157544493675 0.140164330601692 0.143303200602531
-9999 -9999 -9999 -9999 -9999 -9999 -9999 -9999 -9999 -9999 -9999 -9999 -9999 -9999 -9999 -9999 -9999 -9999 -9999 -9999 -9999 -9999 -9999 -9999 -9999 0.144405201077461 0.0990389287471771 0.0565699823200703 0.0419511646032333 0.0654297396540642 0.104210197925568 0.10634932667017 0.0907545536756516 0.0795302763581276 0.0725240111351013 0.0678894743323326 0.0676456838846207 0.0671816244721413 0.0687999278306961 0.0717164725065231 0.0732776448130608 0.0724930241703987 0.0744515880942345 0.0754516571760178 0.0795968472957611 0.0870682299137115 0.0936147719621658 0.0997580364346504 0.105888642370701 0.110223226249218 0.115209370851517 0.118845537304878 0.121626600623131 0.125801101326942 0.128067150712013 0.131932556629181
-9999 -9999 -9999 -9999 -9999 -9999 -9999 -9999 -9999 -9999 -9999 -9999 -9999 -9999 -9999 -9999 -9999 -9999 -9999 -9999 -9999 -9999 -9999 -9999 -9999 0.138806730508804 0.0944058671593666 0.054620984941721 0.0406824722886086 0.0571917593479156 0.0880578234791756 0.0908273532986641 0.0782088115811348 0.0687208697199821 0.068126805126667 0.0669118762016296 0.0654683262109756 0.0633999854326248 0.0631443783640862 0.0670164078474045 0.0691627338528633 0.0704776123166084 0.0723851770162582 0.0734718516469002 0.0742235034704208 0.0805023387074471 0.086559884250164 0.0916048362851143 0.0976237505674362 0.101867750287056 0.105398647487164 0.109896630048752 0.113256990909576 0.117291927337646 0.119609951972961 0.121391452848911
-9999 -9999 -9999 -9999 -9999 -9999 -9999 -9999 -9999 -9999 -9999 -9999 -9999 -9999 -9999 -9999 -9999 -9999 -9999 -9999 -9999 -9999 -9999 -9999 -9999 0.134241357445717 0.0910081192851067 0.051885575056076 0.040368877351284 0.0510373972356319 0.0760620012879372 0.0791101679205894 0.0692727118730545 0.0659232512116432 0.0649954378604889 0.0633782893419266 0.0621414221823215 0.061537142843008 0.0617947317659855 0.0638898462057114 0.0657918155193329 0.0681495517492294 0.0704248771071434 0.0717274621129036 0.0722060427069664 0.0728018656373024 0.0788848176598549 0.0846743062138557 0.0909823477268219 0.0949648544192314 0.0986657664179802 0.103102192282677 0.105729088187218 0.107809372246265 0.108841337263584 0.110294364392757
-9999 -9999 -9999 -9999 -9999 -9999 -9999 -9999 -9999 -9999 -9999 -9999 -9999 -9999 -9999 -9999 -9999 -9999 -9999 -9999 -9999 -9999 -9999 -9999 -9999 0.129674196243286 0.0844286233186722 0.0488717779517174 0.0402235873043537 0.0463916659355164 0.0670289918780327 0.0696656331419945 0.0621100962162018 0.0633588060736656 0.0629675984382629 0.0615910105407238 0.0608387179672718 0.0600063689053059 0.0604583546519279 0.063224270939827 0.0651508942246437 0.0666452720761299 0.0687640234827995 0.0697285383939743 0.0704079493880272 0.0704145506024361 0.0711293295025826 0.0780535563826561 0.0852591544389725 0.0905509665608406 0.0960883125662804 0.0981076210737228 0.0969312712550163 0.0993775054812431 0.100154384970665 0.101042911410332
-9999 -9999 -9999 -9999 -9999 -9999 -9999 -9999 -9999 -9999 -9999 -9999 -9999 -9999 -9999 -9999 -9999 -9999 -9999 -9999 -9999 -9999 -9999 -9999 0.138842016458511 0.122042320668697 0.0769667774438858 0.0443762801587582 0.0398362390697002 0.0436013676226139 0.0588284581899643 0.0623571760952473 0.058610662817955 0.0611428469419479 0.0611309073865414 0.060023307800293 0.0597432367503643 0.059373527765274 0.0596003234386444 0.0618943385779858 0.0646166205406189 0.0656669065356255 0.0670019537210464 0.067802719771862 0.0682962313294411 0.0685392394661903 0.0682049840688705 0.069905087351799 0.076878659427166 0.0828388556838036 0.0883444249629974 0.0891866311430931 0.0886025577783585 0.0910678058862686 0.0937815234065056 0.0964081287384033
