data/03_saidas_enm/CCSM_SVM_21k_B.balansae2.asc
NCOLS 154 
NROWS 168 
XLLCORNER -112 
YLLCORNER -55.5 
CELLSIZE 0.5 
NODATA_value -9999 
[rows 100 to 124 of 168, columns 56 to 111 of 154]
-9999 -9999 -9999 -9999 -9999 -9999 -9999 -9999 -9999 -9999 -9999 -9999 -9999 -9999 -9999 -9999 -9999 -9999 -9999 -9999 -9999 -9999 -9999 -9999 -9999 -9999 -9999 -9999 0.0580455897456048 0.136380396554649 0.122323891435404 0.115391341677374 0.121424849596256 0.119457479762068 0.104692508901742 0.0769165452446472 0.0591213085319621 0.0741750135775727 0.11476199262802 0.290943290225921 0.571639472480177 0.594915956090878 0.442935843299341 0.333188234842549 0.304918951507398 0.334214699622643 0.428666376579569 0.535678912112776 0.614076784275062 0.69826904711598 0.775027129179906 0.835483671414471 0.88324909831275 0.925817591642807 0.951703639412711 0.955769091531752
-9999 -9999 -9999 -9999 -9999 -9999 -9999 -9999 -9999 -9999 -9999 -9999 -9999 -9999 -9999 -9999 -9999 -9999 -9999 -9999 -9999 -9999 -9999 -9999 -9999 -9999 -9999 -9999 0.0572289964286428 0.139206459749148 0.120966878903079 0.117049484322043 0.12201521739879 0.118601940691005 0.0997382507104044 0.074517261401446 0.0629332042727999 0.0846009030164614 0.13393542692692 0.351939318676091 0.601514153220944 0.537420800128991 0.374473923965067 0.291337379890568 0.278363039808969 0.303982048217816 0.393467105813789 0.476558484636858 0.541002159350034 0.642085695744546 0.72314421425407 0.790773304362219 0.841347701394473 0.885749905512073 0.918861084937779 0.925307153718245
-9999 -9999 -9999 -9999 -9999 -9999 -9999 -9999 -9999 -9999 -9999 -9999 -9999 -9999 -9999 -9999 -9999 -9999 -9999 -9999 -9999 -9999 -9999 -9999 -9999 -9999 -9999 0.0877912292297917 0.0618150087233305 0.135599629467961 0.133109712408857 0.124185670745807 0.124116164010429 0.116153127178239 0.0954902139516999 0.0719857796373743 0.0680539573026449 0.0942987788065824 0.166874741744868 0.4375654389175 0.606436306422329 0.462698661454785 0.327774548729294 0.261505092700816 0.251428327362707 0.279741582369032 0.352685528370523 0.431388340477863 0.498368025879498 0.580208620231361 0.6593098640218 0.721522175267946 0.774412743204063 0.827740663133946 0.868210901042615 0.889623582689801
-9999 -9999 -9999 -9999 -9999 -9999 -9999 -9999 -9999 -9999 -9999 -9999 -9999 -9999 -9999 -9999 -9999 -9999 -9999 -9999 -9999 -9999 -9999 -9999 -9999 -9999 -9999 0.0904874596665099 0.0646649763406412 0.134158673972981 0.139356934170621 0.128867920939997 0.126920256308391 0.11698872082614 0.0923866114633414 0.0737807525578633 0.0763270204187698 0.108212440915849 0.201970631249223 0.490218903088876 0.550047433130877 0.387697998531366 0.271774236404293 0.227880869198651 0.226524305467102 0.247914158325916 0.307951061302385 0.384959334481736 0.452079625823593 0.523091092453688 0.593727770113442 0.652066220376293 0.703464771759488 0.761170984061877 0.80743363525887 0.843531670581327
-9999 -9999 -9999 -9999 -9999 -9999 -9999 -9999 -9999 -9999 -9999 -9999 -9999 -9999 -9999 -9999 -9999 -9999 -9999 -9999 -9999 -9999 -9999 -9999 -9999 -9999 -9999 0.0916323168647838 0.0699916179814135 0.129070236281368 0.142318614876368 0.134623772697506 0.130781301077293 0.117681160121103 0.0918991948590709 0.0777877139024762 0.0854057479501011 0.126036111588334 0.236325106230741 0.50820850340961 0.516680660355023 0.33848090711171 0.238475533104345 0.204568014478443 0.203384078689277 0.223167185246213 0.273630022669197 0.338843973367952 0.402245760439198 0.464735832364 0.524113177575732 0.582563172941573 0.636356126709209 0.691016415677335 0.74434341716811 0.787457253855647
-9999 -9999 -9999 -9999 -9999 -9999 -9999 -9999 -9999 -9999 -9999 -9999 -9999 -9999 -9999 -9999 -9999 -9999 -9999 -9999 -9999 -9999 -9999 -9999 -9999 -9999 -9999 0.0935314061049643 0.0778286159418092 0.128245998577767 0.140845609331007 0.136646280503101 0.133462918998568 0.12107701431104 0.0943947738697328 0.0870286080805728 0.0989253265578467 0.138439745650949 0.246950211900738 0.502462185722294 0.458530390109477 0.292870975362512 0.21098429950176 0.188471466230533 0.193032148542287 0.211542085485158 0.252769881731378 0.303829763825476 0.359037630140186 0.417856977037925 0.47178610698225 0.527302445272462 0.572491146282836 0.627604625603019 0.688544386522744 0.742219142193266
-9999 -9999 -9999 -9999 -9999 -9999 -9999 -9999 -9999 -9999 -9999 -9999 -9999 -9999 -9999 -9999 -9999 -9999 -9999 -9999 -9999 -9999 -9999 -9999 -9999 -9999 -9999 0.0972823432533253 0.0886439575428101 0.127335814658025 0.137789633865274 0.137343881776069 0.135610421983651 0.123627415640314 0.0998689093006126 0.102559204445578 0.114177474390738 0.144172643312316 0.259763140871024 0.512960793100073 0.412438594355865 0.249331537514524 0.193048080831414 0.17907057442775 0.187263021983899 0.210835489157824 0.238641036034068 0.282286027579609 0.32708181403112 0.380057473814033 0.436052703426076 0.480186387719334 0.520628146380425 0.574102200432627 0.635487777688099 0.700939714781204
-9999 -9999 -9999 -9999 -9999 -9999 -9999 -9999 -9999 -9999 -9999 -9999 -9999 -9999 -9999 -9999 -9999 -9999 -9999 -9999 -9999 -9999 -9999 -9999 -9999 -9999 -9999 0.102815826378943 0.0992527781324103 0.127526104276346 0.135739806829768 0.137274932875143 0.136385686715147 0.125292683803811 0.108822447669501 0.116473392107837 0.123156069265964 0.149580826559767 0.277845941738863 0.517532738749424 0.360586699487643 0.209775958437501 0.171352988244057 0.16479792005246 0.173142547025567 0.195502636459015 0.220972775805403 0.255114096379706 0.293554207004426 0.338440002436438 0.384888206427298 0.424912773823309 0.463057786747657 0.517354253744378 0.584796492906346 0.653679394178204
-9999 -9999 -9999 -9999 -9999 -9999 -9999 -9999 -9999 -9999 -9999 -9999 -9999 -9999 -9999 -9999 -9999 -9999 -9999 -9999 -9999 -9999 -9999 -9999 -9999 -9999 -9999 0.109685146301731 0.107311846894926 0.128343877684455 0.135013044900732 0.137084815818519 0.136874387258805 0.125863294397116 0.113394251960764 0.126446926490268 0.129897624082752 0.156881993090739 0.312997417682902 0.508016915873976 0.287713574216202 0.172457455663233 0.148650386788093 0.146674697412431 0.154277881569521 0.169774832069976 0.190777562273058 0.220852436533693 0.252974354991058 0.28628989827742 0.322226582693222 0.362132326880944 0.402198827306776 0.457358303257652 0.52649206485744 0.599410203618304
-9999 -9999 -9999 -9999 -9999 -9999 -9999 -9999 -9999 -9999 -9999 -9999 -9999 -9999 -9999 -9999 -9999 -9999 -9999 -9999 -9999 -9999 -9999 -9999 -9999 -9999 -9999 0.117510763531169 0.113902518332632 0.128192860718094 0.133876331550034 0.136560790671757 0.136935508566593 0.123646543896709 0.115482425804514 0.12765405983738 0.132682863864114 0.189103918670512 0.41305392277163 0.475010993422237 0.235085147939814 0.139358725591046 0.128265862101161 0.128347982136086 0.133678387269928 0.144496487670007 0.159112965601468 0.180668866033259 0.206937963590287 0.23630607504932 0.269662047504636 0.307599048158244 0.347353023057545 0.401773737860496 0.466782907775294 0.53342823726305
-9999 -9999 -9999 -9999 -9999 -9999 -9999 -9999 -9999 -9999 -9999 -9999 -9999 -9999 -9999 -9999 -9999 -9999 -9999 -9999 -9999 -9999 -9999 -9999 -9999 -9999 0.136604835845883 0.121855670696221 0.118011558452293 0.127191999516322 0.131830490003681 0.135787978967117 0.137991245732646 0.125075829047325 0.113473917336642 0.128087482667672 0.140304496034724 0.269474611041373 0.502968387977331 0.375783395769 0.150286295846522 0.108119917545136 0.106794506686506 0.109382503894836 0.111129961974266 0.11814128333022 0.127379556982623 0.141520337014039 0.163364478347408 0.193587766278837 0.22605979125675 0.263819811769971 0.299801521095733 0.350955176030787 0.408419484597875 0.464635623861006
-9999 -9999 -9999 -9999 -9999 -9999 -9999 -9999 -9999 -9999 -9999 -9999 -9999 -9999 -9999 -9999 -9999 -9999 -9999 -9999 -9999 -9999 -9999 -9999 -9999 -9999 0.135972183732844 0.122540326047428 0.121557943850387 0.125224303872643 0.128286585175495 0.135168609192095 0.142006350367354 0.132340739797937 0.119488987333764 0.133023060742866 0.184064817592502 0.392212289922636 0.430923697147474 0.225438734854947 0.104912476701389 0.0822099700982599 0.0830720031417097 0.0854635418613531 0.0864265980041401 0.089455368186208 0.0981701522641723 0.113284846040566 0.134592011670159 0.161335330144646 0.192521122227028 0.230345082017341 0.269570031991312 0.316740885363675 0.36402442642194 0.413762954194819
-9999 -9999 -9999 -9999 -9999 -9999 -9999 -9999 -9999 -9999 -9999 -9999 -9999 -9999 -9999 -9999 -9999 -9999 -9999 -9999 -9999 -9999 -9999 -9999 -9999 -9999 0.132439436214438 0.123729685067771 0.12373167384384 0.122931543944127 0.123436202567341 0.13652026626363 0.150457420953437 0.154419582391731 0.159049469192067 0.173764504468941 0.310145213900353 0.408212403019193 0.236373811166009 0.115648150002619 0.0688549182664078 0.0645142339910484 0.064550182034591 0.0657589689140537 0.0657168685639505 0.0653336741552324 0.0759350698787175 0.093169104449143 0.113602557824977 0.135130113644353 0.163245249793752 0.199435930230486 0.242310601971181 0.286458527976297 0.322491935965531 0.367395841737886
-9999 -9999 -9999 -9999 -9999 -9999 -9999 -9999 -9999 -9999 -9999 -9999 -9999 -9999 -9999 -9999 -9999 -9999 -9999 -9999 -9999 -9999 -9999 -9999 -9999 -9999 0.125972116141476 0.127257871692573 0.125698639211116 0.122820144542945 0.12452838798834 0.144277156827234 0.180161163103826 0.227412238972717 0.281540598790097 0.349589117202322 0.404974186048813 0.261540391285606 0.111358442091793 0.0705817090879696 0.0610818065019167 0.0577860228534133 0.0551451661424244 0.0545321666142696 0.0543383289273719 0.0563598852528411 0.0631133496740777 0.0762053588782938 0.0929919591172508 0.11094763242471 0.134161191134764 0.165587044574911 0.2029999598046 0.2414928481987 0.27380383835247 0.306659177378111
-9999 -9999 -9999 -9999 -9999 -9999 -9999 -9999 -9999 -9999 -9999 -9999 -9999 -9999 -9999 -9999 -9999 -9999 -9999 -9999 -9999 -9999 -9999 -9999 -9999 0.107713516412622 0.121470664636168 0.128799070582018 0.128092205576625 0.123376570397982 0.128760428884619 0.15982803430048 0.232312253466997 0.331810074145844 0.373666980342944 0.330384873527065 0.249074575942769 0.10442744953938 0.0640743556944175 0.0612985520728299 0.0651620785671487 0.0574001126449449 0.0520909185383031 0.0501496891569166 0.0508937820840463 0.0567798850107454 0.0547930995974123 0.0624219236447883 0.0753125530694619 0.0891920672102881 0.10666262299626 0.134567167911231 0.164536277532662 0.195728580708746 0.223738101861155 0.250339492563382
-9999 -9999 -9999 -9999 -9999 -9999 -9999 -9999 -9999 -9999 -9999 -9999 -9999 -9999 -9999 -9999 -9999 -9999 -9999 -9999 -9999 -9999 -9999 -9999 -9999 0.112600403498856 0.120866726385958 0.125743338185657 0.125401904917967 0.12220372653985 0.130646433834071 0.165273067491767 0.239726312299417 0.308450498201331 0.253982556485299 0.171203290259985 0.104859469031029 0.0632225674872154 0.0601205734698029 0.0614493003769735 0.0625956359400711 0.0559625495015884 0.0502052927940762 0.0475248604888561 0.0488933518527134 0.0514925550278053 0.0470176171275369 0.0499857813132106 0.0599579828787259 0.0720807665154939 0.0881853949462856 0.109535801086227 0.132729279694042 0.159318444668489 0.184715329740815 0.207822073666124
-9999 -9999 -9999 -9999 -9999 -9999 -9999 -9999 -9999 -9999 -9999 -9999 -9999 -9999 -9999 -9999 -9999 -9999 -9999 -9999 -9999 -9999 -9999 -9999 -9999 0.111595898926993 0.119728616153969 0.123823289337874 0.123331338784516 0.119648808658365 0.133648959577554 0.155183684389404 0.166953982462819 0.155572287517901 0.104972046635847 0.0741392575602549 0.0601553716861669 0.0536460413870914 0.0574865899165979 0.0578667576341899 0.0594606051622614 0.0527614378970667 0.0468275146726332 0.043689650612748 0.0431382783364054 0.0468155478784003 0.0389830405103494 0.0402965484225105 0.0480491223483305 0.0582937889524194 0.0719058151507108 0.0887724244395928 0.107318485347112 0.12910068440748 0.151591439132092 0.174308257971794
-9999 -9999 -9999 -9999 -9999 -9999 -9999 -9999 -9999 -9999 -9999 -9999 -9999 -9999 -9999 -9999 -9999 -9999 -9999 -9999 -9999 -9999 -9999 -9999 -9999 0.120265035831683 0.119168822734903 0.121950050467519 0.119993230107012 0.114411779897075 0.120343461551964 0.120913968688051 0.0894360151844851 0.0635608112825862 0.053356781815241 0.0555001633021734 0.0500540656717953 0.0423383689447389 0.0430872056344752 0.0467867655401177 0.0492212718885127 0.0458335048592012 0.0421883719864432 0.03996103104143 0.0372819567715981 0.0346432365171924 0.0325825707606229 0.0351507248208984 0.0411049903045587 0.0488686643910081 0.0590898269400674 0.0740568881637911 0.0909003916723536 0.110482099569973 0.130641043714426 0.14973759073903
-9999 -9999 -9999 -9999 -9999 -9999 -9999 -9999 -9999 -9999 -9999 -9999 -9999 -9999 -9999 -9999 -9999 -9999 -9999 -9999 -9999 -9999 -9999 -9999 -9999 0.125601805174241 0.118188238648742 0.12137445125013 0.118429193716435 0.108713168913283 0.110224771950512 0.0873470584334661 0.0456440537974126 0.037324194249064 0.0459617506983955 0.0558814963850285 0.0495950055605718 0.0391658670946028 0.0372119756145335 0.0402627184834601 0.0431398915206117 0.0415050009474094 0.0405359492191371 0.04034355094194 0.0381666093059225 0.0359460628548476 0.0318277290865817 0.0320022306213472 0.0354718303328472 0.0409450018160847 0.048946166697296 0.0602450051209102 0.076087380579671 0.09327978228955 0.110603153857428 0.129289636340813
-9999 -9999 -9999 -9999 -9999 -9999 -9999 -9999 -9999 -9999 -9999 -9999 -9999 -9999 -9999 -9999 -9999 -9999 -9999 -9999 -9999 -9999 -9999 -9999 -9999 0.127512503542181 0.11823986588713 0.121394782093169 0.116844701841076 0.103336183770693 0.0895793131737492 0.0610048435884143 0.0333596518710284 0.0367378483452464 0.0485044991199119 0.0575931479239245 0.0505260138855717 0.0425616478297147 0.039610792304671 0.0388802930763595 0.0395773950899713 0.0406515418467888 0.0452620133368138 0.0470693848798545 0.0424726650411569 0.0366426220488486 0.0325822984393281 0.0308967734427868 0.0316249287390059 0.0358811782814629 0.0426799235562089 0.0523482221729347 0.0644740802652132 0.0791851258082584 0.0968001489316594 0.11397226425989
-9999 -9999 -9999 -9999 -9999 -9999 -9999 -9999 -9999 -9999 -9999 -9999 -9999 -9999 -9999 -9999 -9999 -9999 -9999 -9999 -9999 -9999 -9999 -9999 -9999 0.128313673065726 0.116464667185512 0.122747054507104 0.118293668899363 0.100924444521444 0.0788632094252016 0.0478266152540584 0.0317487178303057 0.0400697166540598 0.0486713324362166 0.05522280282407 0.0502385593678871 0.044693548298929 0.0419030286034567 0.039468037145097 0.0390216313807945 0.0421989487356484 0.0508258620505622 0.0528791186848842 0.0453974479126935 0.0381305983521392 0.0334675800741195 0.0309013287097191 0.030053049552968 0.0327729312241735 0.0377009192954863 0.0441950814374691 0.0548081428252591 0.067157500401576 0.0823390110706628 0.0990508579612064
-9999 -9999 -9999 -9999 -9999 -9999 -9999 -9999 -9999 -9999 -9999 -9999 -9999 -9999 -9999 -9999 -9999 -9999 -9999 -9999 -9999 -9999 -9999 -9999 -9999 0.130540495716783 0.115813624973633 0.122946759950606 0.120675113437709 0.102423592135928 0.0743806649477105 0.0456052820125646 0.0374532342982981 0.0443462066504203 0.0477802299750203 0.0487215626602154 0.0476886374075113 0.0462267449644242 0.0444382986643316 0.0406718576078715 0.0388986083422027 0.0430805576388258 0.0523872242792958 0.0546242854279318 0.0479886861473775 0.0395626094878393 0.0350394508386668 0.0324936146880235 0.0305582745184866 0.031806105525598 0.0350535786669767 0.0406816979861857 0.0479322124469344 0.0582002265737945 0.0722018136660831 0.086050542079753
-9999 -9999 -9999 -9999 -9999 -9999 -9999 -9999 -9999 -9999 -9999 -9999 -9999 -9999 -9999 -9999 -9999 -9999 -9999 -9999 -9999 -9999 -9999 -9999 -9999 0.134448140888979 0.113589274516878 0.12197326968034 0.122550225944792 0.105427984742269 0.0775299048072755 0.051845252475419 0.046765487333582 0.0518775781414935 0.052044064397896 0.0512995251962579 0.0498862369995766 0.0486090905601467 0.0469865643386229 0.0426148269105495 0.040547141823466 0.0443133692359068 0.0532213898422371 0.0557137104977476 0.0493211397453845 0.041739147689017 0.0371120377698543 0.0344272144907462 0.0325223730639252 0.0328845341648882 0.0343383341940671 0.0375493751640362 0.0438936811341074 0.0515208243130054 0.0611422261372464 0.0709641375135201
-9999 -9999 -9999 -9999 -9999 -9999 -9999 -9999 -9999 -9999 -9999 -9999 -9999 -9999 -9999 -9999 -9999 -9999 -9999 -9999 -9999 -9999 -9999 -9999 -9999 0.139899796224219 0.113760911283569 0.120878498649165 0.123549766775897 0.108494040088069 0.0849362067228787 0.0623935194005044 0.055835972244315 0.0592289390614212 0.0555583955076504 0.0517483315561057 0.0517283277493681 0.050379375546433 0.04833387834422 0.0446719698282241 0.0426578616321197 0.0457505402896972 0.0540001018184067 0.0562302467544579 0.0512730957498006 0.0451230781600727 0.0396047739244196 0.0370589996281054 0.0341131776938893 0.0340656665320279 0.0350466864816719 0.0367596134645646 0.0429247861320758 0.0476074404517136 0.0555605567761891 0.0642651733332845
-9999 -9999 -9999 -9999 -9999 -9999 -9999 -9999 -9999 -9999 -9999 -9999 -9999 -9999 -9999 -9999 -9999 -9999 -9999 -9999 -9999 -9999 -9999 -9999 0.170288394731246 0.137237999048133 0.11244618409404 0.120835132604072 0.1251886965741 0.112007570667898 0.0900039494652783 0.0690005104410808 0.0637026054956605 0.0667313885852003 0.062877306497273 0.0583647732311642 0.0574444661385403 0.0556597425709622 0.0537390592214164 0.050469729705708 0.0489937706620783 0.0513552427447801 0.0564046478841598 0.0572008705637879 0.0531086495533958 0.0473307502721853 0.0426758279355049 0.0390917128918228 0.0350479944453494 0.0326726775600242 0.0324332293062658 0.035570926830092 0.0419040591041854 0.0454072927469757 0.0495850327745316 0.057632436444617
