data/03_saidas_enm/CCSM_Maha_0k_B.balansae4.asc
NCOLS 154 
NROWS 168 
XLLCORNER -112 
YLLCORNER -55.5 
CELLSIZE 0.5 
NODATA_value -9999 
[rows 75 to 99 of 168, columns 56 to 111 of 154]
-9999 -9999 -9999 -9999 -9999 -9999 -9999 -9999 -9999 -9999 -9999 -52.8421323286973 -68.7197606663266 -81.136516362276 -66.4822010287965 -41.7757468139902 -26.4362125865247 -13.8585194509415 -9.20974662637599 -12.5776524579685 -19.5385741973193 -23.1211886210853 -25.9833339892709 -27.5024105299084 -28.2650945380113 -28.8627425775435 -28.7069399316541 -28.6487533511508 -28.1058192442054 -27.5188850969276 -26.2726395227006 -23.7168854529267 -21.1459150354689 -18.3973969532577 -16.0476255664636 -13.7173353113644 -11.0079919861196 -8.55904591559376 -6.20329713583096 -4.25733507982171 -2.76751576194477 -1.59693551719039 -1.01028709559602 -1.0230566162792 -1.72732579547568 -2.7452887066188 -3.87892132292385 -5.03727184594537 -6.51326176747115 -8.54836572636168 -11.2307518478693 -12.6111544286402 -12.5458457819071 -12.7775126373736 -13.0471672462697 -13.7235877448061
-9999 -9999 -9999 -9999 -9999 -9999 -9999 -9999 -9999 -9999 -9999 -45.8188029389847 -64.9245383079181 -80.3034378192439 -64.3537027793945 -46.3971467368464 -32.7452969886683 -19.577128310616 -11.5584080827402 -11.0804497072767 -14.8583793701987 -20.2055953071571 -24.473960760661 -26.8169883032401 -30.0765264833869 -31.8552542100365 -31.6406113080694 -31.560493628907 -31.3358527543241 -31.4042216280952 -30.870524411579 -27.9501180368416 -25.1826060352579 -22.627054679903 -20.7701080704759 -18.771229740478 -15.6812974659895 -12.9869694414982 -10.1618603693595 -7.78795423431474 -5.72509290141763 -3.50902197208853 -2.35101007214845 -1.71408162288979 -1.4806026439728 -1.68821317686024 -2.11274415209416 -2.90879403993089 -4.08138621753815 -5.85641287664587 -8.05779693510507 -9.7411123973116 -10.2194520074931 -9.340621062689 -8.57013623622258 -8.3716989291683
-9999 -9999 -9999 -9999 -9999 -9999 -9999 -9999 -9999 -9999 -9999 -9999 -58.3782901738251 -66.6358695323914 -64.2589105601005 -53.9100646468603 -46.0376344533453 -40.6605476821123 -30.549651910258 -17.3113708489694 -11.8690204060048 -13.079992558554 -17.5594297723553 -22.2251295090387 -27.5352296489741 -31.889784684559 -33.4460012856116 -33.6376432287283 -33.9349455649359 -34.570074873644 -34.4329926076166 -32.1486612490678 -29.6289849714038 -27.2295391276074 -25.568025437465 -23.6796740951149 -20.9117425410102 -17.9823185303443 -14.7464085307717 -11.8900708221497 -8.95633726821843 -5.94708899449972 -4.01144396688853 -2.97364582082973 -2.46184128946844 -2.24632596883361 -2.25186381098929 -2.51225571586477 -3.1777207951082 -4.48251844989189 -6.32813302712351 -7.20233872148744 -7.35879874861888 -7.24390195563534 -5.75194535828432 -5.05233999805065
-9999 -9999 -9999 -9999 -9999 -9999 -9999 -9999 -9999 -9999 -9999 -9999 -58.0951298624205 -59.9304288778573 -61.1580669471544 -65.4785951792698 -66.3689463571054 -69.9391292436732 -62.8205111258354 -42.1037976987454 -19.810719109945 -12.0570251441405 -9.41958806652954 -12.5862337108629 -23.6629406730506 -28.3883857309231 -32.9749060301747 -34.4802481858263 -35.3869172280341 -36.9463250382972 -37.4878772317161 -35.3738436605386 -33.8875256616007 -31.9182116365551 -30.0551039307353 -28.45332222828 -25.6818625550777 -23.2758388818942 -19.732712310779 -16.0858016125578 -12.477978867562 -8.39122090425573 -5.80223378882129 -4.49291436091628 -3.59824492607153 -3.29083036061211 -3.09304771699693 -3.19213556692218 -3.50508719072644 -4.28237015073951 -5.62771340798604 -6.13714768850836 -5.69577045460493 -5.24931770967378 -5.33734534628853 -3.9956740340727
-9999 -9999 -9999 -9999 -9999 -9999 -9999 -9999 -9999 -9999 -9999 -9999 -9999 -57.8794316340707 -63.8964819025262 -81.2467874903244 -93.3201227780526 -101.14845331896 -94.7447998982616 -78.4299385472615 -52.0416608133022 -27.441123265952 -9.01272281346563 -2.8945222549964 -4.50445151301886 -13.2472469812322 -20.7336057183068 -27.3999265009306 -34.4878617803909 -36.9490101420753 -38.624379677173 -37.7270128535205 -36.8435148040237 -35.4530843208358 -34.0865057946998 -33.1480883621554 -30.3936104206484 -27.7963175616469 -24.1386808917378 -20.5828446991903 -16.3901120863721 -11.4092439616127 -8.01282661259386 -5.77383232517137 -4.94668619371269 -4.38900077690577 -4.46285525243074 -4.76027154228076 -4.9907474853165 -5.20546704702376 -5.82871885866094 -6.78935618629795 -5.69480731828986 -4.642692214179 -4.05136808866717 -3.80892019189765
-9999 -9999 -9999 -9999 -9999 -9999 -9999 -9999 -9999 -9999 -9999 -9999 -9999 -39.1568864776052 -63.8656713383637 -103.269718855553 -116.034432486715 -129.652041434733 -126.446612527102 -104.298365973584 -85.9468644063735 -63.2045794684841 -42.4246727820199 -31.7755509227593 -22.3588764669136 -2.26738688307471 -3.19671362071389 -10.4799543724432 -20.2581610796144 -30.5990332261525 -35.4708055503556 -32.7776294916897 -36.6189569679018 -36.299105243618 -35.7929763237297 -36.7683501846304 -32.4981656068571 -30.2297670725344 -26.9695745751923 -23.8300222627227 -20.7450233990078 -14.7422219573667 -10.1627634634273 -6.89364485627115 -6.07010522748886 -5.36013849093972 -5.65340578471369 -6.75982422061388 -7.24038892981107 -6.93489694121948 -7.13680820932857 -7.40326750634731 -5.99171774827941 -4.51336478481992 -3.46589038400877 -2.58431229540392
-9999 -9999 -9999 -9999 -9999 -9999 -9999 -9999 -9999 -9999 -9999 -9999 -9999 -9999 -56.5999156833486 -84.4887342477808 -113.132151836697 -130.520692854659 -134.352593203228 -129.30006752152 -119.253418515331 -134.444562246174 -172.127754160265 -173.73340320946 -111.153653203795 -60.4923103620872 -33.9070449273405 -7.44778947186103 -0.798745815831628 -3.91065830153692 -13.3814832594953 -22.1313411123574 -26.7004945874297 -31.1170389491209 -33.3914023394368 -33.5022040444037 -30.7284793200155 -28.033052190924 -25.5185419623697 -23.6083392165016 -21.5673371155896 -17.1284798235628 -13.0604126255614 -10.0239721339799 -7.70095057059372 -6.8695520512485 -7.27233200569136 -8.51713458479043 -9.11541995948188 -8.94207194081547 -8.81270339635373 -8.71606882923303 -7.14382156342034 -5.37723304539484 -4.17064164483819 -3.09203010763374
-9999 -9999 -9999 -9999 -9999 -9999 -9999 -9999 -9999 -9999 -9999 -9999 -9999 -9999 -37.7261603994102 -56.3719235197262 -94.8808479107182 -123.149173659243 -138.325437771413 -146.770434718569 -154.879758006997 -228.62967705513 -428.897580198335 -501.266646858508 -359.933498982795 -293.652935475659 -172.087273121518 -66.1109380649304 -32.958666953097 -16.5325201558833 -1.17013654548073 -4.76665005844226 -14.4783127001922 -23.3481322327138 -29.1247040999267 -29.8439264721609 -26.5047315306599 -24.1005240775945 -22.3051952781221 -20.9708233756415 -21.1063169914296 -17.3007419059375 -15.3222035208093 -12.8201660332151 -9.87993846715202 -8.52352403680547 -8.84626592190017 -10.0439773842415 -10.5746636614649 -10.296608728558 -10.5728654930529 -9.7984123894245 -8.11654692053295 -6.78372805133439 -5.5392918506392 -4.52726149238012
-9999 -9999 -9999 -9999 -9999 -9999 -9999 -9999 -9999 -9999 -9999 -9999 -9999 -9999 -9999 -42.9549354388092 -69.2499622836315 -112.956578166519 -150.953474049079 -160.251529014255 -185.576388396286 -248.024924224823 -372.408190176264 -458.652373957685 -497.966223671158 -546.309085447162 -477.580376613382 -414.138363262757 -270.54914097845 -87.7832630410576 -23.360375908407 -1.54631087486996 -4.55224276176163 -14.8591720779324 -21.0712896222448 -22.2378840834602 -22.8074121693899 -21.8489726210428 -19.5276708133375 -15.2738576989932 -12.5518195999333 -13.7320830526041 -15.6795533833945 -15.2988067704498 -12.6381121553371 -10.7763682852749 -10.5001607019144 -10.836380809201 -10.7993187183821 -10.3964157851139 -10.1444339153942 -9.86444269849544 -8.87575981950118 -7.6635102838934 -6.64977196409094 -6.07564466135772
-9999 -9999 -9999 -9999 -9999 -9999 -9999 -9999 -9999 -9999 -9999 -9999 -9999 -9999 -9999 -40.0918468194138 -65.399311014725 -111.788833846376 -160.704283459729 -174.122006312015 -204.512296757938 -245.181054772075 -309.397680458012 -353.923666495922 -436.209500064249 -633.632486938475 -615.561567391308 -779.682376518972 -633.176151606827 -229.789951823284 -64.6610827977133 -22.303904322346 0.311852882177682 -7.03938171717777 -13.7582407327161 -17.4079966331744 -18.9469462100956 -19.0626150497684 -14.7791098546675 -8.42089730115716 -5.41449229258742 -7.52238855622332 -15.1267865811406 -17.7735795196534 -15.5022333298665 -12.8863553035735 -12.2774664647626 -11.267815150275 -10.7839833967302 -10.5893721294027 -9.68190351136664 -9.30376887491717 -9.18281031727981 -8.20930472526026 -7.20864803802544 -6.43860950597341
-9999 -9999 -9999 -9999 -9999 -9999 -9999 -9999 -9999 -9999 -9999 -9999 -9999 -9999 -9999 -42.5823598247561 -69.6681298480532 -111.308526853599 -157.761858865088 -172.162597444668 -203.5961104838 -229.77388682517 -264.83470137487 -282.898684785034 -291.327860680621 -307.287641017347 -358.012374678694 -426.146298021322 -387.362893137063 -247.918068878382 -123.341657178135 -42.2955226781773 -6.15839938464765 0.268186680302463 -5.73955455110247 -12.9354277684909 -16.7312530454195 -14.598147730388 -9.55079792964817 -4.90631686880294 -3.28074839880001 -4.16225443150583 -14.2413942518261 -19.1145625970167 -18.729014699657 -15.9525320258001 -13.6215868817633 -10.8282119266413 -9.40626265938967 -9.18928113840004 -9.66549186276294 -7.97763113522309 -6.71334022375994 -5.42612327175254 -4.24474814780037 -3.2341237289026
-9999 -9999 -9999 -9999 -9999 -9999 -9999 -9999 -9999 -9999 -9999 -9999 -9999 -9999 -9999 -9999 -58.5860035071684 -106.87849066202 -148.603122375571 -167.318747930658 -214.273904389007 -230.411129238374 -255.036385186163 -260.315264471619 -249.060639968199 -254.341264615377 -258.888642994806 -261.262605037103 -240.277212229569 -214.750286294389 -164.602651692139 -86.1366218236954 -31.0872621327754 -6.25264725803437 1 -5.73032709737202 -10.1856385431185 -11.9472327991481 -8.43248226954675 -3.90986990762273 -2.33097284485116 -4.64426898058591 -16.7004190408032 -21.1799670728173 -20.5849924845674 -17.7633708822606 -13.098895078177 -9.21971010027747 -7.02346362014846 -6.37352257347991 -6.97570352625138 -4.55736835372202 -3.08909514519531 -1.9286093567344 -1.17178230147035 -0.12926087536775
-9999 -9999 -9999 -9999 -9999 -9999 -9999 -9999 -9999 -9999 -9999 -9999 -9999 -9999 -9999 -9999 -9999 -60.4793641935732 -100.87508058353 -141.563126509562 -201.793388161794 -199.365020034728 -201.906475092961 -219.342882407993 -220.0747953281 -224.409865345558 -223.17037050013 -223.684937742375 -210.018121429251 -183.95932160478 -189.729353387713 -144.159064608378 -89.1122479286622 -40.6418250192403 -17.1780293216563 0.766254176205752 -2.9428360540668 -8.43379916081164 -11.4924400410261 -9.55036110581538 -10.6924516941052 -13.0660740316179 -18.8541267849785 -20.5149467521491 -19.1535909953168 -15.2770874792808 -11.0137808818995 -7.25432747329006 -4.52579853258393 -2.78542990128591 -1.33448290811597 -0.808496820164311 0.00314366111280973 0.465301944585598 0.499670683944211 0.840565576054986
-9999 -9999 -9999 -9999 -9999 -9999 -9999 -9999 -9999 -9999 -9999 -9999 -9999 -9999 -9999 -9999 -9999 -9999 -9999 -109.611446094293 -160.574741181507 -144.036012892911 -132.549356037586 -158.417688198978 -178.687273832351 -196.179361825849 -216.218081080988 -221.173682966125 -194.338589554821 -179.621535218842 -183.229770542257 -179.84650367906 -175.247364444991 -129.461712038319 -46.662517460275 -18.4331748588812 -2.64112766755782 -0.631186070107156 -7.2588984908958 -12.1756418214291 -19.9020495449305 -18.289336324855 -19.2236180842473 -19.254799802243 -15.5656958310392 -12.518977520333 -9.64345338570321 -6.30798192668396 -3.49500453988855 -1.28809880297278 0.128260672405604 0.554896026588005 0.899372973109185 0.927250454441208 0.953019720011058 1
-9999 -9999 -9999 -9999 -9999 -9999 -9999 -9999 -9999 -9999 -9999 -9999 -9999 -9999 -9999 -9999 -9999 -9999 -9999 -9999 -9999 -87.8835442113089 -87.2036558326288 -101.074648307794 -125.185517252652 -167.564566041516 -193.047571841047 -211.409782023217 -205.229041538355 -179.801755310342 -178.043428930089 -169.099592562609 -229.259577983536 -225.732750772128 -133.836583214698 -67.137281563044 -21.0168569962874 -4.10558329705522 -0.399276276621447 -5.26713942533148 -11.2022203263546 -14.4770043226489 -15.3296112314172 -13.107177637779 -12.1799635828389 -10.2537318117282 -8.00233931331839 -6.33040964361616 -3.45781279892343 -0.639623199606977 0.522491677056159 0.887365463436792 1 0.843764259413421 1 0.86407189389019
-9999 -9999 -9999 -9999 -9999 -9999 -9999 -9999 -9999 -9999 -9999 -9999 -9999 -9999 -9999 -9999 -9999 -9999 -9999 -9999 -9999 -9999 -9999 -74.4241495313273 -81.0260056624587 -111.521195139322 -151.806102863196 -192.20738726291 -208.507655863547 -193.618498332863 -174.158220222275 -162.931811622131 -188.990478944105 -221.769857331207 -194.472874769781 -155.243787049581 -70.8185544835045 -19.2375390047524 -10.0038423622692 -1.05494605060098 -5.41014228964047 -9.14851110676277 -10.0065487210646 -9.31464334463939 -8.28710564312756 -7.16073521335208 -5.71538335762733 -4.22070158913924 -1.99024851616244 0.111387352512241 0.784299888471861 0.939639287749469 0.969002372682635 0.771704037405272 0.979353210536318 0.800369718606024
-9999 -9999 -9999 -9999 -9999 -9999 -9999 -9999 -9999 -9999 -9999 -9999 -9999 -9999 -9999 -9999 -9999 -9999 -9999 -9999 -9999 -9999 -9999 -9999 -9999 -67.7755521753522 -105.378141220035 -160.061474826952 -206.010106882076 -205.466975658509 -179.365347194565 -161.192179200039 -163.111695366154 -159.679661717688 -177.47796115677 -213.014155573916 -133.2901601509 -71.2224299910739 -22.3924737703216 -9.56434097357247 -3.82845389120669 -6.87137480142276 -7.5389926119956 -6.0403320623296 -5.3070117476792 -4.17974677334723 -3.09498722245632 -1.47569383412236 -0.252842696377829 0.537050124335672 0.582712797505451 0.826732800158166 0.9150738187835 0.770701846782286 0.895633574509672 0.685522362794232
-9999 -9999 -9999 -9999 -9999 -9999 -9999 -9999 -9999 -9999 -9999 -9999 -9999 -9999 -9999 -9999 -9999 -9999 -9999 -9999 -9999 -9999 -9999 -9999 -9999 -68.7670119470742 -93.460502932121 -135.10396875196 -193.216233818228 -231.68722990425 -232.120722968605 -210.337074322351 -182.378633914312 -149.765813118014 -145.345249790665 -148.932618950302 -122.86909242592 -91.6325032641829 -41.1171478690876 -13.2559119441626 -5.48437886105752 -6.25436570722883 -4.89682193329056 -4.01299351964972 -3.62304575149195 -3.15434016169391 -2.343211593613 -1.14620453328585 -0.165931871866688 0.385089015751834 0.408066506085541 0.681374764254028 0.819764074053812 0.68077683485756 0.72393794449205 0.40170288952296
-9999 -9999 -9999 -9999 -9999 -9999 -9999 -9999 -9999 -9999 -9999 -9999 -9999 -9999 -9999 -9999 -9999 -9999 -9999 -9999 -9999 -9999 -9999 -9999 -9999 -9999 -9999 -136.544193522485 -193.043387831631 -262.878206862582 -330.379750578416 -291.828257669887 -245.590938572817 -197.146209885594 -149.421514796265 -130.788143218635 -110.977858104866 -88.3526428178302 -49.6786798181004 -16.0471238277459 -7.8781468412232 -6.04092980583116 -2.873733152878 -3.59195157615933 -3.47678951119789 -3.23358555110531 -2.3416846812735 -1.90785958364419 -0.945819997676686 -0.0842805172611052 0.124631960415471 0.401614279328785 0.59346062403863 0.712453951781398 0.462615335070805 0.255171708028714
-9999 -9999 -9999 -9999 -9999 -9999 -9999 -9999 -9999 -9999 -9999 -9999 -9999 -9999 -9999 -9999 -9999 -9999 -9999 -9999 -9999 -9999 -9999 -9999 -9999 -9999 -9999 -171.955268451517 -230.017847600887 -295.365695291212 -339.923857568963 -330.808064123955 -287.047685423187 -243.410126088363 -195.646680166334 -156.016261677138 -110.086722174047 -90.4341919655653 -59.0355099989817 -20.8739955657323 -7.15699776987905 -6.57416134437874 -3.57544561402057 -4.21708467020007 -4.35888630058892 -3.71943681595314 -2.86009103645534 -2.20397818699504 -1.40343637299153 -0.697525985386057 -0.270322893617793 -0.117188057903405 0.17321539865832 0.21234016491058 0.191508382153305 0.436497334125849
-9999 -9999 -9999 -9999 -9999 -9999 -9999 -9999 -9999 -9999 -9999 -9999 -9999 -9999 -9999 -9999 -9999 -9999 -9999 -9999 -9999 -9999 -9999 -9999 -9999 -9999 -9999 -9999 -279.949274870522 -300.251649194254 -318.010579190331 -309.002482836387 -274.516398210572 -242.530767494451 -213.410579350031 -177.749383821732 -120.023425026448 -93.5371008704697 -61.6742906746658 -25.5482661924019 -6.63093429069389 -6.21828041655203 -7.31871930685213 -6.62639590125193 -5.19603187948643 -2.56956759550492 -2.17126614445586 -1.78801138751884 -1.29791820557737 -1.24380362855311 -0.853538175408067 -0.225468335429327 -0.303850616114674 -0.409642994277918 0.266316256735201 0.635259936829377
-9999 -9999 -9999 -9999 -9999 -9999 -9999 -9999 -9999 -9999 -9999 -9999 -9999 -9999 -9999 -9999 -9999 -9999 -9999 -9999 -9999 -9999 -9999 -9999 -9999 -9999 -9999 -9999 -298.747449750322 -315.326615939773 -304.979860382197 -281.311628710157 -235.100901586818 -213.995252468591 -203.398441725093 -172.030487197294 -126.89193883537 -95.7290734605985 -64.3462956701309 -28.3012635200252 -8.19888244818116 -6.52445243710398 -9.43623733775334 -9.00828071006612 -8.42068075322062 -4.87047840987297 -2.23348697553115 -1.19494528026935 -0.425103440627122 -0.100411079366032 -0.398113920002436 0.134602732807377 -0.200537453467559 -0.535942763415791 0.305729256793871 0.896531655564728
-9999 -9999 -9999 -9999 -9999 -9999 -9999 -9999 -9999 -9999 -9999 -9999 -9999 -9999 -9999 -9999 -9999 -9999 -9999 -9999 -9999 -9999 -9999 -9999 -9999 -9999 -9999 -9999 -303.07381097016 -300.812697244365 -303.528540666234 -261.308431633617 -198.079841977887 -185.724344261696 -190.606436896145 -172.281226133064 -126.256500380034 -100.759671334593 -70.1651163256691 -30.6931180043014 -9.38328767908167 -6.13898885663816 -11.5867726413696 -12.4681123047415 -13.1778426566297 -11.8154227939628 -3.79685823135193 -2.08609064696969 -1.73688908648502 0.264873236801036 -0.673671495173471 0.565424716637993 -0.199127411909126 -0.473326724930597 0.604712512497447 1
-9999 -9999 -9999 -9999 -9999 -9999 -9999 -9999 -9999 -9999 -9999 -9999 -9999 -9999 -9999 -9999 -9999 -9999 -9999 -9999 -9999 -9999 -9999 -9999 -9999 -9999 -9999 -9999 -277.503837075446 -272.817569759459 -250.627941880116 -238.131186854585 -201.291078563308 -195.128921042442 -194.882709887816 -170.604439998749 -128.465776290991 -101.175924188323 -70.1847401924429 -29.0986791532516 -7.86788754333951 -6.5365661890494 -12.0777941068768 -14.9736014854959 -16.7515363863034 -14.5042057714973 -7.08971132386775 -2.46338100058476 -0.818668297589123 0.0331708220709812 0.497263575423014 0.460567282603764 0.156594817671585 -0.0259861602367573 0.698833866342953 0.899986020352545
-9999 -9999 -9999 -9999 -9999 -9999 -9999 -9999 -9999 -9999 -9999 -9999 -9999 -9999 -9999 -9999 -9999 -9999 -9999 -9999 -9999 -9999 -9999 -9999 -9999 -9999 -9999 -9999 -260.484959146383 -232.601563532465 -213.637768366642 -221.462774150294 -211.259446395506 -210.758960138758 -204.410247177955 -185.011393921556 -126.113000172637 -104.678463644636 -74.4585130125237 -26.4609182036078 -6.24698963136206 -6.18189533201287 -12.3445611049011 -16.3643960079395 -19.2494978429178 -17.9559039816847 -10.3634631273066 -5.14516257885612 -1.64265612240841 -0.495712181137219 -2.41954334432455 0.0983753355818316 0.703531560111262 0.576010628483941 0.798474673749914 1
