data/03_saidas_enm/CCSM_Maxent_6k_B.balansae1.asc
NCOLS 154 
NROWS 168 
XLLCORNER -112 
YLLCORNER -55.5 
CELLSIZE 0.5 
NODATA_value -9999 
[rows 100 to 124 of 168, columns 56 to 111 of 154]
-9999 -9999 -9999 -9999 -9999 -9999 -9999 -9999 -9999 -9999 -9999 -9999 -9999 -9999 -9999 -9999 -9999 -9999 -9999 -9999 -9999 -9999 -9999 -9999 -9999 -9999 -9999 -9999 0.146176233887672 0.318435728549957 0.433651745319366 0.429550528526306 0.390182733535767 0.380242079496384 0.3719662129879 0.2789326608181 0.18909740447998 0.187230974435806 0.192694917321205 0.276461720466614 0.470411658287048 0.49592798948288 0.504919707775116 0.498452067375183 0.495231121778488 0.497734487056732 0.508537173271179 0.558398067951202 0.609274327754974 0.622673153877258 0.628206551074982 0.625292658805847 0.621074497699738 0.621721863746643 0.624909043312073 0.626140654087067
-9999 -9999 -9999 -9999 -9999 -9999 -9999 -9999 -9999 -9999 -9999 -9999 -9999 -9999 -9999 -9999 -9999 -9999 -9999 -9999 -9999 -9999 -9999 -9999 -9999 -9999 -9999 -9999 0.145855411887169 0.324718862771988 0.44952118396759 0.401478350162506 0.348190575838089 0.349793672561646 0.368043541908264 0.267148077487946 0.187356576323509 0.206022903323174 0.21142603456974 0.293443560600281 0.469940334558487 0.490345537662506 0.499547153711319 0.491094440221786 0.484819620847702 0.487963169813156 0.498862087726593 0.583506762981415 0.595453441143036 0.610788464546204 0.583133161067963 0.618264317512512 0.618992328643799 0.617869257926941 0.61460542678833 0.616534233093262
-9999 -9999 -9999 -9999 -9999 -9999 -9999 -9999 -9999 -9999 -9999 -9999 -9999 -9999 -9999 -9999 -9999 -9999 -9999 -9999 -9999 -9999 -9999 -9999 -9999 -9999 -9999 0.0699842646718025 0.153625279664993 0.331785082817078 0.449851304292679 0.367818087339401 0.337736397981644 0.357629179954529 0.372581481933594 0.251912146806717 0.18920773267746 0.213239654898643 0.234467640519142 0.319608181715012 0.470097005367279 0.48064136505127 0.489124715328217 0.481996983289719 0.473248720169067 0.475973606109619 0.485932588577271 0.557968139648438 0.590988874435425 0.594551146030426 0.587848007678986 0.602346003055573 0.609671473503113 0.609104633331299 0.611475765705109 0.615251958370209
-9999 -9999 -9999 -9999 -9999 -9999 -9999 -9999 -9999 -9999 -9999 -9999 -9999 -9999 -9999 -9999 -9999 -9999 -9999 -9999 -9999 -9999 -9999 -9999 -9999 -9999 -9999 0.0723071321845055 0.165429010987282 0.337377488613129 0.406261950731277 0.333256363868713 0.323678314685822 0.361227661371231 0.346227556467056 0.229172959923744 0.197158753871918 0.233171716332436 0.226932719349861 0.351131200790405 0.46942475438118 0.472443550825119 0.475854068994522 0.470504581928253 0.461531847715378 0.461490780115128 0.470779538154602 0.502364814281464 0.548929274082184 0.558289408683777 0.562037169933319 0.583618402481079 0.605302393436432 0.605508923530579 0.599910974502563 0.590423047542572
-9999 -9999 -9999 -9999 -9999 -9999 -9999 -9999 -9999 -9999 -9999 -9999 -9999 -9999 -9999 -9999 -9999 -9999 -9999 -9999 -9999 -9999 -9999 -9999 -9999 -9999 -9999 0.0781340748071671 0.19452016055584 0.355321735143661 0.355755925178528 0.308775901794434 0.311600863933563 0.368313491344452 0.314572811126709 0.199494138360023 0.212015941739082 0.193281918764114 0.213057190179825 0.377191871404648 0.473974049091339 0.466663986444473 0.46440726518631 0.458929896354675 0.454371869564056 0.449942380189896 0.456768691539764 0.465505063533783 0.493210941553116 0.523156523704529 0.52692723274231 0.554864168167114 0.558742702007294 0.560724914073944 0.562712609767914 0.551792025566101
-9999 -9999 -9999 -9999 -9999 -9999 -9999 -9999 -9999 -9999 -9999 -9999 -9999 -9999 -9999 -9999 -9999 -9999 -9999 -9999 -9999 -9999 -9999 -9999 -9999 -9999 -9999 0.0903444513678551 0.234797403216362 0.370317369699478 0.304030954837799 0.271813124418259 0.296838462352753 0.360666781663895 0.275828719139099 0.198478505015373 0.217448338866234 0.198698371648788 0.216619208455086 0.392456978559494 0.470920741558075 0.458715617656708 0.452085047960281 0.451036810874939 0.447338432073593 0.445988893508911 0.450846821069717 0.452694416046143 0.469219982624054 0.510489106178284 0.513654291629791 0.5260249376297 0.524950325489044 0.522394835948944 0.528090238571167 0.519899487495422
-9999 -9999 -9999 -9999 -9999 -9999 -9999 -9999 -9999 -9999 -9999 -9999 -9999 -9999 -9999 -9999 -9999 -9999 -9999 -9999 -9999 -9999 -9999 -9999 -9999 -9999 -9999 0.107953950762749 0.274991393089294 0.360887736082077 0.25895619392395 0.237769857048988 0.278565376996994 0.351735889911652 0.233759760856628 0.215849578380585 0.202206194400787 0.206552132964134 0.219009935855865 0.39165323972702 0.461846619844437 0.447173178195953 0.442147731781006 0.442511349916458 0.442815959453583 0.445157438516617 0.44665190577507 0.448531687259674 0.477711617946625 0.498456507921219 0.532142639160156 0.523777484893799 0.507919490337372 0.502438008785248 0.499620974063873 0.510944545269012
-9999 -9999 -9999 -9999 -9999 -9999 -9999 -9999 -9999 -9999 -9999 -9999 -9999 -9999 -9999 -9999 -9999 -9999 -9999 -9999 -9999 -9999 -9999 -9999 -9999 -9999 -9999 0.132845014333725 0.297551900148392 0.32192188501358 0.219758465886116 0.212592348456383 0.257825642824173 0.329689204692841 0.175362035632133 0.198176875710487 0.191733300685883 0.206128761172295 0.218802601099014 0.395182609558105 0.452831268310547 0.431636303663254 0.429053068161011 0.433225989341736 0.435094118118286 0.437583535909653 0.438374757766724 0.4389768242836 0.45778101682663 0.484894454479218 0.514324426651001 0.501733541488647 0.488929748535156 0.480090707540512 0.478762775659561 0.489654898643494
-9999 -9999 -9999 -9999 -9999 -9999 -9999 -9999 -9999 -9999 -9999 -9999 -9999 -9999 -9999 -9999 -9999 -9999 -9999 -9999 -9999 -9999 -9999 -9999 -9999 -9999 -9999 0.159288614988327 0.317404270172119 0.288107454776764 0.196420565247536 0.198000863194466 0.239569336175919 0.315227329730988 0.161474570631981 0.191036835312843 0.195696815848351 0.204985767602921 0.216120511293411 0.406108647584915 0.440961003303528 0.416384518146515 0.415668576955795 0.420452535152435 0.422565460205078 0.424678355455399 0.425270199775696 0.423995196819305 0.423120349645615 0.453560680150986 0.470434069633484 0.468059957027435 0.454939901828766 0.451597839593887 0.462129980325699 0.467225909233093
-9999 -9999 -9999 -9999 -9999 -9999 -9999 -9999 -9999 -9999 -9999 -9999 -9999 -9999 -9999 -9999 -9999 -9999 -9999 -9999 -9999 -9999 -9999 -9999 -9999 -9999 -9999 0.174042522907257 0.328058302402496 0.261600911617279 0.193890661001205 0.200577095150948 0.255491137504578 0.309656590223312 0.161073759198189 0.19485567510128 0.209866210818291 0.200606659054756 0.219286173582077 0.442276895046234 0.426486849784851 0.400063544511795 0.398282051086426 0.404269188642502 0.405787289142609 0.405905693769455 0.405187904834747 0.403167873620987 0.401861310005188 0.407629042863846 0.423837602138519 0.428148865699768 0.419630914926529 0.424736320972443 0.434991419315338 0.439715921878815
-9999 -9999 -9999 -9999 -9999 -9999 -9999 -9999 -9999 -9999 -9999 -9999 -9999 -9999 -9999 -9999 -9999 -9999 -9999 -9999 -9999 -9999 -9999 -9999 -9999 -9999 0.0697940438985825 0.190716862678528 0.325813561677933 0.240672245621681 0.194184392690659 0.212632387876511 0.278924763202667 0.325787991285324 0.164304733276367 0.202918291091919 0.229303374886513 0.237304702401161 0.304720282554626 0.438472598791122 0.402138411998749 0.379361540079117 0.378180980682373 0.38331401348114 0.383617728948593 0.383525341749191 0.383047491312027 0.379092872142792 0.378727972507477 0.3785360455513 0.386389583349228 0.400956660509109 0.395792126655579 0.408309757709503 0.415913552045822 0.41600289940834
-9999 -9999 -9999 -9999 -9999 -9999 -9999 -9999 -9999 -9999 -9999 -9999 -9999 -9999 -9999 -9999 -9999 -9999 -9999 -9999 -9999 -9999 -9999 -9999 -9999 -9999 0.110486879944801 0.249840751290321 0.331840962171555 0.227535665035248 0.198026746511459 0.23270970582962 0.309811055660248 0.33305898308754 0.161437511444092 0.19419552385807 0.219507649540901 0.236474826931953 0.393091708421707 0.405942022800446 0.372831791639328 0.353184580802917 0.354024708271027 0.355184853076935 0.353974163532257 0.353672206401825 0.355227291584015 0.355398446321487 0.35641884803772 0.35930272936821 0.367315649986267 0.373327940702438 0.374056786298752 0.381520092487335 0.387454271316528 0.385672748088837
-9999 -9999 -9999 -9999 -9999 -9999 -9999 -9999 -9999 -9999 -9999 -9999 -9999 -9999 -9999 -9999 -9999 -9999 -9999 -9999 -9999 -9999 -9999 -9999 -9999 -9999 0.167230889201164 0.281012892723083 0.266687721014023 0.209811210632324 0.19138166308403 0.257064521312714 0.338208913803101 0.352130174636841 0.195326998829842 0.189007446169853 0.215504437685013 0.334355115890503 0.392391860485077 0.364938050508499 0.332290947437286 0.327512890100479 0.328948616981506 0.330489963293076 0.328073233366013 0.323648989200592 0.329789698123932 0.333459615707397 0.336068332195282 0.335002958774567 0.345052748918533 0.351598531007767 0.352446973323822 0.361925184726715 0.363215714693069 0.361058533191681
-9999 -9999 -9999 -9999 -9999 -9999 -9999 -9999 -9999 -9999 -9999 -9999 -9999 -9999 -9999 -9999 -9999 -9999 -9999 -9999 -9999 -9999 -9999 -9999 -9999 -9999 0.245572492480278 0.273587167263031 0.203660488128662 0.193781033158302 0.223871961236 0.291729390621185 0.362802416086197 0.391952574253082 0.33520120382309 0.315253853797913 0.369744002819061 0.381321370601654 0.349267870187759 0.327492624521255 0.326780915260315 0.312473714351654 0.306883782148361 0.309255063533783 0.309355586767197 0.315845191478729 0.313553303480148 0.316491484642029 0.318490326404572 0.314450770616531 0.320866614580154 0.326312243938446 0.330691784620285 0.337702602148056 0.33647945523262 0.334199190139771
-9999 -9999 -9999 -9999 -9999 -9999 -9999 -9999 -9999 -9999 -9999 -9999 -9999 -9999 -9999 -9999 -9999 -9999 -9999 -9999 -9999 -9999 -9999 -9999 -9999 0.230548113584518 0.280042946338654 0.261191815137863 0.169113218784332 0.194484919309616 0.250639289617538 0.318402469158173 0.379821747541428 0.430229157209396 0.452829897403717 0.38864853978157 0.432022988796234 0.346334606409073 0.306681036949158 0.319357007741928 0.360178709030151 0.316914260387421 0.309703052043915 0.31787958741188 0.335373729467392 0.373386323451996 0.328053176403046 0.301679968833923 0.301153481006622 0.294032722711563 0.295401602983475 0.30569314956665 0.307422190904617 0.312469810247421 0.308456420898438 0.308657109737396
-9999 -9999 -9999 -9999 -9999 -9999 -9999 -9999 -9999 -9999 -9999 -9999 -9999 -9999 -9999 -9999 -9999 -9999 -9999 -9999 -9999 -9999 -9999 -9999 -9999 0.267812103033066 0.298016786575317 0.193160340189934 0.166486173868179 0.19986829161644 0.269757211208344 0.326818346977234 0.36015111207962 0.421147406101227 0.410529971122742 0.367071330547333 0.369873106479645 0.343229323625565 0.301575124263763 0.304507285356522 0.333867639303207 0.311629891395569 0.30554074048996 0.311498731374741 0.343436539173126 0.353379875421524 0.321199029684067 0.283500045537949 0.283676415681839 0.277154326438904 0.278970837593079 0.281272351741791 0.281230628490448 0.286355167627335 0.283170461654663 0.280344039201736
-9999 -9999 -9999 -9999 -9999 -9999 -9999 -9999 -9999 -9999 -9999 -9999 -9999 -9999 -9999 -9999 -9999 -9999 -9999 -9999 -9999 -9999 -9999 -9999 -9999 0.275914579629898 0.304820746183395 0.18331678211689 0.159734457731247 0.208585068583488 0.284180074930191 0.319153487682343 0.333006471395493 0.366015255451202 0.374624013900757 0.317488133907318 0.320705235004425 0.308431416749954 0.287293463945389 0.309867054224014 0.313043534755707 0.296883553266525 0.280877441167831 0.288162916898727 0.320884317159653 0.334285169839859 0.305038869380951 0.267326056957245 0.266485631465912 0.26025202870369 0.265026152133942 0.262300342321396 0.257722675800323 0.260413765907288 0.256796658039093 0.255227416753769
-9999 -9999 -9999 -9999 -9999 -9999 -9999 -9999 -9999 -9999 -9999 -9999 -9999 -9999 -9999 -9999 -9999 -9999 -9999 -9999 -9999 -9999 -9999 -9999 -9999 0.24646769464016 0.284178018569946 0.176244094967842 0.154509872198105 0.202117040753365 0.269410312175751 0.298969984054565 0.299548804759979 0.300770998001099 0.324931770563126 0.295064717531204 0.294756889343262 0.271098047494888 0.259528487920761 0.285725891590118 0.307137995958328 0.28069069981575 0.256404638290405 0.251726895570755 0.258471369743347 0.26677542924881 0.254877477884293 0.254597276449203 0.255430102348328 0.248343870043755 0.243480384349823 0.241785690188408 0.23956698179245 0.244031995534897 0.240987688302994 0.238385915756226
-9999 -9999 -9999 -9999 -9999 -9999 -9999 -9999 -9999 -9999 -9999 -9999 -9999 -9999 -9999 -9999 -9999 -9999 -9999 -9999 -9999 -9999 -9999 -9999 -9999 0.225975647568703 0.260513484477997 0.164974600076675 0.144517734646797 0.193092882633209 0.259613752365112 0.277720123529434 0.269954293966293 0.271315842866898 0.300491362810135 0.26717683672905 0.271880626678467 0.258568525314331 0.243309006094933 0.279625862836838 0.295349955558777 0.267729163169861 0.235982105135918 0.238933429121971 0.235687389969826 0.234682336449623 0.241534471511841 0.244384095072746 0.244931936264038 0.235913813114166 0.22842338681221 0.228093460202217 0.224948614835739 0.228458002209663 0.224192187190056 0.22501702606678
-9999 -9999 -9999 -9999 -9999 -9999 -9999 -9999 -9999 -9999 -9999 -9999 -9999 -9999 -9999 -9999 -9999 -9999 -9999 -9999 -9999 -9999 -9999 -9999 -9999 0.21562834084034 0.241851046681404 0.16095370054245 0.137658029794693 0.178140729665756 0.240628406405449 0.256706178188324 0.251596003770828 0.262499213218689 0.276647061109543 0.250447273254395 0.258219242095947 0.248550474643707 0.237980425357819 0.254524499177933 0.266153007745743 0.234352454543114 0.217720985412598 0.220656201243401 0.223557278513908 0.227779507637024 0.230524331331253 0.231400713324547 0.232828170061111 0.226961672306061 0.2187180519104 0.212653398513794 0.210022956132889 0.2162254601717 0.215682953596115 0.214512795209885
-9999 -9999 -9999 -9999 -9999 -9999 -9999 -9999 -9999 -9999 -9999 -9999 -9999 -9999 -9999 -9999 -9999 -9999 -9999 -9999 -9999 -9999 -9999 -9999 -9999 0.209571987390518 0.234132394194603 0.158644050359726 0.1297976821661 0.164574861526489 0.22429683804512 0.235832810401917 0.229888051748276 0.238631322979927 0.258109390735626 0.245306953787804 0.24825631082058 0.230489358305931 0.217829152941704 0.23381070792675 0.238913625478745 0.208211854100227 0.204097121953964 0.207673609256744 0.213715374469757 0.220004811882973 0.223578348755836 0.22210231423378 0.222613722085953 0.215755045413971 0.210923030972481 0.204591453075409 0.200828209519386 0.206556469202042 0.205559059977531 0.208282217383385
-9999 -9999 -9999 -9999 -9999 -9999 -9999 -9999 -9999 -9999 -9999 -9999 -9999 -9999 -9999 -9999 -9999 -9999 -9999 -9999 -9999 -9999 -9999 -9999 -9999 0.201808422803879 0.225559264421463 0.15038026869297 0.124776542186737 0.14877761900425 0.202018097043037 0.216053634881973 0.208444833755493 0.197555527091026 0.203503996133804 0.20001620054245 0.199420765042305 0.19096115231514 0.190752997994423 0.21075713634491 0.216408669948578 0.20004066824913 0.196569696068764 0.199337393045425 0.205122917890549 0.212082281708717 0.214177012443542 0.214008510112762 0.214370012283325 0.209422543644905 0.202714443206787 0.195541009306908 0.195598423480988 0.202897861599922 0.203384071588516 0.203488156199455
-9999 -9999 -9999 -9999 -9999 -9999 -9999 -9999 -9999 -9999 -9999 -9999 -9999 -9999 -9999 -9999 -9999 -9999 -9999 -9999 -9999 -9999 -9999 -9999 -9999 0.194398507475853 0.217220544815063 0.149891629815102 0.11728747934103 0.137511759996414 0.181005746126175 0.196091741323471 0.192373648285866 0.185508713126183 0.180910184979439 0.178100988268852 0.17989094555378 0.18146800994873 0.186063274741173 0.211307376623154 0.211909368634224 0.195660263299942 0.190777346491814 0.191662549972534 0.195344671607018 0.201770022511482 0.205626294016838 0.20555117726326 0.208184272050858 0.203202217817307 0.198947548866272 0.193890109658241 0.188506245613098 0.19293874502182 0.195222854614258 0.196676194667816
-9999 -9999 -9999 -9999 -9999 -9999 -9999 -9999 -9999 -9999 -9999 -9999 -9999 -9999 -9999 -9999 -9999 -9999 -9999 -9999 -9999 -9999 -9999 -9999 -9999 0.188688442111015 0.201536327600479 0.158440306782722 0.109329536557198 0.125851958990097 0.162940576672554 0.177919670939445 0.180485799908638 0.176164001226425 0.174346029758453 0.178778767585754 0.176040649414062 0.177876070141792 0.186007604002953 0.209438502788544 0.217013567686081 0.193268314003944 0.185507491230965 0.184968456625938 0.185869231820107 0.189688161015511 0.194726794958115 0.198394969105721 0.202042773365974 0.199755325913429 0.199244350194931 0.191485002636909 0.179493471980095 0.191704824566841 0.200068026781082 0.196185663342476
-9999 -9999 -9999 -9999 -9999 -9999 -9999 -9999 -9999 -9999 -9999 -9999 -9999 -9999 -9999 -9999 -9999 -9999 -9999 -9999 -9999 -9999 -9999 -9999 0.152824372053146 0.19243997335434 0.193604111671448 0.169765874743462 0.103326387703419 0.114449396729469 0.143804088234901 0.163887813687325 0.169603407382965 0.168095961213112 0.166669473052025 0.167636826634407 0.168462246656418 0.171785473823547 0.176990494132042 0.197700142860413 0.216673538088799 0.191425055265427 0.179396510124207 0.178468972444534 0.178654804825783 0.180873230099678 0.184341102838516 0.188451588153839 0.194160833954811 0.195136055350304 0.194115340709686 0.188309565186501 0.184948846697807 0.213859558105469 0.200643509626389 0.175825268030167
