data/03_saidas_enm/CCSM_Gower_6k_B.balansae3.asc
NCOLS 154 
NROWS 168 
XLLCORNER -112 
YLLCORNER -55.5 
CELLSIZE 0.5 
NODATA_value -9999 
[rows 84 to 111 of 168, columns 63 to 125 of 154]
-9999 -9999 -9999 -9999 -9999 -9999 -9999 -9999 0 0 0 0 0 0 0 0 0 0 0 0 0 0 0 0 0.438043793822109 0.62374601591685 0.517515180552832 0.418940332808783 0.361207143507959 0.359629580869518 0.369269000271284 0.401603989618128 0.455351569557973 0.507692741286625 0.564741126274505 0.618944193580104 0.654144108328525 0.700710258804296 0.713374664401848 0.725759792341613 0.730947877294816 0.737175379094672 0.74176407449904 0.743059520863331 0.742697149853012 0.742417422231221 0.739894286582073 0.736955065469762 0.738669765793736 0.733097130354572 0.733914377474802 0.725858053230741 0.698005318949484 0.667555148713103 0.642399236186105 0.625872152102832 0.615446636144108 0.620655063219942 0.624878725326974 0.610562614365851 0.59491093525018 0.61136878112251 0.650614847687185
-9999 -9999 -9999 -9999 -9999 -9999 -9999 -9999 0 0 0 0 0 0 0 0 0 0 0 0 0 0 0 0 0.146781088346287 0.496881799735877 0.635367695505542 0.571001907478417 0.447287203293289 0.395596603705208 0.395702092846917 0.419892707878084 0.463857189811476 0.511807570663698 0.557898295186339 0.60235260604638 0.633198920189954 0.642366781066759 0.709960562529998 0.718752409182265 0.726027408432325 0.731076060790137 0.735811369465443 0.741173927960763 0.735238452798776 0.730450948299136 0.72584067337113 0.718292602216823 0.715531679340653 0.714988010334173 0.71574844949904 0.70760623837593 0.689295215757739 0.66714376912347 0.647186628194744 0.635730263453924 0.63135621962743 0.637320604976602 0.642116602546796 0.637707180300576 0.631813683030358 0.65029374212563 0.685459722597192
-9999 -9999 -9999 -9999 -9999 -9999 -9999 -9999 -9999 0 0 0 0 0 0 0 0 0 0 0 0 0 0 0 0 0.302556064480457 0.474203611748886 0.632826749956593 0.602664556369063 0.506126310538825 0.455093007268031 0.446234467473516 0.47842978054861 0.508657166801656 0.549523201176557 0.582663135605217 0.611663229327078 0.640917600736574 0.694538790971149 0.69679851549376 0.704363010334173 0.709846721637269 0.716180864905807 0.725823968457523 0.707393967857571 0.689682484776218 0.675726213777898 0.658592034512239 0.659975842557595 0.675461128734701 0.686348551490881 0.686792066009719 0.680871439659827 0.662882160052196 0.645117075008999 0.636288443799496 0.635816825278978 0.648147751304896 0.6643984262509 0.67310624212563 0.675832349037077 0.697267527972762 0.707985054253615
-9999 -9999 -9999 -9999 -9999 -9999 -9999 -9999 -9999 -9999 0 0 0 0 0 0 0 0 0 0 0 0 0 0 0 0 0.0267390908758649 0.481872956118319 0.665371801120849 0.682686300233139 0.56229061750206 0.497113687360916 0.498020621151776 0.518796866546519 0.536309672724989 0.557989100527793 0.58348115583257 0.610173602156266 0.63675887346811 0.6547578349982 0.646585588777898 0.641616636294096 0.641503414101872 0.624552257694384 0.612916976016919 0.584375328098752 0.57384215825234 0.582458031482481 0.596438300560955 0.640383509944204 0.678138808270338 0.689877469177466 0.680502619165467 0.662409191639669 0.642766238075954 0.623290314899808 0.631147361336093 0.659925559080274 0.689634488615911 0.7067109225012 0.721739795191385 0.732021041441685 0.712542944181129
-9999 -9999 -9999 -9999 -9999 -9999 -9999 -9999 -9999 -9999 -9999 -9999 0 0 0 0 0 0 0 0 0 0 0 0 0 0 0 0 0.477879678547032 0.627061955236514 0.700040806110511 0.615065971573398 0.551505475603271 0.516557052934263 0.517032687091691 0.525701508583524 0.543032459563568 0.565143881938643 0.588998815772744 0.618007261596084 0.60308912474502 0.586548879214663 0.567791548551116 0.519036430210583 0.511986337967963 0.483669540811735 0.483445683720302 0.51536556762959 0.543095724217063 0.614946313669906 0.67078746512779 0.686239810190185 0.675522717557595 0.654879831488481 0.637159292881569 0.622485591777658 0.636683793421526 0.674512660862131 0.707603651082913 0.724462602366811 0.734907054310655 0.744398088777898 0.732222601162146
-9999 -9999 -9999 -9999 -9999 -9999 -9999 -9999 -9999 -9999 -9999 -9999 -9999 -9999 0 0 0 0 0 0 0 0 0 0 0 0 0 0 0 0.209186016852524 0.667010087986124 0.703263860766139 0.663110490899647 0.545113428174468 0.494459638724463 0.487075347327857 0.498787692066939 0.524664582622308 0.556388733600087 0.591304159543544 0.608396750134989 0.584840140913727 0.542791154832613 0.494382902492801 0.473420485736141 0.467320942449604 0.472608581938445 0.483139426970842 0.523343429400648 0.591542317239621 0.64831091950144 0.673138470797336 0.657633273713103 0.64174841950144 0.652905276952844 0.652649641153708 0.674280141963643 0.706903507094433 0.722555917401608 0.732366670041397 0.739026755984521 0.745155415691745 0.746757512523998
-9999 -9999 -9999 -9999 -9999 -9999 -9999 -9999 -9999 -9999 -9999 -9999 -9999 -9999 -9999 -9999 0 0 0 0 0 0 0 0 0 0 0 0 0 0 0.221534500882058 0.665309268417 0.738753191741423 0.617298269550817 0.501471269169373 0.453920066333199 0.454839213030669 0.485327563281903 0.525994451042074 0.567721487302953 0.60832290281615 0.589283441699664 0.542792560970122 0.491757081308495 0.473011299721022 0.46641876462383 0.46268912549496 0.465796126934845 0.488037285142189 0.541984031902448 0.605386359716223 0.642433489695824 0.654387627114831 0.668381957568394 0.659278791187352 0.655425741409655 0.66664688021365 0.689244772644325 0.718521580682142 0.743533632934365 0.744386352216823 0.745956782832373 0.746757512523998
-9999 -9999 -9999 -9999 -9999 -9999 -9999 -9999 -9999 -9999 -9999 -9999 -9999 -9999 -9999 -9999 -9999 -9999 0 0 0 0 0 0 0 0 0 0 0 0 0 0.136121691769402 0.647041758534317 0.699820454829748 0.523073224161016 0.42536246851541 0.413986757296987 0.450565532217622 0.49777134401686 0.544506206061205 0.58768677124724 0.586605124715023 0.540666481056515 0.489950757064435 0.468749296931245 0.463163837517999 0.452908876664867 0.437027959638229 0.437924794141469 0.47671253487221 0.521694592557595 0.593318193919486 0.665149472417207 0.610643110556533 0.604932450658056 0.609932535595025 0.636079416323444 0.678510065288217 0.718133109871889 0.746628297861171 0.746757512523998 0.746757512523998 0.746757512523998
-9999 -9999 -9999 -9999 -9999 -9999 -9999 -9999 -9999 -9999 -9999 -9999 -9999 -9999 -9999 -9999 -9999 -9999 0 0 0 0 0 0 0 0 0 0 0 0 0 0 0.3228515625 0.656835974997 0.566009621299515 0.426363309134019 0.388949796846213 0.417808779342505 0.465285597984574 0.51124059065683 0.555753405071612 0.590802876995311 0.543616557550396 0.493200903302736 0.467778780822534 0.455573226016919 0.440417313489921 0.424704851736861 0.419103924811015 0.443172218097552 0.490415063669906 0.5829140699994 0.674188686780058 0.604678218866611 0.600238717925355 0.617601571745743 0.653068354441457 0.701633035487695 0.739886505954524 0.745710240055796 0.746757512523998 0.746757512523998 0.746757512523998
-9999 -9999 -9999 -9999 -9999 -9999 -9999 -9999 -9999 -9999 -9999 -9999 -9999 -9999 -9999 -9999 -9999 -9999 -9999 -9999 0 0 0 0 0 0 0 0 0 0 0 0 0 0.424795125764939 0.610218078241877 0.437187715077136 0.374027632569879 0.388947724898938 0.431108789071649 0.47235394316018 0.514526531735283 0.552327047740239 0.540131586348092 0.490505618925486 0.460895456488481 0.446717653212743 0.433884117395608 0.420074159692225 0.423961286222102 0.457132351286897 0.49973438062455 0.591683793421526 0.682431914821814 0.630887258013288 0.640689949434191 0.669342663788075 0.707143694562541 0.744163038831893 0.746276707238421 0.746757512523998 0.746522106356492 0.746169072099232 0.746344108096352
-9999 -9999 -9999 -9999 -9999 -9999 -9999 -9999 -9999 -9999 -9999 -9999 -9999 -9999 -9999 -9999 -9999 -9999 -9999 -9999 0 0 0 0 0 0 0 0 0 0 0 0 0 0.19789374662527 0.642650859806216 0.468536824294238 0.371232395526241 0.36126416710036 0.389234374300235 0.426818506941924 0.464297189049617 0.506508340295591 0.51901561937545 0.474813686780058 0.44026095099892 0.424760816009719 0.420879032802376 0.428363902762779 0.452123970707343 0.496688968007559 0.552091104586633 0.619685147063235 0.681573983456323 0.69917588618858 0.707706003036111 0.733757599928344 0.746757512523998 0.74602808337833 0.744486656692465 0.742082461528078 0.739759803590713 0.741382542521598 0.743738929010679
-9999 -9999 -9999 -9999 -9999 -9999 -9999 -9999 -9999 -9999 -9999 -9999 -9999 -9999 -9999 -9999 -9999 -9999 -9999 -9999 -9999 0 0 0 0 0 0 0 0 0 0 0 0 0.0662646519528438 0.541257133804296 0.486753294653552 0.362678316158049 0.335369510562298 0.346826027724456 0.381457365244925 0.416221397475673 0.462344713342877 0.485564732946364 0.449258543691505 0.425510287302016 0.400879820239381 0.409661430210583 0.444629539011879 0.487781649343053 0.557322311090113 0.610467746955244 0.652322967287617 0.679611090487761 0.698301695239381 0.720837898593113 0.727950273353132 0.731767880444564 0.73279998537617 0.731253402852772 0.730661981416487 0.727514370725342 0.7333515849982 0.741939785442165
-9999 -9999 -9999 -9999 -9999 -9999 -9999 -9999 -9999 -9999 -9999 -9999 -9999 -9999 -9999 -9999 -9999 -9999 -9999 -9999 -9999 0 0 0 0 0 0 0 0 0 0 0 0 0.0177160670896328 0.498536070239381 0.512421060095737 0.365390855480005 0.31744662612342 0.322835941155668 0.352725492209736 0.389940547982438 0.442243942063721 0.46288907824874 0.454453940559755 0.434638369555436 0.407883228716703 0.426849492665587 0.477363576538877 0.548135021073314 0.619256387613991 0.664614408972282 0.690144597807175 0.690366280072594 0.684019537811975 0.695056104886609 0.703406386864051 0.710142685460163 0.715928885064195 0.717421190679746 0.72350935362671 0.727053213867891 0.738644117845572 0.746757512523998
-9999 -9999 -9999 -9999 -9999 -9999 -9999 -9999 -9999 -9999 -9999 -9999 -9999 -9999 -9999 -9999 -9999 -9999 -9999 -9999 -9999 0 0 0 0 0 0 0 0 0 0 0 0 1.98265388768881e-05 0.511356782082433 0.504526085172734 0.345765731227514 0.298078989579521 0.297657007274208 0.330413412679906 0.37305246608055 0.428181758164373 0.463897278842693 0.48623124212563 0.457890821859251 0.430415176160907 0.462446707388409 0.53269368138049 0.601531649343052 0.668309907082433 0.713040903602712 0.722692687709983 0.703766583048356 0.674627739155867 0.683926845227382 0.683741760034197 0.689711432460403 0.70073440687245 0.702339184740221 0.72313908949784 0.732997407082433 0.746145898953084 0.740440524133069
-9999 -9999 -9999 -9999 -9999 -9999 -9999 -9999 -9999 -9999 -9999 -9999 -9999 -9999 -9999 -9999 -9999 -9999 -9999 -9999 -9999 0 0 0 0 0 0 0 0 0 0 0 0 0.0663102108081354 0.542728816069714 0.486302588209616 0.323189433377758 0.269731372679226 0.277943329796867 0.311001666823671 0.354265039119909 0.410699657987138 0.474029118966837 0.497940992845572 0.491649652402808 0.490598705228582 0.53572503262239 0.601139599457043 0.65882185362671 0.706374236936045 0.7264765287527 0.730413320059395 0.723411711438085 0.7040390362521 0.696549685400168 0.690567413981881 0.694888418301536 0.706672113105951 0.719018075428966 0.732607513273938 0.74474997937665 0.744362654112671 0.715834523863091
-9999 -9999 -9999 -9999 -9999 -9999 -9999 -9999 -9999 -9999 -9999 -9999 -9999 -9999 -9999 -9999 -9999 -9999 -9999 -9999 -9999 0 0 0 0 0 0 0 0 0 0 0 0 0.14205940087293 0.543643342947054 0.436020629645473 0.273150085683385 0.235217138787522 0.250947272416539 0.284596307455355 0.329707869590352 0.384648704556791 0.449786833946166 0.510551648883954 0.541645152762779 0.558889310730142 0.602403810820134 0.65796247862671 0.705789508714303 0.727139494465443 0.736702916891649 0.740039737446004 0.734458102726782 0.726656908072354 0.723651317269618 0.71493750187485 0.716124394423446 0.724842484476242 0.73230929963103 0.744449534662227 0.745753999055076 0.728184704598632 0.682144969027478
-9999 -9999 -9999 -9999 -9999 -9999 -9999 -9999 -9999 -9999 -9999 -9999 -9999 -9999 -9999 -9999 -9999 -9999 -9999 -9999 -9999 0 0 0 0 0 0 0 0 0 0 0 0 0.241323709728222 0.546645536024257 0.41679496653226 0.242495175322773 0.206908901754695 0.224975284628931 0.258981151457029 0.300151741182127 0.354229185423581 0.419075009381674 0.476348651072239 0.520247692931751 0.56105177320079 0.611136787385264 0.676063069817674 0.727148774973002 0.739295553230741 0.745186763183945 0.746715347147228 0.746146011444085 0.745054417521598 0.743487774103072 0.741721102936765 0.742122095857331 0.743238569039477 0.745965969597432 0.744704514263859 0.727870011024118 0.683647248845092 0.620938034332253
-9999 -9999 -9999 -9999 -9999 -9999 -9999 -9999 -9999 -9999 -9999 -9999 -9999 -9999 -9999 -9999 -9999 -9999 -9999 -9999 -9999 0 0 0 0 0 0 0 0 0 0 0 0 0.340278387104032 0.562428298830637 0.392603450654452 0.217203455441809 0.176072052545612 0.199419874066787 0.231769180440612 0.269322710034968 0.322584785112042 0.387565195558363 0.44637901475175 0.485183016003669 0.522387962990131 0.568946123965764 0.630438790816718 0.692298861535753 0.73941424763605 0.725262457325828 0.717416900946052 0.718864491972165 0.710836648568454 0.730485115207278 0.700887641591844 0.696835430445996 0.729445621617328 0.741766230576554 0.71036397400708 0.660014220737341 0.593412761354092 0.545273531242501
-9999 -9999 -9999 -9999 -9999 -9999 -9999 -9999 -9999 -9999 -9999 -9999 -9999 -9999 -9999 -9999 -9999 -9999 -9999 -9999 0 0 0 0 0 0 0 0 0 0 0 0 0.0224991844402448 0.439847546571274 0.533328433725427 0.375449979332004 0.220100964317722 0.154711176984449 0.177775617890711 0.210282636772972 0.246901473630674 0.299960246924638 0.362733447972503 0.419474444782476 0.459315076003144 0.491070138889961 0.535107454274311 0.590031494885508 0.643451906629047 0.698989346587619 0.703364085749372 0.692370853358766 0.69172688114399 0.691291119408722 0.699891949145975 0.660212771693353 0.657930106656611 0.686219142671509 0.670245089767818 0.618212752354812 0.557418622135229 0.507917632214423 0.472600820059395
-9999 -9999 -9999 -9999 -9999 -9999 -9999 -9999 -9999 -9999 -9999 -9999 -9999 -9999 -9999 -9999 -9999 -9999 -9999 -9999 0 0 0 0 0 0 0 0 0 0 0 0 0.111631428860691 0.507189834188265 0.500361527896389 0.330024246930815 0.207669184146952 0.149775953005662 0.157501645975506 0.188164856994456 0.225463093085256 0.277392011652323 0.341749756900099 0.400050029161693 0.439575338319391 0.471067321813821 0.511541730819817 0.562969186669323 0.609879102519951 0.664371573243722 0.686661002404091 0.675529916074994 0.676890402960543 0.678586938950221 0.695199252799405 0.663801464884689 0.663746134685242 0.634960412541997 0.588234856836453 0.53046410974622 0.461664894933405 0.400451229526638 0.38344849599532
-9999 -9999 -9999 -9999 -9999 -9999 -9999 -9999 -9999 -9999 -9999 -9999 -9999 -9999 -9999 -9999 -9999 -9999 -9999 -9999 0 0 0 0 0 0 0 0 0 0 0 0 0.210683692179626 0.531017846697264 0.492180509590928 0.308122303572964 0.198861799572432 0.16668227061742 0.151117957116611 0.168795753357455 0.205562650795293 0.258638990598764 0.32531236857291 0.384933462180142 0.430258660096149 0.468108619712481 0.507945531723443 0.554027949153127 0.599952441731952 0.646957486987914 0.670432628313417 0.667801950284979 0.675603572267139 0.684591215198343 0.674738580288577 0.650440861606072 0.607854581008519 0.557231568349532 0.504287303890689 0.433032279292657 0.362993976106911 0.32732504837113 0.316954503014759
-9999 -9999 -9999 -9999 -9999 -9999 -9999 -9999 -9999 -9999 -9999 -9999 -9999 -9999 -9999 -9999 -9999 -9999 -9999 -9999 0 0 0 0 0 0 0 0 0 0 0 0 0.283463401052916 0.503717777369407 0.442895241316224 0.270354404651045 0.202385622075787 0.176097437117044 0.173344128049945 0.18099347426693 0.190869616862202 0.237616415124546 0.304858214460184 0.366578621776706 0.414089543898772 0.458771350708863 0.500423050452045 0.544014498225847 0.587315519477076 0.627484991894954 0.659404795299036 0.66750988544725 0.680123711982845 0.655906424361051 0.612328723077154 0.573549794141469 0.521912637613991 0.463200397093233 0.394292066009719 0.330056048641109 0.274202298191145 0.264000489335853 0.298088918511519
-9999 -9999 -9999 -9999 -9999 -9999 -9999 -9999 -9999 -9999 -9999 -9999 -9999 -9999 -9999 -9999 -9999 -9999 -9999 -9999 0 0 0 0 0 0 0 0 0 0 0 0 0.390682229796616 0.475634224945612 0.404399857254415 0.256729742661575 0.198957546701177 0.185042168631285 0.188935563469279 0.199427885167277 0.215157439680596 0.233516565540197 0.2827658192531 0.344349870561207 0.394407936561865 0.441012446097198 0.483750843578533 0.529857410132826 0.571002988494387 0.606089214961055 0.640923719137638 0.66899828445213 0.661059620928139 0.595353624835013 0.538146101436885 0.473458338957883 0.394941982766379 0.343297364335853 0.276070211258099 0.22070467175126 0.186375230606551 0.22359681537977 0.327160249055076
-9999 -9999 -9999 -9999 -9999 -9999 -9999 -9999 -9999 -9999 -9999 -9999 -9999 -9999 -9999 -9999 -9999 -9999 -9999 -9999 0 0 0 0 0 0 0 0 0 0 0 0 0.485009196139309 0.422566974814187 0.351495205951559 0.227268486273928 0.19869105696079 0.190813249600925 0.194934912543234 0.210124248629555 0.226075507935944 0.248701847816631 0.277363828021684 0.318604484311627 0.369818967145866 0.418869616347432 0.464220649258191 0.508588215021283 0.550319137791958 0.581936384011877 0.612077425709751 0.608378029972981 0.584712041553272 0.558669015853732 0.49027036274598 0.397289669951404 0.316248059530238 0.267528207118431 0.21025003937185 0.158169237086033 0.137142419231462 0.206618267413607 0.310513638754617
-9999 -9999 -9999 -9999 -9999 -9999 -9999 -9999 -9999 -9999 -9999 -9999 -9999 -9999 -9999 -9999 -9999 -9999 -9999 -9999 0 0 0 0 0 0 0 0 0 0 0 0 0.448540964088243 0.372690445764582 0.309188745130924 0.202505305986718 0.18044389346948 0.182248997100303 0.188626412205803 0.205723837997917 0.226387844335759 0.249856701037827 0.282040476841292 0.310396201361359 0.344754620957193 0.395137352087416 0.441944893151867 0.479970747803176 0.524065323949691 0.557948639644356 0.560235319779959 0.543147513878684 0.518820872329538 0.488640043729809 0.465356399613031 0.376410496535277 0.291789984926206 0.237771525152988 0.190358818169546 0.127717079508639 0.102594464317855 0.201912768853492 0.0486179399106971
-9999 -9999 -9999 -9999 -9999 -9999 -9999 -9999 -9999 -9999 -9999 -9999 -9999 -9999 -9999 -9999 -9999 -9999 -9999 -9999 0 0 0 0 0 0 0 0 0 0 0 0 0.352034978795378 0.293273844031226 0.254917496603808 0.15074896389767 0.148898496203832 0.153690582085918 0.165696326141489 0.187793257754874 0.212197096751444 0.239679997395266 0.272491148538286 0.303929795476926 0.333341884941808 0.367157811840927 0.396961731942825 0.434537327822833 0.479897673413497 0.518067264477515 0.484584503236076 0.456654215833454 0.422445374315163 0.391560730389087 0.362658638619487 0.337094346302775 0.280964413471922 0.223912633864291 0.175555002474802 0.108920676970842 0.0901560531407487 0.0851687850551717 0
-9999 -9999 -9999 -9999 -9999 -9999 -9999 -9999 -9999 -9999 -9999 -9999 -9999 -9999 -9999 -9999 -9999 -9999 -9999 0 0 0 0 0 0 0 0 0 0 0 0 0.276661682410892 0.226477352300094 0.18853743171613 0.202706162614658 0.09039979960023 0.0943940570889681 0.113292146624888 0.12837724188556 0.156262820978093 0.186777295781927 0.216930691948027 0.255788390094393 0.286787295179647 0.306960456133133 0.323433112456183 0.358238281355517 0.393342338804354 0.433678936465093 0.462287491201741 0.413150202778082 0.382221838585559 0.344819474493656 0.30136169157188 0.283402620567144 0.244528907582375 0.223601878193514 0.187197400267753 0.146035897112836 0.0985464756569474 0.035578812597557 0 0
-9999 -9999 -9999 -9999 -9999 -9999 -9999 -9999 -9999 -9999 -9999 -9999 -9999 -9999 -9999 -9999 -9999 -9999 -9999 0 0 0 0 0 0 0 0 0 0 0 0.0422613219692817 0.166858349800421 0.0953856623093817 0.0750707409462186 0.0996346072729464 0.0685299778597634 0.0478702183703736 0.0499832185139942 0.0769174070339136 0.110821156460589 0.147926064427522 0.183035725776105 0.221868908024587 0.249953206458838 0.273271101248174 0.300666018372491 0.33689232290868 0.369614805210457 0.411499811953132 0.379179636711929 0.334296249250143 0.297620127362005 0.2510041219336 0.213106255705523 0.172687129614608 0.141580073290741 0.118153644172265 0.0747056751780232 0.0371693975292615 0 0 0 0
