data/03_saidas_enm/CCSM_Maha_0k_B.balansae4.asc
NCOLS 154 
NROWS 168 
XLLCORNER -112 
YLLCORNER -55.5 
CELLSIZE 0.5 
NODATA_value -9999 
[rows 50 to 74 of 168, columns 56 to 111 of 154]
-9999 -9999 -9999 -9999 -9999 -9999 -9999 -9999 -9999 -9999 -9999 -9999 -9999 -1519.83803641486 -838.620007802159 -397.876737545375 -186.748476195987 -99.0532768417682 -68.7863144766841 -57.2415936747441 -66.6710528002314 -64.1508133963239 -74.6399978374688 -94.5923636248567 -135.154861766355 -179.594982981133 -228.698778351542 -312.779325767315 -391.964913415597 -483.343994441967 -550.728726824678 -474.558912725211 -368.835173117698 -239.333666926007 -116.520871825249 -52.8299648319081 -24.3511369797118 -17.1670917438075 -14.2585213671126 -11.0756458898971 -4.75717527039855 -6.37214058400742 -6.20765874119587 -8.90307180062415 -12.7950865709577 -10.0293789521748 -12.6951687037809 -14.9346731432382 -17.9460064820723 -22.5605849003908 -23.4507028539579 -31.2155826999983 -29.4319845660244 -29.5608382515577 -27.4332184970044 -21.4649134828987
-9999 -9999 -9999 -9999 -9999 -9999 -9999 -9999 -9999 -9999 -9999 -9999 -9999 -675.014830428375 -442.475110468294 -288.062598416281 -164.961077015055 -98.0128628733926 -71.1166834472355 -66.8636886887701 -70.7353537299291 -79.5211789196754 -88.8730497823104 -108.24419810716 -142.914477547203 -188.445588144779 -253.820300752368 -338.798017125821 -437.539864264745 -548.250531222072 -608.427338317567 -562.572131894176 -448.313517690008 -297.92124567393 -158.003061424427 -80.3086887873967 -34.7882031201212 -15.8954429544382 -11.6686166684288 -8.90301348569293 -6.53969896322801 -7.27627199917449 -8.20485660979281 -11.5052904419503 -12.8299390392719 -10.9205603666046 -12.9777112623764 -15.4368057614405 -18.6712780822163 -24.012812541775 -23.4351708786017 -23.719440730314 -24.6821054582198 -27.0043197890189 -23.556401657019 -17.9501641773314
-9999 -9999 -9999 -9999 -9999 -9999 -9999 -9999 -9999 -9999 -9999 -661.016365046067 -431.014266878391 -299.18890699938 -214.159894345542 -205.865346757226 -152.795228273693 -102.343695166629 -88.9526483004559 -91.2024221022037 -98.9011411222535 -110.647211703366 -132.116663196742 -163.891940999924 -216.10472995047 -274.853590206663 -354.994026012639 -449.623781502151 -550.993522699517 -662.012605100531 -719.124755213661 -633.008225496154 -497.367380549773 -335.974096691641 -184.104378010016 -97.6812158853192 -56.1764193050819 -22.7760590276019 -14.2726668076491 -11.7841239072522 -10.3491821361176 -10.8598898939453 -10.9582381720689 -12.8647268804863 -16.8702708811283 -17.4982436876766 -19.360481626085 -22.1500541829287 -22.5604507200832 -20.2758568730556 -20.3252256210558 -21.5436849870226 -23.6933955607939 -27.2216321974923 -21.4139575897825 -16.1948850832241
-9999 -9999 -9999 -9999 -9999 -9999 -9999 -9999 -9999 -9999 -594.614937285549 -362.621456456641 -207.615606550775 -167.21650386259 -185.295184675742 -194.843646408095 -176.799404479838 -138.87229105952 -122.410510772367 -122.912560653951 -130.472238841333 -157.310393201853 -194.512150825064 -239.333586014368 -298.377279179237 -371.434652307978 -462.812826302647 -565.66267781744 -668.211672496626 -751.836247759575 -774.274024032379 -669.397196822883 -509.057061987381 -340.64486882573 -196.249839106977 -106.889130945492 -66.2261462067499 -35.1215364551913 -20.9835057818414 -15.8626937722559 -15.2107207506322 -15.0635890974204 -15.0308086559465 -16.066100703795 -19.3936388757026 -20.749861678835 -22.9691261535754 -23.694860809438 -24.6044226595182 -24.6445626942036 -24.576288124755 -26.7113695853824 -28.8740150005807 -32.7056956617119 -22.6726802095902 -17.4059409232755
-9999 -9999 -9999 -9999 -9999 -9999 -9999 -9999 -9999 -9999 -297.837017282899 -162.16908056868 -118.933698335899 -115.237735130241 -138.907913263846 -201.333597527409 -227.282187814489 -185.019688730167 -165.531949935938 -172.882139744983 -185.734474276507 -225.485080759625 -272.431073519826 -325.739433678431 -399.501536017498 -480.101999374437 -576.940905830167 -682.14961412562 -713.762700715162 -703.691478891159 -748.386568997799 -672.405576146965 -515.875761804807 -349.17347049553 -205.802660247649 -116.9856197577 -77.3934650399505 -52.1512777762967 -35.9453792871977 -26.0767710500005 -21.1746784303378 -20.5284936429008 -20.3627612157867 -21.1465204974851 -23.5126662396502 -25.9627463228608 -29.5142816112982 -30.8487985239305 -32.7498363291488 -36.0086425143449 -36.5981274997214 -40.2415039344677 -42.7475232748005 -43.6927280319044 -26.94329626951 -19.1175925422949
-9999 -9999 -9999 -9999 -9999 -9999 -9999 -9999 -418.999691891472 -230.641754816205 -131.993336449155 -96.6254020971397 -82.647725198765 -92.093490766518 -127.961230025317 -179.944488343842 -230.359356831565 -233.534516630101 -220.780428232326 -246.535400151288 -286.922802430749 -322.413537923574 -360.326849041108 -417.657323451052 -503.06237773019 -529.507410984083 -554.086862272683 -552.610097847665 -564.836941992848 -584.202390447085 -580.075815623613 -555.503911093071 -508.78816020315 -360.938595602733 -229.115902544853 -140.562920806483 -94.0270007961557 -68.8899159483808 -55.6199764363448 -48.6667325298659 -44.0183915321369 -39.0326235967703 -37.4842044921758 -37.1632932875654 -40.3223780254676 -45.3764567771338 -53.0608053293548 -62.0253867442809 -67.8918951526479 -69.2984655184909 -70.8575753218745 -70.7447157887004 -73.0837065589938 -67.8062637201341 -36.6461108660862 -20.3390059259186
-9999 -9999 -9999 -9999 -9999 -9999 -9999 -9999 -286.465764821202 -137.960238575471 -63.5196875560337 -66.8821920742449 -75.8670809019467 -88.2318518238349 -117.43836165743 -162.758036818502 -194.362591850812 -233.777285286626 -247.603398012142 -281.578828036061 -327.535144632708 -351.040738937607 -375.189044343426 -382.378470917719 -400.957331151066 -417.358756937955 -426.968159118784 -443.428465653334 -446.197089059046 -440.683961614511 -433.470914056507 -420.765398402717 -407.561302597236 -383.857776888803 -257.947383635406 -173.607599976791 -125.955206947954 -93.6951255925476 -78.5902887959682 -71.0638019610053 -68.0449653829678 -68.3714738401511 -68.6768996870381 -71.2687403097621 -78.2900686366616 -84.0235885263737 -95.5815020510599 -104.483975786802 -112.271878640283 -119.356497097481 -119.023190041562 -115.177651542409 -108.028509457666 -87.7858988366947 -47.1755952434792 -23.8495268465659
-9999 -9999 -9999 -9999 -9999 -9999 -9999 -343.527679459413 -200.392706701036 -99.715060856578 -55.136774932817 -68.4946047055134 -77.45377821148 -79.4812172468778 -99.7331742704874 -143.837565765979 -165.966213923463 -192.211590978389 -202.021850103468 -237.995464461475 -276.477203422078 -288.591025917948 -302.949433754243 -309.113045454712 -323.351370875487 -341.337838952582 -342.56464832149 -339.918722836212 -342.257681784472 -343.678429144647 -344.395609630995 -337.178893438303 -328.054900076002 -314.53043126138 -298.083328899243 -223.447180103545 -170.922777115103 -135.605648817635 -119.992944374662 -117.73306987688 -117.626633520402 -124.978742282818 -132.545886796501 -137.61596734698 -146.138396642212 -157.281659623245 -173.52783838369 -185.882670534287 -195.420089268861 -196.562037830149 -186.713282381592 -172.575016332464 -149.274804372112 -107.559108758657 -57.4899638077355 -26.7381958488081
-9999 -9999 -9999 -9999 -9999 -9999 -9999 -261.468178095161 -138.491411303116 -62.2649003844686 -52.6176076545102 -72.6347465521472 -78.8910293763399 -72.1722278639999 -83.3609786505155 -112.635320679204 -132.725826993581 -156.674279765986 -165.423407145154 -183.998656419858 -210.429003184216 -226.379408197281 -242.330844248718 -242.454648511562 -242.378775691963 -253.249983176889 -253.750209030011 -262.649222622991 -260.63868801127 -250.225817605312 -251.848510348357 -250.756188663934 -259.209057328964 -261.854357552686 -263.132695849975 -276.754481852476 -235.386906610223 -205.761918406932 -196.168908012975 -202.17979301697 -207.711266514802 -225.026737151005 -235.909291028346 -247.016868291248 -268.689393342948 -285.745170612312 -306.174165459825 -301.280139006548 -289.384657295173 -261.105233620795 -238.966268826328 -207.848266980302 -180.931473180491 -128.526604523663 -78.7964862034755 -38.2134051007162
-9999 -9999 -9999 -9999 -9999 -9999 -335.158572911615 -183.826458014038 -88.3240659354857 -44.5582983217819 -57.7358194135051 -72.1044996492172 -71.658492014458 -67.6369743141922 -71.8916714018597 -94.2752392430406 -103.068036852921 -117.20921324484 -130.597915878131 -144.707490454002 -166.789745209475 -176.074453249633 -180.629782561176 -180.727550361561 -188.617306608141 -193.280901163726 -197.532055228582 -195.519863366341 -192.720346696817 -198.033388354419 -196.105370552003 -200.67853608036 -202.70817929007 -205.981181598635 -220.717640466861 -233.638804174179 -252.019734618929 -265.974364031825 -283.286225011363 -297.197723511767 -305.121788919151 -307.474543745562 -298.090415987542 -282.047464890117 -279.082960385772 -266.95237724863 -263.174273636603 -250.137246170742 -239.123435361721 -225.885568746713 -206.163928708234 -182.511160907967 -154.916471087586 -134.745788204931 -92.4684813488026 -56.0506284879485
-9999 -9999 -9999 -9999 -9999 -9999 -275.974271284 -138.155673974138 -64.9347661930208 -33.0477141132831 -45.3191590663329 -60.5215422632289 -60.6768818457625 -57.1921198444485 -59.1991693074381 -73.4038280300416 -85.4572018753263 -94.9240523073258 -105.398915637001 -112.775808193424 -125.976844564416 -133.14997014211 -138.387449235684 -139.875299027806 -143.473901819063 -149.734485607446 -147.080166993506 -143.174541178777 -141.256472687716 -142.605987727108 -146.901816216607 -149.877715093684 -156.248721992186 -161.632212476352 -169.82346154144 -185.078576049515 -197.027785477045 -212.22914120786 -220.675648260004 -224.964663696002 -232.508148170248 -226.997901839154 -221.158679949101 -216.425203046142 -210.397825330443 -207.607359744249 -199.258218198695 -194.387710390697 -187.049741887347 -173.564658893669 -161.198598968912 -142.358291496296 -126.350341104024 -114.005441596513 -105.565711324429 -77.987066907544
-9999 -9999 -9999 -9999 -9999 -9999 -247.417095920488 -125.96638849687 -52.3453071763522 -27.2203737340743 -29.4286865399656 -44.8521420064075 -49.4984555825187 -48.9021433027125 -50.2558260434417 -64.5679298751725 -71.409504367365 -81.7653284735436 -87.8802393028707 -94.5148613111958 -104.840210649935 -109.57315925459 -111.71229965706 -112.398283739057 -116.905698128365 -118.176929342921 -117.512906232248 -112.138144360059 -107.769422028304 -113.191337048753 -114.51872526959 -120.499468760378 -123.893945986524 -129.26843500767 -138.695639458708 -146.416337629895 -157.757222389795 -165.068042618198 -171.185398902677 -176.067189017981 -174.236284358874 -172.638624513837 -167.634976617735 -165.80609726172 -165.244921951487 -159.837413033767 -156.646083339821 -148.209098549458 -141.699623001143 -135.10230851727 -123.916071398955 -116.064487019608 -105.673715300724 -95.7570560320193 -92.8863716206324 -90.372985938928
-9999 -9999 -9999 -9999 -9999 -9999 -9999 -113.170715421437 -46.03674918565 -24.0186012450647 -20.7516510361756 -33.981646578875 -39.414367943268 -39.4742636494818 -40.5905335862491 -48.9338879014099 -56.9626329133289 -67.4733127008087 -73.0354634093159 -75.5896952619221 -80.857632567593 -83.8223557180677 -86.198273649764 -86.881204416843 -87.2499299416457 -88.1873364244406 -85.9325032911396 -84.160508284748 -81.9844269948454 -83.1862154225003 -86.9712728097541 -90.013837446507 -94.8769503124908 -98.3552754477792 -102.240098459437 -109.287652150359 -114.626440925639 -120.873762760256 -123.731552646206 -122.584239639494 -122.192033633335 -119.783671198498 -119.141745837928 -116.727685839904 -112.409553583546 -111.026075539036 -105.40526646644 -102.495776658034 -98.445951552799 -92.3632665950094 -87.8049646772127 -82.0261698422746 -78.9417458399846 -75.2133829945817 -72.5283682516075 -73.8317064964009
-9999 -9999 -9999 -9999 -9999 -9999 -9999 -9999 -40.8325341514656 -20.3113044622266 -18.1541450944674 -28.4207666339073 -32.9598819062925 -33.8586082573234 -34.595973511123 -40.1547296341987 -46.1187450728932 -55.7177075035971 -62.698807692605 -63.8841732444263 -66.612250316386 -67.7564905446285 -68.3673284956623 -68.5011653722316 -68.6785488739915 -67.8305499464352 -66.9991910584733 -65.5548091078949 -64.9929270512751 -66.8596604652937 -68.4397448050071 -72.0094984282471 -74.8059958586829 -77.707942094241 -81.4721714563401 -84.1348158489812 -87.4588287882705 -89.3854682865411 -90.8743502247662 -92.0256848395737 -90.4218875594308 -89.7959341225804 -86.1561048994229 -88.4578763924453 -91.7513063775338 -95.0921903052494 -96.461359196768 -96.8495499923897 -95.371989645442 -90.615865121357 -85.7173529702534 -77.02428120672 -69.6887448088626 -62.8810463291589 -58.7744557835516 -58.3205044833204
-9999 -9999 -9999 -9999 -9999 -9999 -111.915501748335 -54.2855144748193 -30.536311053082 -16.2370157426568 -20.2775580412109 -28.2558901406944 -29.0235745967265 -28.3920886884953 -27.5103228074123 -30.203971293198 -35.6491222426577 -43.9209460696045 -50.681691956566 -53.9807418636443 -53.8034110678782 -53.3372755542207 -53.308489528754 -52.969464497735 -51.8898657295332 -51.4572528598667 -50.8971910064107 -51.1549178927636 -51.7854274320557 -49.6906676331585 -50.7000205299414 -54.285436195219 -58.8437943220813 -60.2761729292683 -61.535943878762 -63.3416009413953 -63.9016458526948 -65.0757997246889 -65.1906354492913 -66.6236369373416 -70.5997578444886 -73.2562575753861 -77.4701905252478 -81.4129158206787 -83.7604191821681 -87.2482476427675 -87.2436718695212 -87.476548444345 -85.4721651811121 -80.0472973626466 -75.1924169856816 -67.1262345096027 -60.6205368619951 -55.0162170393509 -50.9253639120501 -50.088914896967
-9999 -9999 -9999 -9999 -9999 -127.372959176023 -56.4849215574389 -32.2183105697717 -22.7861821752136 -16.7377278629002 -30.5431339631788 -31.4168466871497 -27.7971524431518 -25.6081746715145 -24.366362222882 -23.6229949782308 -27.2291249159184 -33.2053662535395 -37.9253110665111 -39.9885468850713 -40.9433205859144 -43.6182090385218 -44.5600385980323 -43.4607324666691 -43.0540204024303 -42.1937984738875 -39.9610999335747 -37.4481207590579 -35.5226174678267 -35.1174028194734 -34.9543593948335 -36.2057868881675 -38.5480402113698 -41.5867356688421 -46.4669419649807 -50.1354963428402 -50.3180509385131 -51.2570635717556 -53.471362583541 -57.2559467126415 -62.6392932409876 -66.1145419181224 -70.3194468697369 -74.2658331653912 -76.5114267012054 -79.8000118415641 -78.3959068745234 -76.5081006979033 -74.1447277090823 -70.1229978512308 -65.7831876439884 -59.1382867533045 -52.3933277214418 -48.1875148140137 -46.1447046952644 -45.63197527702
-9999 -9999 -9999 -9999 -9999 -69.4239025612167 -30.1503799128946 -30.1438319247509 -16.3868001059161 -22.4602395219469 -34.9568724481423 -39.5342741057351 -33.6555795663601 -27.3049150804975 -22.5480657152153 -19.3159308855899 -20.1753463313171 -23.5902299495992 -26.4527415285954 -26.3645262846993 -26.8394918445617 -28.0564612453678 -29.1198893347443 -29.4406354110977 -27.9786333321054 -26.7117918734742 -25.0731985346464 -23.949243037279 -23.2863117141899 -23.208095508739 -24.1638090389309 -25.4621861221139 -28.034755855574 -31.1183723319025 -35.4680258872501 -40.8007255536949 -40.4955386970787 -41.6319230764636 -43.7039237718945 -46.7309207642619 -51.716143546821 -55.3059391702361 -59.8057400301208 -63.2974282370002 -64.4752555147828 -66.0947966303325 -64.5389693100147 -63.2490140997713 -61.2023392562661 -57.6848389402456 -54.8976513358212 -50.0826956869288 -46.4716668277902 -43.6994561043535 -41.9092305746384 -42.1470013396694
-9999 -9999 -9999 -9999 -9999 -9999 -19.8806897650019 -20.0124621344171 -17.6075547944823 -33.5409260197765 -50.3943565526358 -56.0671252273011 -48.4863369059959 -37.5918580738775 -28.2920551659486 -22.1121233232066 -18.6673625475354 -18.5605231366593 -18.4324854224173 -17.6998444605173 -17.876314530521 -17.9224353218176 -17.7114488808905 -17.2359347671998 -16.5151626705015 -15.9478913586465 -15.0243334299159 -14.2697249247456 -14.0529877438218 -14.4860048921552 -15.5996652592039 -16.8598728494456 -19.0876198277784 -21.7252593497861 -25.7097882531215 -31.8820345865362 -32.4363996915741 -32.8148753147427 -34.1169630408075 -36.335140874018 -40.9469562909041 -43.2538044338351 -47.0343468663947 -49.7960282552674 -50.3561146137423 -52.1217589548163 -49.8893196674278 -48.7752330051414 -47.1899010781163 -44.8186769569445 -44.3400186215462 -41.2074909004152 -39.9977779412283 -39.0156081251842 -38.0568024277864 -39.0993835283793
-9999 -9999 -9999 -9999 -9999 -9999 -18.8580480417742 -17.0638770104248 -16.3387468533613 -47.6432166720827 -76.9357164761925 -80.4161586975964 -68.0985525374794 -52.0915785802162 -37.4431734630204 -27.9932298258622 -22.7442802220196 -19.9826687362169 -17.0435720860077 -14.8936654199058 -13.9402126142122 -13.1627626580856 -11.9124194092434 -11.1509917756768 -10.6874463021091 -10.4262749803243 -9.65424644720548 -8.92462789483224 -8.84753024768016 -9.26670580209856 -10.200070271671 -10.9120077218245 -12.1712520023854 -14.1767239650841 -17.2875933122675 -22.0514222775518 -26.9268011655259 -26.6603686279141 -26.6843200803029 -27.7912681498775 -30.1727780198298 -32.1509795326545 -34.5802846946616 -36.4759836877083 -37.0663285959986 -37.6145287207813 -36.6007830004416 -35.571769412169 -34.5643470251927 -33.3024980160308 -32.8705298090437 -32.7072861913791 -33.5667489979678 -34.2476908929468 -35.0518103424457 -37.1098691833892
-9999 -9999 -9999 -9999 -9999 -9999 -26.7822006674918 -19.0866904783838 -13.8175622900364 -48.8829709056517 -102.8760478913 -107.418830540345 -90.3940507329874 -69.5160009380659 -49.5480142243438 -35.6965227707828 -28.0713204712954 -23.9389619279821 -19.017994253739 -14.6168754100466 -12.6680003583084 -11.4795015459734 -10.953476360764 -10.0464809862573 -8.88178365062229 -8.38210418028801 -7.7227003936788 -7.21207128572215 -6.82401704601955 -6.52831964788816 -6.79162381371239 -6.60899082178057 -7.0277391213203 -7.92090654368124 -9.65196110089331 -13.3548815894497 -16.2573544227069 -21.4584171143945 -21.7776231137946 -20.9999553400421 -22.1764787808408 -22.4584953208223 -24.1482881555063 -25.3105881644742 -25.1755989323065 -26.2615762328775 -25.2961756335629 -25.1487887463261 -24.8151162312887 -23.9899465742694 -24.5540779832572 -25.2922156246614 -27.4974452935878 -29.3275688131824 -31.0221684174581 -34.5702017768292
-9999 -9999 -9999 -9999 -9999 -9999 -9999 -9999 -23.288123249794 -36.5331807851535 -97.2000860537765 -114.886573446634 -105.076864599959 -86.1694409245349 -62.4710136845756 -45.9143459435 -33.5090162342652 -24.4296994181015 -19.0835690482703 -15.7488226719533 -12.8422177216241 -12.4512512789491 -13.3972062651922 -12.8426815570207 -10.887243998058 -9.5100373542227 -9.00424171872591 -8.79898797293212 -8.07460899279593 -6.84879602391978 -5.84887377546733 -5.06851232020096 -4.3780481548071 -4.16271799226049 -4.8414028710512 -6.5363965289396 -8.57012948633603 -11.510813251213 -15.6128573784464 -18.9026997327622 -17.8184248604394 -17.4930906018455 -17.6503958792256 -17.9904586206618 -18.2751047294418 -18.6296715438019 -18.630830741328 -18.6259687032934 -18.8790603637278 -19.2622341417814 -19.9687026444268 -21.0881978148656 -22.9059484546778 -25.0708243296784 -27.6203349112052 -30.9921519456433
-9999 -9999 -9999 -9999 -9999 -9999 -9999 -9999 -28.5882238258811 -28.4517049106468 -77.6479701244198 -102.926461238621 -107.32139822361 -92.8952940329757 -69.9070563613984 -52.4245046165638 -35.8083411258784 -23.2465198392256 -18.2595653625521 -16.1074722519309 -13.8926962878105 -14.7666381956217 -17.3928328795064 -17.3525767009769 -14.7010698238526 -12.7324716772349 -12.4205651515851 -12.6043971321243 -11.6876337270965 -9.69955731778099 -7.654130172074 -6.21673614630068 -4.70669800586566 -3.44283210761791 -2.73812207411302 -2.81429131095361 -3.31947331170353 -4.66637601823873 -6.85506214215151 -9.82183788365724 -14.1703396106877 -16.1719441460397 -15.2482343389106 -14.6619750772556 -14.1576421622335 -14.379348158944 -14.4006204665693 -14.8500351474794 -15.5464820021664 -16.24068691505 -17.3790965584027 -18.2801750409216 -19.8199241521497 -21.8222348571873 -24.3237820792748 -27.8806416757179
-9999 -9999 -9999 -9999 -9999 -9999 -9999 -9999 -9999 -33.4705599727123 -37.0239104348059 -72.6343216100017 -93.6009049970914 -89.7009106623411 -69.5765751105726 -51.3919627513216 -35.3815161833533 -21.9340956217666 -17.0950063653944 -16.8006171213257 -15.6220231671332 -17.7612553983885 -20.7369617034091 -21.0322782643309 -18.655830750346 -16.6959400345091 -16.5140173089948 -16.9741506254906 -15.9871827229446 -13.7815190994233 -11.5163889809217 -9.38597031747539 -7.47959267563763 -5.34709727146906 -3.52821220452823 -2.32246627365921 -1.62511050754091 -1.48007816537047 -2.05821674411333 -3.50943104854388 -5.68934790951227 -8.11427841798734 -10.7548919960639 -13.8927964847105 -13.8821220138558 -13.1491893403485 -13.228453797671 -13.7221560903501 -14.6302795185279 -15.8547631977888 -17.0700267516077 -17.8080504467398 -18.7108699708081 -20.2179355715878 -22.5460881429986 -25.5656564576119
-9999 -9999 -9999 -9999 -9999 -9999 -9999 -9999 -9999 -9999 -34.9368312651852 -56.2385790753284 -81.2687242767945 -84.2794167212305 -66.2536970681938 -46.723340401021 -31.0960985247138 -19.0095942544005 -15.3641596845795 -16.8645621355858 -17.9631083619921 -20.6132616357049 -23.6443550593223 -24.2263523240677 -22.5441498503721 -20.9252353008079 -20.8652023886614 -21.3383613153406 -20.4797852201842 -18.7004614884473 -16.4356749767186 -14.0024504697574 -11.6380944138287 -9.11558789452034 -6.78145426730593 -4.70655030697332 -2.9928642780422 -1.70672877207709 -0.979478059088772 -0.889669974052487 -1.42193998367947 -2.44827550083793 -4.03310222845507 -6.2605109108571 -9.2847323637242 -12.2502663246564 -13.4238545630501 -13.7737560369684 -14.4650655854679 -15.1412456649651 -16.1202230525339 -16.6581063578686 -17.4544699752687 -19.2293088942219 -21.0496729227418 -23.2584195957254
-9999 -9999 -9999 -9999 -9999 -9999 -9999 -9999 -9999 -9999 -9999 -60.1053134496452 -73.8572187042478 -84.7611376532523 -66.1957651687017 -41.2988468316659 -27.6203001023113 -15.9627388334758 -12.7424531805553 -16.6050737200771 -20.5261567812158 -23.1060939537653 -25.5425868174378 -26.231460510515 -25.6621007397197 -25.1277424673863 -24.9580230801318 -25.1348509490848 -24.3726165721118 -23.1664016836855 -21.4168002267916 -18.7534152834561 -16.4534843377116 -13.6582304344476 -11.0622125966874 -8.72415535336758 -6.26345473955151 -4.41910735159103 -2.70824657453849 -1.45862339811456 -0.839980073116597 -0.658126575408861 -1.0151418387868 -2.05711441185205 -4.18882573916601 -6.28806034596762 -7.86987832374922 -9.17354950716526 -10.6659640505939 -12.808781334677 -14.637650399399 -14.7777697116707 -15.4021250321665 -16.4415331892307 -17.9158536006204 -19.7502540935146
