data/03_saidas_enm/CCSM_Gower_0k_B.balansae4.asc
NCOLS 154 
NROWS 168 
XLLCORNER -112 
YLLCORNER -55.5 
CELLSIZE 0.5 
NODATA_value -9999 
[rows 84 to 111 of 168, columns 63 to 125 of 154]
-9999 -9999 -9999 -9999 -9999 -9999 -9999 -9999 0 0 0 0 0 0 0 0 0 0 0 0 0 0 0 0 0.383436370885254 0.4963479926776 0.499306582887112 0.446957345426299 0.374835293060856 0.368634135035367 0.373462402779344 0.403742741106456 0.45694664722897 0.500562964532906 0.544410590467167 0.587533685323825 0.61596703257886 0.625701576892468 0.636684960198478 0.65123507936409 0.664401107086977 0.665326064958245 0.652815350442482 0.639233836800253 0.634659880356479 0.642133656649275 0.641434911888094 0.638121546846527 0.653067212729838 0.647247467600875 0.643956501954233 0.642662573270748 0.637170067094291 0.623257890176473 0.652572672322618 0.667869676247707 0.674219688611009 0.676987742668769 0.679198887094998 0.679575633281595 0.678446080260222 0.685669885281021 0.657815333828945
-9999 -9999 -9999 -9999 -9999 -9999 -9999 -9999 0 0 0 0 0 0 0 0 0 0 0 0 0 0 0 0 0 0.554044673996084 0.562364598982261 0.543468257480837 0.474608601438163 0.418017286732279 0.417323364564399 0.442854529482651 0.487127583563821 0.472816908474771 0.554108697323501 0.596532328477361 0.623972110883238 0.636101470505732 0.645981116354259 0.660505366088812 0.672059817604927 0.669162898456769 0.649431903138201 0.625385134531431 0.606718118783285 0.593550977324249 0.592095182883371 0.599031519148574 0.60432685246944 0.627196052885844 0.644851081425333 0.654493892113044 0.658422895589314 0.665670878500944 0.675086732202559 0.684855278714549 0.692173460249385 0.695277604968593 0.696854588863054 0.698269399475962 0.699372530196587 0.694503457977707 0.656196116780926
-9999 -9999 -9999 -9999 -9999 -9999 -9999 -9999 -9999 0 0 0 0 0 0 0 0 0 0 0 0 0 0 0 0 0.162403738101746 0.531258561721733 0.596176381728909 0.575811466911024 0.544125302362741 0.492992455538071 0.486479295712948 0.520752559562693 0.473717659643132 0.58216312711152 0.601826344307705 0.623338562104625 0.64365588462026 0.64906226740888 0.656559465406649 0.667412379509748 0.663164751913195 0.638365147538872 0.613826348586947 0.594834288112737 0.573189927337028 0.575730928826858 0.588885877368508 0.593837535817214 0.629744754946879 0.6592904129343 0.673309321514432 0.680603989918194 0.68854457126353 0.690911717709444 0.697738795627339 0.704693861776201 0.708116323091532 0.714661866796325 0.719322324799538 0.722054323727359 0.69101840966193 0.652597090511619
-9999 -9999 -9999 -9999 -9999 -9999 -9999 -9999 -9999 -9999 0 0 0 0 0 0 0 0 0 0 0 0 0 0 0 0 0 0.420653627297609 0.632863507063705 0.60936811265358 0.592938900351783 0.547525509403037 0.548479789119523 0.568200724846946 0.580345630404758 0.594948611846803 0.60880414796123 0.618413916639255 0.630834481269339 0.642255020643598 0.636398771565651 0.630199375393496 0.626537685215776 0.613883597949562 0.599579518890918 0.595556014071308 0.604056372503184 0.618123250696605 0.639082044536979 0.65756280869296 0.674353586292734 0.684704849531337 0.689587776330198 0.694184580987942 0.695904156355257 0.69929523485198 0.707507199229499 0.719202618942242 0.725650533532858 0.733155448294749 0.724819159923837 0.689767491481546 0.654125652496954
-9999 -9999 -9999 -9999 -9999 -9999 -9999 -9999 -9999 -9999 -9999 -9999 0 0 0 0 0 0 0 0 0 0 0 0 0 0 0 0 0.363082963600133 0.646745488433559 0.634077147006938 0.6323486700619 0.604810566107473 0.56861151091543 0.569042218563927 0.575160305659839 0.582444191263641 0.588583126524683 0.598391029986868 0.617644696561391 0.621966521423837 0.616218080342765 0.61998757851736 0.5922369486967 0.587039827536176 0.562281916519544 0.563958166016382 0.591742872152609 0.615439407728019 0.673576493518097 0.683732857086458 0.69012882768881 0.69073076883118 0.694750055582914 0.696417040163071 0.702035319906136 0.711762429274638 0.702599927057161 0.702959789551929 0.723045001922664 0.744452572246563 0.706934355991395 0.668827794463644
-9999 -9999 -9999 -9999 -9999 -9999 -9999 -9999 -9999 -9999 -9999 -9999 -9999 -9999 0 0 0 0 0 0 0 0 0 0 0 0 0 0 0 0.0703305193458104 0.657787799911151 0.659593615133513 0.661899780369569 0.598679970112482 0.549038404121862 0.540183879529521 0.545659611493156 0.560497791124035 0.581352828426808 0.606636247649434 0.63234234411621 0.636036366809832 0.619769289537843 0.57307045540042 0.553252515613989 0.549347052257902 0.555926758663386 0.566885432974621 0.601953787397155 0.661659139098838 0.686401198513079 0.69084619012889 0.690871847617623 0.686577404346817 0.666910300640837 0.656281713019087 0.65508352263982 0.660633381412806 0.678668511343203 0.718135915365715 0.747096162257635 0.736020952053306 0.699185477613299
-9999 -9999 -9999 -9999 -9999 -9999 -9999 -9999 -9999 -9999 -9999 -9999 -9999 -9999 -9999 -9999 0 0 0 0 0 0 0 0 0 0 0 0 0 0 0.0787921718485939 0.566476311336717 0.684902479517436 0.675734634001453 0.557181401429103 0.505808395324451 0.502795487993773 0.527115734856639 0.562151668342241 0.596774756681322 0.633534087007372 0.664432457607444 0.618718606884683 0.570337169564761 0.553553812037058 0.55087956898766 0.551157542735316 0.55480916860086 0.575670778741033 0.622769740107137 0.680497294066006 0.694646415785132 0.666873546097867 0.618968323400856 0.5914952677239 0.583839937311369 0.595706983157256 0.621921234345216 0.659033284739092 0.714779540949142 0.740062690344219 0.7313672647267 0.716149141535709
-9999 -9999 -9999 -9999 -9999 -9999 -9999 -9999 -9999 -9999 -9999 -9999 -9999 -9999 -9999 -9999 -9999 -9999 0 0 0 0 0 0 0 0 0 0 0 0 0 0 0.537651950910805 0.715604158022361 0.57827146962062 0.474416624584259 0.459784140414709 0.492827832248971 0.538515730326668 0.584080540580053 0.629680419506264 0.658735881936123 0.614992673890497 0.566691800529913 0.550507762150552 0.551660607420098 0.545794315310949 0.531363700464013 0.533409858440658 0.570311231805311 0.610363665208806 0.673455938158493 0.625851885626451 0.537464545250042 0.52605519384418 0.525969484720869 0.55326340060856 0.602881261463273 0.652525954678663 0.714360307828322 0.727127031871869 0.726259521327269 0.718772593841806
-9999 -9999 -9999 -9999 -9999 -9999 -9999 -9999 -9999 -9999 -9999 -9999 -9999 -9999 -9999 -9999 -9999 -9999 0 0 0 0 0 0 0 0 0 0 0 0 0 0 0.254929016933735 0.573731451790054 0.621463617120616 0.474742525160647 0.434755377668372 0.462482774525292 0.510474980400151 0.561640618042568 0.610290853781265 0.651687897048157 0.620750933972421 0.573502583509319 0.553288313208809 0.548911204918373 0.538801290030641 0.524783277331793 0.521116348381883 0.545156815935663 0.58816220223394 0.667122533927325 0.607786178387196 0.524714541003193 0.514498554012448 0.527814354296292 0.565349931304009 0.622024123900903 0.676930598002591 0.706932655581035 0.720739601941593 0.723160588630234 0.718657297692256
-9999 -9999 -9999 -9999 -9999 -9999 -9999 -9999 -9999 -9999 -9999 -9999 -9999 -9999 -9999 -9999 -9999 -9999 -9999 -9999 0 0 0 0 0 0 0 0 0 0 0 0 0 0.395589447690377 0.669013648856156 0.487744753597853 0.42191678158896 0.437546650986787 0.480545161501212 0.529790696004411 0.580783287441632 0.624960549351725 0.624395760619469 0.577925349229945 0.552588361752517 0.544488226116825 0.536425631465311 0.52620995095652 0.533781200373938 0.564575132139228 0.601995841822671 0.679667247021613 0.613728870642026 0.54834381275362 0.554441514976961 0.580524113862897 0.621791319390286 0.672543474858915 0.707498094862851 0.719704609792657 0.727439021083001 0.728225095973584 0.724530660213802
-9999 -9999 -9999 -9999 -9999 -9999 -9999 -9999 -9999 -9999 -9999 -9999 -9999 -9999 -9999 -9999 -9999 -9999 -9999 -9999 0 0 0 0 0 0 0 0 0 0 0 0 0 0.241701631308793 0.652656179598548 0.526096710005112 0.427059084472132 0.418182772260307 0.450935123856118 0.49480297711798 0.542369989812711 0.591892270838771 0.61118561517818 0.570445957060708 0.539311521982784 0.525394044736921 0.525890039009305 0.539003523196183 0.566746581697744 0.606728349719256 0.649758782711311 0.69430753076906 0.647224729578707 0.61789657328233 0.62551464725162 0.655223282561617 0.688813305710801 0.721734540313402 0.734827989457531 0.740710611313667 0.744268365347773 0.741542014327561 0.735174439664975
-9999 -9999 -9999 -9999 -9999 -9999 -9999 -9999 -9999 -9999 -9999 -9999 -9999 -9999 -9999 -9999 -9999 -9999 -9999 -9999 -9999 0 0 0 0 0 0 0 0 0 0 0 0 0.136356167084886 0.597995015068695 0.555248750783093 0.429666224737043 0.403603199961701 0.419805377230818 0.463618993090249 0.505298548298507 0.548892027635433 0.551740338426742 0.542776508332045 0.528706484517347 0.503321573203563 0.516144783062314 0.559316140027484 0.604256204238451 0.660348691431319 0.704938721801161 0.703764837587646 0.689730367591759 0.693441855754377 0.699336236890751 0.723214142314208 0.744928355666608 0.748313474191445 0.748684758011746 0.748962286226565 0.749992028836435 0.747781701695233 0.739010225559715
-9999 -9999 -9999 -9999 -9999 -9999 -9999 -9999 -9999 -9999 -9999 -9999 -9999 -9999 -9999 -9999 -9999 -9999 -9999 -9999 -9999 0 0 0 0 0 0 0 0 0 0 0 0 0.0846681593953771 0.563443265654958 0.592641260474916 0.446467915446019 0.400501314721327 0.41225312941254 0.45039677790321 0.456638255231427 0.460696575092235 0.501496244545613 0.530718355836616 0.537624502213911 0.514496117859319 0.538000202620585 0.594121339511905 0.656591435541665 0.71502794846851 0.739272140754283 0.726427307853272 0.724200376347988 0.733944770121954 0.741531494628123 0.749437088632753 0.749997413972452 0.749997413972452 0.749997413972452 0.749997413972452 0.749997413972452 0.74401040183575 0.71900597556388
-9999 -9999 -9999 -9999 -9999 -9999 -9999 -9999 -9999 -9999 -9999 -9999 -9999 -9999 -9999 -9999 -9999 -9999 -9999 -9999 -9999 0 0 0 0 0 0 0 0 0 0 0 0 0.0623841566199013 0.566532512855559 0.599338772130585 0.441332188743329 0.39753185393724 0.404816280049027 0.442738680604566 0.390076230668233 0.396607548333533 0.472192484519671 0.549935814215132 0.532449832034121 0.520647376644549 0.574780836586692 0.645822538847558 0.705945393558525 0.742212134454836 0.749997413972452 0.749462188120458 0.749908042861768 0.743707265168359 0.745737442075889 0.745381403226975 0.746903537104556 0.74917743984435 0.749389222909376 0.749997413972452 0.748214604643847 0.731413367689726 0.690989747320895
-9999 -9999 -9999 -9999 -9999 -9999 -9999 -9999 -9999 -9999 -9999 -9999 -9999 -9999 -9999 -9999 -9999 -9999 -9999 -9999 -9999 0 0 0 0 0 0 0 0 0 0 0 0 0.124973287400835 0.594397434273253 0.59972932775735 0.435804233412968 0.385316913987677 0.398666200028106 0.435466776261095 0.41583190278551 0.418854068237809 0.456312822551245 0.497314434605271 0.522670870559539 0.548625289063641 0.611750705782125 0.684536572240825 0.733993622681728 0.749507347223885 0.749997413972452 0.749054550265596 0.749997413972452 0.749997413972452 0.749154427104823 0.747730058628247 0.748602683114964 0.749969597226694 0.749997413972452 0.749698093390656 0.742516142816906 0.713155974459733 0.668389745538764
-9999 -9999 -9999 -9999 -9999 -9999 -9999 -9999 -9999 -9999 -9999 -9999 -9999 -9999 -9999 -9999 -9999 -9999 -9999 -9999 -9999 0 0 0 0 0 0 0 0 0 0 0 0 0.199352669845834 0.564525612611431 0.567389345146264 0.402784150195329 0.365867905253583 0.384561644163518 0.420956929492535 0.440006320754973 0.44395393539154 0.451435690821907 0.4648191097944 0.533043165545667 0.583131032369317 0.650161718733958 0.715178732276994 0.744095169300541 0.749997413972452 0.749486465293573 0.748082184536601 0.749795723194711 0.749997413972452 0.749997413972452 0.749442221945863 0.749372060209695 0.749997413972452 0.749997413972452 0.747548978586917 0.729651188468526 0.695450886978392 0.65064256488992
-9999 -9999 -9999 -9999 -9999 -9999 -9999 -9999 -9999 -9999 -9999 -9999 -9999 -9999 -9999 -9999 -9999 -9999 -9999 -9999 -9999 0 0 0 0 0 0 0 0 0 0 0 0 0.301530395606039 0.565390080630867 0.542490111277725 0.385441771332177 0.349539068946684 0.369786047635741 0.404654397907565 0.412301539335319 0.421943354180396 0.468026946213339 0.528671907295077 0.570561291952244 0.621375764718371 0.683462993074095 0.731894581894553 0.748908376753414 0.749997413972452 0.748392236648446 0.745502936836229 0.746826130617055 0.748634800221139 0.749679594092467 0.749997413972452 0.749997413972452 0.749997413972452 0.749071480513362 0.73839089617574 0.711368884141704 0.672017486970102 0.625706518222874
-9999 -9999 -9999 -9999 -9999 -9999 -9999 -9999 -9999 -9999 -9999 -9999 -9999 -9999 -9999 -9999 -9999 -9999 -9999 -9999 -9999 0 0 0 0 0 0 0 0 0 0 0 0 0.403083116281358 0.583652664693094 0.494292711841809 0.350681702826651 0.329058359161893 0.354142305199635 0.386713046112538 0.400182949342142 0.414314282349267 0.491104481711652 0.570553989087932 0.591977822925105 0.632051331968841 0.687461456566941 0.731061241781372 0.749997413972452 0.749997413972452 0.748015005933335 0.743362732689209 0.743083015552195 0.741733632189011 0.742498536509725 0.706707532427586 0.70456638964396 0.744389763360077 0.740959257378121 0.710305765311123 0.674092197790235 0.62741922392829 0.585034852290368
-9999 -9999 -9999 -9999 -9999 -9999 -9999 -9999 -9999 -9999 -9999 -9999 -9999 -9999 -9999 -9999 -9999 -9999 -9999 -9999 0 0 0 0 0 0 0 0 0 0 0 0 0.0807112466822332 0.49943801844041 0.54650415677083 0.460588184649882 0.33232138656256 0.312914736924468 0.339187169936225 0.37258263594934 0.409781026059177 0.462367504762905 0.514735833896061 0.563856197109925 0.58487742423133 0.597089072474245 0.649278924475986 0.713104098940833 0.742634325244394 0.749997413972452 0.749140712441873 0.74401580634276 0.739758565756191 0.727121399660762 0.702069065755553 0.666028861654907 0.665784985339746 0.698285687244681 0.690247915778022 0.646758642077903 0.594139218938322 0.544680851269904 0.513013830114068
-9999 -9999 -9999 -9999 -9999 -9999 -9999 -9999 -9999 -9999 -9999 -9999 -9999 -9999 -9999 -9999 -9999 -9999 -9999 -9999 0 0 0 0 0 0 0 0 0 0 0 0 0.172941483329905 0.526861109206401 0.517343984474186 0.415496177321623 0.305316449408195 0.295273424972601 0.324662195378708 0.357304366995656 0.395335499740814 0.447504519676292 0.508923690310545 0.566077609482466 0.587884189744299 0.582360706095935 0.629550188111712 0.697917434242259 0.735703074060342 0.749997413972452 0.738155058668545 0.730021659674648 0.734056044200365 0.730864296896883 0.714002273559341 0.677541243384718 0.678872169221094 0.660620330864307 0.619530735760674 0.565909677321875 0.502402187140063 0.448282809909735 0.431757803313912
-9999 -9999 -9999 -9999 -9999 -9999 -9999 -9999 -9999 -9999 -9999 -9999 -9999 -9999 -9999 -9999 -9999 -9999 -9999 -9999 0 0 0 0 0 0 0 0 0 0 0 0 0.268164742458241 0.565264493634458 0.524864014062997 0.389810246950377 0.292631402638811 0.284184034989913 0.308624068717611 0.34209654424933 0.379364209465891 0.432518845711738 0.496450883009878 0.555908415040124 0.596435163235985 0.625838957701113 0.661351876409966 0.70799141593822 0.733333246062964 0.729948950989376 0.719120942187536 0.719981777115631 0.724451975240772 0.711860752392608 0.692711421796009 0.673973957249768 0.635675392911534 0.591981871462615 0.539234289834219 0.477693885236165 0.409477868446938 0.374125419043003 0.364497551312792
-9999 -9999 -9999 -9999 -9999 -9999 -9999 -9999 -9999 -9999 -9999 -9999 -9999 -9999 -9999 -9999 -9999 -9999 -9999 -9999 0 0 0 0 0 0 0 0 0 0 0 0 0.314589166315337 0.555679899238351 0.514075301861976 0.363661551659437 0.281242609840231 0.270241728040061 0.29178724498962 0.323985402166253 0.362318299232427 0.414693432879461 0.480264264649182 0.540647802680611 0.584014289744196 0.609240498438484 0.637362735136505 0.66817741235042 0.691457872306826 0.702683302061451 0.706393705728469 0.706095898570124 0.701759119944434 0.678586733039437 0.639926822200243 0.607423594024281 0.557598242895979 0.503897162885643 0.441240679162507 0.375252520263027 0.319750848352633 0.31022002929669 0.346237581740747
-9999 -9999 -9999 -9999 -9999 -9999 -9999 -9999 -9999 -9999 -9999 -9999 -9999 -9999 -9999 -9999 -9999 -9999 -9999 -9999 0 0 0 0 0 0 0 0 0 0 0 0 0.316572830619726 0.494701047036652 0.47669449344745 0.347576664623032 0.274111861730851 0.25925715799872 0.274262817889476 0.307169619641957 0.346128463562298 0.39748834304446 0.461339696656624 0.51614442415062 0.527947567130654 0.54925654787507 0.578683883863916 0.609106102068931 0.642845408851293 0.67440190083177 0.661446050198277 0.655579967302709 0.649043009641335 0.626639580207339 0.575561603825229 0.513509243256667 0.443801136999797 0.390713478220612 0.321396317341804 0.265593910767134 0.230323981792816 0.270171470091768 0.377768231106793
-9999 -9999 -9999 -9999 -9999 -9999 -9999 -9999 -9999 -9999 -9999 -9999 -9999 -9999 -9999 -9999 -9999 -9999 -9999 -9999 0 0 0 0 0 0 0 0 0 0 0 0 0.336746132922753 0.445877929531254 0.434668806868594 0.327965857397521 0.267237082760009 0.25339592801875 0.264582995515843 0.296225105103065 0.335866018623331 0.38473028265479 0.44325171276685 0.462352015426077 0.469985845577158 0.488867546435109 0.519874592478541 0.55647322565832 0.596879057812464 0.619385904725434 0.611171664728328 0.594757784180234 0.573743774015249 0.559849386591713 0.530051354439192 0.448808732366101 0.365377672373749 0.315363609032926 0.255799258788329 0.202706660405962 0.180534525114299 0.252280808498752 0.307291339876841
-9999 -9999 -9999 -9999 -9999 -9999 -9999 -9999 -9999 -9999 -9999 -9999 -9999 -9999 -9999 -9999 -9999 -9999 -9999 -9999 0 0 0 0 0 0 0 0 0 0 0 0 0.393644443294793 0.396105800778369 0.387241375297914 0.306068141584265 0.25556568150078 0.246268751122841 0.259842450930883 0.289686985391356 0.329942475794251 0.376507264427316 0.412603599279396 0.398699351498037 0.410173526741096 0.430266191250938 0.463350970259505 0.502763083802412 0.551218502149552 0.57784348296599 0.543729177849236 0.526481414182114 0.503728456443153 0.47810458658875 0.469733404714548 0.429701475566011 0.342555833981293 0.286207455972639 0.236681832216983 0.171045837967843 0.144397841064103 0.226076970904375 0
-9999 -9999 -9999 -9999 -9999 -9999 -9999 -9999 -9999 -9999 -9999 -9999 -9999 -9999 -9999 -9999 -9999 -9999 -9999 -9999 0 0 0 0 0 0 0 0 0 0 0 0 0.375280347751645 0.324836827264926 0.330252951089113 0.279510667825928 0.242496005388607 0.235437164145068 0.248913862073687 0.278340950635148 0.318449828247153 0.363962794776325 0.357198924496585 0.346904386998377 0.357990840766899 0.379257632521096 0.414581029499463 0.454698287630672 0.503099016546046 0.502813060472859 0.470645943831452 0.445103569479004 0.413533460015661 0.386408238524697 0.359154643690532 0.336920054481069 0.321634639696503 0.27350947958278 0.222579846264052 0.151897030388051 0.130952241204504 0.0919362537190002 0
-9999 -9999 -9999 -9999 -9999 -9999 -9999 -9999 -9999 -9999 -9999 -9999 -9999 -9999 -9999 -9999 -9999 -9999 -9999 0 0 0 0 0 0 0 0 0 0 0 0 0.0149589509923984 0.253583063730227 0.225590469244467 0.245666519138184 0.249674337504511 0.221612996797619 0.219304159028774 0.230844969698093 0.263076039950232 0.302252444769092 0.299305880568421 0.298500499726761 0.303967115693498 0.317175860184556 0.336248051481207 0.371845510666725 0.409701568581005 0.453264726355444 0.452045121772793 0.405863259746832 0.376496287376882 0.338581748459895 0.297459356437515 0.280781208276232 0.244640301099624 0.226108806892046 0.190505242609252 0.153582176396038 0.110220867215648 0.0442462911740775 0 0
-9999 -9999 -9999 -9999 -9999 -9999 -9999 -9999 -9999 -9999 -9999 -9999 -9999 -9999 -9999 -9999 -9999 -9999 -9999 0 0 0 0 0 0 0 0 0 0 0 0 0.188434361253618 0.127368790037879 0.118357002304353 0.145303100383782 0.194698753072644 0.202229029191035 0.200847162616203 0.214695363265121 0.227964472648012 0.23778400999038 0.248010351928156 0.254761463066972 0.264779353492789 0.287583973835512 0.315579685120194 0.352472236594128 0.386205351335964 0.419893793005381 0.377394091144725 0.33269360013091 0.29726334390961 0.251429520650227 0.212177222543406 0.173379910145943 0.144857814575777 0.124751523310489 0.0837319375284055 0.0495595179992793 0 0 0 0
