data/03_saidas_enm/CCSM_Maxent_21k_B.balansae2.asc
NCOLS 154 
NROWS 168 
XLLCORNER -112 
YLLCORNER -55.5 
CELLSIZE 0.5 
NODATA_value -9999 
[rows 75 to 99 of 168, columns 56 to 111 of 154]
-9999 -9999 -9999 -9999 -9999 -9999 -9999 -9999 -9999 -9999 -9999 0.029058700427413 0.0680195912718773 0.137112244963646 0.181249007582664 0.188169002532959 0.169849991798401 0.14830282330513 0.146352365612984 0.120364911854267 0.105468437075615 0.10105849057436 0.101293571293354 0.0985481664538383 0.093352846801281 0.0887025743722916 0.0849098637700081 0.0882961824536324 0.089633621275425 0.0925466194748878 0.0978737995028496 0.104050002992153 0.113392569124699 0.121035479009151 0.129174873232841 0.137225151062012 0.142706543207169 0.148527219891548 0.153234302997589 0.159945532679558 0.167439609766006 0.176278069615364 0.185003027319908 0.190460249781609 0.197320833802223 0.204660907387733 0.196760714054108 0.184212818741798 0.169373869895935 0.152134537696838 0.138638481497765 0.132358446717262 0.127487704157829 0.124309979379177 0.12351044267416 0.125693023204803
-9999 -9999 -9999 -9999 -9999 -9999 -9999 -9999 -9999 -9999 -9999 0.0346784330904484 0.0677447915077209 0.126589983701706 0.158311441540718 0.177707120776176 0.155256733298302 0.118941143155098 0.11492158472538 0.116962052881718 0.101749137043953 0.104314468801022 0.109653562307358 0.109009824693203 0.0968707352876663 0.0901485979557037 0.0875476896762848 0.089938722550869 0.0909009203314781 0.0925265550613403 0.0956352427601814 0.10156362503767 0.110280439257622 0.118024535477161 0.127247780561447 0.135884895920753 0.143957555294037 0.149958714842796 0.156185373663902 0.165685445070267 0.172642111778259 0.178656324744225 0.186981201171875 0.197345912456512 0.208636656403542 0.221067264676094 0.222427099943161 0.215459063649178 0.20309753715992 0.186239436268806 0.175965011119843 0.166012763977051 0.159352764487267 0.15732929110527 0.159119233489037 0.166081815958023
-9999 -9999 -9999 -9999 -9999 -9999 -9999 -9999 -9999 -9999 -9999 -9999 0.0579465553164482 0.0935830473899841 0.134850084781647 0.158577650785446 0.126476004719734 0.08609439432621 0.0738744810223579 0.0798008963465691 0.102138869464397 0.109517373144627 0.111108906567097 0.11260648816824 0.109913498163223 0.102073363959789 0.0986908301711082 0.0940105617046356 0.0913028940558434 0.0901998057961464 0.0938986167311668 0.0961063951253891 0.103679820895195 0.111019477248192 0.120567992329597 0.131481826305389 0.142035603523254 0.150920674204826 0.158729985356331 0.166835099458694 0.175376653671265 0.181057319045067 0.188781812787056 0.197667568922043 0.21320478618145 0.228816524147987 0.234425380825996 0.237943157553673 0.234606578946114 0.22299425303936 0.214737623929977 0.206684291362762 0.20124976336956 0.199336141347885 0.199604988098145 0.20313923060894
-9999 -9999 -9999 -9999 -9999 -9999 -9999 -9999 -9999 -9999 -9999 -9999 0.0534291304647923 0.0610750503838062 0.102102339267731 0.146439656615257 0.103127308189869 0.0598490983247757 0.0523981116712093 0.0594854019582272 0.077884204685688 0.105286367237568 0.114215865731239 0.118853837251663 0.124421499669552 0.128831893205643 0.110354453325272 0.0995359569787979 0.0949231386184692 0.0886817276477814 0.0939686745405197 0.0950107797980309 0.0983148068189621 0.10519365221262 0.115710332989693 0.125808149576187 0.137792244553566 0.148898392915726 0.160213395953178 0.171469271183014 0.17865364253521 0.186246559023857 0.197519809007645 0.205343723297119 0.217824786901474 0.235429763793945 0.245727941393852 0.251369386911392 0.259081572294235 0.258090317249298 0.254670560359955 0.251371622085571 0.248173728585243 0.246075242757797 0.239579319953918 0.238420426845551
-9999 -9999 -9999 -9999 -9999 -9999 -9999 -9999 -9999 -9999 -9999 -9999 -9999 0.0546964555978775 0.0699110329151154 0.0968045964837074 0.0828303843736649 0.0581808984279633 0.0527815446257591 0.0603533051908016 0.0689420253038406 0.0802590474486351 0.107310444116592 0.144480913877487 0.16053418815136 0.150243148207664 0.130366608500481 0.109299004077911 0.100066401064396 0.0999462455511093 0.100479930639267 0.0989273115992546 0.0990809947252274 0.102843128144741 0.108316481113434 0.118510127067566 0.129202514886856 0.141356870532036 0.153989881277084 0.167694807052612 0.181865900754929 0.192591294646263 0.20358869433403 0.212581977248192 0.223426192998886 0.240292727947235 0.255915582180023 0.267826408147812 0.276970833539963 0.289036244153976 0.296505391597748 0.293112486600876 0.288140833377838 0.283137440681458 0.273656338453293 0.269249856472015
-9999 -9999 -9999 -9999 -9999 -9999 -9999 -9999 -9999 -9999 -9999 -9999 -9999 0.063906617462635 0.056270070374012 0.0700426325201988 0.0669508650898933 0.0611181110143661 0.0648243799805641 0.0689912363886833 0.0706251859664917 0.0632296204566956 0.0712980479001999 0.0865370482206345 0.0970827266573906 0.157547205686569 0.156882777810097 0.125140875577927 0.110501483082771 0.109108783304691 0.11120980232954 0.103931128978729 0.101309552788734 0.104453876614571 0.105521097779274 0.112811669707298 0.123921386897564 0.136784240603447 0.150054737925529 0.167195826768875 0.183531180024147 0.196735963225365 0.208595916628838 0.219099387526512 0.232193648815155 0.247858956456184 0.265546679496765 0.27627569437027 0.288899064064026 0.305701047182083 0.323723971843719 0.32720673084259 0.322548717260361 0.316201329231262 0.301878869533539 0.295735210180283
-9999 -9999 -9999 -9999 -9999 -9999 -9999 -9999 -9999 -9999 -9999 -9999 -9999 -9999 0.0649505630135536 0.0455686524510384 0.0548064820468426 0.0740537047386169 0.0863289907574654 0.0758992582559586 0.0712103471159935 0.0658785998821259 0.0589281097054482 0.0568227805197239 0.0599401034414768 0.0632167980074883 0.0707697868347168 0.121365457773209 0.152377903461456 0.132991895079613 0.115634679794312 0.109979249536991 0.1044876947999 0.104935735464096 0.108593806624413 0.113419137895107 0.117971323430538 0.128334134817123 0.142781645059586 0.16244800388813 0.180068537592888 0.193454787135124 0.209105923771858 0.22413182258606 0.236559823155403 0.255152344703674 0.268380582332611 0.281626284122467 0.298633754253387 0.314840078353882 0.331128805875778 0.341779112815857 0.347895562648773 0.339937299489975 0.322294056415558 0.312735140323639
-9999 -9999 -9999 -9999 -9999 -9999 -9999 -9999 -9999 -9999 -9999 -9999 -9999 -9999 0.066205196082592 0.0361523851752281 0.0515002347528934 0.086786076426506 0.105451218783855 0.0823831930756569 0.06683399528265 0.0532217249274254 0.0462464690208435 0.0432295836508274 0.0425983667373657 0.049276489764452 0.0461709909141064 0.0494718998670578 0.0743099972605705 0.104910112917423 0.126518309116364 0.122045494616032 0.113184317946434 0.10869425535202 0.10993692278862 0.110013797879219 0.110930658876896 0.114991120994091 0.128542214632034 0.150254368782043 0.176910266280174 0.190984159708023 0.207451954483986 0.223983570933342 0.240061670541763 0.256100624799728 0.270934969186783 0.285219073295593 0.299599081277847 0.317702889442444 0.333143502473831 0.343688428401947 0.35554963350296 0.358851104974747 0.337734222412109 0.323629319667816
-9999 -9999 -9999 -9999 -9999 -9999 -9999 -9999 -9999 -9999 -9999 -9999 -9999 -9999 -9999 0.0564985387027264 0.0656594038009644 0.0882825925946236 0.0920311734080315 0.0708250999450684 0.0466968342661858 0.0412871912121773 0.0365909710526466 0.0324699394404888 0.0305635929107666 0.0279131606221199 0.0310249030590057 0.033368568867445 0.0406902171671391 0.053527757525444 0.107162602245808 0.170676991343498 0.133356869220734 0.119805492460728 0.118098050355911 0.111740969121456 0.111117772758007 0.109108753502369 0.117586545646191 0.134193167090416 0.15431147813797 0.183177143335342 0.207771614193916 0.224396646022797 0.240845575928688 0.257848680019379 0.276081949472427 0.292508691549301 0.303619563579559 0.310093224048615 0.321045607328415 0.333810031414032 0.347423106431961 0.352308243513107 0.349749058485031 0.341672569513321
-9999 -9999 -9999 -9999 -9999 -9999 -9999 -9999 -9999 -9999 -9999 -9999 -9999 -9999 -9999 0.0370044782757759 0.0650605410337448 0.0998817160725594 0.0802517011761665 0.0600189566612244 0.0386555083096027 0.0474369190633297 0.0446626022458076 0.0394030995666981 0.0355974845588207 0.0267862062901258 0.0277743097394705 0.0318728350102901 0.0393844246864319 0.0563735961914062 0.0845880433917046 0.144359678030014 0.176539838314056 0.152641743421555 0.143029987812042 0.129803508520126 0.128959253430367 0.118036665022373 0.117575563490391 0.131083995103836 0.139812454581261 0.175709396600723 0.212875157594681 0.22968664765358 0.245290368795395 0.261515289545059 0.279856264591217 0.299324661493301 0.306098133325577 0.301944077014923 0.302313566207886 0.315533936023712 0.331710010766983 0.339764684438705 0.342851787805557 0.351721733808517
-9999 -9999 -9999 -9999 -9999 -9999 -9999 -9999 -9999 -9999 -9999 -9999 -9999 -9999 -9999 0.0533977895975113 0.0552827827632427 0.0824227333068848 0.0810620933771133 0.0738715678453445 0.0754022672772408 0.0770298168063164 0.0788099244236946 0.0740033984184265 0.0561809167265892 0.051011960953474 0.0420923829078674 0.0371166430413723 0.0379218682646751 0.0522235557436943 0.0682301744818687 0.101914763450623 0.208318039774895 0.218682840466499 0.197772771120071 0.184009343385696 0.165402606129646 0.143354877829552 0.140801057219505 0.145111188292503 0.160223960876465 0.193752408027649 0.231167033314705 0.24166040122509 0.251925528049469 0.264274626970291 0.280904352664948 0.298008561134338 0.301627844572067 0.293813019990921 0.287420719861984 0.293168306350708 0.309297055006027 0.320051372051239 0.330798089504242 0.336954861879349
-9999 -9999 -9999 -9999 -9999 -9999 -9999 -9999 -9999 -9999 -9999 -9999 -9999 -9999 -9999 -9999 0.0548871345818043 0.0519921369850636 0.0796987488865852 0.117598533630371 0.116242989897728 0.105717770755291 0.112205661833286 0.107223376631737 0.0868984013795853 0.0823575630784035 0.0576544068753719 0.0461644120514393 0.0417916886508465 0.0425775311887264 0.0555944330990314 0.0687592700123787 0.143015816807747 0.242410138249397 0.279482781887054 0.259229570627213 0.227410063147545 0.191751733422279 0.188260480761528 0.193876370787621 0.202554047107697 0.236612617969513 0.258961766958237 0.258742034435272 0.258612215518951 0.26406854391098 0.271305739879608 0.286397337913513 0.286565363407135 0.273658484220505 0.267464697360992 0.274170786142349 0.288007706403732 0.310004740953445 0.324382752180099 0.329707562923431
-9999 -9999 -9999 -9999 -9999 -9999 -9999 -9999 -9999 -9999 -9999 -9999 -9999 -9999 -9999 -9999 -9999 0.062297560274601 0.0671475231647491 0.0923249423503876 0.135426536202431 0.107906393706799 0.0930253341794014 0.0890417993068695 0.0978832244873047 0.109812445938587 0.0826704874634743 0.0630619004368782 0.0501667633652687 0.0446461513638496 0.0426118820905685 0.062309667468071 0.0892520248889923 0.12934572994709 0.239553943276405 0.328478634357452 0.285376280546188 0.255227029323578 0.248565897345543 0.260325193405151 0.288860261440277 0.285618126392365 0.281473457813263 0.274968504905701 0.261603653430939 0.255418121814728 0.258917510509491 0.260375827550888 0.256016045808792 0.257595837116241 0.256601899862289 0.273228079080582 0.299368888139725 0.324311494827271 0.34568065404892 0.355704575777054
-9999 -9999 -9999 -9999 -9999 -9999 -9999 -9999 -9999 -9999 -9999 -9999 -9999 -9999 -9999 -9999 -9999 -9999 -9999 0.0564442612230778 0.0579161867499352 0.0883247628808022 0.0862984284758568 0.076031394302845 0.0922618433833122 0.122893124818802 0.123573549091816 0.117318369448185 0.0920436307787895 0.0567030869424343 0.0460532084107399 0.0566783957183361 0.0779325291514397 0.100371174514294 0.1331956833601 0.248070627450943 0.328285396099091 0.313310712575912 0.289571672677994 0.29622682929039 0.308214068412781 0.306049346923828 0.299435794353485 0.289032220840454 0.268878787755966 0.258148431777954 0.258559376001358 0.253216177225113 0.24946217238903 0.255439132452011 0.25889378786087 0.283765703439713 0.320565700531006 0.348808079957962 0.369262337684631 0.37727227807045
-9999 -9999 -9999 -9999 -9999 -9999 -9999 -9999 -9999 -9999 -9999 -9999 -9999 -9999 -9999 -9999 -9999 -9999 -9999 -9999 -9999 0.0493357144296169 0.0573020800948143 0.0784788131713867 0.0848140344023705 0.0976525768637657 0.126695960760117 0.160956293344498 0.150290563702583 0.101145789027214 0.0698891058564186 0.0624893791973591 0.062701553106308 0.0782318189740181 0.106087230145931 0.137920588254929 0.205146849155426 0.330309957265854 0.332803785800934 0.324054151773453 0.311651051044464 0.313403308391571 0.311029762029648 0.306110441684723 0.294743329286575 0.280790895223618 0.279301822185516 0.280440539121628 0.278901875019073 0.277006328105927 0.287054419517517 0.317234486341476 0.353666812181473 0.378856897354126 0.390728533267975 0.391586571931839
-9999 -9999 -9999 -9999 -9999 -9999 -9999 -9999 -9999 -9999 -9999 -9999 -9999 -9999 -9999 -9999 -9999 -9999 -9999 -9999 -9999 -9999 -9999 0.0514127835631371 0.0842665433883667 0.0915836170315742 0.116799786686897 0.178446188569069 0.19041596353054 0.163381397724152 0.117616854608059 0.0799889415502548 0.0712987408041954 0.0722943320870399 0.0861891806125641 0.106435120105743 0.133908241987228 0.223594084382057 0.339485853910446 0.375143021345139 0.33274644613266 0.325642704963684 0.318396776914597 0.320270121097565 0.318239629268646 0.311006128787994 0.312191486358643 0.31375578045845 0.313833862543106 0.316348284482956 0.328688979148865 0.35210046172142 0.3829605281353 0.403776109218597 0.408985465764999 0.40873447060585
-9999 -9999 -9999 -9999 -9999 -9999 -9999 -9999 -9999 -9999 -9999 -9999 -9999 -9999 -9999 -9999 -9999 -9999 -9999 -9999 -9999 -9999 -9999 -9999 -9999 0.0515651479363441 0.10476204007864 0.15015834569931 0.19405072927475 0.219270676374435 0.201745495200157 0.145921647548676 0.100229665637016 0.0932788476347923 0.0819286480545998 0.082507960498333 0.110965102910995 0.153262779116631 0.238932877779007 0.396898299455643 0.369115054607391 0.345057159662247 0.327729284763336 0.329022973775864 0.334930419921875 0.337358772754669 0.342660129070282 0.346507579088211 0.351760059595108 0.358478665351868 0.367986142635345 0.384006023406982 0.404573291540146 0.418658018112183 0.429661959409714 0.429277211427689
-9999 -9999 -9999 -9999 -9999 -9999 -9999 -9999 -9999 -9999 -9999 -9999 -9999 -9999 -9999 -9999 -9999 -9999 -9999 -9999 -9999 -9999 -9999 -9999 -9999 0.0338882096111774 0.0543177090585232 0.125644445419312 0.185627028346062 0.254836231470108 0.279680758714676 0.267576038837433 0.211530387401581 0.155136227607727 0.10743610560894 0.0937788486480713 0.113861091434956 0.146150797605515 0.202288404107094 0.369815111160278 0.428324818611145 0.388834059238434 0.36817854642868 0.361609756946564 0.364014208316803 0.367966830730438 0.371602088212967 0.376313477754593 0.381291627883911 0.389062374830246 0.398127108812332 0.408976286649704 0.423047304153442 0.434047520160675 0.445159912109375 0.445955723524094
-9999 -9999 -9999 -9999 -9999 -9999 -9999 -9999 -9999 -9999 -9999 -9999 -9999 -9999 -9999 -9999 -9999 -9999 -9999 -9999 -9999 -9999 -9999 -9999 -9999 -9999 -9999 0.0536451525986195 0.107651941478252 0.234628558158875 0.315302342176437 0.333751767873764 0.352742165327072 0.301801979541779 0.207025423645973 0.164631113409996 0.130290165543556 0.146046653389931 0.210587576031685 0.37788599729538 0.485132366418839 0.445630520582199 0.422228246927261 0.409527659416199 0.400278747081757 0.403845846652985 0.406566619873047 0.412528157234192 0.4167700111866 0.424107134342194 0.432615965604782 0.433500915765762 0.440806895494461 0.450150370597839 0.459406763315201 0.459184527397156
-9999 -9999 -9999 -9999 -9999 -9999 -9999 -9999 -9999 -9999 -9999 -9999 -9999 -9999 -9999 -9999 -9999 -9999 -9999 -9999 -9999 -9999 -9999 -9999 -9999 -9999 -9999 0.0402498319745064 0.0775716602802277 0.185072436928749 0.296473920345306 0.361129313707352 0.411091536283493 0.412518054246902 0.323241502046585 0.245249882340431 0.17854742705822 0.171472698450089 0.225643500685692 0.377295821905136 0.505709409713745 0.482401996850967 0.464731067419052 0.453746169805527 0.44293075799942 0.44362410902977 0.445068806409836 0.452482521533966 0.456006348133087 0.459365546703339 0.461167067289352 0.458205997943878 0.45867857336998 0.462189376354218 0.475029647350311 0.478094875812531
-9999 -9999 -9999 -9999 -9999 -9999 -9999 -9999 -9999 -9999 -9999 -9999 -9999 -9999 -9999 -9999 -9999 -9999 -9999 -9999 -9999 -9999 -9999 -9999 -9999 -9999 -9999 -9999 0.0681622847914696 0.148233264684677 0.259706795215607 0.362257361412048 0.411805868148804 0.394158482551575 0.389273583889008 0.291373580694199 0.213989391922951 0.186830222606659 0.232178002595901 0.375883400440216 0.497096449136734 0.494239836931229 0.479657202959061 0.479273647069931 0.467105567455292 0.456944972276688 0.474884390830994 0.489250719547272 0.493575423955917 0.491009831428528 0.487940818071365 0.479575514793396 0.473677337169647 0.477566778659821 0.495948612689972 0.50173157453537
-9999 -9999 -9999 -9999 -9999 -9999 -9999 -9999 -9999 -9999 -9999 -9999 -9999 -9999 -9999 -9999 -9999 -9999 -9999 -9999 -9999 -9999 -9999 -9999 -9999 -9999 -9999 -9999 0.0668969377875328 0.132696181535721 0.257380843162537 0.376524865627289 0.372453182935715 0.35835126042366 0.389901727437973 0.310449451208115 0.221274614334106 0.193949431180954 0.234966486692429 0.377275764942169 0.493819922208786 0.494740098714828 0.471353203058243 0.463808864355087 0.468666583299637 0.472480803728104 0.475106358528137 0.483561396598816 0.504489541053772 0.518896698951721 0.512515425682068 0.504800319671631 0.500377714633942 0.503138542175293 0.516652405261993 0.525694489479065
-9999 -9999 -9999 -9999 -9999 -9999 -9999 -9999 -9999 -9999 -9999 -9999 -9999 -9999 -9999 -9999 -9999 -9999 -9999 -9999 -9999 -9999 -9999 -9999 -9999 -9999 -9999 -9999 0.0736636891961098 0.134244307875633 0.255981981754303 0.394356161355972 0.336341172456741 0.321770310401917 0.369340598583221 0.314392656087875 0.217458307743073 0.176950961351395 0.217918708920479 0.366692692041397 0.459506124258041 0.491358697414398 0.463105380535126 0.4506855905056 0.447484999895096 0.451477259397507 0.480655342340469 0.478420466184616 0.493743389844894 0.530351400375366 0.536754488945007 0.53365957736969 0.531587362289429 0.535169005393982 0.546442210674286 0.548869669437408
-9999 -9999 -9999 -9999 -9999 -9999 -9999 -9999 -9999 -9999 -9999 -9999 -9999 -9999 -9999 -9999 -9999 -9999 -9999 -9999 -9999 -9999 -9999 -9999 -9999 -9999 -9999 -9999 0.0782766044139862 0.160777017474174 0.324664026498795 0.416039079427719 0.342793613672256 0.328837901353836 0.346343755722046 0.291121155023575 0.201272666454315 0.179163590073586 0.223392754793167 0.345745831727982 0.451273679733276 0.487084001302719 0.455265283584595 0.438840299844742 0.433720856904984 0.438953876495361 0.459501355886459 0.494275689125061 0.503400206565857 0.518649697303772 0.534693121910095 0.54726254940033 0.556943476200104 0.567097723484039 0.578230559825897 0.585928082466125
-9999 -9999 -9999 -9999 -9999 -9999 -9999 -9999 -9999 -9999 -9999 -9999 -9999 -9999 -9999 -9999 -9999 -9999 -9999 -9999 -9999 -9999 -9999 -9999 -9999 -9999 -9999 -9999 0.0809349119663239 0.195106968283653 0.367244362831116 0.405356556177139 0.345379948616028 0.331719994544983 0.343302488327026 0.27304482460022 0.188052952289581 0.187838703393936 0.240327566862106 0.33473014831543 0.452187240123749 0.470892131328583 0.437457591295242 0.422381460666656 0.417050033807755 0.422143846750259 0.443923085927963 0.473357737064362 0.502293705940247 0.501210570335388 0.502244293689728 0.526824951171875 0.544434726238251 0.559475183486938 0.575477719306946 0.585591554641724
