data/03_saidas_enm/CCSM_Gower_0k_B.balansae2.asc
NCOLS 154 
NROWS 168 
XLLCORNER -112 
YLLCORNER -55.5 
CELLSIZE 0.5 
NODATA_value -9999 
[rows 56 to 83 of 168, columns 63 to 125 of 154]
-9999 0 0 0 0 0 0 0 0 0 0 0 0 0 0 0 0 0 0 0 0 0 0 0 0 0 0 0 0 0 0 0 0 0 0 0 0 0 0 0 0 0 0 0 0 0 0 0 0.224650966434731 0.334923198942779 0.32173472045691 0.278929128266138 0.211501255343116 0.129269171292804 0.0391939304439444 0 0 0 0 0 0 0 -9999
0 0 0 0 0 0 0 0 0 0 0 0 0 0 0 0 0 0 0 0 0 0 0 0 0 0 0 0 0 0 0 0 0 0 0 0 0 0 0 0 0 0 0 0 0 0 0 0 0.153060622157687 0.295862346032419 0.286818812232246 0.24634735288192 0.171285555872736 0.0962558135702511 0.027852225675767 0 0 0 0 0 0 0 0
0 0 0 0 0 0 0 0 0 0 0 0 0 0 0 0 0 0 0 0 0 0 0 0 0 0 0 0 0 0 0 0 0 0 0 0 0 0 0 0 0 0 0 0 0 0 0 0 0.0468242937626285 0.241430149487416 0.225158274765716 0.183488073044331 0.120886706014749 0.0615253761112166 0.0133177086572693 0 0 0 0 0 0 0 0
0 0 0 0 0 0 0 0 0 0 0 0 0 0 0 0 0 0 0 0 0 0 0 0 0 0 0 0 0 0 0 0 0 0 0 0 0 0 0 0 0 0 0 0 0 0 0 0 0 0.136513731268157 0.142352515124984 0.105053873702329 0.0689029422818592 0.0245654022334103 0.000367826430408114 0 0 0 0 0 0 0 0
0 0 0 0 0 0 0 0 0 0 0 0 0 0 0 0 0 0 0 0 0 0 0 0 0 0 0 0 0 0 0 0 0 0 0 0 0 0 0 0 0 0 0 0 0 0 0 0 0 0 0.0981508686931833 0.0666406135791817 0.0427607740759819 0.0167813114149309 0.00174253080148989 0 0 0 0 0 0 0 0
0 0 0 0.0636428207291356 0.0331351523183314 0 0 0 0 0 0 0 0 0 0 0 0 0 0 0 0 0 0 0 0 0 0 0 0 0 0 0 0 0 0 0 0 0 0 0 0 0 0 0 0 0 0 0 0 0 0 0.0527633974586943 0.0349428543786038 0.0281041182590095 0.00375075418930559 0 0 0 0 0 0 0 0
0 0 0.0242529286466482 0.0937203022179411 0.0683602848031453 0.006486826738197 0 0.00533100338674186 0.00745501524290726 0 0 0 0 0 0 0 0 0 0 0 0 0 0 0 0 0 0 0 0 0 0 0 0 0 0 0 0 0 0 0 0 0 0 0 0 0 0 0 0 0 0 0 0 0 0 0 0 0 0 0 0 0 0
-9999 0 0.0534955126068557 0.15393698246666 0.0966699731389 0.0305383622543336 0.0230360657977342 0.0297934491449154 0.0348037712389011 0.0265655322064748 0.01440581444737 0.00474594518591998 0 0 0 0 0 0 0 0 0 0 0 0 0 0 0 0 0 0 0 0 0 0 0 0.0135030699132822 0.0424772518581003 0.0663031242596586 0.0871612825731973 0.0668783361765513 0.0386804911389852 0.0423163517396168 0.0877873669164975 0.128710227163938 0.124479264324717 0.12314134031375 0.12143631828629 0.0989350056903194 0.0937983898267659 0.0545714400943269 0.0315295453907914 0 0 0 0 0 0 0 0 0 0 0 0
0 0 0.0819089003109253 0.128939693561257 0.0983067167634422 0.0468335558025664 0.0426500178879085 0.0508542685652834 0.059997474960915 0.0513501197931701 0.0369919634650766 0.025934205986841 0.0170658168714075 0.0113399452146257 0.00727651277749519 0.00549751642471474 0.00216237170807998 0 0 0 0 0 0 0 0 0 0 0 0 0 0 0 0.00596274823127652 0.0239621637511768 0.0434985306930461 0.065821424451628 0.0886012765627877 0.0203936606343275 0 0 0 0 0 0.0326438455279656 0.119574364675116 0.143009277790979 0.124340162102193 0.105688030623674 0.0796108888190737 0.0528773431698224 0.0237476483912311 0.00161782045005232 0 0 0 0 0 0 0 0 0 0 0
0 0.0424998710901099 0.0991092007639971 0.137834515849006 0.0985403891962349 0.0513194206337688 0.0519145856357703 0.0674867940455858 0.0897095965838082 0.0741219588562158 0.0574463748146754 0.0459166675969442 0.0379499367145467 0.0324428862738344 0.0271829042627444 0.0236877252268415 0.0197630968461464 0.0169656060439336 0.0159375031562988 0.012665391389032 0.0111861105307951 0.00799600937507139 0.00374004935255345 0 0 0 0 0 0 0 0 0.0121132450792304 0.0266416820694051 0.0442902301187725 0.0643838266728118 0.074590701501337 0 0 0 0 0 0 0 0 0.0405599367104919 0.122264738538897 0.129592469323433 0.101629840965065 0.0659546667772368 0.0497985364341876 0.0267393811474734 0.00778745443633422 0 0 0 0 0 0 0 0 0 0 0
0 0.0507084276236086 0.104992993681023 0.119754106378036 0.0878991834289393 0.0564415155763016 0.0615013350811919 0.0799959041208106 0.0972679688426125 0.0883312441957326 0.0741429299703003 0.0653508103249114 0.0592250123461122 0.0558318781134396 0.0478541234419845 0.0409937982382138 0.0359799477343489 0.0338397777646653 0.0324022796584447 0.0307296339650184 0.0286889571801214 0.0257305748743195 0.0226434355097044 0.0187069062211116 0.0148213494978362 0.0107355704648039 0.00805539430744551 0.00624340632556841 0.00734642313594969 0.0130402998895893 0.0220189667646382 0.0349409207302519 0.0488265292832769 0.0659071030146841 0.0849138695878445 0.0620252881097705 0 0 0 0 0 0 0 0 0.00799202295669088 0.0547076540566654 0.0990101772163203 0.11132471524204 0.0874595874139295 0.0668734487621727 0.0471640701291066 0.0301324954456269 0.0191448277365177 0 0 0 0 0 0 0 0 0 0
0 0.0647385813745674 0.0875222615419536 0.123157008525064 0.0852519191626013 0.0594458868176481 0.0671777691306263 0.0845867042605117 0.106983575019443 0.0904848101622457 0.0791688209236965 0.0755246712266214 0.0758564214933454 0.0783879858108751 0.0704691974468932 0.0596231046923732 0.0539256197907779 0.0521679533734256 0.0508449790793867 0.049159196537879 0.0478824703281329 0.0453684683219229 0.0429815488749223 0.0406223583439784 0.0361591590609831 0.0333582793905247 0.0314364322739332 0.0298901315625102 0.0316748092532316 0.0380101588967228 0.0466861599684024 0.0587670367044997 0.0711864813128502 0.0871067065569684 0.105295161121415 0.101883606216666 0.0386260317389648 0 0 0 0 0 0 0 0 0.0150934094651894 0.0276681644326718 0.0423286746695484 0.0374322975910726 0.0170034636045908 0 0 0 0 0 0 0 0 0 0 0 0 0
0.0522578979235673 0.0597899167481324 0.0552834794932273 0.0760375864028506 0.067265959443088 0.0457184586736156 0.0630038396541707 0.0816721579621924 0.0839840040102937 0.0770031746386137 0.0695286868361473 0.0726988734072984 0.0848719273596756 0.0969099847487639 0.0927347794630863 0.0835910946389965 0.0777674641005891 0.0732327995666502 0.070222846659958 0.0709148535557069 0.0724016497276413 0.0712016714163981 0.0675002299114535 0.0623035001294415 0.0605040110910349 0.0581436842925026 0.0572685589043775 0.0576107149900673 0.0598641528972299 0.066193641792108 0.0743933872681681 0.0851476217587136 0.0956297899326958 0.108665570002323 0.124680922771547 0.141192166637695 0.137789443926462 0.0982797454824702 0.0646119108538048 0.0501284930454617 0.0394711462239528 0.0339015794087286 0.0321878971204956 0.0256762224363055 0.0211413842214687 0.00703480956071201 0 0 0 0 0 0 0 0 0 0 0 0 0 0 0 0 0
0.0820153110826665 0.0763114866951704 0.0133269184050896 0.0537940120957346 0.0657634548701094 0.0235339737643793 0.0655907333064673 0.105176191911476 0.0947411489406265 0.0699487071534092 0.0685953127832363 0.0792796967188845 0.0920015479818559 0.117002026410314 0.116163062239821 0.107166773249895 0.102321289694279 0.0949351516804268 0.0909834123537671 0.0941310729183444 0.100724973274455 0.100954260113047 0.0949388595009779 0.0888070811664511 0.0882223618524537 0.0879851012062245 0.0872293835874586 0.0870756884452617 0.0892703992591801 0.094723207873444 0.103076249801319 0.112631582444652 0.12020897223467 0.131219684247849 0.144543597856428 0.157780397616576 0.171796477597056 0.182772025118557 0.182499617558532 0.165371142467447 0.142042246051412 0.124063687551979 0.110153087228522 0.0852216136505732 0.0600711099309366 0.0210237201163153 0 0 0 0 0 0 0 0 0 0 0 0 0 0 0 0 0
-9999 0 0 0.0615174023035798 0 0 0 0.00659509824066407 0.14677861626795 0.0881672229726461 0.0866539138903197 0.101054809827346 0.10204408027179 0.138211836426373 0.140294913933378 0.130208924391824 0.127074500347924 0.118352629947814 0.114481665292514 0.1196579023889 0.130462411736594 0.133384772366398 0.127559945756845 0.122945224194233 0.124110077882837 0.127159022708873 0.127099059675445 0.123366041892259 0.121678903803453 0.126933005131411 0.133994290222145 0.141785019235482 0.148931943020234 0.15710170697958 0.167382975070156 0.177476739074156 0.187948939988592 0.196621771471736 0.203242184738239 0.209431374487749 0.212593627120302 0.211461705257238 0.182569977513303 0.146142999121561 0.103753908969192 0.0507837946581159 0 0 0 0 0 0 0 0 0 0 0 0 0 0 0 0 0
-9999 0 0.0100941573785097 0.0771261378022274 0 0 0 0 0.122344169477601 0.128438699227444 0.11959797922451 0.134152689910848 0.119804740056529 0.164881272662226 0.162600444725831 0.153885750752595 0.151669351181904 0.139847942146304 0.135996991748172 0.142045962090392 0.157308427942561 0.162454045617622 0.156558770417599 0.155713187986768 0.159657352196173 0.168007005255802 0.168353865887998 0.161621739576506 0.157890715245229 0.160358409363589 0.165885773079256 0.171609651284129 0.175854467910474 0.18316042928854 0.190480703651313 0.198289254124718 0.206237425969841 0.211819410267819 0.216493975256743 0.219776712122686 0.219936108537343 0.214400850752116 0.205474930614584 0.196532225611976 0.151567672131621 0.0868478428876786 0.0126882518022451 0 0 0 0 0 0 0 0 0 0 0 0 0 0 0 0
-9999 -9999 0.0421504389049516 0.0793200441855261 0 0 0 0 0.00562186817343002 0.188841807098709 0.150151337553072 0.160315310933313 0.143469127277386 0.185681787132295 0.183000036147928 0.173124993687402 0.172305684952734 0.160759292542523 0.15526015610589 0.162071900886634 0.176151930804361 0.183405304921062 0.181362814094928 0.182702573254042 0.191962556062513 0.204191307061232 0.208433492331058 0.203247447451279 0.19865242119353 0.199131607163456 0.200331186784317 0.20217289713416 0.205448337966116 0.208426475380337 0.214613472332748 0.21982798370579 0.225297417708976 0.230810986737432 0.232911965442581 0.2342366939743 0.229129549921086 0.21862222438401 0.205864371379559 0.191845062006986 0.187161660211373 0.121406307339305 0.0410860463157984 0 0 0 0 0 0 0 0 0 0 0 0 0 0 0 0
-9999 -9999 -9999 0.0813938720756725 0 0 0 0 0 0.267880141976303 0.187604471498688 0.186455645163434 0.167290120080227 0.194997985284604 0.193102810554557 0.192493452174962 0.19246167655153 0.180458743785081 0.17411593863145 0.178734248407498 0.192863357111228 0.200435404450129 0.19998899082959 0.204789661586288 0.217399640328117 0.235283296095652 0.243116684979845 0.241041182590095 0.239908543084343 0.239826372996647 0.23957918495991 0.237583619991718 0.23506429546891 0.23467628998931 0.23794854129821 0.242167801871081 0.246495705573 0.24958934359084 0.251168316979054 0.250479300261169 0.243262366445367 0.229933947635474 0.213578511970546 0.199762614430784 0.201760691148382 0.154445473784523 0.0720489978244728 0 0 0 0 0 0 0 0 0 0 0 0 0 0 0 0
-9999 -9999 -9999 -9999 0 0 0 0 0 0.238262879015946 0.237569984780659 0.21509911708686 0.181682284697891 0.18071139388005 0.189547768157822 0.208808181551905 0.212484505562794 0.199929825176925 0.192470846430312 0.194267983195466 0.204741220704895 0.212742537977917 0.21445519225116 0.222752018835197 0.237820282602374 0.25716601573817 0.270655345986171 0.27597965669037 0.282420938368314 0.281623119045227 0.280184564409494 0.276818301908557 0.269736922822579 0.264094018634257 0.266991341508081 0.268100817102648 0.268987384904732 0.272239582087426 0.272418514330793 0.271406000237088 0.26267356454186 0.249885092116084 0.234786846832192 0.221702027845599 0.227641956368388 0.188684933356469 0.108242039304449 0.0271706758259163 0 0 0 0 0 0 0 0 0 0 0 0 0 0 0
-9999 -9999 -9999 -9999 0 0 0 0 0 0.0919672326409223 0.281777810913378 0.226582237333474 0.186922112910179 0.172178183768623 0.183195593780217 0.211493879571052 0.219777110813068 0.21115264047324 0.203730580455985 0.204663117259094 0.214176627281373 0.222384745255452 0.226175852227271 0.236839105572682 0.253674604326375 0.276214365718156 0.292439190413995 0.301254633446721 0.310930370585368 0.313370834150649 0.31560872313292 0.314119136128312 0.307377082426313 0.302422158360883 0.302664362767847 0.30228241738205 0.299609397717046 0.298300457324447 0.298455747228172 0.297265098271863 0.291080932021164 0.282168726832766 0.271486854646524 0.2642686450215 0.269475501539211 0.251218635079155 0.173612797508489 0.10398387074227 0.0352883065399048 0 0 0 0 0 0 0 0 0 0 0 0 0 0
-9999 -9999 -9999 -9999 0 0 0 0 0 0 0.256828052246119 0.251961272279483 0.185967169707611 0.173317361796637 0.187104194807563 0.209536788224706 0.220692424191682 0.217686737272075 0.209327077083862 0.215162867678915 0.22281975633107 0.2304131336054 0.234994963211509 0.245962935615756 0.266392269340338 0.292113061681655 0.310475823681039 0.317637897700301 0.328951773879826 0.338345437573326 0.345212680055221 0.349042340386964 0.345809599294903 0.345351145224832 0.347430833863592 0.345418842851667 0.339398697824054 0.332568374071517 0.329086371752733 0.3280845824303 0.325642882924835 0.323082214209432 0.319917051137092 0.3217173774253 0.327408802233091 0.333070318282067 0.259539991650884 0.193299075588123 0.136192630715645 0.0815279147820368 0.0347550416849606 0 0 0 0 0 0 0 0 0 0 0 0
-9999 -9999 -9999 -9999 -9999 0 0 0 0 0 0 0.176723996802269 0.200425357452507 0.180373463912407 0.195380648313088 0.208424840749772 0.218429856274775 0.224732393699841 0.22787893793135 0.228278066872604 0.228621977195973 0.234977141751442 0.240938559685811 0.25414394264387 0.272908345333914 0.297378047257037 0.316225377546502 0.3268937341288 0.341550429814811 0.355519185246967 0.369929051717585 0.379753899059038 0.381544018873471 0.386638085882161 0.395287912930273 0.402143234569752 0.394698967498229 0.377650607949674 0.366807904063399 0.361100053211876 0.359526661489008 0.361810359996151 0.367731111511573 0.37927124448279 0.388102236440407 0.404457472760144 0.359383152553964 0.298027880695223 0.240826032494241 0.191864448035761 0.145444368497211 0.106544655084835 0.0739491141171551 0.0404462477440259 0.00849050534811846 0 0 0 0 0 0 0 0
-9999 -9999 -9999 -9999 -9999 0 0 0 0 0 0 0 0 0.230562004593976 0.213347032334853 0.216809817777232 0.233559119670373 0.243441218950658 0.262123611029158 0.24226153397985 0.23211071738221 0.23552079595611 0.243399874758061 0.258420774107877 0.274757112503515 0.295406922009251 0.31572569889095 0.330776061459983 0.351219110133699 0.370538091144874 0.391171036047458 0.407746269719891 0.412987692693706 0.425027105630093 0.441772021929034 0.467849721900169 0.46374169594383 0.433232951068995 0.415248506372933 0.402205111317013 0.394290868023383 0.400458448754199 0.416371856392788 0.434466977538847 0.450471685274876 0.466788487841804 0.461162802268718 0.399029595768809 0.345114590991687 0.299365514863607 0.257217715629576 0.219837300223608 0.183572905004189 0.150604496027611 0.124619411940508 0.103919672252465 0.0800545296274705 0.0542644260929959 0.0384497343381689 0.0165801113343593 0.00415502033846582 0 0
-9999 -9999 -9999 -9999 -9999 -9999 0 0 0 0 0 0 0 0 0.197721448776578 0.254682772694918 0.266341635661845 0.273329043424825 0.273113910094787 0.251067807133794 0.233753242017288 0.232596481743436 0.238749310930123 0.252513179375055 0.269201322163624 0.288470745960336 0.310416259337993 0.330494586050408 0.354329533016614 0.37818465371614 0.403027131146277 0.423591102612804 0.433900518244338 0.450132160545706 0.469532992692271 0.495031315800525 0.497803569501568 0.479592668668624 0.462796082096197 0.442566213169647 0.43390155483933 0.442081246189184 0.463285913099318 0.489404199751324 0.504645335668064 0.519659505124235 0.538193685382256 0.505509449467805 0.456956906780281 0.416260430681101 0.377891000769653 0.342303571668736 0.30750560511118 0.274421519598792 0.250602488582574 0.228787523735719 0.210255625930969 0.195566892209411 0.180090882270769 0.165859488255221 0.152764188876595 0.1422549159712 0.140020291757954
-9999 -9999 -9999 -9999 -9999 -9999 0 0 0 0 0 0 0 0 0 0 0.0651855233664284 0.257729912249476 0.28585613443627 0.262081349848684 0.237526168707696 0.237097576547224 0.241904387135803 0.247674712770159 0.267605324696105 0.283195155220797 0.3050404777055 0.316248021623164 0.330044601718598 0.356044910586874 0.386638081444364 0.426718358045114 0.447100359406089 0.465191812600636 0.483398965743991 0.501961830446018 0.511265111029956 0.508343428173801 0.508057726646179 0.482346263659797 0.469734969239708 0.482127302902094 0.513042153799865 0.542744156660867 0.55373489162798 0.562334483687982 0.572689998559399 0.581659314816026 0.562136691371491 0.522782222093251 0.492790396965962 0.460935225578851 0.424093242708122 0.396633978438715 0.370783651553123 0.349372958310799 0.334616249717682 0.324621161001531 0.315001325377491 0.299564868068791 0.289445556268651 0.277359942116681 0.267866515902907
-9999 -9999 -9999 -9999 -9999 -9999 -9999 0 0 0 0 0 0 0 0 0 0 0 0 0.0420758558490157 0.270447189737816 0.280672681043973 0.265270553951048 0.266039866911835 0.272329845589873 0.29147057213133 0.296835789604655 0.297561676429939 0.308409260138575 0.326777554485404 0.352759405459707 0.392371158964272 0.443458627717198 0.469961026686208 0.485063019659689 0.498610439096323 0.50986546857549 0.51564360854133 0.518589090555344 0.510748806985481 0.509730232797972 0.524430117284079 0.550123049141513 0.57662283996196 0.586282911226536 0.592255612098711 0.594742897862435 0.588732082189756 0.594765059731793 0.60656283971743 0.584452523692986 0.557252239709078 0.530223482959541 0.509671817187612 0.49051144995635 0.475123489339639 0.463094520913967 0.453000451244493 0.443575596173081 0.430367402855726 0.415711265271406 0.401428591966788 0.390596339043024
-9999 -9999 -9999 -9999 -9999 -9999 -9999 0 0 0 0 0 0 0 0 0 0 0 0 0 0 0.108711503183457 0.259677366453341 0.276276720893874 0.291924241916818 0.306938004708799 0.319700362914565 0.287186372323547 0.290986008638109 0.307575872312715 0.326752603864908 0.363770234863782 0.420682076821808 0.46886406996963 0.481455908299086 0.496628230255922 0.512281691765555 0.522017126144042 0.529430173100732 0.535282288737954 0.543563768400226 0.557369262778957 0.577403789366024 0.601865076264154 0.601287506797671 0.606711343910855 0.606644124712478 0.59129173823159 0.578261898648652 0.597001888197648 0.612727438244189 0.617345559306789 0.614003307182883 0.608624547024665 0.591990976700188 0.554118224456306 0.536130255337268 0.551825414544969 0.561961724128582 0.544707497038687 0.531263776754091 0.51743327547519 0.505727485824821
-9999 -9999 -9999 -9999 -9999 -9999 -9999 -9999 0 0 0 0 0 0 0 0 0 0 0 0 0 0 0 0.258838180915584 0.323225064973243 0.33313299939027 0.343884522786219 0.323476095801637 0.305060961070606 0.307284812658008 0.322001041088822 0.357461994527162 0.396592667073862 0.423312099083597 0.462391411358636 0.499141494684926 0.525210508521608 0.53590438394628 0.546747342994399 0.559413773636359 0.573825553820809 0.582076185479271 0.583062513588697 0.588446747457286 0.59194220956336 0.600093774635743 0.600054277708583 0.591785476400453 0.590681710052154 0.589537819503827 0.592233285437329 0.590262223980004 0.588655342265061 0.581338831539492 0.578705625096018 0.568885833148607 0.569901143390856 0.580095683033704 0.589005807058308 0.596011387128892 0.600236239998852 0.605793144013877 0.611375080469009
