data/03_saidas_enm/CCSM_Maha_21k_B.balansae1.asc
NCOLS 154 
NROWS 168 
XLLCORNER -112 
YLLCORNER -55.5 
CELLSIZE 0.5 
NODATA_value -9999 
[rows 75 to 99 of 168, columns 56 to 111 of 154]
-9999 -9999 -9999 -9999 -9999 -9999 -9999 -9999 -9999 -9999 -9999 -115.633957203464 -98.3094703155523 -96.6140944389574 -82.5257541365469 -64.2287922111883 -47.2073405237423 -32.3788943867245 -24.5026964880824 -28.7168386403454 -36.3492284902493 -41.203135076819 -46.0962980990274 -49.4340274255565 -53.1049461822052 -54.7889778480633 -55.6220990547382 -54.6415274652038 -54.0170769783043 -51.5709753258301 -48.3140356457986 -44.4641561976551 -40.4385213748199 -37.0490361755487 -33.8791595915934 -31.2960697732723 -28.3908608976311 -26.059328216834 -24.0312355486639 -22.2820876771635 -19.4493758529334 -15.8815419364583 -13.2175446043014 -11.2231111327116 -9.63838166641659 -8.85881260045058 -9.0429486176323 -9.63232560094554 -10.6354040226139 -12.1562289971842 -13.9821864148534 -15.9036415842054 -18.3935308637716 -20.717245142208 -22.5488951906089 -22.2041133417809
-9999 -9999 -9999 -9999 -9999 -9999 -9999 -9999 -9999 -9999 -9999 -106.545368816886 -91.3267580478248 -93.5487863805527 -82.0684768019949 -70.5076776241334 -57.5928551018037 -46.5188325177947 -34.5612373050008 -30.6861117223264 -33.3217803452314 -36.1793534194563 -41.1931484792165 -44.9599707680197 -55.084134644681 -57.8394092653473 -59.268508789355 -57.3906850542851 -55.5473821592827 -53.9080523837084 -52.0600054476599 -48.1100394402735 -43.7313769537099 -40.4349402863596 -37.1957874630306 -34.6152404217691 -31.2008874101356 -28.4082565662694 -25.7189052320149 -23.1414161074699 -21.47989676859 -19.7532448463291 -18.0465128611463 -15.2624171281552 -12.7017168057906 -11.6064142514987 -10.5237323666137 -10.1450673100507 -10.3527037921956 -11.0803517306433 -12.023288603202 -13.542140278584 -15.4720867412462 -17.1910450006363 -18.0346722901874 -16.4700664036452
-9999 -9999 -9999 -9999 -9999 -9999 -9999 -9999 -9999 -9999 -9999 -9999 -88.409512671539 -88.2668057186854 -83.3647531403508 -75.6286825006994 -76.9044475004472 -83.0064645862223 -74.1221470594255 -49.9352698173503 -35.6534465012429 -31.0371950495922 -33.3429760273949 -38.8986392761918 -46.6656662043431 -54.4954996598611 -55.5663505232721 -55.9556211097813 -56.0944782483687 -56.5202059470756 -54.984916976106 -52.4235792717087 -48.3503895218549 -44.9288726598271 -41.5807965140583 -38.3783138429904 -34.779383348468 -31.5304886023902 -28.2446959503533 -25.2378128541007 -22.2203702880172 -19.1578765549565 -17.1479294898861 -16.3752470263806 -15.9059003703269 -15.810014620569 -14.8645640504512 -13.6686075664135 -13.0365312960484 -12.7304936124525 -12.6179894735203 -13.2735324363856 -14.1427048084832 -15.1082486301777 -15.908445477669 -14.3250490755587
-9999 -9999 -9999 -9999 -9999 -9999 -9999 -9999 -9999 -9999 -9999 -9999 -77.2859285419692 -91.2664007416284 -84.7990033891077 -83.0659355232853 -94.9983076940317 -128.65225357634 -130.41362910647 -95.796952282454 -57.7642168359444 -37.5008764840985 -29.0717398420216 -30.1496361969203 -41.0082863336023 -46.3847256906659 -51.2390776595452 -53.2300430496266 -54.0775299280263 -57.9895423689799 -56.7945546743563 -54.7287058194213 -52.7032225720144 -49.6613801646673 -45.5707114887883 -42.3273095275549 -38.9290052504539 -35.6964778352077 -31.8403023063296 -27.9505525409684 -24.1549386685317 -19.5936626035496 -15.4454571411514 -14.310119323429 -14.5101939275239 -14.6111272123928 -14.8918164020633 -15.0344849891559 -14.7933059782237 -14.4360628997231 -14.2527344475087 -14.6371334797209 -14.9899935093939 -15.274778286401 -16.0423366168344 -15.4187714221659
-9999 -9999 -9999 -9999 -9999 -9999 -9999 -9999 -9999 -9999 -9999 -9999 -9999 -78.2719651816374 -90.5856488635674 -103.000981670719 -120.242003302797 -146.877271292296 -156.590941162302 -137.408356200387 -106.179232704567 -67.7539353922309 -35.7883085021185 -22.0721853232948 -21.5124040118305 -31.3347855346845 -39.7995041062751 -46.6273568921921 -51.2290468319711 -52.3367030439412 -53.8806778244585 -54.4734049072818 -53.7914207127077 -51.8543533613139 -49.7649873746549 -47.0203593471174 -43.1985072671997 -39.8835738176202 -36.0253309408287 -31.9858965916514 -27.2656864746783 -21.4320948117331 -16.3145375602031 -14.2185143801504 -13.9784806334603 -14.3846951827706 -15.1169370671492 -15.366170520104 -14.9212341152978 -13.5991133204238 -12.381814091679 -11.815137613668 -11.6366717337729 -11.8851538961502 -12.7311173377457 -13.4552486284661
-9999 -9999 -9999 -9999 -9999 -9999 -9999 -9999 -9999 -9999 -9999 -9999 -9999 -57.0261165722597 -91.8247957534579 -125.862611016991 -141.721293392246 -168.051486510655 -174.105227804748 -162.378731749622 -165.234540985943 -134.862181666918 -87.9933855445914 -56.4124471649233 -40.7136507245773 -20.4923909654527 -20.5954783364988 -30.0410408077336 -42.2067588824996 -45.43082122421 -48.0908430065011 -49.0529358074145 -52.1718513646577 -50.878179480991 -50.6662179191473 -50.4375192363989 -44.3611144122179 -41.2874593960107 -38.0485652815008 -34.4253475545153 -31.132703589989 -24.7920300152058 -18.1975244721537 -15.374222385495 -14.3713849737276 -14.372495155034 -15.8231360893202 -17.1613429297242 -16.9406831068738 -14.8694207699786 -13.0704958261332 -11.6176672051739 -10.6082289159227 -10.2096541870928 -10.5860485165895 -10.718279314714
-9999 -9999 -9999 -9999 -9999 -9999 -9999 -9999 -9999 -9999 -9999 -9999 -9999 -9999 -74.9478399527831 -109.794536064339 -138.661217603114 -161.042962198377 -171.325359758978 -177.020404412586 -190.629319048428 -220.933051611995 -282.372260482868 -285.057749495584 -202.085753687264 -128.568926592134 -65.576728512903 -23.0547028950526 -16.731292786588 -21.6213018147592 -36.0409003894852 -38.6519113396019 -43.1704084722672 -45.0486223559649 -44.7284179378193 -43.1352976782928 -39.9475782921338 -36.8710605778598 -34.7628445455175 -33.3213487817449 -31.9972491044377 -27.3494275102242 -22.434696746456 -19.0942712362053 -16.6089865860097 -15.9909529962828 -17.0169667031711 -18.5485358614432 -18.7274991141727 -17.1981880716982 -15.3185520700485 -13.2377522605985 -11.5181870825547 -10.4670663350035 -10.1310213964402 -9.85130968317391
-9999 -9999 -9999 -9999 -9999 -9999 -9999 -9999 -9999 -9999 -9999 -9999 -9999 -9999 -53.991131353865 -96.2101570072104 -120.905553058714 -149.390814688843 -169.227231177247 -179.433495974999 -204.6565036756 -314.931593590916 -525.585353215942 -611.221860465467 -497.998697416781 -433.117844391974 -293.905448818541 -134.890341980793 -60.1153246299372 -28.144855383628 -15.1725507548414 -24.0295905805209 -33.7087651666782 -36.1896406304264 -38.0909819096429 -36.0707894906605 -33.3893000434226 -31.0825992490946 -30.1021881573978 -29.551201132405 -31.7697820748752 -27.7436077035279 -25.654464496677 -22.7657250035266 -19.1515754902276 -17.7689785480137 -18.2181320706574 -19.7332022931874 -20.1909124125826 -18.8534033864062 -18.2874582403622 -15.3118780977418 -13.1425625966056 -11.790124774425 -10.8298556830505 -10.0413545237088
-9999 -9999 -9999 -9999 -9999 -9999 -9999 -9999 -9999 -9999 -9999 -9999 -9999 -9999 -9999 -59.1225089790209 -95.3861186428552 -136.471224946023 -173.768368617684 -193.750289781291 -235.259800579192 -311.684462583235 -471.672662789294 -590.631600079653 -654.764150633331 -729.609275726498 -656.180555734069 -586.421295141964 -403.364777687395 -165.401098501274 -43.7811105216643 -13.6777068051435 -24.373121236412 -29.8922040405007 -29.8880983267863 -29.6587950061932 -29.8812842958554 -29.7925644174954 -27.7231297559046 -23.7778032424937 -21.3226809605265 -22.4772366352584 -25.7873423978236 -26.2157341306419 -22.7279160124446 -20.007222317334 -19.2251399137507 -19.3912451971581 -19.3211313365966 -18.7120997459782 -17.88501316169 -15.9043529143958 -14.3738301768684 -12.9320102252411 -11.678047409705 -11.4717087067993
-9999 -9999 -9999 -9999 -9999 -9999 -9999 -9999 -9999 -9999 -9999 -9999 -9999 -9999 -9999 -45.8259095728392 -83.3261026858636 -128.987646162076 -174.662268171046 -201.764093400267 -252.011621293739 -292.669995152106 -387.715336727798 -451.346559036541 -559.636420654035 -804.706590449007 -785.130689375567 -958.869698236345 -797.582726110769 -350.189133158206 -133.029539676102 -39.3582340337933 -13.6404741525266 -23.8457132810588 -23.3241082137259 -23.3122198780959 -24.0931001367066 -25.9473597670277 -23.6714981539287 -17.0389301251456 -14.0361454582511 -16.3947505366822 -24.4315215791125 -29.3360814398616 -26.2179837476594 -22.2918607298579 -21.087797243418 -19.2934820196916 -18.7141559045206 -18.6290972990755 -17.4812644540184 -15.7508171444938 -14.1428413598531 -12.2601456832954 -10.9442791860945 -11.0591381887156
-9999 -9999 -9999 -9999 -9999 -9999 -9999 -9999 -9999 -9999 -9999 -9999 -9999 -9999 -9999 -49.470098565853 -72.9485668361275 -108.377445717546 -157.568805564567 -178.048610518515 -215.287314233724 -245.30880081412 -282.109769980384 -314.270930428188 -348.732746200248 -399.894633515435 -477.353216011117 -584.663181342567 -545.062249743007 -374.205796097611 -234.740632585591 -93.7436015245718 -21.0834148965946 -12.7334122314675 -19.1440885350639 -17.0101288739754 -20.0375192201775 -20.3869818937777 -17.1591602903709 -12.2539543027674 -9.30924132413906 -11.6203928056908 -22.5320107098679 -30.2453443465674 -30.3687189399269 -26.3668289449259 -22.7464298865104 -19.966397129348 -18.3917640518832 -17.8186568718513 -17.5659280766803 -14.0886360181797 -10.9530900849603 -8.7535838446702 -7.20442165775828 -6.33642748563711
-9999 -9999 -9999 -9999 -9999 -9999 -9999 -9999 -9999 -9999 -9999 -9999 -9999 -9999 -9999 -9999 -60.8759624144475 -86.6812437410967 -120.656831326614 -144.681363681464 -185.740957879769 -209.51328826019 -245.359379500279 -265.529897031118 -273.886410249897 -284.506949624303 -311.440206222799 -356.175458885787 -356.468103617467 -344.037913922715 -295.770487850598 -183.192718523899 -63.3473778671775 -18.6850807702309 -7.87929259699226 -12.4719514026895 -14.976258329925 -16.3154806054346 -14.3411722913464 -9.60018650108176 -6.83516956298709 -11.3142841705744 -24.1976866704475 -32.5131025902591 -32.9739904734985 -29.0672030519039 -23.6811874265478 -19.6246268483279 -16.6634052771908 -15.1189678143293 -14.9583204535346 -10.341883155365 -6.76552372929499 -4.69888801408501 -3.61442515128968 -3.58206918117757
-9999 -9999 -9999 -9999 -9999 -9999 -9999 -9999 -9999 -9999 -9999 -9999 -9999 -9999 -9999 -9999 -9999 -60.3131945451888 -76.2701537313733 -102.306453807168 -143.235553631056 -165.269858941799 -192.36136996802 -222.413534270881 -236.045638697828 -251.079872642554 -269.249885101242 -284.205853027037 -279.962298885245 -306.618572407301 -341.259509077454 -273.127654616545 -195.931080979296 -102.29120305065 -24.4514941547301 -8.17969846687804 -14.089058249551 -15.7442668905501 -16.7843433267117 -14.8223015555217 -16.4845346152239 -20.1062090216074 -27.2095919983108 -30.9178584699833 -30.6656195812524 -27.0322282193244 -22.5968219876865 -17.7300215838149 -13.8756589098095 -10.7383780213753 -7.66688194901622 -5.37769644637117 -2.91891489122528 -1.64704664932174 -1.51335492678448 -2.188821410683
-9999 -9999 -9999 -9999 -9999 -9999 -9999 -9999 -9999 -9999 -9999 -9999 -9999 -9999 -9999 -9999 -9999 -9999 -9999 -79.5161345378359 -107.72420441134 -116.407747351513 -134.813384569626 -167.652425533829 -194.984816816852 -219.903810400693 -243.72807428636 -261.995106592162 -249.69100303535 -263.252583238032 -324.116069164477 -315.563447104471 -310.929314674524 -238.815008243722 -106.578727693573 -25.5351785786734 -7.46729530427083 -15.4573767354207 -16.7778991330441 -19.4082292736747 -28.134726676039 -25.4854742294798 -27.19299019595 -28.1407735384045 -26.4930659793 -24.6909212842667 -21.6618527755275 -16.7956065308151 -12.4415849462735 -8.12221713203124 -4.71155385992458 -2.70835961952435 -0.943444864974555 -0.234221463889995 -0.592681197956589 -1.60595918671536
-9999 -9999 -9999 -9999 -9999 -9999 -9999 -9999 -9999 -9999 -9999 -9999 -9999 -9999 -9999 -9999 -9999 -9999 -9999 -9999 -9999 -82.9305214276579 -98.8222565339722 -119.374452004518 -149.044665593771 -191.657504588303 -217.55894141876 -239.241632949168 -240.947478291436 -233.333602752484 -243.821387024105 -286.672981386335 -374.638292301567 -355.494514349243 -230.847022656386 -130.840481830954 -46.9945312377166 -9.0727679701547 -15.0174246713217 -15.3603734487079 -17.7758864830109 -20.367574428281 -23.0578797160318 -21.1947869451718 -22.1298745916752 -21.629253450584 -19.0890634719076 -16.5930454506292 -12.1219827722738 -6.44806254262094 -3.12938244787455 -1.21045660014001 -0.0705175174793926 0.181816086116965 -0.276992282880028 -1.15798139472476
-9999 -9999 -9999 -9999 -9999 -9999 -9999 -9999 -9999 -9999 -9999 -9999 -9999 -9999 -9999 -9999 -9999 -9999 -9999 -9999 -9999 -9999 -9999 -81.2370371266095 -106.380230593728 -137.002799019926 -172.229575772773 -211.41014082028 -228.255048202547 -224.627353016109 -220.478686215282 -235.19593674488 -302.900161428579 -333.50673215855 -306.61584833672 -248.959186494878 -126.749144141842 -42.9569670428061 -11.1242744589009 -9.84287012317433 -12.432877048529 -14.4815360093638 -16.5435544276319 -16.2470243781192 -16.3654203629444 -16.5073759031392 -15.0839579631765 -12.9850724100342 -9.54545178385051 -4.72544215754622 -1.8714642580438 -0.500879832989063 0.268989681842668 0.335154596441358 -0.178154497253275 -1.0880869743511
-9999 -9999 -9999 -9999 -9999 -9999 -9999 -9999 -9999 -9999 -9999 -9999 -9999 -9999 -9999 -9999 -9999 -9999 -9999 -9999 -9999 -9999 -9999 -9999 -9999 -86.3705231246355 -125.204762274367 -170.135958796794 -208.723758868313 -219.927328769539 -206.534475751989 -202.550341510264 -217.843494140358 -228.658428134907 -267.963735930131 -301.349211861338 -204.535810110068 -119.583140433915 -47.8884977055532 -11.136078764794 -12.2014604480086 -10.8179849696299 -11.6314608237437 -10.5741297702213 -10.9734148272064 -10.7024325820706 -10.1272855919148 -7.90416548021783 -5.65215818404146 -2.98791107059347 -1.08603675915497 -0.156803753030016 0.442465061608527 0.445463772924365 -0.529090229235676 -1.97112265058443
-9999 -9999 -9999 -9999 -9999 -9999 -9999 -9999 -9999 -9999 -9999 -9999 -9999 -9999 -9999 -9999 -9999 -9999 -9999 -9999 -9999 -9999 -9999 -9999 -9999 -70.8315520347247 -95.6656008188563 -129.79261177504 -171.938566741692 -204.088110241084 -216.281952004134 -223.325533847486 -214.282944265667 -191.867799032582 -190.96860206488 -213.75700448549 -176.784350535809 -138.623283732317 -72.37406209643 -22.2786500404619 -14.9631157523502 -8.75654212284809 -7.02328535480852 -6.50575097538368 -6.85745657698297 -7.04110024042089 -6.66138712510043 -5.47555085784732 -4.11162966942177 -2.14735896938407 -0.766776900395721 0.0426098769086916 0.549199803767473 0.346259971452414 -1.00687851570534 -2.85991393964664
-9999 -9999 -9999 -9999 -9999 -9999 -9999 -9999 -9999 -9999 -9999 -9999 -9999 -9999 -9999 -9999 -9999 -9999 -9999 -9999 -9999 -9999 -9999 -9999 -9999 -9999 -9999 -106.492556665514 -147.183079671629 -199.525504551349 -251.915147497033 -243.397466172357 -233.714976247758 -211.921511679299 -184.475645101457 -164.561940526447 -135.871616779342 -118.023504345037 -70.4036634920762 -28.8870202597099 -19.1023541987048 -7.79695813559214 -4.82102334863252 -5.37944848040177 -5.75312915055283 -5.65884015844586 -5.07920648974165 -4.96226343512378 -3.96224230264619 -2.10037101408851 -0.889847175560977 0.0646415980343561 0.509012260198899 0.05320332339059 -1.78742312158576 -3.1509675879996
-9999 -9999 -9999 -9999 -9999 -9999 -9999 -9999 -9999 -9999 -9999 -9999 -9999 -9999 -9999 -9999 -9999 -9999 -9999 -9999 -9999 -9999 -9999 -9999 -9999 -9999 -9999 -115.099507757301 -152.075743415027 -197.748795569614 -237.642165256987 -249.945992076297 -239.619564165676 -221.003038125817 -203.362563354517 -185.883515895521 -140.296829098644 -109.964541113562 -72.9921924107899 -36.5761352222001 -22.9888588665435 -8.4969806189713 -4.95409566847998 -5.63842524001023 -5.84492666769287 -5.34405698732666 -4.56336614366084 -4.1421752118854 -3.28797814378534 -2.08516721694475 -0.884849611074449 0.0307215452257104 -0.116821565933227 -1.007780633094 -2.51387733477264 -2.53942842056416
-9999 -9999 -9999 -9999 -9999 -9999 -9999 -9999 -9999 -9999 -9999 -9999 -9999 -9999 -9999 -9999 -9999 -9999 -9999 -9999 -9999 -9999 -9999 -9999 -9999 -9999 -9999 -9999 -177.197298955874 -193.511762786433 -213.256655875581 -225.266755601058 -221.574669824833 -214.027065493106 -205.806615751766 -188.139227912513 -152.567785746302 -116.713969743748 -77.349961618138 -42.2203976043778 -24.7082033726622 -10.1520890867539 -8.35171358186666 -8.70651570603835 -7.53840606878844 -6.91571031849603 -5.9896944107311 -5.27051572424736 -3.86958781925701 -2.37223357263419 -1.25185904256364 -0.541610306304854 -1.75974844463738 -1.51581298115135 -1.57667450392261 -1.8861599585244
-9999 -9999 -9999 -9999 -9999 -9999 -9999 -9999 -9999 -9999 -9999 -9999 -9999 -9999 -9999 -9999 -9999 -9999 -9999 -9999 -9999 -9999 -9999 -9999 -9999 -9999 -9999 -9999 -193.753401702073 -202.346366671227 -200.688944581331 -200.195549684177 -196.355910889281 -197.696273212096 -196.582192920966 -182.384977586698 -158.652150798371 -118.713892087203 -79.7905892186811 -45.2336061812854 -27.6173015154957 -12.147551857717 -11.0116287899175 -12.2300443850071 -11.4050807949839 -9.64755283796925 -8.19764845905151 -7.43443240256718 -5.88060717866042 -3.10303418975185 -1.53164814426959 -1.35625418227963 -1.3442566050635 -1.28823873126638 -1.16923282024175 -1.59935603860729
-9999 -9999 -9999 -9999 -9999 -9999 -9999 -9999 -9999 -9999 -9999 -9999 -9999 -9999 -9999 -9999 -9999 -9999 -9999 -9999 -9999 -9999 -9999 -9999 -9999 -9999 -9999 -9999 -198.921151109735 -193.711653026542 -203.771908239111 -186.162532157665 -180.557600379116 -187.5572530098 -193.319247483893 -183.928993105092 -157.585671252691 -119.626624859358 -81.3980558617401 -47.4854955589017 -28.9784665417191 -13.739313487513 -14.9260823420698 -18.2282641541201 -19.0933399386072 -18.1946787246433 -11.0611191010601 -5.10295103391921 -2.91517297649465 -4.19928339858952 -1.69599129146011 -2.80619509571687 -1.06635009982304 -0.956963783253721 -0.98380452680501 -1.21251271548235
-9999 -9999 -9999 -9999 -9999 -9999 -9999 -9999 -9999 -9999 -9999 -9999 -9999 -9999 -9999 -9999 -9999 -9999 -9999 -9999 -9999 -9999 -9999 -9999 -9999 -9999 -9999 -9999 -182.864198763329 -176.285889676614 -167.632817162684 -177.270817133566 -184.694373419717 -195.224184880223 -199.574954148229 -187.736533141832 -156.793345347156 -115.087002787937 -76.2135885372928 -43.0048823688055 -27.1722054916224 -15.3876503114396 -17.7442662604326 -23.299420740709 -26.3459868019245 -24.0736668761994 -15.4633607214552 -10.170227578679 -4.71613143252109 -2.34952623431025 -1.28123975727615 -0.643615042714167 -0.340572319803075 -0.5746608239989 -0.977132666545776 -0.732090961595802
-9999 -9999 -9999 -9999 -9999 -9999 -9999 -9999 -9999 -9999 -9999 -9999 -9999 -9999 -9999 -9999 -9999 -9999 -9999 -9999 -9999 -9999 -9999 -9999 -9999 -9999 -9999 -9999 -168.936884200768 -146.676645111072 -146.074270130113 -171.976606612457 -192.74227683031 -207.3841917334 -209.913925756609 -202.926589430301 -152.112927186761 -110.088200439226 -70.6386955761683 -36.3857426906852 -24.2510200229289 -15.6997166180773 -21.0186457076263 -28.0433215976029 -32.5360341814741 -31.4350700303098 -20.1732564595597 -12.7899917087178 -7.55346051042444 -1.70333030154207 -0.329346425519019 -0.101381367068984 -0.0853780658939733 -0.537710740686429 -1.01615818061331 -0.689006654846202
