data/03_saidas_enm/CCSM_SVM_0k_B.balansae3.asc
NCOLS 154 
NROWS 168 
XLLCORNER -112 
YLLCORNER -55.5 
CELLSIZE 0.5 
NODATA_value -9999 
[rows 100 to 124 of 168, columns 56 to 111 of 154]
-9999 -9999 -9999 -9999 -9999 -9999 -9999 -9999 -9999 -9999 -9999 -9999 -9999 -9999 -9999 -9999 -9999 -9999 -9999 -9999 -9999 -9999 -9999 -9999 -9999 -9999 -9999 -9999 0.0725671158760494 0.127260705067343 0.190152931690184 0.187633329125682 0.187664466647784 0.184037004364483 0.15867488580732 0.113524198941795 0.13747016293003 0.178925100423384 0.189629581662316 0.242022192449559 0.608012767698703 0.802314711936047 0.561226533856596 0.395617659099036 0.349336414426636 0.364495764491066 0.44586988599865 0.546633226725874 0.618187522365785 0.696908005570613 0.780351160441614 0.848022069626328 0.915268579573111 0.986802805264219 1.0503039147353 1.08860143552743
-9999 -9999 -9999 -9999 -9999 -9999 -9999 -9999 -9999 -9999 -9999 -9999 -9999 -9999 -9999 -9999 -9999 -9999 -9999 -9999 -9999 -9999 -9999 -9999 -9999 -9999 -9999 -9999 0.078099675058209 0.131807213551142 0.191180534811249 0.190065346860472 0.18994291261053 0.18623952912944 0.156328276963396 0.113932420865874 0.14885170211478 0.184424526277713 0.191727618363219 0.27128869053662 0.681528397424345 0.75438687231161 0.511039395514467 0.372755444253369 0.340320724811682 0.35336166578276 0.44226864104605 0.518816908255263 0.568371968959133 0.660847966444182 0.728521461107429 0.80029518712742 0.867131895671407 0.93741573044489 1.00637688735935 1.06099129551464
-9999 -9999 -9999 -9999 -9999 -9999 -9999 -9999 -9999 -9999 -9999 -9999 -9999 -9999 -9999 -9999 -9999 -9999 -9999 -9999 -9999 -9999 -9999 -9999 -9999 -9999 -9999 0.164042459002555 0.0847068990504559 0.13033086410244 0.19137387237093 0.192091773221739 0.191316780128989 0.187201589618496 0.158533888261713 0.125715338191566 0.160134210326105 0.18669859360832 0.19502283360317 0.329128098447998 0.743920596678846 0.68961770176986 0.486326909206938 0.369857658754791 0.335567087255823 0.355179158019182 0.427472838489193 0.506222660041695 0.56338493074736 0.629859248742316 0.691772318368126 0.745551502614164 0.793104810195641 0.861221854939372 0.939981929368778 0.997990507655973
-9999 -9999 -9999 -9999 -9999 -9999 -9999 -9999 -9999 -9999 -9999 -9999 -9999 -9999 -9999 -9999 -9999 -9999 -9999 -9999 -9999 -9999 -9999 -9999 -9999 -9999 -9999 0.166611882588078 0.0931659835309817 0.13446426863192 0.191154225791799 0.192835235558134 0.19232975357478 0.188757299831037 0.158595135483654 0.137641120141404 0.170542967691285 0.189342978281578 0.199808866442849 0.39580462400219 0.745679062771159 0.620879328488854 0.445649746509857 0.353348461427815 0.326835420228198 0.340937849575231 0.403568422543225 0.484534687041818 0.545423905208153 0.600522578875406 0.654981298387009 0.698715154596396 0.731406523090581 0.792236466802938 0.868585828389953 0.933251301339775
-9999 -9999 -9999 -9999 -9999 -9999 -9999 -9999 -9999 -9999 -9999 -9999 -9999 -9999 -9999 -9999 -9999 -9999 -9999 -9999 -9999 -9999 -9999 -9999 -9999 -9999 -9999 0.166572874949021 0.102154237282701 0.150208526127519 0.191001366230341 0.192881158749408 0.192747176815491 0.189723485121017 0.161068529736273 0.150681723886421 0.180001393862971 0.191648326665236 0.207474367967149 0.446522170658473 0.750543584952411 0.568261005343734 0.407558230862 0.33577311261827 0.318914175729897 0.330554901628705 0.388931362216133 0.458831317829451 0.518401889072811 0.57512517362512 0.621698564451694 0.665434015386795 0.701933340169285 0.754727177414977 0.820926175167077 0.882675491432523
-9999 -9999 -9999 -9999 -9999 -9999 -9999 -9999 -9999 -9999 -9999 -9999 -9999 -9999 -9999 -9999 -9999 -9999 -9999 -9999 -9999 -9999 -9999 -9999 -9999 -9999 -9999 0.165777925485553 0.114979697627575 0.167067003101666 0.191577726457746 0.192668506089816 0.192833082622888 0.19067923308185 0.163611674346751 0.167020423554147 0.187495606561298 0.192743136282343 0.209500735391736 0.470114973964466 0.717692739433111 0.520043025044959 0.378707718713793 0.327801280353863 0.323761439807413 0.342206318291455 0.396145082046072 0.450856913629942 0.504423792945288 0.55882390479603 0.60625721900472 0.648681162532662 0.681263441657621 0.730001840173887 0.790382442642845 0.84988300062995
-9999 -9999 -9999 -9999 -9999 -9999 -9999 -9999 -9999 -9999 -9999 -9999 -9999 -9999 -9999 -9999 -9999 -9999 -9999 -9999 -9999 -9999 -9999 -9999 -9999 -9999 -9999 0.165693154130614 0.132701058788961 0.181084097782964 0.191861665095696 0.192496254892668 0.192807014274003 0.191240736052183 0.169683362702272 0.183050122382722 0.191545552570032 0.192815316822564 0.207015869211299 0.493874374239266 0.68617873171433 0.479795596406558 0.367266160370229 0.331338793073735 0.341756435151463 0.377942685146073 0.409545579282413 0.454783967720649 0.497113727780743 0.544590219401611 0.587739411368141 0.632329894721365 0.670607062481941 0.718033057092498 0.772532478366102 0.836804997966543
-9999 -9999 -9999 -9999 -9999 -9999 -9999 -9999 -9999 -9999 -9999 -9999 -9999 -9999 -9999 -9999 -9999 -9999 -9999 -9999 -9999 -9999 -9999 -9999 -9999 -9999 -9999 0.16747224787651 0.150520878419211 0.187672182336259 0.19197248144758 0.192459804623634 0.192793222440144 0.191447627107254 0.177475673767323 0.190268020502037 0.192648562368016 0.192762458978282 0.206920340850905 0.510085867943387 0.637738304456058 0.440354839830772 0.349295785212295 0.326431771949303 0.341596466185877 0.377972080213588 0.410216035915981 0.451460569114831 0.492898559925953 0.53260590177209 0.568137451185842 0.615335812491842 0.658530415861868 0.709203901145809 0.764688089234108 0.823110497512342
-9999 -9999 -9999 -9999 -9999 -9999 -9999 -9999 -9999 -9999 -9999 -9999 -9999 -9999 -9999 -9999 -9999 -9999 -9999 -9999 -9999 -9999 -9999 -9999 -9999 -9999 -9999 0.171698248910171 0.164779519805143 0.190334310571567 0.192140099637185 0.192455022939691 0.192791483686044 0.191443384300744 0.182709846669513 0.192511719782422 0.192878260684893 0.192650221216995 0.20984498666937 0.527971667676082 0.560304131391645 0.39420438320358 0.326678072833427 0.311315206284907 0.321520314250867 0.34304292529626 0.388942898208796 0.438774532856917 0.486083246639979 0.523622716229582 0.556206598950673 0.600188766844249 0.64973203480308 0.700626372006543 0.756133909854954 0.813060433638996
-9999 -9999 -9999 -9999 -9999 -9999 -9999 -9999 -9999 -9999 -9999 -9999 -9999 -9999 -9999 -9999 -9999 -9999 -9999 -9999 -9999 -9999 -9999 -9999 -9999 -9999 -9999 0.177494348806006 0.174071943158464 0.190999339656978 0.191908124735404 0.192284460434247 0.192731235939577 0.191016271716552 0.185178094196012 0.192693171565402 0.192852660742383 0.192650576632563 0.237022045486282 0.556521694146259 0.494776551764523 0.350225129438613 0.307990897081853 0.298897128360692 0.307956163165969 0.328846076993905 0.370845370227954 0.419182573739668 0.467226870220851 0.510355882844834 0.549319088281138 0.59344026020492 0.640455253143125 0.693293111401059 0.748510821894008 0.800068422157501
-9999 -9999 -9999 -9999 -9999 -9999 -9999 -9999 -9999 -9999 -9999 -9999 -9999 -9999 -9999 -9999 -9999 -9999 -9999 -9999 -9999 -9999 -9999 -9999 -9999 -9999 0.191583972958353 0.181026299519591 0.180463655457414 0.191069832838804 0.191415694459823 0.191815429328393 0.192682039347139 0.191532270214735 0.186700526382503 0.192800295297684 0.192697045231573 0.195851260365516 0.294998596411528 0.515667548260398 0.38461596756266 0.309771289629661 0.291582436112468 0.289087361900191 0.301170876148494 0.322893944361846 0.356832865449954 0.401147616391943 0.444599930896729 0.493441749562254 0.540336853944267 0.585515757847526 0.634874370430332 0.687351320542428 0.740764006407666 0.786371765847764
-9999 -9999 -9999 -9999 -9999 -9999 -9999 -9999 -9999 -9999 -9999 -9999 -9999 -9999 -9999 -9999 -9999 -9999 -9999 -9999 -9999 -9999 -9999 -9999 -9999 -9999 0.191332013745915 0.182281511011915 0.18801144079076 0.190323351683753 0.19020590388079 0.191078465390721 0.193179282589866 0.193807112172272 0.189029701262987 0.192681658527343 0.19371627147743 0.230252167008361 0.373748758762655 0.409868149063099 0.317556589136779 0.272820244431434 0.270036405129377 0.274387869315436 0.286120494759868 0.305885975405489 0.341202733049899 0.385859143061235 0.433417523406812 0.48589331506615 0.53820917289038 0.593878043472507 0.647599643331907 0.699642449460998 0.74581480378808 0.78500313697089
-9999 -9999 -9999 -9999 -9999 -9999 -9999 -9999 -9999 -9999 -9999 -9999 -9999 -9999 -9999 -9999 -9999 -9999 -9999 -9999 -9999 -9999 -9999 -9999 -9999 -9999 0.189648209639889 0.187203566884001 0.190359700402373 0.188931318410444 0.189321023657291 0.18999646317833 0.195263930593202 0.201827860710331 0.199208454868753 0.194673195644733 0.217557663678964 0.330851051043506 0.356193266740459 0.300553270368437 0.243913518500012 0.238485444665557 0.243051197641072 0.251392833340597 0.264872559005273 0.275870071797431 0.319660356064233 0.37443948843323 0.424998936845659 0.47825047052629 0.532861331999521 0.592346476042262 0.658288722848668 0.708673156097057 0.744850140467885 0.777884859943731
-9999 -9999 -9999 -9999 -9999 -9999 -9999 -9999 -9999 -9999 -9999 -9999 -9999 -9999 -9999 -9999 -9999 -9999 -9999 -9999 -9999 -9999 -9999 -9999 -9999 -9999 0.186038936220774 0.190949316194818 0.18923333160154 0.187606903486155 0.186744165590138 0.190598571912514 0.210723234945363 0.249417837735865 0.2576310281107 0.250218829282526 0.303065188265696 0.340411364561983 0.273346193678455 0.231064046135705 0.212595218323103 0.212188588325443 0.21999690151048 0.231233965780656 0.246248196748696 0.267082056824328 0.30919049892419 0.361389802139291 0.411567395975078 0.465348122407682 0.521779749497395 0.584602859528165 0.646824031254675 0.695141464518981 0.727528697201867 0.750079874413185
-9999 -9999 -9999 -9999 -9999 -9999 -9999 -9999 -9999 -9999 -9999 -9999 -9999 -9999 -9999 -9999 -9999 -9999 -9999 -9999 -9999 -9999 -9999 -9999 -9999 0.167755625312049 0.187372366829124 0.190343652437157 0.188758256671433 0.186262060331607 0.187180995563853 0.197873511016328 0.266519893770414 0.357592042726946 0.340453884962722 0.269533538044104 0.279687005707381 0.254061889170609 0.208329702641158 0.194218714202943 0.190261197172125 0.193184087382959 0.199811011494088 0.211297997742551 0.227241464341574 0.242272727045234 0.288100753263408 0.346763588462553 0.394233782191998 0.448043499131588 0.498445282545762 0.561053619093392 0.620046710877231 0.663567975507782 0.690036332942728 0.704266107240621
-9999 -9999 -9999 -9999 -9999 -9999 -9999 -9999 -9999 -9999 -9999 -9999 -9999 -9999 -9999 -9999 -9999 -9999 -9999 -9999 -9999 -9999 -9999 -9999 -9999 0.175132187136741 0.18948133639109 0.188074765334507 0.186836665708623 0.183893775627099 0.185872751594781 0.212874473188664 0.311282874744856 0.383085994511401 0.305279275669405 0.239853373818978 0.216556322494066 0.195813456349166 0.180801309986018 0.177860675089169 0.178024538405861 0.179064631969282 0.18505532779836 0.195253034785634 0.209421106928674 0.227561668539446 0.269135099849998 0.321817358332019 0.368190804832646 0.42182364257911 0.479141443888259 0.535904374323173 0.583893249553935 0.622380084159705 0.645409971028258 0.651671704202425
-9999 -9999 -9999 -9999 -9999 -9999 -9999 -9999 -9999 -9999 -9999 -9999 -9999 -9999 -9999 -9999 -9999 -9999 -9999 -9999 -9999 -9999 -9999 -9999 -9999 0.177905303932081 0.189472195487728 0.186169357284797 0.184840801529365 0.179427789099541 0.18839901605364 0.220645691553148 0.287440141834992 0.286550881472472 0.224105098569749 0.185711836610564 0.174185858313998 0.163857220431246 0.161960514809527 0.160937281563767 0.16466949384993 0.165723656746452 0.17041545681012 0.179600823633088 0.193409873092627 0.21022317016776 0.246182970855318 0.293319472802287 0.340115366036228 0.397533143288649 0.451444475091634 0.503309657006689 0.544107909825126 0.576136210554926 0.590841701855856 0.592225699881379
-9999 -9999 -9999 -9999 -9999 -9999 -9999 -9999 -9999 -9999 -9999 -9999 -9999 -9999 -9999 -9999 -9999 -9999 -9999 -9999 -9999 -9999 -9999 -9999 -9999 0.186150398951489 0.188528050193658 0.182979356137576 0.17889984284318 0.169600915405291 0.176715290138224 0.202297198952156 0.215013250504306 0.199620983608786 0.171703375457593 0.156609420922774 0.141569412364083 0.124832885059526 0.123491455836544 0.133679801272758 0.142046779201758 0.145996951442256 0.153283587063792 0.162433568868051 0.170715970841919 0.185747570625111 0.220355383303687 0.270883247169006 0.319338065414968 0.36929740911702 0.418009923589134 0.467009102962656 0.504907256716363 0.531453903937982 0.538908129102891 0.531010363521313
-9999 -9999 -9999 -9999 -9999 -9999 -9999 -9999 -9999 -9999 -9999 -9999 -9999 -9999 -9999 -9999 -9999 -9999 -9999 -9999 -9999 -9999 -9999 -9999 -9999 0.192934100792586 0.187177045700476 0.1798304088997 0.172590897332463 0.15668405388144 0.166655897919829 0.170939665869038 0.154672000498665 0.148305292753105 0.141854594142453 0.135591462264009 0.117156201738452 0.0905539877335133 0.0867879918089361 0.103908382983956 0.116394209759769 0.121003112231937 0.131821829722975 0.142956593454208 0.149714296018993 0.157739144897492 0.193464292564001 0.245636348913382 0.294775755120989 0.34291894939991 0.382203099404182 0.430543444704176 0.46536254207358 0.486249905307488 0.485697449943049 0.475246317714256
-9999 -9999 -9999 -9999 -9999 -9999 -9999 -9999 -9999 -9999 -9999 -9999 -9999 -9999 -9999 -9999 -9999 -9999 -9999 -9999 -9999 -9999 -9999 -9999 -9999 0.197979867501374 0.186428011125331 0.177565741374858 0.166107224533154 0.143364569462858 0.137195842096033 0.13137930249864 0.120150719086306 0.125442243389126 0.127638961759603 0.126202539750528 0.102215988138273 0.0782947661735425 0.0725443175597573 0.0804778306591818 0.0891736771685862 0.0954920327197648 0.111749187238672 0.127237401539162 0.134843292730666 0.14685170909374 0.174566535280586 0.2150459921572 0.259484224257795 0.307792238059652 0.352376489985858 0.395249473981424 0.425876804526598 0.445770017082416 0.445972512192277 0.430882243504673
-9999 -9999 -9999 -9999 -9999 -9999 -9999 -9999 -9999 -9999 -9999 -9999 -9999 -9999 -9999 -9999 -9999 -9999 -9999 -9999 -9999 -9999 -9999 -9999 -9999 0.204574977538135 0.184938046358128 0.177942140960315 0.166118604401508 0.137208019518415 0.11580716051763 0.0974961084846419 0.0906389597797345 0.102574350458671 0.103746927227266 0.104012837806702 0.0795974464060616 0.0604761309750472 0.0564788591874042 0.0614933431382768 0.0672051201184569 0.076084065238057 0.102509784379668 0.120320639698921 0.124800025897714 0.134625261605347 0.157665539276088 0.191049425654624 0.228920943223454 0.276316563681704 0.319229202450336 0.362162721069228 0.39301119880162 0.412178830531923 0.410289776201552 0.396274656542226
-9999 -9999 -9999 -9999 -9999 -9999 -9999 -9999 -9999 -9999 -9999 -9999 -9999 -9999 -9999 -9999 -9999 -9999 -9999 -9999 -9999 -9999 -9999 -9999 -9999 0.21109797565474 0.18393141822087 0.179871216521324 0.17045526235655 0.138545692266475 0.0968942593607275 0.0660931528472792 0.0617184169906922 0.0741868692985412 0.0707958290534939 0.057650718506203 0.0483461274847464 0.0404800292277835 0.0408690384004179 0.0471939057383618 0.0507225809441968 0.061795346575766 0.0933362010895213 0.112305557450142 0.114900870531256 0.122454371813336 0.143135486943647 0.171103190666772 0.206338007537942 0.245596585288208 0.286875793738082 0.333126062980725 0.368115665327824 0.387960707663389 0.385389396341387 0.368999731030298
-9999 -9999 -9999 -9999 -9999 -9999 -9999 -9999 -9999 -9999 -9999 -9999 -9999 -9999 -9999 -9999 -9999 -9999 -9999 -9999 -9999 -9999 -9999 -9999 -9999 0.223208356905157 0.181839559639321 0.177896568136443 0.173126193595468 0.14287689295982 0.0919236060465319 0.0503166057426582 0.046879912511762 0.0590473106129438 0.051564948598938 0.0397877591925626 0.0343237178432092 0.0316677117143093 0.0336815359808793 0.0412112156087631 0.0442526846786757 0.0531228948454714 0.0836908638130533 0.103214664497039 0.103635369172713 0.108387388238538 0.12596657444054 0.153355970123612 0.185676659578147 0.226361536085612 0.264359291663864 0.307161767680629 0.341862033375707 0.360253338391925 0.362095795296403 0.351288553751708
-9999 -9999 -9999 -9999 -9999 -9999 -9999 -9999 -9999 -9999 -9999 -9999 -9999 -9999 -9999 -9999 -9999 -9999 -9999 -9999 -9999 -9999 -9999 -9999 -9999 0.238368025828779 0.180914485871147 0.174229143847012 0.172882281171001 0.147727416048506 0.100452846765755 0.0518118125234492 0.0434492673657919 0.0546017211452168 0.0435484024376882 0.0325285705445493 0.0291789471630919 0.0279803874738411 0.031738537558214 0.0396197899710539 0.0457145604332664 0.0480764683461962 0.0749055392370222 0.0924224417875142 0.0910933150235883 0.0910272448395221 0.107405219196214 0.136247183731888 0.169033665795233 0.209995066779149 0.251921748698614 0.287977182775943 0.310224236544981 0.334574761751189 0.340654416781804 0.336894534839332
-9999 -9999 -9999 -9999 -9999 -9999 -9999 -9999 -9999 -9999 -9999 -9999 -9999 -9999 -9999 -9999 -9999 -9999 -9999 -9999 -9999 -9999 -9999 -9999 0.22988365479323 0.237374110610061 0.176759554404256 0.172193559472232 0.175171499968456 0.153976294401848 0.110216001322405 0.0565387056319422 0.0468840288976298 0.0586192308166863 0.046939182251951 0.0325471537505164 0.0290922967207626 0.0272517885067995 0.0294415628188467 0.0379113793143214 0.0453984444759698 0.0478641507869167 0.0661073759124826 0.0799897120829365 0.0789291094529579 0.0788142145901485 0.0925688482137726 0.116449833150511 0.145619352100625 0.18765628598976 0.233875399142926 0.26627854316193 0.289075588479696 0.315024560712805 0.305022832724613 0.268277144167385
