data/03_saidas_enm/CCSM_Maxent_0k_B.balansae2.asc
NCOLS 154 
NROWS 168 
XLLCORNER -112 
YLLCORNER -55.5 
CELLSIZE 0.5 
NODATA_value -9999 
[rows 100 to 124 of 168, columns 56 to 111 of 154]
-9999 -9999 -9999 -9999 -9999 -9999 -9999 -9999 -9999 -9999 -9999 -9999 -9999 -9999 -9999 -9999 -9999 -9999 -9999 -9999 -9999 -9999 -9999 -9999 -9999 -9999 -9999 -9999 0.0861068442463875 0.206395402550697 0.393886089324951 0.438816279172897 0.392724573612213 0.360157936811447 0.332048147916794 0.256794273853302 0.220200270414352 0.240806013345718 0.295479238033295 0.312924265861511 0.452646702528 0.537474870681763 0.499401390552521 0.557986795902252 0.547560095787048 0.552929401397705 0.568516314029694 0.594783961772919 0.602562129497528 0.62092649936676 0.64146876335144 0.643336415290833 0.63936847448349 0.626244366168976 0.615456283092499 0.617452502250671
-9999 -9999 -9999 -9999 -9999 -9999 -9999 -9999 -9999 -9999 -9999 -9999 -9999 -9999 -9999 -9999 -9999 -9999 -9999 -9999 -9999 -9999 -9999 -9999 -9999 -9999 -9999 -9999 0.0870412290096283 0.226123183965683 0.428872376680374 0.409906327724457 0.380617588758469 0.357404112815857 0.327750593423843 0.243652105331421 0.22539895772934 0.256186842918396 0.315982967615128 0.319886863231659 0.461710721254349 0.513064622879028 0.496194958686829 0.537351012229919 0.531425058841705 0.53818291425705 0.55460661649704 0.566846489906311 0.576706647872925 0.609277009963989 0.625380873680115 0.628117978572845 0.623398959636688 0.610255837440491 0.600551962852478 0.608645737171173
-9999 -9999 -9999 -9999 -9999 -9999 -9999 -9999 -9999 -9999 -9999 -9999 -9999 -9999 -9999 -9999 -9999 -9999 -9999 -9999 -9999 -9999 -9999 -9999 -9999 -9999 -9999 0.056562814861536 0.0960185974836349 0.233084216713905 0.388704180717468 0.369727849960327 0.372735142707825 0.365128934383392 0.324194103479385 0.247504025697708 0.235847011208534 0.274320006370544 0.316259294748306 0.337699085474014 0.476306200027466 0.484843522310257 0.481514811515808 0.518283784389496 0.516079187393188 0.523709118366241 0.539188146591187 0.564041495323181 0.573928773403168 0.597246766090393 0.60891580581665 0.616124391555786 0.620981931686401 0.61178070306778 0.594504535198212 0.597673356533051
-9999 -9999 -9999 -9999 -9999 -9999 -9999 -9999 -9999 -9999 -9999 -9999 -9999 -9999 -9999 -9999 -9999 -9999 -9999 -9999 -9999 -9999 -9999 -9999 -9999 -9999 -9999 0.0572628900408745 0.1052535623312 0.240348756313324 0.337498873472214 0.323146939277649 0.344443589448929 0.368867725133896 0.308176875114441 0.248401671648026 0.249023541808128 0.298805356025696 0.317659974098206 0.358181983232498 0.495110064744949 0.463839739561081 0.460792690515518 0.501817226409912 0.499486148357391 0.495266318321228 0.51850688457489 0.548401176929474 0.569790005683899 0.580728352069855 0.587056517601013 0.59818571805954 0.611928164958954 0.606851160526276 0.588815152645111 0.580510020256042
-9999 -9999 -9999 -9999 -9999 -9999 -9999 -9999 -9999 -9999 -9999 -9999 -9999 -9999 -9999 -9999 -9999 -9999 -9999 -9999 -9999 -9999 -9999 -9999 -9999 -9999 -9999 0.060401763767004 0.12881962954998 0.264056235551834 0.284131944179535 0.275635838508606 0.308991938829422 0.365247011184692 0.286608517169952 0.251349329948425 0.269889295101166 0.306488811969757 0.308157294988632 0.377841621637344 0.507869243621826 0.452267646789551 0.431976735591888 0.46860608458519 0.469385147094727 0.462799221277237 0.485354334115982 0.512566149234772 0.534172892570496 0.545049011707306 0.550661027431488 0.565429389476776 0.575395047664642 0.572844207286835 0.562254130840302 0.560336947441101
-9999 -9999 -9999 -9999 -9999 -9999 -9999 -9999 -9999 -9999 -9999 -9999 -9999 -9999 -9999 -9999 -9999 -9999 -9999 -9999 -9999 -9999 -9999 -9999 -9999 -9999 -9999 0.0691863894462585 0.1623854637146 0.289755582809448 0.232442453503609 0.225458413362503 0.270437657833099 0.348579943180084 0.254655867815018 0.255904853343964 0.290944695472717 0.300525218248367 0.308459162712097 0.387901961803436 0.506841063499451 0.439707189798355 0.411027759313583 0.440678954124451 0.442804217338562 0.442224562168121 0.464372426271439 0.48655492067337 0.505045652389526 0.517872452735901 0.521302223205566 0.531731903553009 0.537905752658844 0.534789741039276 0.530762493610382 0.53996604681015
-9999 -9999 -9999 -9999 -9999 -9999 -9999 -9999 -9999 -9999 -9999 -9999 -9999 -9999 -9999 -9999 -9999 -9999 -9999 -9999 -9999 -9999 -9999 -9999 -9999 -9999 -9999 0.0840350762009621 0.202829673886299 0.262038975954056 0.186448365449905 0.183499678969383 0.232302308082581 0.326338022947311 0.220058873295784 0.260103702545166 0.293639689683914 0.300559222698212 0.30848553776741 0.383350729942322 0.491957783699036 0.422151952981949 0.398641020059586 0.413381516933441 0.424917101860046 0.438046783208847 0.452599823474884 0.473087459802628 0.488245069980621 0.490969747304916 0.494261622428894 0.503154993057251 0.503479838371277 0.501276910305023 0.506482243537903 0.520183920860291
-9999 -9999 -9999 -9999 -9999 -9999 -9999 -9999 -9999 -9999 -9999 -9999 -9999 -9999 -9999 -9999 -9999 -9999 -9999 -9999 -9999 -9999 -9999 -9999 -9999 -9999 -9999 0.108926817774773 0.240434661507607 0.235818430781364 0.153516411781311 0.154165834188461 0.209857791662216 0.302706390619278 0.214743286371231 0.257237285375595 0.287384361028671 0.295907437801361 0.303409844636917 0.380834817886353 0.476299196481705 0.402968913316727 0.38303616642952 0.385737389326096 0.401082843542099 0.413616061210632 0.42732247710228 0.442269712686539 0.455651730298996 0.457383304834366 0.456428796052933 0.463822811841965 0.465070784091949 0.468489021062851 0.483144819736481 0.498251527547836
-9999 -9999 -9999 -9999 -9999 -9999 -9999 -9999 -9999 -9999 -9999 -9999 -9999 -9999 -9999 -9999 -9999 -9999 -9999 -9999 -9999 -9999 -9999 -9999 -9999 -9999 -9999 0.137692719697952 0.277005791664124 0.212340667843819 0.13688936829567 0.137085244059563 0.196754530072212 0.292300701141357 0.213521376252174 0.250509440898895 0.283021956682205 0.29220324754715 0.294851809740067 0.381429105997086 0.448901027441025 0.383642971515656 0.366718113422394 0.366037875413895 0.367239058017731 0.37444406747818 0.387997090816498 0.397591918706894 0.409405946731567 0.419072300195694 0.417154520750046 0.423509210348129 0.428489416837692 0.442069679498672 0.45911779999733 0.475807070732117
-9999 -9999 -9999 -9999 -9999 -9999 -9999 -9999 -9999 -9999 -9999 -9999 -9999 -9999 -9999 -9999 -9999 -9999 -9999 -9999 -9999 -9999 -9999 -9999 -9999 -9999 -9999 0.156291171908379 0.262055277824402 0.199387282133102 0.137069821357727 0.138382583856583 0.214302316308022 0.295813053846359 0.219437077641487 0.247383281588554 0.269773572683334 0.285845220088959 0.284583628177643 0.399849772453308 0.421137511730194 0.359432995319366 0.348104894161224 0.349515467882156 0.350681573152542 0.353693455457687 0.356794685125351 0.360910713672638 0.368897318840027 0.376532167196274 0.384131491184235 0.393788188695908 0.403323739767075 0.417724341154099 0.434097319841385 0.450422346591949
-9999 -9999 -9999 -9999 -9999 -9999 -9999 -9999 -9999 -9999 -9999 -9999 -9999 -9999 -9999 -9999 -9999 -9999 -9999 -9999 -9999 -9999 -9999 -9999 -9999 -9999 0.0789903476834297 0.182314664125443 0.247487097978592 0.184838443994522 0.135164260864258 0.148873120546341 0.240991219878197 0.318228274583817 0.232148036360741 0.248326778411865 0.254391491413116 0.251288533210754 0.276015549898148 0.42865252494812 0.368249505758286 0.329857766628265 0.325637400150299 0.327836632728577 0.325936853885651 0.328694522380829 0.330883026123047 0.332545638084412 0.341765969991684 0.351127505302429 0.360608786344528 0.372074574232101 0.381936073303223 0.396576792001724 0.410772919654846 0.424441963434219
-9999 -9999 -9999 -9999 -9999 -9999 -9999 -9999 -9999 -9999 -9999 -9999 -9999 -9999 -9999 -9999 -9999 -9999 -9999 -9999 -9999 -9999 -9999 -9999 -9999 -9999 0.116841964423656 0.233461230993271 0.228019788861275 0.168043091893196 0.138068318367004 0.170393362641335 0.289990246295929 0.335825353860855 0.245119005441666 0.249771356582642 0.243695676326752 0.232895329594612 0.330684691667557 0.414517760276794 0.323426872491837 0.2939093708992 0.293293744325638 0.296427369117737 0.29576787352562 0.296668231487274 0.302383989095688 0.309922367334366 0.320746034383774 0.330282181501389 0.339918255805969 0.352318584918976 0.364958912134171 0.37928032875061 0.390801459550858 0.403596252202988
-9999 -9999 -9999 -9999 -9999 -9999 -9999 -9999 -9999 -9999 -9999 -9999 -9999 -9999 -9999 -9999 -9999 -9999 -9999 -9999 -9999 -9999 -9999 -9999 -9999 -9999 0.182749196887016 0.213187173008919 0.189091324806213 0.147684782743454 0.127758592367172 0.198516860604286 0.342682600021362 0.360647618770599 0.248612880706787 0.248335123062134 0.229344218969345 0.287313371896744 0.387828707695007 0.332164347171783 0.270986378192902 0.259319096803665 0.259120553731918 0.262476742267609 0.263164192438126 0.262348741292953 0.277254849672318 0.291302174329758 0.303191125392914 0.310755372047424 0.319784224033356 0.333508491516113 0.348802745342255 0.362774312496185 0.370988368988037 0.383124440908432
-9999 -9999 -9999 -9999 -9999 -9999 -9999 -9999 -9999 -9999 -9999 -9999 -9999 -9999 -9999 -9999 -9999 -9999 -9999 -9999 -9999 -9999 -9999 -9999 -9999 -9999 0.214577034115791 0.179672405123711 0.143726855516434 0.13469272851944 0.158452272415161 0.249353870749474 0.387667268514633 0.397897988557816 0.278079569339752 0.224584877490997 0.261112958192825 0.359383642673492 0.318724364042282 0.268246948719025 0.244881853461266 0.238311097025871 0.235256299376488 0.239366307854652 0.243899911642075 0.250189483165741 0.261751413345337 0.273316979408264 0.284188210964203 0.291068017482758 0.299627125263214 0.311650395393372 0.325479060411453 0.338474988937378 0.346382021903992 0.354792714118958
-9999 -9999 -9999 -9999 -9999 -9999 -9999 -9999 -9999 -9999 -9999 -9999 -9999 -9999 -9999 -9999 -9999 -9999 -9999 -9999 -9999 -9999 -9999 -9999 -9999 0.239138439297676 0.207585096359253 0.145726874470711 0.110340848565102 0.13254725933075 0.19813297688961 0.291525363922119 0.426807254552841 0.407590210437775 0.310169875621796 0.255466520786285 0.314546167850494 0.290100932121277 0.244579181075096 0.224757939577103 0.217747658491135 0.220888078212738 0.218805998563766 0.222911268472672 0.225606516003609 0.229350492358208 0.246475845575333 0.256814211606979 0.264932185411453 0.269936174154282 0.277596920728683 0.289640069007874 0.300146222114563 0.310964554548264 0.317094534635544 0.322145789861679
-9999 -9999 -9999 -9999 -9999 -9999 -9999 -9999 -9999 -9999 -9999 -9999 -9999 -9999 -9999 -9999 -9999 -9999 -9999 -9999 -9999 -9999 -9999 -9999 -9999 0.234471186995506 0.199527889490128 0.131932899355888 0.107956007122993 0.13970822095871 0.226328566670418 0.306001752614975 0.376293540000916 0.373523056507111 0.314601600170135 0.260105907917023 0.231260880827904 0.21341960132122 0.203087776899338 0.200663432478905 0.198623597621918 0.197340786457062 0.199140816926956 0.204332858324051 0.202710688114166 0.205272376537323 0.225662887096405 0.237576723098755 0.245146468281746 0.250975579023361 0.258242815732956 0.266801983118057 0.27487975358963 0.284488022327423 0.290258169174194 0.292791306972504
-9999 -9999 -9999 -9999 -9999 -9999 -9999 -9999 -9999 -9999 -9999 -9999 -9999 -9999 -9999 -9999 -9999 -9999 -9999 -9999 -9999 -9999 -9999 -9999 -9999 0.228679046034813 0.191351175308228 0.121334888041019 0.101985186338425 0.153334736824036 0.25020968914032 0.297837913036346 0.312324166297913 0.282412141561508 0.226139798760414 0.16965714097023 0.167229220271111 0.168252885341644 0.166701212525368 0.166699856519699 0.174160018563271 0.178714603185654 0.18803933262825 0.193838894367218 0.191592410206795 0.190259873867035 0.211245566606522 0.218901991844177 0.226370632648468 0.232707262039185 0.239846467971802 0.246881604194641 0.252421528100967 0.260051190853119 0.264525532722473 0.267048805952072
-9999 -9999 -9999 -9999 -9999 -9999 -9999 -9999 -9999 -9999 -9999 -9999 -9999 -9999 -9999 -9999 -9999 -9999 -9999 -9999 -9999 -9999 -9999 -9999 -9999 0.203661546111107 0.174359753727913 0.115122064948082 0.0972447395324707 0.148752436041832 0.231185227632523 0.270288020372391 0.255606770515442 0.219334289431572 0.172609522938728 0.140744253993034 0.138995632529259 0.149809017777443 0.153857454657555 0.153976052999496 0.156384572386742 0.168628886342049 0.176793158054352 0.180349171161652 0.181194499135017 0.185025870800018 0.194367319345474 0.204957276582718 0.213986232876778 0.218102812767029 0.222299456596375 0.228259846568108 0.233712241053581 0.24108524620533 0.243929952383041 0.244214132428169
-9999 -9999 -9999 -9999 -9999 -9999 -9999 -9999 -9999 -9999 -9999 -9999 -9999 -9999 -9999 -9999 -9999 -9999 -9999 -9999 -9999 -9999 -9999 -9999 -9999 0.186468467116356 0.158367663621902 0.105557337403297 0.0880985781550407 0.142188981175423 0.223889738321304 0.240927845239639 0.210808292031288 0.174963504076004 0.140631183981895 0.117397420108318 0.12210501730442 0.137463733553886 0.144518077373505 0.143109619617462 0.144822165369987 0.158912941813469 0.162344112992287 0.164726331830025 0.163713216781616 0.165938913822174 0.179218932986259 0.192190498113632 0.201626554131508 0.204111725091934 0.207309439778328 0.213313430547714 0.217906400561333 0.224060475826263 0.225054696202278 0.225432053208351
-9999 -9999 -9999 -9999 -9999 -9999 -9999 -9999 -9999 -9999 -9999 -9999 -9999 -9999 -9999 -9999 -9999 -9999 -9999 -9999 -9999 -9999 -9999 -9999 -9999 0.175991177558899 0.146029353141785 0.102093212306499 0.0825557559728622 0.128971099853516 0.197104915976524 0.210996806621552 0.178208336234093 0.147898823022842 0.123109199106693 0.109011098742485 0.113647319376469 0.125234767794609 0.132399752736092 0.135085046291351 0.138466715812683 0.145403429865837 0.142351895570755 0.14703169465065 0.152715101838112 0.160148084163666 0.169303953647614 0.178428813815117 0.18744233250618 0.192039594054222 0.195738986134529 0.199967756867409 0.203581124544144 0.210030317306519 0.212195470929146 0.211766690015793
-9999 -9999 -9999 -9999 -9999 -9999 -9999 -9999 -9999 -9999 -9999 -9999 -9999 -9999 -9999 -9999 -9999 -9999 -9999 -9999 -9999 -9999 -9999 -9999 -9999 0.169058293104172 0.140000626444817 0.0984756425023079 0.0783875063061714 0.119055889546871 0.177960947155952 0.184772729873657 0.156943395733833 0.132029294967651 0.115049846470356 0.104472175240517 0.109491005539894 0.118986509740353 0.125875055789948 0.129860177636147 0.133501306176186 0.134132340550423 0.129441261291504 0.134063631296158 0.142991483211517 0.153261840343475 0.161797687411308 0.168469071388245 0.175539821386337 0.179994896054268 0.185327410697937 0.190140172839165 0.193059518933296 0.198900759220123 0.200498700141907 0.200602233409882
-9999 -9999 -9999 -9999 -9999 -9999 -9999 -9999 -9999 -9999 -9999 -9999 -9999 -9999 -9999 -9999 -9999 -9999 -9999 -9999 -9999 -9999 -9999 -9999 -9999 0.161499708890915 0.134175434708595 0.0975837260484695 0.0770479515194893 0.105823740363121 0.153435558080673 0.159303233027458 0.142007231712341 0.127187252044678 0.114997543394566 0.110334180295467 0.111982218921185 0.118583731353283 0.123587071895599 0.128450572490692 0.133097544312477 0.127540752291679 0.123144909739494 0.126640722155571 0.135318040847778 0.145849078893661 0.153830826282501 0.160564824938774 0.167528390884399 0.171305119991302 0.175538495182991 0.18111751973629 0.185954988002777 0.191779792308807 0.192601174116135 0.190585508942604
-9999 -9999 -9999 -9999 -9999 -9999 -9999 -9999 -9999 -9999 -9999 -9999 -9999 -9999 -9999 -9999 -9999 -9999 -9999 -9999 -9999 -9999 -9999 -9999 -9999 0.154378280043602 0.128369227051735 0.0939991474151611 0.0728274136781693 0.0954634323716164 0.133185252547264 0.137276962399483 0.123954214155674 0.115243308246136 0.111007943749428 0.108767606317997 0.110903762280941 0.113950975239277 0.118864268064499 0.125844910740852 0.13049641251564 0.124492011964321 0.118424460291862 0.120434440672398 0.127098858356476 0.136866122484207 0.145496770739555 0.152787312865257 0.161165773868561 0.165507182478905 0.170300006866455 0.176260262727737 0.179462715983391 0.183633282780647 0.185687556862831 0.183960735797882
-9999 -9999 -9999 -9999 -9999 -9999 -9999 -9999 -9999 -9999 -9999 -9999 -9999 -9999 -9999 -9999 -9999 -9999 -9999 -9999 -9999 -9999 -9999 -9999 -9999 0.14700748026371 0.11858306825161 0.0881670042872429 0.0664987340569496 0.0834995657205582 0.115363873541355 0.120253935456276 0.110911540687084 0.104990243911743 0.10455346852541 0.106710314750671 0.10748166590929 0.111747160553932 0.11727437376976 0.121778517961502 0.126350879669189 0.122305274009705 0.11468131095171 0.115291446447372 0.118845589458942 0.125276178121567 0.135050132870674 0.145615562796593 0.155408769845963 0.161892428994179 0.169455155730247 0.172746762633324 0.172226786613464 0.177852943539619 0.178446516394615 0.178712427616119
-9999 -9999 -9999 -9999 -9999 -9999 -9999 -9999 -9999 -9999 -9999 -9999 -9999 -9999 -9999 -9999 -9999 -9999 -9999 -9999 -9999 -9999 -9999 -9999 0.147785112261772 0.138133823871613 0.107418850064278 0.0792436301708221 0.0618807896971703 0.0726062133908272 0.0993442833423615 0.107006132602692 0.101657189428806 0.0971970930695534 0.0961927846074104 0.0985105261206627 0.100477278232574 0.104915618896484 0.110604040324688 0.116121664643288 0.119127333164215 0.117282584309578 0.110300779342651 0.110828265547752 0.113201260566711 0.117981374263763 0.126155957579613 0.135990262031555 0.146547377109528 0.155533522367477 0.164444819092751 0.167129307985306 0.167468160390854 0.174133881926537 0.166449725627899 0.16193476319313
