data/03_saidas_enm/CCSM_Maxent_0k_B.balansae2.asc
NCOLS 154 
NROWS 168 
XLLCORNER -112 
YLLCORNER -55.5 
CELLSIZE 0.5 
NODATA_value -9999 
[rows 50 to 74 of 168, columns 56 to 111 of 154]
-9999 -9999 -9999 -9999 -9999 -9999 -9999 -9999 -9999 -9999 -9999 -9999 -9999 0.0034292268101126 0.00410438748076558 0.00783289317041636 0.0136570744216442 0.0270260870456696 0.0404312908649445 0.0493027567863464 0.0433390326797962 0.040968731045723 0.0371589735150337 0.0347483940422535 0.027178755030036 0.0232366099953651 0.0192501731216908 0.0153566440567374 0.0114797791466117 0.00821303389966488 0.0066959667019546 0.00827292911708355 0.0118050910532475 0.0174020659178495 0.0257495939731598 0.0485973805189133 0.0694719552993774 0.0944385454058647 0.111724555492401 0.128566801548004 0.179174616932869 0.15648540854454 0.167959079146385 0.174874171614647 0.17541766166687 0.227961644530296 0.166550427675247 0.16615429520607 0.155737221240997 0.140704542398453 0.160643517971039 0.146382629871368 0.143273040652275 0.140538305044174 0.136436447501183 0.141534805297852
-9999 -9999 -9999 -9999 -9999 -9999 -9999 -9999 -9999 -9999 -9999 -9999 -9999 0.00448126485571265 0.00603688368573785 0.00790862739086151 0.0164435356855392 0.0300851128995419 0.0418718904256821 0.0438855588436127 0.0431958511471748 0.0406061820685863 0.0379696600139141 0.0342996269464493 0.0271878279745579 0.020538879558444 0.0142650455236435 0.00991832744330168 0.00704837637022138 0.0055991979315877 0.00561148906126618 0.00574889546260238 0.00869309064000845 0.0141978114843369 0.0220967289060354 0.0370246954262257 0.0601989291608334 0.0931184664368629 0.109406463801861 0.121966034173965 0.140295192599297 0.142065078020096 0.151241332292557 0.157431319355965 0.160763069987297 0.172730818390846 0.159504726529121 0.159668058156967 0.153239265084267 0.143013447523117 0.144766613841057 0.143519997596741 0.140997603535652 0.140186980366707 0.144481047987938 0.150447279214859
-9999 -9999 -9999 -9999 -9999 -9999 -9999 -9999 -9999 -9999 -9999 0.00448455521836877 0.00685585709288716 0.00855013262480497 0.0112459175288677 0.0140216080471873 0.0214413814246655 0.0326979495584965 0.0358568169176579 0.0352541171014309 0.0336214117705822 0.0313272178173065 0.02762770652771 0.0233211349695921 0.0171586908400059 0.0125790871679783 0.00830014329403639 0.00578251713886857 0.00566033786162734 0.0055606528185308 0.00563681731000543 0.0058156531304121 0.00645257718861103 0.011550079099834 0.0189559794962406 0.031328309327364 0.0483462810516357 0.0751437544822693 0.0974794626235962 0.101671509444714 0.107277125120163 0.111882090568542 0.12017197906971 0.125370740890503 0.126623824238777 0.135199815034866 0.124970473349094 0.12819729745388 0.127710521221161 0.118552356958389 0.121161393821239 0.124089166522026 0.126867905259132 0.132288530468941 0.147279366850853 0.161383390426636
-9999 -9999 -9999 -9999 -9999 -9999 -9999 -9999 -9999 -9999 0.00456654420122504 0.0071148844435811 0.0111003685742617 0.0159116331487894 0.0163507871329784 0.0169819295406342 0.0205495208501816 0.0269211400300264 0.0310835931450129 0.0301374774426222 0.0279351584613323 0.0228816755115986 0.0182593949139118 0.0142193855717778 0.0104199582710862 0.00718887429684401 0.00549761671572924 0.0054459236562252 0.00544343562796712 0.00543131353333592 0.00553571013733745 0.00577656552195549 0.00610701879486442 0.0101801073178649 0.0175981167703867 0.030702518299222 0.0457984879612923 0.0630212873220444 0.0804419368505478 0.0911520421504974 0.0920099467039108 0.0955949351191521 0.0991638153791428 0.100826613605022 0.0973911732435226 0.0953435748815536 0.0953900292515755 0.0960371643304825 0.0956594720482826 0.0972605124115944 0.100021205842495 0.104831032454967 0.109980404376984 0.119703508913517 0.145613893866539 0.167243346571922
-9999 -9999 -9999 -9999 -9999 -9999 -9999 -9999 -9999 -9999 0.00870887283235788 0.0163246300071478 0.025050213560462 0.0284469332545996 0.0223354157060385 0.0160637442022562 0.0155485635623336 0.0227146055549383 0.0261771678924561 0.0227289609611034 0.0204567946493626 0.0157196316868067 0.0117828138172626 0.00881082192063332 0.00642954697832465 0.00590560492128134 0.0054971850477159 0.00533623900264502 0.00537259178236127 0.00538541050627828 0.00546378502622247 0.00567867839708924 0.00602449290454388 0.00884029734879732 0.0175117515027523 0.0298461075872183 0.0413425676524639 0.0546252131462097 0.0653163641691208 0.0768419802188873 0.0852230042219162 0.0884558483958244 0.0890428274869919 0.0889561548829079 0.0855708494782448 0.0809940025210381 0.0786617547273636 0.076247550547123 0.0769239664077759 0.0797724425792694 0.084777720272541 0.092798724770546 0.101444765925407 0.113421455025673 0.146099492907524 0.17280139029026
-9999 -9999 -9999 -9999 -9999 -9999 -9999 -9999 0.006718460470438 0.0137267522513866 0.0241911876946688 0.0323329009115696 0.0369521304965019 0.0277623366564512 0.0230044908821583 0.0188079550862312 0.0165834799408913 0.0178281739354134 0.0194655079394579 0.0153951216489077 0.0114079164341092 0.00918819755315781 0.00744840456172824 0.00696506397798657 0.0063650831580162 0.00587341422215104 0.00555761158466339 0.00538072735071182 0.00539814960211515 0.00542344339191914 0.0054908636957407 0.00563859473913908 0.00587211409583688 0.00798156019300222 0.0158548038452864 0.026442838832736 0.0364879406988621 0.045311126857996 0.0535261631011963 0.0597334764897823 0.0645790249109268 0.0703954100608826 0.0734665989875793 0.0743841752409935 0.0718268603086472 0.0683356374502182 0.0647898837924004 0.0612620674073696 0.0614652931690216 0.0648164451122284 0.0714278891682625 0.0845699906349182 0.0971991568803787 0.113094858825207 0.146963685750961 0.168192908167839
-9999 -9999 -9999 -9999 -9999 -9999 -9999 -9999 0.0103905480355024 0.0247288215905428 0.0502880290150642 0.0508881695568562 0.0355151556432247 0.0289164762943983 0.0243877917528152 0.0220198910683393 0.0213291961699724 0.0187177155166864 0.0174289867281914 0.0129687003791332 0.00933548342436552 0.00811864901334047 0.00754441786557436 0.00723000383004546 0.00666332710534334 0.00620150240138173 0.00601900927722454 0.00581258721649647 0.0056986534036696 0.00559041230008006 0.00558292819187045 0.00587714184075594 0.00626599648967385 0.00717587675899267 0.0140369180589914 0.0226237084716558 0.0304221585392952 0.0380041971802711 0.0426637902855873 0.0457083694636822 0.0464587286114693 0.0470570214092731 0.0478169694542885 0.0480799190700054 0.045856311917305 0.0443833321332932 0.041559349745512 0.0401044189929962 0.0403382405638695 0.0413800477981567 0.0465217120945454 0.0591321736574173 0.0783604830503464 0.106748335063457 0.149428948760033 0.170099198818207
-9999 -9999 -9999 -9999 -9999 -9999 -9999 0.00792796816676855 0.0139936814084649 0.0310960039496422 0.0640901327133179 0.0569551400840282 0.0402224510908127 0.0320590883493423 0.028206828981638 0.0258472431451082 0.0260459203273058 0.0253270678222179 0.0236005913466215 0.0173735674470663 0.0130078596994281 0.0119406199082732 0.0109661892056465 0.0105321342125535 0.00961202383041382 0.00873035378754139 0.00867329631000757 0.00882501248270273 0.00873872730880976 0.00866040587425232 0.0086340419948101 0.00899968761950731 0.00950939022004604 0.0104001127183437 0.0116012413054705 0.0176403764635324 0.0241192579269409 0.0303497239947319 0.033061645925045 0.0322804339230061 0.0316998213529587 0.0302037019282579 0.0290126334875822 0.0289952158927917 0.0284165777266026 0.0271405186504126 0.0253560412675142 0.0242867656052113 0.0244422443211079 0.0265012234449387 0.0318206399679184 0.0412246696650982 0.058744415640831 0.0942376106977463 0.145639389753342 0.172839447855949
-9999 -9999 -9999 -9999 -9999 -9999 -9999 0.0104540670290589 0.0189511328935623 0.0409227572381496 0.0768440738320351 0.0596422664821148 0.0404214896261692 0.034679789096117 0.0323057509958744 0.0321167260408401 0.0329001285135746 0.0324860885739326 0.0309827923774719 0.0251558274030685 0.0199304185807705 0.0177142266184092 0.0160897690802813 0.0158933531492949 0.0154838636517525 0.0144047765061259 0.0142537970095873 0.013562205247581 0.0137062193825841 0.0144700268283486 0.0143472608178854 0.0145112918689847 0.0140072824433446 0.0140715856105089 0.0142654264345765 0.013570899143815 0.0171100664883852 0.0202811267226934 0.0211068168282509 0.019771920517087 0.0189017076045275 0.0171359851956367 0.0164046511054039 0.0160291232168674 0.0148428846150637 0.0140882171690464 0.0130543150007725 0.0138678411021829 0.0157557502388954 0.0198927745223045 0.0252833981066942 0.0349340885877609 0.0487476699054241 0.0795876160264015 0.130268216133118 0.16181555390358
-9999 -9999 -9999 -9999 -9999 -9999 0.00969789642840624 0.0147247593849897 0.0264659933745861 0.0517476350069046 0.0890425443649292 0.0649563819169998 0.0406735241413116 0.0337966419756413 0.0360781028866768 0.0384953916072845 0.0408059656620026 0.0414114519953728 0.0409628301858902 0.0337983667850494 0.0270180888473988 0.0250423159450293 0.0239927191287279 0.0236143711954355 0.0219703000038862 0.0208349358290434 0.0202886499464512 0.0205578543245792 0.0208522640168667 0.0201833546161652 0.0204504504799843 0.0200399663299322 0.0200251135975122 0.0199032127857208 0.0183416344225407 0.0170581247657537 0.0154768852517009 0.0142492251470685 0.0130037777125835 0.0119997644796968 0.0113399894908071 0.0114200990647078 0.0120911495760083 0.013707073405385 0.0146824959665537 0.016347648575902 0.0174105893820524 0.0193281900137663 0.0219919607043266 0.0259235724806786 0.032091099768877 0.0419564135372639 0.0579360760748386 0.0743301212787628 0.108011372387409 0.137413784861565
-9999 -9999 -9999 -9999 -9999 -9999 0.013790194876492 0.0181939788162708 0.0306959990411997 0.0616433657705784 0.0973587185144424 0.0695530921220779 0.0440569370985031 0.0385847762227058 0.0432363711297512 0.0492093674838543 0.0500217415392399 0.0495483949780464 0.0494800955057144 0.0423643961548805 0.0352005921304226 0.0327382497489452 0.0311973877251148 0.0301508232951164 0.0285755284130573 0.0268744844943285 0.0277122724801302 0.0293779019266367 0.0301263052970171 0.0298011526465416 0.0290101170539856 0.0285832863301039 0.0276207868009806 0.0267642866820097 0.0252619013190269 0.0225071590393782 0.0206911228597164 0.018752995878458 0.0178754907101393 0.0174820236861706 0.0168914776295424 0.0178271234035492 0.0189406964927912 0.0203346963971853 0.0221568997949362 0.0237793531268835 0.0260445866733789 0.028096241876483 0.0314578339457512 0.036872711032629 0.0435677245259285 0.0539195127785206 0.0663927271962166 0.0780454725027084 0.0889406576752663 0.108823619782925
-9999 -9999 -9999 -9999 -9999 -9999 0.0174271315336227 0.0191630627959967 0.031549908220768 0.0694037079811096 0.116353020071983 0.0819811448454857 0.0503659322857857 0.0443402454257011 0.0516264960169792 0.0578017830848694 0.0593988783657551 0.058390237390995 0.0550477765500546 0.0475649014115334 0.0405126921832561 0.0383853726089001 0.0372708551585674 0.036269698292017 0.0343706905841827 0.0334432050585747 0.0345293208956718 0.0372200198471546 0.0402228571474552 0.0384988188743591 0.0379356630146503 0.0364454947412014 0.0355686694383621 0.0341487377882004 0.0315723717212677 0.0291554722934961 0.0266588740050793 0.0250588897615671 0.0242648273706436 0.0239153355360031 0.0247791446745396 0.0260312277823687 0.0276090037077665 0.0292791593819857 0.0308356992900372 0.0334671400487423 0.0359879434108734 0.039789866656065 0.0441106520593166 0.0495042726397514 0.0573473609983921 0.0635770261287689 0.0716501623392105 0.0799257010221481 0.0858386605978012 0.0878525748848915
-9999 -9999 -9999 -9999 -9999 -9999 -9999 0.02037238702178 0.0322360843420029 0.0779561921954155 0.126580998301506 0.0939741656184196 0.0596414171159267 0.0539857521653175 0.0613575279712677 0.0690048411488533 0.0699554681777954 0.0674597471952438 0.0625573396682739 0.0561946555972099 0.0500151067972183 0.0473163798451424 0.0456292852759361 0.0444603078067303 0.0435124039649963 0.0430415011942387 0.0449124611914158 0.0477582551538944 0.0514045804738998 0.0517850629985332 0.0497414730489254 0.0481555052101612 0.04594387114048 0.0442263931035995 0.0420834757387638 0.0388887338340282 0.0364956334233284 0.0345545671880245 0.0341756045818329 0.0350659601390362 0.0364390499889851 0.0381318330764771 0.0398236364126205 0.042594913393259 0.0458591319620609 0.0487219356000423 0.0526516288518906 0.0561306327581406 0.0608018562197685 0.0669656172394753 0.0725053176283836 0.0776896178722382 0.0809487849473953 0.084542952477932 0.0879699513316154 0.0862312093377113
-9999 -9999 -9999 -9999 -9999 -9999 -9999 -9999 0.0349895283579826 0.0899563506245613 0.156324535608292 0.106060527265072 0.0682823434472084 0.0624092146754265 0.0705424249172211 0.0799354016780853 0.0808729156851768 0.0780597850680351 0.0721630826592445 0.0657770931720734 0.0596683733165264 0.0570838004350662 0.0550802275538445 0.0538747534155846 0.0533293895423412 0.053575474768877 0.0560085065662861 0.0595543384552002 0.0631988048553467 0.0650523900985718 0.062997929751873 0.0600127167999744 0.05742447078228 0.0550181455910206 0.051963496953249 0.0497354902327061 0.0475971400737762 0.0462552197277546 0.0462117902934551 0.0462388657033443 0.0478889979422092 0.0501142404973507 0.0537538081407547 0.0546528548002243 0.0551682524383068 0.0559977553784847 0.0569060705602169 0.0577592179179192 0.0601804293692112 0.0644638687372208 0.0678809136152267 0.0733549743890762 0.0773828625679016 0.0821046680212021 0.0886510089039803 0.0871725082397461
-9999 -9999 -9999 -9999 -9999 -9999 0.0319630652666092 0.0292314421385527 0.0517598986625671 0.110580578446388 0.137865751981735 0.104619756340981 0.0754872411489487 0.071810282766819 0.0801626816391945 0.0920462980866432 0.0932403653860092 0.0892977491021156 0.0844860449433327 0.0793786197900772 0.0744715631008148 0.071012869477272 0.0680742636322975 0.0666551068425179 0.067069873213768 0.0681210458278656 0.0707833543419838 0.0739578157663345 0.0771934688091278 0.0774616897106171 0.075498066842556 0.0738944783806801 0.0719630569219589 0.0693423300981522 0.0661539509892464 0.063218355178833 0.0614260472357273 0.0599678382277489 0.0601832754909992 0.0581984482705593 0.0560774765908718 0.0554682724177837 0.0551124699413776 0.0559612214565277 0.0576352030038834 0.0587866716086864 0.0599522106349468 0.0606357716023922 0.0628431439399719 0.0668089911341667 0.0699951946735382 0.0740026757121086 0.0764193460345268 0.0780166834592819 0.0793926790356636 0.0769348368048668
-9999 -9999 -9999 -9999 -9999 0.0662504062056541 0.0441300384700298 0.0419544912874699 0.0837640687823296 0.127521112561226 0.128231376409531 0.102072782814503 0.0790038406848907 0.0778902545571327 0.0873662382364273 0.102506242692471 0.105076469480991 0.100519903004169 0.0974809974431992 0.0957721620798111 0.0921211764216423 0.0875936225056648 0.0838199555873871 0.0821875929832458 0.0830030217766762 0.0850714817643166 0.0873188525438309 0.090455636382103 0.0897899270057678 0.0878558605909348 0.0859370455145836 0.0840729102492332 0.0820389240980148 0.0805631056427956 0.0791833326220512 0.0767941325902939 0.072627104818821 0.0677938908338547 0.0643354430794716 0.0609722137451172 0.0580959543585777 0.0579457879066467 0.05733248218894 0.0585197806358337 0.0608376711606979 0.0632685497403145 0.0646708682179451 0.0657216981053352 0.0671732649207115 0.0704230144619942 0.0738030672073364 0.0757011249661446 0.0777491107583046 0.0767567083239555 0.0736015364527702 0.0674928575754166
-9999 -9999 -9999 -9999 -9999 0.0712419748306274 0.0566447786986828 0.0605236776173115 0.109116792678833 0.127871155738831 0.116781368851662 0.0966300442814827 0.083613321185112 0.0852910727262497 0.0951033234596252 0.107759930193424 0.109493479132652 0.109488107264042 0.108650110661983 0.108863867819309 0.108728490769863 0.106598436832428 0.104427054524422 0.101975977420807 0.102668233215809 0.103535167872906 0.103252232074738 0.102392591536045 0.101054325699806 0.0994367077946663 0.0970738530158997 0.0953130573034286 0.0933571755886078 0.0917085632681847 0.0904402807354927 0.0854387953877449 0.0803639516234398 0.0750161781907082 0.0710484683513641 0.0676062479615211 0.0646954327821732 0.063991978764534 0.0636423602700233 0.0648469403386116 0.0672551393508911 0.0691010504961014 0.0711839571595192 0.0723134949803352 0.0739140510559082 0.0760608017444611 0.076837845146656 0.0780781358480453 0.0773696228861809 0.0751694366335869 0.0723083093762398 0.0674030333757401
-9999 -9999 -9999 -9999 -9999 -9999 0.0751668959856033 0.0845344588160515 0.119515158236027 0.114198431372643 0.109886929392815 0.0927714630961418 0.0840569064021111 0.0867085009813309 0.0945109874010086 0.109747417271137 0.107900001108646 0.107826016843319 0.111201465129852 0.115939766168594 0.120524197816849 0.118536256253719 0.116776928305626 0.115576386451721 0.115322858095169 0.115471474826336 0.11472175270319 0.114187270402908 0.112619861960411 0.110747471451759 0.109036326408386 0.10707926005125 0.105866760015488 0.10443714261055 0.102903686463833 0.0968310162425041 0.0917908102273941 0.0857825130224228 0.0813877880573273 0.0773689448833466 0.0734322518110275 0.0733059942722321 0.0729015618562698 0.0740974247455597 0.0760508924722672 0.0776761621236801 0.0803437158465385 0.0817897841334343 0.083124153316021 0.0839687660336494 0.0820751264691353 0.0819029361009598 0.0791474357247353 0.0758340582251549 0.0731746852397919 0.0690556913614273
-9999 -9999 -9999 -9999 -9999 -9999 0.102671630680561 0.103881619870663 0.115103550255299 0.100780606269836 0.0947109460830688 0.0831641778349876 0.0728494450449944 0.076303094625473 0.0852240175008774 0.0930680856108665 0.0976669266819954 0.101470150053501 0.107711911201477 0.114327393472195 0.120631247758865 0.123354040086269 0.124434426426888 0.124361008405685 0.12380439043045 0.122875571250916 0.123345546424389 0.123847864568233 0.122459188103676 0.120611026883125 0.118844628334045 0.119444228708744 0.118939489126205 0.118416480720043 0.117303594946861 0.11331669986248 0.107457108795643 0.101375252008438 0.0962249934673309 0.0914097130298615 0.0873231291770935 0.0860807746648788 0.0853557959198952 0.0860259607434273 0.0876191407442093 0.0890210643410683 0.0913475528359413 0.0930149629712105 0.0942366570234299 0.0952847823500633 0.0939151048660278 0.0896341726183891 0.0841998606920242 0.0795058086514473 0.0753603428602219 0.0702573508024216
-9999 -9999 -9999 -9999 -9999 -9999 0.11005899310112 0.111628249287605 0.108079642057419 0.0874171108007431 0.0884757563471794 0.0814138799905777 0.0675976946949959 0.0700509026646614 0.0806114822626114 0.0853637382388115 0.0892897844314575 0.0972377806901932 0.106674455106258 0.11240903288126 0.120873220264912 0.125259086489677 0.127320617437363 0.127875298261642 0.126159846782684 0.125100359320641 0.127311453223228 0.131330713629723 0.131528615951538 0.129344269633293 0.127753078937531 0.129886537790298 0.133505687117577 0.134473219513893 0.13420495390892 0.132828965783119 0.128913223743439 0.121966652572155 0.116259142756462 0.110577084124088 0.104873530566692 0.10367139428854 0.101562462747097 0.101542972028255 0.102595128118992 0.10277633368969 0.10492717474699 0.105995856225491 0.106698721647263 0.107751078903675 0.106613472104073 0.0984591692686081 0.0904516875743866 0.0839937329292297 0.0785892754793167 0.074148565530777
-9999 -9999 -9999 -9999 -9999 -9999 -9999 -9999 0.0925548449158669 0.0818389356136322 0.0980604365468025 0.0879707112908363 0.0716576129198074 0.0757590755820274 0.0863733515143394 0.0905312746763229 0.0885495543479919 0.0977586582303047 0.109606355428696 0.112706206738949 0.12452257424593 0.130130305886269 0.132038399577141 0.133127972483635 0.130464315414429 0.129242658615112 0.132964611053467 0.139136806130409 0.140867471694946 0.139366209506989 0.138896778225899 0.142320066690445 0.147918239235878 0.152359545230865 0.153531864285469 0.151997596025467 0.153047189116478 0.149050742387772 0.141937926411629 0.135031446814537 0.128691866993904 0.125342458486557 0.122702360153198 0.121148064732552 0.12009097635746 0.119170755147934 0.119597218930721 0.119612790644169 0.118544854223728 0.116858631372452 0.11252735555172 0.104981541633606 0.0962750986218452 0.0890581235289574 0.0825371965765953 0.0794993564486504
-9999 -9999 -9999 -9999 -9999 -9999 -9999 -9999 0.0974014699459076 0.0842132344841957 0.119555421173573 0.103204563260078 0.0829128697514534 0.0879562348127365 0.102819763123989 0.10620966553688 0.0983371436595917 0.107419908046722 0.120063483715057 0.118532165884972 0.131899029016495 0.136341765522957 0.139128684997559 0.140336841344833 0.135864585638046 0.134103298187256 0.138082876801491 0.146540775895119 0.149479627609253 0.147971510887146 0.14928312599659 0.154038712382317 0.162562727928162 0.167294144630432 0.169451147317886 0.172396525740623 0.174301698803902 0.175517916679382 0.174271106719971 0.165616869926453 0.157405480742455 0.152949884533882 0.148196876049042 0.144816771149635 0.141578048467636 0.138193696737289 0.136937201023102 0.134430155158043 0.130531221628189 0.125783741474152 0.119569629430771 0.111804530024529 0.102653920650482 0.0945986062288284 0.0876218378543854 0.0850418135523796
-9999 -9999 -9999 -9999 -9999 -9999 -9999 -9999 -9999 0.0818264484405518 0.104163959622383 0.0997834801673889 0.0980648994445801 0.115192428231239 0.137150183320045 0.140744641423225 0.119380302727222 0.122978337109089 0.135655596852303 0.12938329577446 0.141624629497528 0.144714683294296 0.146615445613861 0.148392170667648 0.143068581819534 0.140351995825768 0.144366949796677 0.15183487534523 0.155494958162308 0.155387461185455 0.157344579696655 0.164671450853348 0.174775436520576 0.181333497166634 0.184013500809669 0.187456473708153 0.194536849856377 0.198233902454376 0.198424473404884 0.197727903723717 0.191163882613182 0.184009194374084 0.177688628435135 0.171615421772003 0.165363982319832 0.159475311636925 0.155458703637123 0.150273993611336 0.143152430653572 0.135047644376755 0.126469925045967 0.120553635060787 0.113776594400406 0.105362936854362 0.0953629016876221 0.090716078877449
-9999 -9999 -9999 -9999 -9999 -9999 -9999 -9999 -9999 -9999 0.0691254958510399 0.0587950497865677 0.102390587329865 0.156989485025406 0.191276133060455 0.196152523159981 0.16108663380146 0.149721562862396 0.156964302062988 0.146101608872414 0.150430887937546 0.151779860258102 0.155954942107201 0.156846016645432 0.151426628232002 0.147900894284248 0.150353386998177 0.157398715615273 0.160698890686035 0.160740971565247 0.16387839615345 0.172217503190041 0.184858024120331 0.193048119544983 0.196917966008186 0.20204296708107 0.208546817302704 0.216044485569 0.221353471279144 0.220252305269241 0.21808810532093 0.217920243740082 0.210653081536293 0.201921910047531 0.192441418766975 0.183921694755554 0.177180126309395 0.168890401721001 0.158723190426826 0.147614568471909 0.137326002120972 0.131876856088638 0.126833945512772 0.11840895563364 0.107175037264824 0.0992495119571686
-9999 -9999 -9999 -9999 -9999 -9999 -9999 -9999 -9999 -9999 -9999 0.0347379930317402 0.0922992452979088 0.200579404830933 0.25046569108963 0.260328829288483 0.218961477279663 0.190323129296303 0.18791575729847 0.162311106920242 0.152825877070427 0.155057221651077 0.162046104669571 0.163735240697861 0.160723671317101 0.157002285122871 0.157375201582909 0.161880403757095 0.164824247360229 0.165340110659599 0.169244557619095 0.17822140455246 0.190793469548225 0.201457053422928 0.209369853138924 0.218507900834084 0.224396869540215 0.231104493141174 0.236316755414009 0.240018680691719 0.240050137042999 0.240332141518593 0.239318341016769 0.234461575746536 0.221490278840065 0.210679858922958 0.201506823301315 0.190592691302299 0.17835845053196 0.164902225136757 0.152505546808243 0.146362528204918 0.137675002217293 0.131876662373543 0.126528933644295 0.121589802205563
