data/03_saidas_enm/CCSM_Maxent_0k_B.balansae3.asc
NCOLS 154 
NROWS 168 
XLLCORNER -112 
YLLCORNER -55.5 
CELLSIZE 0.5 
NODATA_value -9999 
[rows 75 to 99 of 168, columns 56 to 111 of 154]
-9999 -9999 -9999 -9999 -9999 -9999 -9999 -9999 -9999 -9999 -9999 0.033065989613533 0.0858736932277679 0.200218826532364 0.28386577963829 0.298917800188065 0.250303715467453 0.212734386324883 0.20846688747406 0.164640337228775 0.133883476257324 0.127301946282387 0.129645019769669 0.129126667976379 0.126949712634087 0.124813035130501 0.125161334872246 0.127861231565475 0.12983350455761 0.13106295466423 0.135884895920753 0.145290523767471 0.159204751253128 0.172702074050903 0.185118943452835 0.199639186263084 0.211771234869957 0.225140273571014 0.237057492136955 0.246734380722046 0.257677584886551 0.271211296319962 0.284943491220474 0.271098136901855 0.255975335836411 0.242665141820908 0.22985503077507 0.214581161737442 0.197945833206177 0.18012373149395 0.163555905222893 0.152920946478844 0.142478987574577 0.136412560939789 0.134031414985657 0.133691504597664
-9999 -9999 -9999 -9999 -9999 -9999 -9999 -9999 -9999 -9999 -9999 0.0407388471066952 0.0778623521327972 0.169626042246819 0.237226337194443 0.271735966205597 0.229844659566879 0.175254240632057 0.16673769056797 0.183120384812355 0.152604609727859 0.141246885061264 0.137757375836372 0.13495959341526 0.129371762275696 0.124352745711803 0.125914245843887 0.127797499299049 0.129663705825806 0.131041765213013 0.134666323661804 0.144810378551483 0.158673420548439 0.172091200947762 0.183046892285347 0.196853697299957 0.212146177887917 0.227423489093781 0.242124661803246 0.25457963347435 0.267932742834091 0.282879054546356 0.295799136161804 0.306661278009415 0.294042438268661 0.2779461145401 0.264045506715775 0.249860882759094 0.234957277774811 0.218668863177299 0.205816045403481 0.192919015884399 0.182727202773094 0.180454269051552 0.185593381524086 0.197166830301285
-9999 -9999 -9999 -9999 -9999 -9999 -9999 -9999 -9999 -9999 -9999 -9999 0.0689093321561813 0.120595842599869 0.183531925082207 0.218787416815758 0.181012541055679 0.124078296124935 0.110099397599697 0.129254162311554 0.177930384874344 0.171642914414406 0.155179783701897 0.145191431045532 0.13979110121727 0.133726209402084 0.130361914634705 0.128329381346703 0.12808957695961 0.128541320562363 0.132649168372154 0.14159306883812 0.154463395476341 0.167120769619942 0.177960678935051 0.192005425691605 0.208503663539886 0.227331802248955 0.245124205946922 0.259956568479538 0.276806861162186 0.296040892601013 0.315236955881119 0.327370256185532 0.3351049721241 0.319646060466766 0.301223188638687 0.285973817110062 0.273172974586487 0.261783987283707 0.253566473722458 0.243177771568298 0.236496165394783 0.237176984548569 0.244373723864555 0.255206912755966
-9999 -9999 -9999 -9999 -9999 -9999 -9999 -9999 -9999 -9999 -9999 -9999 0.0677597522735596 0.0809930637478828 0.128505885601044 0.188021555542946 0.140189185738564 0.078192912042141 0.0699563473463058 0.0952010825276375 0.136699259281158 0.181781321763992 0.188316002488136 0.176963195204735 0.159987658262253 0.156092450022697 0.137833505868912 0.129087641835213 0.126394703984261 0.125662863254547 0.129416450858116 0.136605709791183 0.146132007241249 0.157592639327049 0.169278934597969 0.183414235711098 0.201346874237061 0.221308127045631 0.243377014994621 0.263098150491714 0.284589767456055 0.310550093650818 0.342965543270111 0.35942617058754 0.362256228923798 0.36962890625 0.34204164147377 0.321823477745056 0.311727374792099 0.306795746088028 0.304328173398972 0.300537496805191 0.297293961048126 0.299469411373138 0.302196949720383 0.309451729059219
-9999 -9999 -9999 -9999 -9999 -9999 -9999 -9999 -9999 -9999 -9999 -9999 -9999 0.0701457336544991 0.0852880999445915 0.110644347965717 0.0977488309144974 0.0701663419604301 0.0679958313703537 0.0847291946411133 0.101826339960098 0.120007492601871 0.165454804897308 0.218096733093262 0.253113299608231 0.204417392611504 0.169622108340263 0.14213852584362 0.125387519598007 0.12374621629715 0.12544196844101 0.131339877843857 0.139133036136627 0.14944352209568 0.161032184958458 0.175088435411453 0.193316474556923 0.214213132858276 0.237390175461769 0.258468240499496 0.286185294389725 0.318163365125656 0.352161169052124 0.375262975692749 0.387342870235443 0.399075984954834 0.379231125116348 0.359187960624695 0.348979622125626 0.352142125368118 0.35892128944397 0.356628865003586 0.353592306375504 0.354234486818314 0.35532808303833 0.361902356147766
-9999 -9999 -9999 -9999 -9999 -9999 -9999 -9999 -9999 -9999 -9999 -9999 -9999 0.0884902998805046 0.0663424208760262 0.0732412114739418 0.0688139423727989 0.0676920861005783 0.0775982216000557 0.0869525596499443 0.0865655019879341 0.0672467052936554 0.0790339037775993 0.103539437055588 0.123830541968346 0.225790828466415 0.243408292531967 0.183828979730606 0.147738590836525 0.131789952516556 0.126295119524002 0.134485349059105 0.135951101779938 0.144570797681808 0.155978187918663 0.167567178606987 0.186783954501152 0.207835644483566 0.231631025671959 0.254121214151382 0.280328333377838 0.316688120365143 0.350907057523727 0.379603832960129 0.403742790222168 0.428393423557281 0.415185838937759 0.386802643537521 0.3803351521492 0.393464058637619 0.407595366239548 0.405627727508545 0.402365624904633 0.400531858205795 0.397412925958633 0.405976086854935
-9999 -9999 -9999 -9999 -9999 -9999 -9999 -9999 -9999 -9999 -9999 -9999 -9999 -9999 0.0747905969619751 0.0449777953326702 0.0497108958661556 0.0716389343142509 0.0859348699450493 0.0743964985013008 0.048380371183157 0.0223854575306177 0.0172624569386244 0.0153780337423086 0.0182724129408598 0.0432908982038498 0.0863317921757698 0.18111090362072 0.262661218643188 0.213628038764 0.167716935276985 0.150236085057259 0.148873046040535 0.148950636386871 0.15539339184761 0.165362760424614 0.181865528225899 0.202989414334297 0.22623348236084 0.249820858240128 0.277289062738419 0.308235466480255 0.341969907283783 0.375234514474869 0.403393745422363 0.428524881601334 0.438348770141602 0.425253182649612 0.421816885471344 0.432811737060547 0.445854187011719 0.445429712533951 0.441058248281479 0.435024261474609 0.423323750495911 0.422339498996735
-9999 -9999 -9999 -9999 -9999 -9999 -9999 -9999 -9999 -9999 -9999 -9999 -9999 -9999 0.0930520966649055 0.0375626720488071 0.0456717424094677 0.081918977200985 0.094714418053627 0.0596692562103271 0.0298552569001913 0.0194309204816818 0.0147274751216173 0.0123241869732738 0.0114073613658547 0.0130670862272382 0.0125676700845361 0.0404676273465157 0.101121857762337 0.152615860104561 0.239812970161438 0.202299579977989 0.172282502055168 0.15702959895134 0.15342390537262 0.158693864941597 0.170112207531929 0.187642589211464 0.209969341754913 0.237368524074554 0.274265736341476 0.302711427211761 0.331224381923676 0.363817870616913 0.398981302976608 0.427233934402466 0.441616863012314 0.453073501586914 0.462102562189102 0.469209909439087 0.481759041547775 0.473131895065308 0.468458861112595 0.460273116827011 0.439973771572113 0.425896465778351
-9999 -9999 -9999 -9999 -9999 -9999 -9999 -9999 -9999 -9999 -9999 -9999 -9999 -9999 -9999 0.0804150030016899 0.0712372288107872 0.0850734040141106 0.0792886465787888 0.0490207299590111 0.0198459085077047 0.0136879645287991 0.0108674457296729 0.00963228568434715 0.00964631419628859 0.0092512471601367 0.0094728684052825 0.00992223992943764 0.0115400608628988 0.0300754215568304 0.124659612774849 0.257249176502228 0.220925971865654 0.182240709662437 0.16500623524189 0.1582340747118 0.163795411586761 0.174100860953331 0.191051423549652 0.213835522532463 0.243708699941635 0.288131207227707 0.329314529895782 0.361315727233887 0.392674714326859 0.422151029109955 0.446251422166824 0.467844307422638 0.48525270819664 0.492350041866302 0.487798422574997 0.48016831278801 0.475704491138458 0.466504633426666 0.452221244573593 0.442989349365234
-9999 -9999 -9999 -9999 -9999 -9999 -9999 -9999 -9999 -9999 -9999 -9999 -9999 -9999 -9999 0.0308101754635572 0.0801713019609451 0.107072107493877 0.0845217034220695 0.0517366342246532 0.0248534940183163 0.0145315984264016 0.0127228088676929 0.0115094352513552 0.0116480588912964 0.00996378436684608 0.0108417011797428 0.0125580886378884 0.0133418943732977 0.0164821036159992 0.0624614432454109 0.171675771474838 0.301741242408752 0.235918760299683 0.201388493180275 0.173146650195122 0.1733667999506 0.173329070210457 0.183012008666992 0.201115950942039 0.222924664616585 0.276680678129196 0.331602185964584 0.360324531793594 0.388975709676743 0.420495063066483 0.449088424444199 0.478992611169815 0.492306888103485 0.489969998598099 0.486938327550888 0.472943156957626 0.467068433761597 0.457136422395706 0.446475595235825 0.449735850095749
-9999 -9999 -9999 -9999 -9999 -9999 -9999 -9999 -9999 -9999 -9999 -9999 -9999 -9999 -9999 0.031122675165534 0.0471183024346828 0.0967790111899376 0.104031302034855 0.0841553211212158 0.062829315662384 0.0430759415030479 0.0302317421883345 0.0235728994011879 0.0200508683919907 0.0195713173598051 0.0167690720409155 0.0151222664862871 0.0153927253559232 0.0179152619093657 0.0306744538247585 0.103723265230656 0.275968044996262 0.354097127914429 0.284091830253601 0.231187075376511 0.20655982196331 0.196826130151749 0.2015630453825 0.216471672058105 0.241100639104843 0.28888538479805 0.340056210756302 0.361414700746536 0.384433567523956 0.411840409040451 0.444276928901672 0.475905686616898 0.483950316905975 0.468771904706955 0.455105930566788 0.450055509805679 0.433865994215012 0.423718363046646 0.423718214035034 0.419733673334122
-9999 -9999 -9999 -9999 -9999 -9999 -9999 -9999 -9999 -9999 -9999 -9999 -9999 -9999 -9999 -9999 0.0316928587853909 0.0389142781496048 0.0821333825588226 0.150847554206848 0.126191452145576 0.100092455744743 0.0925994142889977 0.0807473510503769 0.0573915243148804 0.0497098229825497 0.0240419544279575 0.0199090745300055 0.0164002384990454 0.0170412696897984 0.0216409992426634 0.0539770759642124 0.167446583509445 0.318484753370285 0.417492479085922 0.324616760015488 0.280328869819641 0.248859867453575 0.244631126523018 0.259963661432266 0.281047284603119 0.322861731052399 0.353869169950485 0.365299582481384 0.380442321300507 0.400646388530731 0.426529258489609 0.452621668577194 0.453683435916901 0.435396373271942 0.422166734933853 0.418393015861511 0.415064215660095 0.42560938000679 0.428969204425812 0.421735882759094
-9999 -9999 -9999 -9999 -9999 -9999 -9999 -9999 -9999 -9999 -9999 -9999 -9999 -9999 -9999 -9999 -9999 0.0336484350264072 0.0458633899688721 0.0815338417887688 0.143192812800407 0.144041195511818 0.111046925187111 0.0938432067632675 0.109606221318245 0.116606868803501 0.0807627588510513 0.0558592155575752 0.0376355312764645 0.0217860527336597 0.0165567044168711 0.0285059381276369 0.0605386272072792 0.135000064969063 0.281590342521667 0.444724887609482 0.385052919387817 0.333184659481049 0.312694787979126 0.322865396738052 0.353683799505234 0.367295742034912 0.36855536699295 0.373197823762894 0.378036677837372 0.387595534324646 0.399661034345627 0.396860361099243 0.397255927324295 0.402693092823029 0.400014728307724 0.405896574258804 0.42091828584671 0.447139054536819 0.474527984857559 0.479292005300522
-9999 -9999 -9999 -9999 -9999 -9999 -9999 -9999 -9999 -9999 -9999 -9999 -9999 -9999 -9999 -9999 -9999 -9999 -9999 0.0321576297283173 0.0390520468354225 0.0918116495013237 0.119030572474003 0.104703970253468 0.125316321849823 0.15334689617157 0.149909004569054 0.131163865327835 0.0934954285621643 0.0459433309733868 0.0212394874542952 0.0221417956054211 0.0295615252107382 0.0438928231596947 0.125300794839859 0.293566852807999 0.397762566804886 0.442477643489838 0.384983032941818 0.371827602386475 0.373018115758896 0.376767009496689 0.377396196126938 0.378578394651413 0.377465605735779 0.378033220767975 0.378818243741989 0.371398478746414 0.373387902975082 0.387246787548065 0.393934309482574 0.413915902376175 0.44297668337822 0.474986732006073 0.508876144886017 0.516670763492584
-9999 -9999 -9999 -9999 -9999 -9999 -9999 -9999 -9999 -9999 -9999 -9999 -9999 -9999 -9999 -9999 -9999 -9999 -9999 -9999 -9999 0.0384243093430996 0.0639203488826752 0.121932461857796 0.116051733493805 0.110227890312672 0.142748326063156 0.174631208181381 0.150796666741371 0.090400755405426 0.0519059225916862 0.0259438436478376 0.0249375458806753 0.0300995092839003 0.0415134578943253 0.0991477891802788 0.217044934630394 0.391977339982986 0.477266401052475 0.43395870923996 0.392780154943466 0.38420245051384 0.38304415345192 0.379987806081772 0.380582690238953 0.379746824502945 0.384703546762466 0.389930456876755 0.396401435136795 0.405762881040573 0.422072440385818 0.447975546121597 0.478402018547058 0.507505118846893 0.530761241912842 0.522185504436493
-9999 -9999 -9999 -9999 -9999 -9999 -9999 -9999 -9999 -9999 -9999 -9999 -9999 -9999 -9999 -9999 -9999 -9999 -9999 -9999 -9999 -9999 -9999 0.0558730773627758 0.135737121105194 0.11506076157093 0.146466270089149 0.209923431277275 0.207950279116631 0.170164480805397 0.117596179246902 0.0539965927600861 0.0265173241496086 0.0278346352279186 0.0326868295669556 0.0387746058404446 0.0954718887805939 0.23254519701004 0.390279442071915 0.512538611888885 0.433496028184891 0.395121216773987 0.378291368484497 0.376563519239426 0.383250772953033 0.392195254564285 0.404304057359695 0.416632682085037 0.428549379110336 0.444324612617493 0.465881109237671 0.484167248010635 0.507202625274658 0.529589235782623 0.542639076709747 0.533367276191711
-9999 -9999 -9999 -9999 -9999 -9999 -9999 -9999 -9999 -9999 -9999 -9999 -9999 -9999 -9999 -9999 -9999 -9999 -9999 -9999 -9999 -9999 -9999 -9999 -9999 0.0637209638953209 0.147066920995712 0.193383634090424 0.236232653260231 0.259842544794083 0.234626978635788 0.14032931625843 0.069111056625843 0.0389850437641144 0.0305861253291368 0.03107975050807 0.0421697348356247 0.0990368351340294 0.227507740259171 0.443022429943085 0.499853909015656 0.435730814933777 0.393525630235672 0.386964619159698 0.404651403427124 0.419675529003143 0.435489147901535 0.449791461229324 0.465950936079025 0.489108294248581 0.507956266403198 0.517929196357727 0.525761187076569 0.540301918983459 0.558954179286957 0.552237033843994
-9999 -9999 -9999 -9999 -9999 -9999 -9999 -9999 -9999 -9999 -9999 -9999 -9999 -9999 -9999 -9999 -9999 -9999 -9999 -9999 -9999 -9999 -9999 -9999 -9999 0.0247176717966795 0.0584527403116226 0.171794280409813 0.261315286159515 0.354203373193741 0.337882876396179 0.273517787456512 0.200438156723976 0.120656482875347 0.0599298812448978 0.0350331962108612 0.0455274805426598 0.0714903846383095 0.161092013120651 0.374336123466492 0.546546518802643 0.461562365293503 0.408277332782745 0.397057682275772 0.409187018871307 0.427470088005066 0.447895497083664 0.468931645154953 0.489032059907913 0.509769678115845 0.530163109302521 0.548347473144531 0.548926293849945 0.558965504169464 0.57614666223526 0.569050014019012
-9999 -9999 -9999 -9999 -9999 -9999 -9999 -9999 -9999 -9999 -9999 -9999 -9999 -9999 -9999 -9999 -9999 -9999 -9999 -9999 -9999 -9999 -9999 -9999 -9999 -9999 -9999 0.0455307066440582 0.118549726903439 0.295081585645676 0.410369843244553 0.37793818116188 0.340262293815613 0.277330935001373 0.178901955485344 0.12844543159008 0.0894084125757217 0.086424246430397 0.155901893973351 0.35181325674057 0.5581134557724 0.498392641544342 0.433994054794312 0.413340061903 0.415478199720383 0.428783625364304 0.448324680328369 0.469332575798035 0.490379482507706 0.514505386352539 0.536872088909149 0.552862465381622 0.569580376148224 0.582021176815033 0.598363816738129 0.585017085075378
-9999 -9999 -9999 -9999 -9999 -9999 -9999 -9999 -9999 -9999 -9999 -9999 -9999 -9999 -9999 -9999 -9999 -9999 -9999 -9999 -9999 -9999 -9999 -9999 -9999 -9999 -9999 0.0212734956294298 0.0574174784123898 0.170748740434647 0.37072080373764 0.434350192546844 0.441495627164841 0.391563236713409 0.309802681207657 0.226273402571678 0.151065900921822 0.11994880437851 0.170054078102112 0.334185630083084 0.533701837062836 0.53400182723999 0.464475750923157 0.432044237852097 0.425623059272766 0.434328436851501 0.451641350984573 0.471964001655579 0.492673307657242 0.515730440616608 0.537376582622528 0.553675532341003 0.56938374042511 0.586278021335602 0.605440557003021 0.587337732315063
-9999 -9999 -9999 -9999 -9999 -9999 -9999 -9999 -9999 -9999 -9999 -9999 -9999 -9999 -9999 -9999 -9999 -9999 -9999 -9999 -9999 -9999 -9999 -9999 -9999 -9999 -9999 -9999 0.0349989458918571 0.106706082820892 0.263338565826416 0.391304224729538 0.447826683521271 0.455018013715744 0.392677217721939 0.307432770729065 0.201466843485832 0.142007485032082 0.176413372159004 0.323087304830551 0.519174456596375 0.566750466823578 0.489580601453781 0.45002281665802 0.438195288181305 0.439410775899887 0.458140432834625 0.477161824703217 0.496347397565842 0.519728064537048 0.537982165813446 0.553251206874847 0.56738018989563 0.584545254707336 0.607726275920868 0.591798603534698
-9999 -9999 -9999 -9999 -9999 -9999 -9999 -9999 -9999 -9999 -9999 -9999 -9999 -9999 -9999 -9999 -9999 -9999 -9999 -9999 -9999 -9999 -9999 -9999 -9999 -9999 -9999 -9999 0.0289915427565575 0.080981507897377 0.22880831360817 0.379542917013168 0.437676519155502 0.462001770734787 0.421994656324387 0.325712203979492 0.212742000818253 0.146492496132851 0.170790806412697 0.305114567279816 0.484985589981079 0.584608554840088 0.502068817615509 0.463408321142197 0.457983165979385 0.461210966110229 0.472938030958176 0.484438866376877 0.501654982566833 0.523910105228424 0.541899085044861 0.554621338844299 0.568088352680206 0.585563123226166 0.608794152736664 0.597508192062378
-9999 -9999 -9999 -9999 -9999 -9999 -9999 -9999 -9999 -9999 -9999 -9999 -9999 -9999 -9999 -9999 -9999 -9999 -9999 -9999 -9999 -9999 -9999 -9999 -9999 -9999 -9999 -9999 0.0307231992483139 0.0777223631739616 0.219621002674103 0.396375834941864 0.423516839742661 0.436012119054794 0.399669975042343 0.315558940172195 0.198373049497604 0.122427247464657 0.14380756020546 0.28083747625351 0.453747302293777 0.592837929725647 0.505587875843048 0.46123269200325 0.453541696071625 0.45919993519783 0.486783802509308 0.491552591323853 0.505300760269165 0.529937922954559 0.548508107662201 0.559049010276794 0.57110857963562 0.586973011493683 0.610936999320984 0.603317141532898
-9999 -9999 -9999 -9999 -9999 -9999 -9999 -9999 -9999 -9999 -9999 -9999 -9999 -9999 -9999 -9999 -9999 -9999 -9999 -9999 -9999 -9999 -9999 -9999 -9999 -9999 -9999 -9999 0.0327736511826515 0.0985202342271805 0.307575881481171 0.440367877483368 0.451761931180954 0.418313711881638 0.373253643512726 0.27388533949852 0.163085222244263 0.105040818452835 0.128769904375076 0.258871078491211 0.446828633546829 0.589554607868195 0.50382137298584 0.45417109131813 0.439018398523331 0.446399360895157 0.47663226723671 0.502748489379883 0.514651775360107 0.534694194793701 0.553677082061768 0.56455796957016 0.576030850410461 0.591709494590759 0.613248527050018 0.616237640380859
-9999 -9999 -9999 -9999 -9999 -9999 -9999 -9999 -9999 -9999 -9999 -9999 -9999 -9999 -9999 -9999 -9999 -9999 -9999 -9999 -9999 -9999 -9999 -9999 -9999 -9999 -9999 -9999 0.0340180955827236 0.134044304490089 0.391223043203354 0.478192687034607 0.458720356225967 0.404711902141571 0.350481241941452 0.234271660447121 0.13702055811882 0.0825801640748978 0.108494572341442 0.255111187696457 0.454780042171478 0.580750703811646 0.490099012851715 0.440179467201233 0.427462577819824 0.435042917728424 0.455420225858688 0.493382811546326 0.520376861095428 0.539355993270874 0.558280766010284 0.567300021648407 0.578330397605896 0.592845439910889 0.614077866077423 0.629593849182129
