data/03_saidas_enm/CCSM_Maha_0k_B.balansae2.asc
NCOLS 154 
NROWS 168 
XLLCORNER -112 
YLLCORNER -55.5 
CELLSIZE 0.5 
NODATA_value -9999 
[rows 50 to 74 of 168, columns 56 to 111 of 154]
-9999 -9999 -9999 -9999 -9999 -9999 -9999 -9999 -9999 -9999 -9999 -9999 -9999 -1227.05628142636 -720.369441060691 -373.822455221607 -194.272162087754 -107.890119067952 -80.3913680683025 -66.6451039544797 -72.9021885380955 -71.8155415465516 -79.7194421285056 -94.5533598854244 -129.049704814806 -166.144515268918 -205.268563960366 -274.116738691949 -338.533993365192 -413.004086264971 -467.925310085561 -408.303438653567 -323.20282200343 -219.661417639554 -117.535459380774 -54.2431379609975 -30.6818329539981 -22.8663429321954 -19.5186136255556 -16.0806302933172 -8.17022615640807 -10.685972491884 -9.67304978634842 -10.8191505651913 -11.9515438260232 -9.04947954940982 -11.7350861800131 -13.0246152362253 -15.5504180389549 -19.9907635200597 -19.7305765271678 -24.6061632870088 -23.0664181622592 -22.9889244193162 -21.4529577376566 -16.8327199024929
-9999 -9999 -9999 -9999 -9999 -9999 -9999 -9999 -9999 -9999 -9999 -9999 -9999 -582.305441137246 -402.22799143855 -274.995651853778 -163.374748244475 -102.290953960596 -77.8415794441167 -72.2970847588013 -72.1721040153944 -80.6677931336719 -87.4089576561568 -102.654394541272 -131.709870093701 -169.624115164662 -223.632920381287 -293.580099320307 -374.598111439906 -465.256946594923 -514.716443043302 -478.313013713566 -386.594971618462 -265.970102175398 -151.406298915551 -83.1877820399885 -38.6688175163589 -20.767157692192 -16.6288331093599 -13.9670272589895 -10.9510908925837 -11.4596113865927 -11.3626759795176 -13.0833479178454 -13.0176592394383 -10.9703508004556 -12.6557099517405 -14.0351643167618 -16.6107287239689 -20.7814101613431 -19.3889137499361 -19.2869407990999 -19.667338343723 -21.26359086005 -18.4046945245304 -14.0049212344278
-9999 -9999 -9999 -9999 -9999 -9999 -9999 -9999 -9999 -9999 -9999 -548.28014378782 -386.658724367059 -283.251768302042 -209.940574426863 -191.654399053413 -143.209941444203 -100.571034287016 -88.6880618065676 -88.5927346801454 -95.1992025668405 -106.74406270561 -123.925659777536 -149.697036690123 -193.146725730105 -241.380927035702 -307.30571451518 -385.114093683292 -468.31516300227 -559.179430110011 -606.080794369158 -536.482536356014 -426.376641448325 -296.208350226942 -171.911093237883 -98.5993909053474 -56.1938602682806 -27.489435067263 -19.0853122753397 -17.2751668878459 -15.7804925738201 -15.6711847805278 -14.8411213034182 -15.5666962415458 -18.1780490402 -17.7050869367895 -19.3135322504124 -20.8778382592919 -20.7382164400535 -18.987647345835 -18.4882762911594 -18.3581150733081 -19.3873420512794 -21.7952212329894 -16.7717044772187 -12.6761277553433
-9999 -9999 -9999 -9999 -9999 -9999 -9999 -9999 -9999 -9999 -488.288331240854 -323.489159036098 -206.671840716853 -169.931038613144 -171.906515284853 -176.677190266035 -159.011400429297 -125.287311574184 -110.00952292301 -112.863086571712 -123.348613123701 -145.99604168211 -176.784733706873 -213.596204113556 -262.202234177451 -322.269582468138 -397.26220027066 -481.836064991803 -566.071725635701 -634.580234747771 -653.094209866277 -567.284171480203 -436.432265836723 -299.256111059694 -180.635730786171 -105.139116637838 -64.5325282533236 -37.8940294712736 -25.5431422190317 -20.7383006479303 -20.2137737603895 -19.5421671233509 -18.9553707806618 -19.3313504367959 -21.8577303960628 -22.8546702027731 -24.0736100970502 -24.2312988442355 -24.3208824033543 -23.4072627901424 -22.3212984152659 -22.9161489679469 -23.7877808925593 -26.3619516191037 -17.7856387457142 -13.6838234657087
-9999 -9999 -9999 -9999 -9999 -9999 -9999 -9999 -9999 -9999 -265.305656885806 -163.443109212884 -122.429057610941 -117.421216075272 -132.673543517126 -180.361929160679 -197.543495292033 -158.918300467889 -145.63157224209 -157.907424737284 -168.971476949022 -202.642424376074 -242.152594405364 -286.178460300853 -347.035441530681 -413.332015875681 -492.949845725191 -579.63931689349 -605.070417595895 -595.928460828503 -632.920222105555 -571.069914051806 -442.396775328318 -305.604055676195 -187.029276351742 -112.4705445016 -77.639596159257 -51.1000755970259 -37.9222002169333 -29.1709870383849 -24.5244729994418 -23.3491971968516 -22.9510319920599 -23.3033466793116 -25.2487732120725 -27.5695663024408 -29.6946742459898 -30.212622006243 -30.9561987495779 -32.8737327876083 -32.5367802182091 -34.2107259136947 -35.0362354932162 -34.9686405442926 -20.8082198711354 -14.7136328848119
-9999 -9999 -9999 -9999 -9999 -9999 -9999 -9999 -350.306457580882 -208.916284301008 -130.334069084616 -99.2698188016899 -89.6259364019096 -95.275055880022 -122.353334190427 -160.73957300685 -197.764922630466 -199.628940296127 -193.966747328677 -218.933946694003 -253.495453049084 -283.444893076844 -315.341769663867 -363.057728797082 -433.589555298997 -454.687937842507 -474.137263761214 -472.314457081402 -481.909820659022 -497.512236824239 -494.183973765233 -474.413697984542 -436.737466885657 -314.513205495662 -205.258845801508 -131.18326672638 -91.4263653465282 -69.2988432333725 -56.6740925677235 -47.8464838642691 -42.7763957287394 -38.0049899388223 -36.1772656486864 -35.6297319259913 -38.1320774110192 -42.2314616654688 -48.2065445763046 -55.2576930778489 -59.5253701086731 -60.2132696680125 -60.6665745577175 -58.8777360147669 -59.0248059894636 -53.597710868358 -28.0880909106105 -15.2786502361795
-9999 -9999 -9999 -9999 -9999 -9999 -9999 -9999 -253.299338478494 -133.575336663056 -66.9526680098346 -70.3384379670119 -79.4178662261417 -89.9720895694061 -111.867340239565 -145.018761770416 -167.022271040834 -199.334177575554 -216.509552728275 -247.483336622648 -286.370025046036 -306.189552288856 -326.781997032595 -332.551098638018 -347.490444054148 -360.635912523439 -368.103599653707 -381.523416074763 -383.603384437537 -378.82472994251 -372.936424154886 -362.679838160933 -352.112665640769 -332.867668812994 -227.921577195544 -157.432626928083 -117.328839893707 -89.7832938748142 -76.7285904213196 -69.8749122746707 -67.2466498832821 -67.1990640244124 -67.0454937653212 -68.7745194299091 -74.8232598728082 -79.8030214179059 -89.7254670836977 -97.2872534178811 -103.613811471063 -109.17296955723 -107.975761789365 -102.803793032878 -93.5179342385508 -71.8614022553638 -36.6297035134529 -18.0794950195683
-9999 -9999 -9999 -9999 -9999 -9999 -9999 -297.566351060767 -190.127330447152 -98.2223653606272 -59.3608006530594 -68.2171016303883 -76.6522824559893 -79.5604733505058 -95.5504736599173 -128.51702745794 -142.807298603395 -162.635414930646 -176.982648533887 -209.3720654876 -242.027547958161 -252.439716280359 -264.682327993517 -269.827082025143 -281.595931533017 -296.231904882115 -297.261346831927 -295.120877982404 -297.081299032108 -298.30103066207 -298.937326533083 -293.065583714285 -285.555013060829 -274.184558318611 -260.320557510305 -197.702934875063 -153.692422333286 -123.8117498216 -110.819907317877 -109.477091129174 -109.573882538074 -115.737696833444 -121.901420340467 -125.738735627333 -132.621894599646 -141.999130857807 -155.677595501547 -166.092624836887 -173.937849835312 -174.547812587083 -165.546822170718 -152.433940711612 -131.430228691685 -90.6419045431152 -45.4534091898327 -20.8407515739278
-9999 -9999 -9999 -9999 -9999 -9999 -9999 -236.661362543868 -141.561525345099 -69.0011249425643 -55.5495917596625 -69.412773951637 -75.793773116169 -72.1633525961053 -80.7555170846619 -101.817738370998 -114.892599748789 -131.67076840349 -143.79919062897 -162.733787286772 -185.598370610007 -199.363249146325 -212.92541188037 -213.058884999058 -213.105844794455 -222.132558660782 -222.760367640087 -230.322793392424 -228.729700947415 -220.130169551351 -221.500641226909 -220.603517192936 -227.558621613169 -229.581301127155 -230.333876338666 -241.264769032033 -206.708647323893 -181.893191880259 -174.048789765541 -179.492836296891 -184.151153538264 -198.578432766174 -207.31829204335 -216.192562135483 -234.084696432833 -248.156613166555 -265.3012715227 -261.342164660411 -251.383893759161 -227.582131448576 -208.751769948284 -182.095598244436 -158.925876544191 -113.089090705446 -62.7384433181677 -30.2560696952821
-9999 -9999 -9999 -9999 -9999 -9999 -283.15690057965 -176.011814602231 -99.4568590298284 -53.4654205665676 -56.3583400806449 -67.3710748062986 -70.908336539935 -68.4410199382505 -70.0523542202135 -85.3183440482206 -89.8323114570756 -99.2915584006548 -110.423056487564 -128.721361491205 -148.294077836771 -156.384097128018 -160.508780809275 -160.719746113278 -167.529662295494 -171.624248736753 -175.30104844049 -173.714377402738 -171.452765955847 -175.944539038573 -174.281624687072 -178.100126965536 -179.704997181641 -182.202574963206 -194.391321907038 -205.008440071575 -220.25599028721 -231.830367783424 -246.127334762551 -257.70710406366 -264.298177721938 -266.088082071421 -258.207835545046 -244.596963789863 -241.904700776715 -231.726569250302 -228.486129034036 -217.647044599703 -208.244251051222 -196.805576911496 -179.902857992188 -159.690737445073 -135.914756239156 -118.292026723476 -79.5567820245779 -44.4714397387322
-9999 -9999 -9999 -9999 -9999 -9999 -237.731379646942 -140.584321112968 -79.8657141156765 -43.0712166479289 -45.8821021296999 -57.8564422274537 -61.7897486268725 -59.4849727075898 -58.90775502029 -67.5028936241328 -74.9298108195036 -80.922386265225 -88.1849290968332 -101.457209610861 -113.927043334417 -120.377595189505 -125.084322389454 -126.656620777224 -130.054415190396 -135.562057677136 -133.116648785176 -129.32589855904 -127.507167687203 -128.662962431233 -132.245109402799 -134.718359441613 -140.003836112389 -144.435879348019 -151.312753103007 -164.297618459783 -174.448310227585 -187.202844968345 -194.22754300661 -197.857379214597 -204.028794175129 -199.298798857097 -194.118601376773 -189.839448161337 -184.527241057417 -181.82574350509 -174.736221047166 -170.443079935597 -163.951088537504 -152.273525780325 -141.351778051092 -125.031722583753 -110.932386137063 -99.9850351078465 -92.2292297753126 -67.4414629007197
-9999 -9999 -9999 -9999 -9999 -9999 -215.824320128721 -131.61381568306 -70.4680349914123 -37.402313353098 -32.1272372597539 -44.406606329268 -51.8047463205622 -51.5533619861389 -50.5107850870368 -59.5333686871497 -63.075902717637 -70.0085234034683 -77.227296826858 -86.3953356683311 -96.3930141357912 -100.753394647738 -102.863295365068 -103.749068196628 -107.837601769336 -109.101970148532 -108.046161974785 -102.827406173479 -98.2848178651391 -102.973835161859 -104.106453624631 -109.175580367073 -112.026099502657 -116.55742163163 -124.686608712659 -131.483224437508 -141.288383425526 -147.658670468209 -152.775460123247 -156.825785442198 -155.138721443101 -153.44216905673 -149.111259585947 -147.238256116993 -146.337554321854 -141.345523215974 -138.435632998328 -131.126422422753 -125.295974547366 -119.321004538933 -109.425133115386 -102.387361466051 -93.0011249946998 -84.1484736514784 -81.2626421439845 -78.6442560663225
-9999 -9999 -9999 -9999 -9999 -9999 -9999 -122.569080866592 -65.4406728896483 -33.8709740682677 -24.538539385817 -34.5041471009763 -42.0102386933669 -42.3493061939896 -41.4967274693981 -46.0898032869863 -51.0270252895054 -58.3466090083479 -65.2641388694636 -70.1533911546095 -75.7877804807844 -78.8248961246628 -81.1692980342713 -82.0212168588355 -82.5303159837999 -83.2667450570436 -80.8286496217657 -78.4485086368498 -75.5545777363608 -76.2440997480054 -79.5911065375798 -82.3138224682164 -86.6027981957304 -89.6857214912785 -93.2471535295892 -99.6094319161951 -104.553363798368 -110.074086253409 -112.509499938712 -111.502231374775 -110.936571226836 -108.867998703461 -108.162999659932 -105.778781256553 -101.797686744706 -100.191620909163 -95.2141258545952 -92.4352644691359 -88.6420046343648 -83.1287979578394 -78.8177439542513 -73.5642480281032 -70.4978077385767 -66.9808563039888 -64.3682386425191 -65.2228161474153
-9999 -9999 -9999 -9999 -9999 -9999 -9999 -9999 -60.7771230577151 -29.3657845065231 -19.5158122937016 -28.6486237147428 -35.3988700644834 -36.1947411176618 -35.1828002516767 -37.9324651489991 -41.5935385348017 -48.4775801081044 -54.5695115372047 -59.5334079612656 -62.9565852347523 -64.4285581116316 -65.4174088559701 -65.780170491309 -65.9596385636129 -65.1016597091936 -63.6912515082025 -61.5477440653542 -60.0628705083944 -60.4583280458153 -62.4260817937186 -65.7832897854795 -68.4749786367939 -71.2052903847764 -74.8239811539929 -77.4141888567001 -80.5714973149467 -82.5023785659621 -83.8188304089631 -84.968464369935 -83.634587309283 -82.9534916011791 -79.7271987563849 -81.7928402241603 -84.6040894545955 -87.473784553531 -88.44645542853 -88.7457946832775 -87.259114725091 -82.8521722697173 -78.4641215104651 -70.6748996089756 -64.0606150871937 -57.7643413181877 -53.4298346261184 -53.0056066522014
-9999 -9999 -9999 -9999 -9999 -9999 -112.6731514976 -74.0274928965353 -45.7190129371373 -24.1762103502546 -21.883732247462 -27.9817231364564 -31.0280242210061 -30.3838138416391 -28.0086423911344 -28.6708392866386 -32.330185130105 -38.5926481814824 -43.7128608345135 -46.5789872146215 -50.1608151198051 -50.7646953232655 -51.3561465070368 -51.3417801196392 -50.3347795112252 -49.6410011936243 -48.5043133059513 -47.8912401254647 -45.0715389751566 -43.1184274979134 -43.8183367249391 -46.7437288600823 -50.492883868567 -53.6291744519872 -56.5847274670055 -58.6079779576571 -59.5347374956479 -60.9174058058004 -61.1852600291959 -63.1314983664825 -67.171513670295 -69.9271646769346 -73.8565157101081 -77.2492183015467 -79.1765089572764 -81.9861358080417 -81.953752990356 -82.0879024808635 -80.1841807979176 -75.2879223626244 -70.8863610558837 -63.8097761858531 -58.04198030523 -53.0597236604806 -49.2555457636604 -48.4581970112376
-9999 -9999 -9999 -9999 -9999 -111.84937833398 -66.0791796385976 -49.8162123082666 -33.2350530950297 -22.1205599530524 -28.50713459216 -29.3687590260948 -28.6666892316891 -26.5317223173393 -23.7900737096216 -21.9280742067873 -24.5666660506709 -29.4163613250964 -33.152956781613 -34.9482149376111 -35.9365684557693 -38.2669503348592 -40.253303411628 -40.8281536494379 -39.5247015995144 -37.534196100524 -35.6466016080043 -33.519943887697 -31.8849616073412 -31.4466861195163 -31.2672348762735 -32.2329843031795 -34.1711506740369 -36.6567681932287 -40.5855196652931 -44.7463708324307 -47.3623201669926 -49.3966251992838 -52.2273135000311 -56.3154717971187 -61.6230142466263 -64.884239893385 -68.8920551142933 -72.2047109244992 -73.9309580076016 -76.4965411334556 -75.2615820603003 -73.7575229441336 -71.6194373380308 -67.9028823488654 -63.9913093908332 -58.2846924304052 -52.4605656695942 -48.9895651762273 -47.4089479442777 -47.6226792827904
-9999 -9999 -9999 -9999 -9999 -68.9265042159017 -42.3634427675682 -40.2761131628185 -24.5061544775036 -23.7503583519195 -30.0510908039955 -33.7887754160676 -30.3088992409397 -25.2334576252481 -20.5970540958503 -17.2559187780055 -18.1310359964256 -21.0669689923887 -23.3722528646211 -23.5252771541607 -24.0898752466494 -25.3438114034761 -26.4863484590939 -26.9192935396366 -25.837724378905 -24.7924516049477 -23.4326388218683 -22.456582867069 -21.8589867321556 -21.7691958714608 -22.5294303410726 -23.6080060156874 -25.7480157758307 -28.3126789240254 -31.9293675540161 -37.0854413350799 -39.1790554834029 -41.4187605429937 -44.2245526513721 -47.7232010668803 -52.6810093680903 -56.1508080623268 -60.2609495653704 -63.2255430887174 -64.1226403755593 -65.3877578945607 -64.0441363512899 -62.9682882871533 -61.1790288798275 -58.1001467628488 -55.7284365451896 -51.6795912506732 -48.7700439009327 -46.714754664001 -45.5337734942617 -46.3670922642332
-9999 -9999 -9999 -9999 -9999 -9999 -30.2191216471927 -28.7584423931898 -22.4675459686818 -30.3340284770792 -38.4893735984999 -45.277527142604 -40.1473252730548 -31.9593754995019 -24.5371997246986 -18.468025155693 -16.3177074121289 -16.4438195161645 -16.3456211349581 -15.994309642893 -16.2483766816335 -16.6365373589809 -16.7363816525307 -16.5494189412238 -16.1056778980428 -15.6350904070362 -14.9047079474944 -14.2292696841581 -14.0488402332373 -14.4505061604298 -15.3994475146906 -16.5550519037162 -18.4684154790671 -20.7484053809021 -24.1459063756345 -29.2120239516781 -31.8340527158478 -33.5161808769373 -35.7259686260325 -38.6272230566111 -43.4368763618326 -45.7516827126088 -49.295391472089 -51.6909326318882 -52.1988113874561 -53.6732611220001 -51.7355879560119 -50.8169983044624 -49.4875155899593 -47.5256737392674 -47.3562832485489 -44.9022788023793 -44.2789056064329 -43.9618352315299 -43.5888244305893 -45.1172546705196
-9999 -9999 -9999 -9999 -9999 -9999 -25.7977333011185 -23.0855703377955 -19.3325140771364 -40.4808288459749 -56.5882694145776 -63.5395231025214 -58.2391202417217 -46.2039253604373 -33.7782219855585 -25.0709923785895 -19.7788414008886 -16.7799322432248 -14.2757241158801 -13.0313608708518 -12.7405467258984 -12.2510551815152 -11.2779085320239 -10.787445076202 -10.6714448721811 -10.6488878563332 -9.92715474924576 -9.19049711265931 -9.13206876595664 -9.66149542274664 -10.6713446893528 -11.3719113189098 -12.5641593617384 -14.3837055110374 -17.1129485413239 -21.1348392946711 -25.1031688815912 -27.0473984271422 -28.2766621871971 -30.305471762341 -33.2598144519807 -35.4822982835785 -37.9585305382609 -39.7667302066889 -40.3723226336239 -40.9256039028941 -40.0856100818651 -39.2680468345463 -38.4582661888911 -37.4326279334051 -37.3071618718882 -37.7133025123488 -39.168322073748 -40.4753756042657 -41.8923560011641 -44.5619297634014
-9999 -9999 -9999 -9999 -9999 -9999 -29.8836154218767 -21.246115062404 -18.6942806907902 -44.5335333144537 -74.3049643507815 -82.0998702679424 -80.2252459363818 -64.4371463897477 -46.5604711312783 -33.6930471255683 -24.3225943813102 -19.0154666793298 -14.8043613495162 -12.0885810055484 -11.301366927579 -10.2590175644601 -9.55237077404703 -8.83522529970994 -8.296341846993 -8.26599222176084 -7.5446109529842 -6.85691070148175 -6.57488510436407 -6.68431191876107 -7.28474412113641 -7.29016832521569 -7.78957134553592 -8.78400939545951 -10.5312278879122 -13.7832282133653 -16.2838451526049 -20.4724858039265 -22.3217379505372 -22.8567021846437 -24.9625196577797 -25.800630749221 -27.8260723888543 -29.1359064508258 -29.2562204206124 -30.387759251338 -29.6423578312748 -29.6281712877695 -29.4556141160766 -28.837597486078 -29.5415650243643 -31.1067964715385 -34.0174021849838 -36.6008671018193 -39.0963305538172 -43.2074117818145
-9999 -9999 -9999 -9999 -9999 -9999 -9999 -9999 -29.7413875850163 -41.0218228055949 -74.5940031744634 -90.9785569851388 -93.6542142980849 -80.6937739365591 -59.0667179624424 -42.1564565007218 -28.5375620425015 -18.9475605304001 -14.3476262508654 -12.3659177262771 -10.8139922844093 -10.3041930171184 -10.4852186407621 -9.93669130131821 -8.84071442986499 -8.13906631976903 -7.58992589724358 -7.09678727154223 -6.54511904921529 -5.94158163331841 -5.53299424583088 -5.07801085540926 -4.66310177541759 -4.79352597291077 -5.79691697956688 -7.60445285882121 -9.45421373125892 -11.9713736762611 -15.3671523506659 -18.7832518718058 -19.0545937086602 -19.5911590573319 -20.3987498079056 -21.2085667721371 -21.8702353767985 -22.524097669194 -22.7467034154456 -22.9583884476502 -23.4073727120502 -24.0032137615624 -25.143647883821 -27.0280642514836 -29.8188936518798 -32.870988660451 -36.3053232224161 -40.4877351875327
-9999 -9999 -9999 -9999 -9999 -9999 -9999 -9999 -37.953341029553 -39.8256280835462 -66.4828040946672 -87.8854686582763 -99.7273289096481 -89.8273830922655 -66.8147282448809 -48.0151540719386 -30.3098052442085 -17.6797189300002 -13.3846436500397 -12.1467760592277 -11.1400149283524 -11.4388544772686 -12.7747288094156 -12.5645228910738 -10.9282216155419 -9.80627959772167 -9.41283071208686 -9.20243192176426 -8.49876748269124 -7.297703646605 -6.02564898227853 -5.03768703528514 -3.92950952806783 -3.23091993458923 -3.19238118865212 -3.74978364811192 -4.47900657366754 -5.79162346099606 -7.76295737694728 -10.357411894818 -13.9192285245709 -15.9474339378163 -16.0516470825839 -16.2673058337236 -16.4825026334794 -17.2422236672532 -17.6051867622271 -18.3803456607538 -19.3868516838381 -20.4588136633283 -22.0929817065035 -23.8462350008266 -26.504077876617 -29.6489097788072 -33.3088410758278 -37.8499364652993
-9999 -9999 -9999 -9999 -9999 -9999 -9999 -9999 -9999 -43.3759882865986 -45.8918263493953 -77.8302802910684 -99.1787736934084 -91.0386358934846 -68.1593773001857 -47.8619425323787 -30.3202168428707 -16.6233786064233 -12.2887245570044 -12.3882954007185 -11.9563306469436 -13.2108379256303 -14.8544360521916 -14.876529547904 -13.3754262510443 -12.1958388383191 -11.928330665767 -11.9977827545681 -11.2415694558079 -9.78509971396712 -8.2792429841131 -6.7309493642262 -5.3178573921623 -3.89946970938702 -2.88300420587664 -2.3743726946513 -2.16508727955186 -2.36580216209094 -3.15071966108279 -4.58296172206278 -6.58184440060525 -8.65843777675464 -10.8997315172424 -13.5216574709035 -14.1958174395072 -14.365830291378 -14.9793203827626 -15.8930543501985 -17.2349376229566 -18.9515226430323 -20.7866273471215 -22.3179192434301 -24.1685651892012 -26.9572433842493 -31.0318066134582 -35.604838398878
-9999 -9999 -9999 -9999 -9999 -9999 -9999 -9999 -9999 -9999 -49.5642982769988 -75.9981682125 -94.7338894192671 -88.5105199727452 -66.3501766609189 -44.7733569297056 -27.7041306620363 -14.6413990763313 -10.9085561985349 -12.2048382525566 -13.3302712067293 -14.9390266441231 -16.7017422741434 -16.9852833051539 -15.8895061051933 -14.8970964078905 -14.761439646473 -14.9113153166365 -14.2621592586297 -13.0632257935908 -11.4988339448211 -9.7327173649861 -7.98841509664796 -6.23472214149781 -4.72276122368957 -3.42427752812343 -2.3822688773751 -1.65434323991944 -1.42669745099765 -1.74218951463814 -2.51078350213152 -3.58100555853281 -5.04313084267708 -7.02575640490685 -9.68396309905179 -12.2636971806887 -13.8801761156872 -14.9457561383335 -16.3918922355993 -18.0872534486684 -19.9556157295423 -21.2133334296242 -22.7362994366783 -25.0901810656006 -28.4440158934543 -32.2542233083194
-9999 -9999 -9999 -9999 -9999 -9999 -9999 -9999 -9999 -9999 -9999 -88.7387214516732 -90.2457991781492 -86.8932971474552 -65.6842707552171 -41.3114239703963 -26.4574352530275 -13.2367504911336 -9.20791325844594 -12.1004078815477 -14.9620582272453 -16.4972185644302 -17.9413083687869 -18.2992557371506 -17.9539721462643 -17.6401778086311 -17.4752855320135 -17.5098303967757 -16.9487757688725 -16.1182639889321 -14.893853035822 -12.9912905044284 -11.1380030962662 -9.38205515691885 -7.58006380511281 -5.96319909120738 -4.30854096168061 -3.10116565860915 -2.06645641214766 -1.45478962357192 -1.30539337863529 -1.508510623598 -2.07473035859184 -3.22849207639312 -5.26243928540589 -7.2226830909602 -8.75508385121662 -10.1715712274459 -11.8260162747556 -14.1079450216968 -16.8179597842894 -20.1001672147745 -21.6532240052214 -23.268215009183 -25.3149422144931 -27.649844391421
