data/03_saidas_enm/CCSM_Maxent_21k_B.balansae3.asc
NCOLS 154 
NROWS 168 
XLLCORNER -112 
YLLCORNER -55.5 
CELLSIZE 0.5 
NODATA_value -9999 
[rows 75 to 99 of 168, columns 56 to 111 of 154]
-9999 -9999 -9999 -9999 -9999 -9999 -9999 -9999 -9999 -9999 -9999 0.0322817713022232 0.0769259184598923 0.153777375817299 0.200930863618851 0.201281309127808 0.169179663062096 0.13443997502327 0.140014111995697 0.101566523313522 0.0812202990055084 0.0726474225521088 0.069315530359745 0.0656842961907387 0.061240304261446 0.057811327278614 0.0551529079675674 0.0581169538199902 0.0594394393265247 0.0622504353523254 0.067052848637104 0.0729039162397385 0.0816051959991455 0.0895630866289139 0.0989120528101921 0.108346298336983 0.116711221635342 0.125592708587646 0.134213268756866 0.145764201879501 0.157792434096336 0.17212350666523 0.187104776501656 0.204170137643814 0.206944197416306 0.205876737833023 0.195289224386215 0.18005096912384 0.162298813462257 0.142078712582588 0.12598879635334 0.118248842656612 0.111786797642708 0.106999695301056 0.104841634631157 0.105261206626892
-9999 -9999 -9999 -9999 -9999 -9999 -9999 -9999 -9999 -9999 -9999 0.0415549762547016 0.076743870973587 0.139781355857849 0.177146330475807 0.198551923036575 0.159682765603065 0.109172694385052 0.102091103792191 0.105283908545971 0.0844923034310341 0.0811669081449509 0.0794587433338165 0.0761698037385941 0.0641673281788826 0.0588324889540672 0.0563429556787014 0.0581895485520363 0.059074405580759 0.0605596117675304 0.06308613717556 0.0685383453965187 0.0767221674323082 0.0842655077576637 0.09415602684021 0.103710554540157 0.113748826086521 0.122656390070915 0.132507428526878 0.146496072411537 0.158769652247429 0.169906109571457 0.183845981955528 0.199809148907661 0.223020285367966 0.236428946256638 0.225372806191444 0.213188886642456 0.198619529604912 0.178928941488266 0.16657555103302 0.154240146279335 0.145697921514511 0.14214876294136 0.142914742231369 0.149467840790749
-9999 -9999 -9999 -9999 -9999 -9999 -9999 -9999 -9999 -9999 -9999 -9999 0.0689063146710396 0.106966711580753 0.154298663139343 0.178695604205132 0.129812106490135 0.0773137509822845 0.0625289529561996 0.0700047165155411 0.0906373262405396 0.09602190554142 0.0876808762550354 0.0830217301845551 0.0786374062299728 0.0693712010979652 0.0656213760375977 0.0611536577343941 0.0584905743598938 0.0571094900369644 0.0599650405347347 0.0620453394949436 0.0689025446772575 0.0757380425930023 0.0849778577685356 0.0960224196314812 0.107583291828632 0.118577472865582 0.129517510533333 0.141628786921501 0.155474916100502 0.166896045207977 0.180746465921402 0.195144236087799 0.215985596179962 0.241738274693489 0.250973552465439 0.241840526461601 0.231951847672462 0.219047725200653 0.209285393357277 0.199090853333473 0.191555440425873 0.188129067420959 0.187514930963516 0.190737798810005
-9999 -9999 -9999 -9999 -9999 -9999 -9999 -9999 -9999 -9999 -9999 -9999 0.0759107694029808 0.0736049637198448 0.117683805525303 0.163227662444115 0.104832507669926 0.051025778055191 0.0420435704290867 0.0508835725486279 0.0687930136919022 0.0944337397813797 0.099826455116272 0.0951150581240654 0.095832385122776 0.0956134498119354 0.0764234066009521 0.0661316215991974 0.0613907687366009 0.0548182278871536 0.0588709190487862 0.0595647059381008 0.0625547766685486 0.0685305520892143 0.0781388804316521 0.0874943807721138 0.0997897833585739 0.11182701587677 0.125261455774307 0.140118062496185 0.151547759771347 0.165806084871292 0.184616580605507 0.198514014482498 0.216085091233253 0.238271787762642 0.260591953992844 0.265579849481583 0.262440741062164 0.256469964981079 0.253266900777817 0.248244076967239 0.242886364459991 0.239495277404785 0.231320306658745 0.228987634181976
-9999 -9999 -9999 -9999 -9999 -9999 -9999 -9999 -9999 -9999 -9999 -9999 -9999 0.074989065527916 0.0802729353308678 0.104974925518036 0.0836101025342941 0.0544045269489288 0.0465044975280762 0.0532156936824322 0.060287743806839 0.0693077445030212 0.0930480360984802 0.126188263297081 0.150874644517899 0.127386748790741 0.102688252925873 0.0780483558773994 0.0660491958260536 0.0644206553697586 0.0634034350514412 0.0615308731794357 0.0619070008397102 0.0650607421994209 0.0697029680013657 0.0788159891963005 0.089029535651207 0.101313963532448 0.115133315324783 0.131429836153984 0.14936475455761 0.165772810578346 0.184437781572342 0.200712367892265 0.218436554074287 0.241261512041092 0.261751532554626 0.285887598991394 0.293339520692825 0.2961186170578 0.298947513103485 0.295029491186142 0.288632303476334 0.282207608222961 0.270679801702499 0.264735013246536
-9999 -9999 -9999 -9999 -9999 -9999 -9999 -9999 -9999 -9999 -9999 -9999 -9999 0.0895994156599045 0.0657672882080078 0.0709467604756355 0.0671470686793327 0.0632790178060532 0.0657379925251007 0.0651706233620644 0.0616693496704102 0.0455372780561447 0.0523102842271328 0.0654865950345993 0.0763209462165833 0.138410270214081 0.14526891708374 0.101465247571468 0.07925745844841 0.0737848654389381 0.0719387158751488 0.0655347257852554 0.0627766996622086 0.0651670843362808 0.0658315345644951 0.0720624700188637 0.0822902396321297 0.0947337746620178 0.10848568379879 0.127479031682014 0.146778449416161 0.165290713310242 0.184278428554535 0.202674955129623 0.224869772791862 0.249308064579964 0.268764853477478 0.285513162612915 0.309538722038269 0.327562391757965 0.338491797447205 0.333147048950195 0.327647566795349 0.320029973983765 0.303080707788467 0.295237898826599
-9999 -9999 -9999 -9999 -9999 -9999 -9999 -9999 -9999 -9999 -9999 -9999 -9999 -9999 0.0824468657374382 0.0482642352581024 0.0555889010429382 0.0787957459688187 0.090004101395607 0.0720772072672844 0.0490995086729527 0.0243764687329531 0.010776431299746 0.00976467225700617 0.0144854290410876 0.0288080740720034 0.0499988086521626 0.100898414850235 0.136870741844177 0.110117264091969 0.083321139216423 0.0750740393996239 0.0671788677573204 0.0655487328767776 0.0682826116681099 0.0722332447767258 0.0769677460193634 0.0868307054042816 0.100666180253029 0.120782680809498 0.141142383217812 0.159276723861694 0.181040927767754 0.203321188688278 0.224282741546631 0.25058388710022 0.268350005149841 0.284848630428314 0.307240456342697 0.336864650249481 0.360381096601486 0.359860569238663 0.355791568756104 0.346751153469086 0.326554507017136 0.315010398626328
-9999 -9999 -9999 -9999 -9999 -9999 -9999 -9999 -9999 -9999 -9999 -9999 -9999 -9999 0.0910921990871429 0.0393186882138252 0.0550059787929058 0.0915437415242195 0.110930882394314 0.0802410691976547 0.045454666018486 0.0117103531956673 0.00933018606156111 0.00831181928515434 0.00759910978376865 0.00834581628441811 0.00751530239358544 0.0218151938170195 0.0533423684537411 0.0880343317985535 0.108326338231564 0.0951704904437065 0.0790708437561989 0.0710717737674713 0.0703137144446373 0.0702247098088264 0.0725569874048233 0.0770225524902344 0.0891889631748199 0.110194817185402 0.136224657297134 0.154830172657967 0.176676273345947 0.200156196951866 0.224312990903854 0.247494146227837 0.267088562250137 0.284596025943756 0.303352415561676 0.328599572181702 0.355650126934052 0.375659763813019 0.374805867671967 0.368065655231476 0.344199478626251 0.327917814254761
-9999 -9999 -9999 -9999 -9999 -9999 -9999 -9999 -9999 -9999 -9999 -9999 -9999 -9999 -9999 0.0735212564468384 0.076318584382534 0.0939006358385086 0.0924480259418488 0.0674426704645157 0.0336546190083027 0.0137815661728382 0.00784993451088667 0.0067137535661459 0.00583752477541566 0.00500894756987691 0.00528374779969454 0.00549393147230148 0.00662619015201926 0.02373250387609 0.0925294607877731 0.170856967568398 0.106465421617031 0.083167590200901 0.0796236619353294 0.0739307180047035 0.0734609216451645 0.0725628435611725 0.0810574293136597 0.09832613915205 0.119784541428089 0.148537993431091 0.175310373306274 0.197202205657959 0.22087761759758 0.244963139295578 0.269079476594925 0.290135532617569 0.30585116147995 0.317267447710037 0.333529382944107 0.360235065221786 0.378546506166458 0.373587399721146 0.360337436199188 0.348698258399963
-9999 -9999 -9999 -9999 -9999 -9999 -9999 -9999 -9999 -9999 -9999 -9999 -9999 -9999 -9999 0.0337144695222378 0.0750424861907959 0.107474811375141 0.0756708458065987 0.0545532442629337 0.0307474620640278 0.0204723030328751 0.00975870061665773 0.00834527239203453 0.00700399000197649 0.00513499602675438 0.00499130319803953 0.00571380322799087 0.006870754994452 0.00965336803346872 0.055732361972332 0.129611745476723 0.162318453192711 0.119981154799461 0.105701677501202 0.0916253104805946 0.0898105874657631 0.0808854699134827 0.0824220925569534 0.0990622788667679 0.111500792205334 0.144014567136765 0.178730174899101 0.199435457587242 0.221459522843361 0.244733333587646 0.269091844558716 0.294886648654938 0.306420117616653 0.305660516023636 0.310005903244019 0.328850597143173 0.360379159450531 0.371167123317719 0.364538341760635 0.364323019981384
-9999 -9999 -9999 -9999 -9999 -9999 -9999 -9999 -9999 -9999 -9999 -9999 -9999 -9999 -9999 0.0358878299593925 0.0512887462973595 0.0911737978458405 0.0799742341041565 0.0683977603912354 0.0615495406091213 0.048616137355566 0.0402692742645741 0.0269324406981468 0.0144000863656402 0.0096778916195035 0.00779828801751137 0.00656589772552252 0.00659137452021241 0.00921049434691668 0.0260683074593544 0.0813121050596237 0.196034163236618 0.201754853129387 0.166786849498749 0.144991174340248 0.12310866266489 0.10428012907505 0.104994624853134 0.115008182823658 0.134836569428444 0.163593634963036 0.19573350250721 0.208951145410538 0.224376797676086 0.243194773793221 0.266024112701416 0.289714902639389 0.297881513834 0.293224304914474 0.290109843015671 0.300819635391235 0.323660373687744 0.34647011756897 0.366982460021973 0.3636075258255
-9999 -9999 -9999 -9999 -9999 -9999 -9999 -9999 -9999 -9999 -9999 -9999 -9999 -9999 -9999 -9999 0.0374200157821178 0.044933944940567 0.0820270180702209 0.118317380547523 0.102865554392338 0.0905698910355568 0.0942824110388756 0.0829062759876251 0.0604809746146202 0.0558508485555649 0.0255392845720053 0.0137171316891909 0.0112627884373069 0.0112421531230211 0.0189047232270241 0.0426475033164024 0.120422035455704 0.226971536874771 0.276953548192978 0.235565707087517 0.19085057079792 0.152215912938118 0.150002300739288 0.162146955728531 0.177514061331749 0.204323321580887 0.222500279545784 0.22390978038311 0.227464288473129 0.238038286566734 0.249883979558945 0.270991265773773 0.275917023420334 0.267316907644272 0.264911144971848 0.276789784431458 0.298417329788208 0.328911423683167 0.355721265077591 0.372540593147278
-9999 -9999 -9999 -9999 -9999 -9999 -9999 -9999 -9999 -9999 -9999 -9999 -9999 -9999 -9999 -9999 -9999 0.0390836820006371 0.0558367371559143 0.0896994099020958 0.143244460225105 0.103296667337418 0.0859239920973778 0.0772176757454872 0.0860936567187309 0.0989934206008911 0.0697155967354774 0.0496945157647133 0.0359459295868874 0.0195890739560127 0.0135620879009366 0.0228737536817789 0.0431732162833214 0.100173681974411 0.227857127785683 0.337854385375977 0.270771324634552 0.223029583692551 0.208586677908897 0.22261880338192 0.25078946352005 0.24750529229641 0.243995904922485 0.239023327827454 0.227220833301544 0.224201530218124 0.231470391154289 0.236819252371788 0.237766370177269 0.245448589324951 0.24958436191082 0.272697418928146 0.306685149669647 0.340990364551544 0.373766332864761 0.404406696557999
-9999 -9999 -9999 -9999 -9999 -9999 -9999 -9999 -9999 -9999 -9999 -9999 -9999 -9999 -9999 -9999 -9999 -9999 -9999 0.0400134399533272 0.0454754866659641 0.0960048884153366 0.0942175537347794 0.078844778239727 0.0940786525607109 0.124382235109806 0.123829789459705 0.114732064306736 0.0831009969115257 0.04021330550313 0.0171130951493979 0.0166097600013018 0.018672201782465 0.0346534550189972 0.101527109742165 0.234148785471916 0.329260647296906 0.307026445865631 0.264535546302795 0.264227539300919 0.270366907119751 0.268478155136108 0.261720329523087 0.252069532871246 0.232520967721939 0.223835036158562 0.227097287774086 0.225503519177437 0.226951956748962 0.240137293934822 0.249280527234077 0.282580971717834 0.328720808029175 0.367855429649353 0.400269895792007 0.429639488458633
-9999 -9999 -9999 -9999 -9999 -9999 -9999 -9999 -9999 -9999 -9999 -9999 -9999 -9999 -9999 -9999 -9999 -9999 -9999 -9999 -9999 0.0445278771221638 0.0651941224932671 0.100736320018768 0.0954237505793571 0.101318657398224 0.13190832734108 0.171793475747108 0.156915500760078 0.08800058811903 0.0496389605104923 0.0229256190359592 0.0109485825523734 0.0146231576800346 0.0359900519251823 0.0858463943004608 0.185644045472145 0.331133961677551 0.331388413906097 0.310366868972778 0.282602936029434 0.277874767780304 0.272929608821869 0.269356817007065 0.258840650320053 0.246090888977051 0.248056024312973 0.253125995397568 0.256868034601212 0.264066815376282 0.282377004623413 0.322338849306107 0.37042361497879 0.404957443475723 0.428133875131607 0.441985547542572
-9999 -9999 -9999 -9999 -9999 -9999 -9999 -9999 -9999 -9999 -9999 -9999 -9999 -9999 -9999 -9999 -9999 -9999 -9999 -9999 -9999 -9999 -9999 0.0562881119549274 0.108982540667057 0.105420663952827 0.128702580928802 0.191913306713104 0.211510643362999 0.171681329607964 0.111177280545235 0.0541189350187778 0.0209047012031078 0.0157902743667364 0.0206397715955973 0.035362470895052 0.0951886847615242 0.216371133923531 0.349574863910675 0.396230280399323 0.322916179895401 0.300652086734772 0.286407113075256 0.286950379610062 0.285095512866974 0.280140072107315 0.285782724618912 0.292249768972397 0.297696381807327 0.309770137071609 0.331875890493393 0.364739179611206 0.405873328447342 0.435687512159348 0.451289862394333 0.458327561616898
-9999 -9999 -9999 -9999 -9999 -9999 -9999 -9999 -9999 -9999 -9999 -9999 -9999 -9999 -9999 -9999 -9999 -9999 -9999 -9999 -9999 -9999 -9999 -9999 -9999 0.0551561191678047 0.128618150949478 0.161846995353699 0.202449202537537 0.249842032790184 0.223244518041611 0.139501392841339 0.0782770290970802 0.0476050414144993 0.027602082118392 0.0239396076649427 0.0507648475468159 0.108104966580868 0.23863086104393 0.440148860216141 0.399473488330841 0.346131920814514 0.316633224487305 0.315996706485748 0.323094218969345 0.326961576938629 0.333715468645096 0.341458350419998 0.349703103303909 0.363249570131302 0.380810886621475 0.402289301156998 0.430390894412994 0.452365577220917 0.477856129407883 0.489510029554367
-9999 -9999 -9999 -9999 -9999 -9999 -9999 -9999 -9999 -9999 -9999 -9999 -9999 -9999 -9999 -9999 -9999 -9999 -9999 -9999 -9999 -9999 -9999 -9999 -9999 0.0268624238669872 0.0530835464596748 0.144397795200348 0.201387420296669 0.282875865697861 0.313752412796021 0.273923575878143 0.206054851412773 0.138223648071289 0.0749799460172653 0.0460331812500954 0.0598689466714859 0.0850936397910118 0.174911916255951 0.378071248531342 0.441821873188019 0.369454801082611 0.335313439369202 0.328278809785843 0.336335241794586 0.351515620946884 0.36664679646492 0.382394522428513 0.397588163614273 0.415567368268967 0.432530254125595 0.444805175065994 0.46179062128067 0.4781793653965 0.501106441020966 0.518293023109436
-9999 -9999 -9999 -9999 -9999 -9999 -9999 -9999 -9999 -9999 -9999 -9999 -9999 -9999 -9999 -9999 -9999 -9999 -9999 -9999 -9999 -9999 -9999 -9999 -9999 -9999 -9999 0.0478156395256519 0.109205007553101 0.262195438146591 0.351701498031616 0.341485857963562 0.348289012908936 0.289084553718567 0.197590678930283 0.154089093208313 0.108174405992031 0.108229175209999 0.183121576905251 0.36452329158783 0.466375440359116 0.399246752262115 0.361423701047897 0.346478998661041 0.34700733423233 0.362472027540207 0.375849008560181 0.392524540424347 0.408893615007401 0.427541345357895 0.447468787431717 0.466229975223541 0.490709364414215 0.511510014533997 0.531440615653992 0.547385990619659
-9999 -9999 -9999 -9999 -9999 -9999 -9999 -9999 -9999 -9999 -9999 -9999 -9999 -9999 -9999 -9999 -9999 -9999 -9999 -9999 -9999 -9999 -9999 -9999 -9999 -9999 -9999 0.0251374691724777 0.061059944331646 0.18364517390728 0.365418821573257 0.393720477819443 0.427767723798752 0.402450054883957 0.326866656541824 0.255376726388931 0.176790952682495 0.15282367169857 0.202783703804016 0.352447718381882 0.500062704086304 0.434966325759888 0.391322940587997 0.368807405233383 0.364957720041275 0.375952631235123 0.38861820101738 0.405394852161407 0.421874433755875 0.440509736537933 0.458917737007141 0.4769227206707 0.49680370092392 0.51617819070816 0.541760444641113 0.566905915737152
-9999 -9999 -9999 -9999 -9999 -9999 -9999 -9999 -9999 -9999 -9999 -9999 -9999 -9999 -9999 -9999 -9999 -9999 -9999 -9999 -9999 -9999 -9999 -9999 -9999 -9999 -9999 -9999 0.0402748137712479 0.129478603601456 0.28450220823288 0.410305321216583 0.437743455171585 0.452759087085724 0.396286875009537 0.322111487388611 0.228104174137115 0.178908437490463 0.213885605335236 0.342677026987076 0.521147489547729 0.470768064260483 0.413185626268387 0.38907116651535 0.384623229503632 0.388811349868774 0.403101861476898 0.418840676546097 0.434559971094131 0.453484117984772 0.469519942998886 0.485211193561554 0.501091480255127 0.521610200405121 0.549573481082916 0.574685096740723
-9999 -9999 -9999 -9999 -9999 -9999 -9999 -9999 -9999 -9999 -9999 -9999 -9999 -9999 -9999 -9999 -9999 -9999 -9999 -9999 -9999 -9999 -9999 -9999 -9999 -9999 -9999 -9999 0.0337860397994518 0.104842968285084 0.275560915470123 0.421946972608566 0.42916613817215 0.444218695163727 0.412568300962448 0.338272213935852 0.238167360424995 0.190132632851601 0.216100543737411 0.335980415344238 0.494288802146912 0.488994717597961 0.422827064990997 0.392129689455032 0.399073660373688 0.411668390035629 0.425202161073685 0.438047707080841 0.452229231595993 0.469457656145096 0.484466075897217 0.498374789953232 0.512809872627258 0.530464887619019 0.554684162139893 0.580293476581573
-9999 -9999 -9999 -9999 -9999 -9999 -9999 -9999 -9999 -9999 -9999 -9999 -9999 -9999 -9999 -9999 -9999 -9999 -9999 -9999 -9999 -9999 -9999 -9999 -9999 -9999 -9999 -9999 0.0321951806545258 0.103651121258736 0.270496070384979 0.433970868587494 0.415895849466324 0.425349652767181 0.413160979747772 0.337810218334198 0.228577435016632 0.165437191724777 0.188429564237595 0.321714490652084 0.459762394428253 0.493306964635849 0.424110233783722 0.387354522943497 0.382018119096756 0.389353454113007 0.429333537817001 0.445352584123611 0.466945230960846 0.485226720571518 0.499057352542877 0.51197612285614 0.525479316711426 0.54340386390686 0.565218329429626 0.58522891998291
-9999 -9999 -9999 -9999 -9999 -9999 -9999 -9999 -9999 -9999 -9999 -9999 -9999 -9999 -9999 -9999 -9999 -9999 -9999 -9999 -9999 -9999 -9999 -9999 -9999 -9999 -9999 -9999 0.0359817110002041 0.132052406668663 0.38701930642128 0.454846888780594 0.440043210983276 0.4088474214077 0.389986246824265 0.301841199398041 0.201225832104683 0.147443801164627 0.176629856228828 0.303291618824005 0.454638779163361 0.497946411371231 0.423335582017899 0.381677478551865 0.37393981218338 0.383337646722794 0.407843589782715 0.452918916940689 0.474491000175476 0.499579936265945 0.517153561115265 0.52884441614151 0.539769172668457 0.554946005344391 0.57381546497345 0.592574775218964
-9999 -9999 -9999 -9999 -9999 -9999 -9999 -9999 -9999 -9999 -9999 -9999 -9999 -9999 -9999 -9999 -9999 -9999 -9999 -9999 -9999 -9999 -9999 -9999 -9999 -9999 -9999 -9999 0.0394333004951477 0.180469855666161 0.431657642126083 0.446851253509521 0.424609124660492 0.400265395641327 0.379766523838043 0.280723661184311 0.179027274250984 0.125537604093552 0.162334218621254 0.304534822702408 0.466131091117859 0.48482072353363 0.406467884778976 0.367644309997559 0.362414449453354 0.373227179050446 0.397067129611969 0.430367588996887 0.470243841409683 0.489810079336166 0.509071111679077 0.530532717704773 0.547688066959381 0.56122624874115 0.578667104244232 0.597771525382996
