data/03_saidas_enm/CCSM_SVM_0k_B.balansae5.asc
NCOLS 154 
NROWS 168 
XLLCORNER -112 
YLLCORNER -55.5 
CELLSIZE 0.5 
NODATA_value -9999 
[rows 50 to 74 of 168, columns 56 to 111 of 154]
-9999 -9999 -9999 -9999 -9999 -9999 -9999 -9999 -9999 -9999 -9999 -9999 -9999 0.126764654549659 0.126715532517412 0.124472142341606 0.113938382690165 0.11606421958781 0.115924342516309 0.101607417811586 0.0968485474426735 0.0744977626158856 0.0497985580017358 0.0498166524791948 0.0738343690372515 0.0901078052818763 0.0971859170653829 0.109100469133636 0.116112583164031 0.121732019871128 0.12405859655341 0.121547535677051 0.114088473353213 0.0987752951159496 0.0743021968303992 0.0721459581569013 0.127888292427768 0.17968902428903 0.207792547420131 0.229256625357774 0.344069751309846 0.264556042185612 0.270555287541507 0.24485686658709 0.173457427404267 0.154883155129838 0.0715120944322439 0.0817273499820491 0.062404400200389 0.0426259709140492 0.0748710667202175 0.081175887853736 0.0844034053267553 0.0769429486863792 0.0589178549438316 0.0602539544848171
-9999 -9999 -9999 -9999 -9999 -9999 -9999 -9999 -9999 -9999 -9999 -9999 -9999 0.126423824254591 0.124337005032583 0.116680047546949 0.100970768640149 0.100369735116406 0.0964260825175124 0.0891144048120094 0.0768270074923364 0.0648696413816489 0.0554318507072511 0.0516942454633421 0.0590205477433929 0.0724776830540824 0.090678111721699 0.108272315379015 0.119423719509786 0.124413947207552 0.125498331725218 0.124518853779748 0.119699696125278 0.104530161931895 0.0808688735596775 0.0676600821211255 0.0953580843006988 0.167983128662331 0.193278240236116 0.204111291086997 0.235864676582774 0.215483439899099 0.221037940573576 0.203032709413959 0.158776360632687 0.145453406000824 0.0949769886090966 0.0931544321724248 0.0829664391547991 0.0817282374269002 0.104821112314133 0.110237244032623 0.109320135022539 0.0906855926485313 0.0762269753935179 0.0688131884847822
-9999 -9999 -9999 -9999 -9999 -9999 -9999 -9999 -9999 -9999 -9999 0.126338853286899 0.12390267477559 0.117657914630064 0.106083594253259 0.0990991994303962 0.0846556669047007 0.0763649012884225 0.0799426426202292 0.0732084807516141 0.0645627307634073 0.0557552076458662 0.0531486583248921 0.0586304030417704 0.0774225301567414 0.095395069196376 0.111474103996673 0.120992059780287 0.124969092473792 0.126281055790497 0.126510598144257 0.125937341399261 0.122597427212389 0.108681068912321 0.0808403647293317 0.0688052033600908 0.0681046392295675 0.100734221463276 0.135947979956725 0.129596425763915 0.126743739903911 0.116149851637221 0.129310850440468 0.121215262647867 0.0906968611314742 0.0955346153394004 0.052241097408824 0.0578400958792096 0.066579349146916 0.081581790991208 0.111142207250492 0.113829749268251 0.106286807337632 0.0816408290801793 0.071393342208719 0.0686999585079446
-9999 -9999 -9999 -9999 -9999 -9999 -9999 -9999 -9999 -9999 0.12604233366631 0.122146102599359 0.111918156901841 0.102469151398925 0.0980405424415124 0.0985433127978697 0.0867325033206816 0.0620771638183101 0.0538381276114575 0.0533529375172668 0.0528949044709374 0.058851002161752 0.0704883997400029 0.0857369013285577 0.102420632938567 0.115175494371566 0.122575904205966 0.125578079875503 0.126453046019844 0.126660485080823 0.126679155686236 0.126351022652894 0.123500527137792 0.108605942149095 0.0781163779403132 0.0663137827559711 0.0635297376936156 0.0627368189819671 0.073230934153811 0.0751234238627457 0.0608913807629539 0.0582142268365496 0.0602483961480632 0.053331299129289 0.0296943994810149 0.0198218084708475 0.0197002595723135 0.0317520441479509 0.0495222392708733 0.0709177360650889 0.0901895598795486 0.0883111611690766 0.0685997307622047 0.044223705511982 0.0503405022043436 0.047868863499946
-9999 -9999 -9999 -9999 -9999 -9999 -9999 -9999 -9999 -9999 0.116539549901145 0.102238669736366 0.102869445295936 0.0938673637447472 0.0870072909346949 0.102348076298401 0.10144691486981 0.0677094235578603 0.0517022824395258 0.0578820466858213 0.0637953029628475 0.081509621654849 0.0980311557303492 0.110282750547919 0.119666004420455 0.124106824147679 0.126034216043182 0.12659308540196 0.126638746000876 0.12658639943115 0.12666413037265 0.126474044358651 0.124177671827857 0.10987197276851 0.0747765937297139 0.0606988281208672 0.0594048475129245 0.0492315318983634 0.0399187092127691 0.0354247697210149 0.028454433115653 0.0311147721303885 0.0291198222912788 0.0247657475657188 0.0157444934142696 0.00738215625916533 0.0160891892901168 0.0247257331514579 0.0353238326874201 0.0511805131502687 0.0636164935540796 0.0562824149746705 0.0396745112710343 0.0232549509615574 0.0440011027947194 0.0504361134612942
-9999 -9999 -9999 -9999 -9999 -9999 -9999 -9999 0.123022698002121 0.0986433021291858 0.0774707745497601 0.0893462968178826 0.0957195376066858 0.0833957642630628 0.0813774275765561 0.0915091776175896 0.0987806421283667 0.0897701983869198 0.0776634848447141 0.0887917588859026 0.102792704385864 0.110681439085295 0.116646769293353 0.121913537830549 0.125201045978646 0.125534621784599 0.125740668782779 0.125563991339229 0.12561147677171 0.125796111525465 0.12568954199855 0.125325816945727 0.124332939428879 0.112261315640965 0.0792606658375143 0.0563520883853988 0.0527649769514892 0.0462423630498586 0.034346319088499 0.02151755643334 0.0121096208848054 0.0108558520871889 0.0115809662865926 0.0124494085498577 0.0132738886858353 0.0177108295101182 0.026129729243094 0.0349505224628308 0.0417314071953823 0.0457186719560923 0.0457788096435379 0.0387409165869855 0.0235708795284239 0.0174996857937699 0.0576676509532556 0.0851383214465406
-9999 -9999 -9999 -9999 -9999 -9999 -9999 -9999 0.108608052898093 0.0681722027937535 0.127015020507626 0.126032464338162 0.0947380835597426 0.0780543126754982 0.0726933470017935 0.0803493030603564 0.0811748605102782 0.0882747680554652 0.0897860050274024 0.101298589089623 0.111851655198186 0.115212830070623 0.118072756417757 0.118453265544596 0.119624678134329 0.120539838040125 0.120749801836026 0.121466859244483 0.121354061539304 0.120718781270844 0.120068645983351 0.119152479150764 0.118224825613423 0.116188320721197 0.0875014650222273 0.0584975581171722 0.0487448231108637 0.0449117541676324 0.0404088059773461 0.0341479464585736 0.0291541339741293 0.028295677461714 0.0272042230586312 0.0286358744847796 0.0334246507496763 0.0369445217345659 0.0403015033961985 0.0413452455937404 0.0416179131737073 0.0401282713509984 0.0378691412750384 0.0316738297912084 0.0213995723963921 0.0221182449914935 0.0770812246893265 0.127508333926362
-9999 -9999 -9999 -9999 -9999 -9999 -9999 0.119009742778975 0.0957152889907702 0.0871592937756854 0.168220806253489 0.157682308075699 0.103208221442263 0.0716996649383094 0.0608491022592659 0.0687541543013051 0.0636710282945398 0.0638686905379389 0.06484884604927 0.083041064487828 0.097413410199766 0.100543583301339 0.103566475108187 0.10458595163827 0.107302072882786 0.110084496394496 0.109903523049607 0.108958196134907 0.109024185531425 0.109166426786003 0.109236279307766 0.107973074427832 0.10640048250522 0.103820191908066 0.0998072607344016 0.0737887899886577 0.0542742774339679 0.0449647421670831 0.0438965634330432 0.0464569944386296 0.0476230684844798 0.0495371535978631 0.0506340433386591 0.0496497224213129 0.0500064151826166 0.0531175062011826 0.0572896478375129 0.0606852352051203 0.0634249943387872 0.0628037916641541 0.0577238232571021 0.0497473241898633 0.0380284071350686 0.0331807645296398 0.0895681275742221 0.167233450035207
-9999 -9999 -9999 -9999 -9999 -9999 -9999 0.113506384887508 0.0922985818942201 0.119560384377005 0.203826552287306 0.166305655659187 0.0977480483499938 0.0703742849618528 0.0527633303816754 0.0484302959093537 0.0416552158015499 0.0403958217353882 0.0411484367821737 0.0540054260570114 0.0695240977893692 0.0764946509362905 0.0822956429232378 0.082030274374005 0.0822051848834319 0.0859911820137365 0.0861590474609073 0.0888387669566468 0.0880415657174105 0.0846423286479092 0.0851854777049282 0.0846222154724124 0.0874442598019325 0.0883005440797468 0.0886981642886246 0.0931067402017259 0.0771641174992929 0.0653469284552148 0.0630725197495215 0.0672279593217603 0.0700300318143021 0.0756016441135055 0.0784931735202506 0.0813133075509578 0.0882343479697225 0.0934729467513306 0.0994510870216697 0.0984584924585672 0.0953795511258252 0.0866825205708802 0.079081449898481 0.0666708174244061 0.0550996922776636 0.0385983577151317 0.0728185929454795 0.148649135080003
-9999 -9999 -9999 -9999 -9999 -9999 0.124129109843909 0.109405588735159 0.0794167285550384 0.133314889137537 0.239688658907623 0.17650093546027 0.0892262415473874 0.064931496798864 0.0468308655129623 0.0338995982869418 0.0233440123968514 0.0192888425731718 0.0204893961550792 0.0320737715193296 0.0471637435375019 0.0520460295930744 0.0542865201213493 0.054855803240523 0.0595046554679654 0.0626550389956773 0.0642595435495607 0.0631818071752394 0.0620874967160945 0.0641843482776418 0.063282586385822 0.0647263743756152 0.065081339767133 0.0660321131702938 0.0722183016362534 0.0773162027121251 0.0834720510035732 0.0876802150562542 0.0926728979303423 0.096325366041281 0.0982916372260962 0.0986867987935298 0.0962309177329591 0.0917457585616527 0.0907125345449729 0.0873976770572145 0.0864669900554167 0.0829021941934114 0.0795096378874947 0.0745779302581484 0.0674083096477984 0.0575934494628721 0.0472001995354134 0.0399328739710277 0.0504845745633669 0.0986621483818263
-9999 -9999 -9999 -9999 -9999 -9999 0.126521699275039 0.10737089923079 0.0400015897946358 0.101228637224282 0.227112452276743 0.163561120887925 0.0811800058924131 0.0628006488119902 0.0479299616097634 0.0325642441586617 0.0212450497526687 0.0141975104850862 0.0136749955619354 0.0219653052453062 0.0326466018747515 0.0369733962369356 0.039911182876037 0.0426186392049722 0.0465340848372588 0.0502595835084672 0.0478181263414433 0.0430612273734814 0.0410545457238201 0.0415450536171615 0.0427337334521428 0.0432716782777273 0.0449581092210314 0.0468063501976882 0.0506255366612052 0.0582815703646945 0.0638207782861679 0.0700780444051153 0.0734591340447754 0.0755419422935049 0.0783208808571956 0.0766234152593973 0.074392881239903 0.0732342773538272 0.0727178552013713 0.0728373760359333 0.071535204009431 0.0703920091154497 0.0681683186238267 0.0640348675601612 0.059377888302024 0.0533118182268492 0.0473298127884202 0.0423471995245668 0.0347521036744152 0.0470343190466513
-9999 -9999 -9999 -9999 -9999 -9999 0.129594293579193 0.108494923387704 0.00301410406581321 0.0489412105432068 0.225007109478391 0.163584686437779 0.0719038108251536 0.0582338930241031 0.0502895298886898 0.0391236470531498 0.0293019959034813 0.0216478755979129 0.0205290881522259 0.0258818314431366 0.0330745946730784 0.0361253217466774 0.0385575570296673 0.0406528393317457 0.0430922647529126 0.0442848182051569 0.0409007696927189 0.0352811498392803 0.0291101539035193 0.0305762232564776 0.0307956218530975 0.032021043303166 0.0327069428184151 0.0342144505545443 0.0384043932645964 0.0435919068819086 0.0496165482564013 0.0543298250943595 0.0575636190605196 0.0602469128018596 0.0605762860513835 0.0596723649636325 0.0600196832858438 0.0613354530450129 0.0630474671176521 0.0636906311489394 0.0634629866125224 0.0624767241311514 0.0616802982580361 0.0602807486085701 0.0595763506431061 0.0557812631478022 0.0508694076064315 0.0461340822089957 0.0386316774168347 0.0290246914217198
-9999 -9999 -9999 -9999 -9999 -9999 -9999 0.108804243074795 -0.00884266136961442 0.00314550948880099 0.214584346970884 0.174338798219371 0.0722521992448094 0.0568482037611822 0.0554404869803522 0.0509732965232942 0.0422947208959819 0.0330768800203771 0.0294300284312924 0.0309271127411337 0.033995993784556 0.0359586412402975 0.0375536690114809 0.0380146273456546 0.0378543601733838 0.0371612660835132 0.0343216325059429 0.0299727700170472 0.0239946464836066 0.0218138073080034 0.0223124114692942 0.023143489870912 0.0242489060217739 0.0252139624713804 0.0273540523324062 0.0314813244692805 0.0361232542653562 0.0404209272205096 0.0430968260763568 0.0444890411039011 0.0456040689754667 0.0476974114017544 0.050139174832132 0.0517591589241463 0.0525873709862472 0.053906296694257 0.0541266612182279 0.0552617658780599 0.0570093192095281 0.059572786003543 0.0610068327991012 0.0608621727624532 0.0566826717260802 0.053263211982558 0.0502954146713286 0.040847820844136
-9999 -9999 -9999 -9999 -9999 -9999 -9999 -9999 -0.0193264402961466 0.00729104360322247 0.31421448976756 0.201879729116945 0.0772079431894546 0.0602722508665267 0.0632943285662413 0.0660827936948041 0.0563958251457046 0.0455956285767724 0.0392386425944251 0.03749083936764 0.0370121456473106 0.0362287290260187 0.0355065532116898 0.0340015315697378 0.0327744155854781 0.0304407919943689 0.0291855115241828 0.0260558577052175 0.0211941824301773 0.0167401920059529 0.0158439426374351 0.0177204776130624 0.0190195863924508 0.0198264672221928 0.0218969978933693 0.0236683405649948 0.0263887058875279 0.0292454938671219 0.0317688211247363 0.0351630490281203 0.0376354257192172 0.0405061140268558 0.0428125067478657 0.0464915000186191 0.0485300250976538 0.0488644189517544 0.0493772486865817 0.0479572015975979 0.0488649326382196 0.0517222049597946 0.0519990440043053 0.0558792766365162 0.0557550201670076 0.0547353810933368 0.0544039052243362 0.0498118377240248
-9999 -9999 -9999 -9999 -9999 -9999 0.103170062269111 0.0248720385518931 -0.0780497197984503 0.0755414493347143 0.258059741696062 0.19971562148721 0.0905748816632984 0.0696249083818892 0.0786072627205796 0.0873890952766279 0.0783204811772364 0.0607746598635119 0.0511059050262729 0.0483688093877976 0.0450063460708985 0.0407929909298277 0.0361411060861797 0.03231595615188 0.0298461362142023 0.0278915182221304 0.0269034057867285 0.0247117604683011 0.0207989001574993 0.0164180769471077 0.0127655669129131 0.0139430570842137 0.0149790083693984 0.0152320961123673 0.0162544130326955 0.0174709813495352 0.0191060821532039 0.0214081748008979 0.0236180870963682 0.0271924572077743 0.030863076085664 0.0315836410224509 0.0312131063387166 0.0296115191539266 0.0254120982685584 0.0223597862039525 0.0181120356380506 0.0162823077799458 0.0161159770977083 0.0168336001594543 0.02091818724075 0.0261334731365052 0.032493551832765 0.0365983379740384 0.0397173194188257 0.0363230979269465
-9999 -9999 -9999 -9999 -9999 0.0833701382327748 -7.33705867490553e-05 -0.0863701061511964 -0.0308638905451402 0.158504757608744 0.271341809992312 0.203320843184647 0.105642005835816 0.0891454869614094 0.111258581874695 0.126516961259241 0.111499484063911 0.0844957359214018 0.0703640752963568 0.0708715303726844 0.0663116953999628 0.0601860776651053 0.0493260414850866 0.042472854889045 0.0421185787012365 0.0396401298688416 0.0381072552434702 0.033333541246571 0.028716063555197 0.0258659583665299 0.0198383817291962 0.0173043258088859 0.014945990562964 0.0134586902581147 0.0142120266801188 0.0138070327489343 0.0169985800594135 0.0189726619888408 0.0200778167831454 0.0187023793304372 0.0146398118164072 0.0118167049991068 0.00294482176903477 -0.00250910142952765 -0.00909529283567023 -0.0158888691910477 -0.0183759303194394 -0.025182155880431 -0.0267115618716814 -0.0240796260100338 -0.0224078038662088 -0.0152798735096821 -0.00834180516605632 -0.00443314846884035 -0.000335962108781285 -0.00517296880988294
-9999 -9999 -9999 -9999 -9999 0.033643952121746 -0.0760364924339411 -0.10184824515039 0.0638673582466776 0.228650268753829 0.266446908178125 0.211678044928228 0.16095257278683 0.153107724238274 0.171542205497756 0.186685655309612 0.159774957803463 0.125980006257979 0.109285373594934 0.10931429721925 0.109413348447271 0.100057322898604 0.0872882618253252 0.0782005943526789 0.0746234546481132 0.0711769997887206 0.0687287467804816 0.0636003634404104 0.0568647283567572 0.050461154917527 0.0423910673282107 0.0371697359532418 0.0317189268487377 0.0267122432404153 0.0227455218956834 0.0196623775843797 0.0183308393028726 0.016081129952458 0.0116710514382533 0.00332289226661098 -0.00507869544372463 -0.014835936218441 -0.0245379865470637 -0.0328240236124457 -0.0426000320298766 -0.0501647235040529 -0.0570322874314638 -0.0613986851825566 -0.0631817182022566 -0.0646103170597854 -0.0631925653455141 -0.0597670322745371 -0.0551206876569538 -0.0525784825832996 -0.0507366545844072 -0.0505239425911379
-9999 -9999 -9999 -9999 -9999 -9999 -0.091889817467853 -0.0665429000144405 0.142895388625541 0.247035794443747 0.258898744508242 0.213733759396643 0.194182293378003 0.194909974407687 0.201685703342702 0.228153944410161 0.194342525442149 0.16435470769119 0.153271421609472 0.155151084246885 0.162006281106206 0.149111591763584 0.141645446061302 0.132934722957357 0.125034896697986 0.121513809118224 0.116183718501911 0.114592067965466 0.105771253533986 0.0933066359653312 0.0816943305196693 0.0695671551089466 0.0613377146105369 0.05153365454791 0.0406103937423045 0.0306479261852161 0.024514929252529 0.0165052058330814 0.006270810430834 -0.00855818109410755 -0.0228934025750481 -0.035201933015808 -0.0482979786240051 -0.0577336135521739 -0.0699252221643409 -0.0784008146344396 -0.0841895394092252 -0.0891702658692844 -0.0920927125931831 -0.0951168418721409 -0.0983998273739237 -0.098216973324207 -0.0988616545401673 -0.102035779436107 -0.104116536467378 -0.104960834453054
-9999 -9999 -9999 -9999 -9999 -9999 -0.0553710440752206 -0.0585012111935911 0.160267789007175 0.232726341949658 0.234707726103563 0.198137025394933 0.162419704034541 0.165100994578044 0.18312318237866 0.192531275460571 0.189788480466241 0.188847724193961 0.191658877343502 0.188294415989968 0.186914630118488 0.192674124193156 0.203936006640175 0.200642884075395 0.185091030160998 0.170572872464084 0.176143945228734 0.184575425600457 0.1761432393258 0.15541667435235 0.130988521616737 0.121717412678849 0.111863272870524 0.0980343894561915 0.0823671182183243 0.0642234959055882 0.0539685442634549 0.0406771339027538 0.0237219095013904 0.00360398695815389 -0.0168062399183273 -0.0322894098205239 -0.0470544669537198 -0.0586707964754883 -0.0698324003971706 -0.0791334052778008 -0.0849229038011665 -0.0895038063839766 -0.0915304633806976 -0.0938080867060905 -0.0992467158573925 -0.110503166667055 -0.123355194242405 -0.13297914589928 -0.142801878720541 -0.15205113481371
-9999 -9999 -9999 -9999 -9999 -9999 0.027806116571044 -0.0866664167021578 0.042465367633722 0.170046210298541 0.219390760751031 0.197900112535631 0.147867744076457 0.14960558099459 0.171697739315038 0.173998337031322 0.178481961823055 0.191509359014942 0.206108666747833 0.204865762962814 0.205435405628801 0.229729496341085 0.256326914699647 0.261168513166072 0.241407953143241 0.220643520336247 0.235143986815937 0.258525515933542 0.255139327260539 0.2291507625363 0.197834385414465 0.193916834392535 0.188404654208482 0.173527091422769 0.152502775416279 0.12494849515605 0.110742951520731 0.0941662967047203 0.0720265549876266 0.0433916762677355 0.016966721234314 -0.00126606527228956 -0.0188802856495777 -0.0314797322016747 -0.0452883040374776 -0.0542424526933024 -0.059828389911592 -0.0625281224297199 -0.0656749355703905 -0.0693298675638593 -0.073771584870732 -0.106338743677715 -0.133021795095862 -0.154578825102176 -0.176051812195814 -0.188432812746587
-9999 -9999 -9999 -9999 -9999 -9999 -9999 -9999 -0.0544036336515261 0.0583158845435676 0.227942214514304 0.205141894860757 0.154875093036758 0.161911689365062 0.185437249874591 0.198745547845165 0.18345830225253 0.178976136045843 0.197757426072665 0.211846842147271 0.236270766234505 0.266801829360376 0.293728215439939 0.302932925238795 0.287955149348675 0.273258055453065 0.289742691484678 0.31885020828608 0.321990382485862 0.304077147219984 0.284599685976691 0.284578971384908 0.291589989733203 0.280944149482181 0.253954096639772 0.221907731677036 0.204729869066942 0.185132972408373 0.158018714610113 0.127144972506133 0.0935936939584071 0.0716659876637782 0.0512355055142977 0.0333540857846776 0.0164661904769071 0.00245614054048598 -0.00456677795094473 -0.0108198471243149 -0.0173287972409871 -0.0266401379521389 -0.0482369327124048 -0.0833437422637686 -0.124359734550407 -0.155100669353908 -0.182585293013354 -0.204197192880758
-9999 -9999 -9999 -9999 -9999 -9999 -9999 -9999 0.0516537446097193 -0.0236230627931703 0.220039898917712 0.200422905278563 0.15945561274392 0.171525137605045 0.20719255860556 0.235552865561671 0.216838560300292 0.199934372159184 0.217591517644 0.236254069772573 0.267759149496119 0.297297149354398 0.319145782491542 0.328419662745395 0.32017579019 0.309619770383757 0.326129614310107 0.357483459817786 0.366781840502781 0.359269891054775 0.35331741144231 0.364347707750763 0.385252692977179 0.385087614428106 0.363619678411414 0.334979084422194 0.320120274834898 0.301858040429987 0.275042304882251 0.241276506584391 0.203146953854546 0.178365387836666 0.152253337434909 0.12835301393896 0.101988730036163 0.0806339602333486 0.0704010323965431 0.0583826477264819 0.043560560903199 0.0227890545924676 -0.00535350825338821 -0.0471455008892196 -0.0970935289437206 -0.140737778502811 -0.17954281903955 -0.205944690922042
-9999 -9999 -9999 -9999 -9999 -9999 -9999 -9999 -9999 -0.0610631495085948 0.10502438131699 0.143544832274558 0.146762193096551 0.181535027092347 0.235799875643503 0.2929735062488 0.281444502690934 0.260829066283799 0.274049358361647 0.275150553126607 0.307705036630332 0.326727231352684 0.336008704426222 0.345304251410012 0.341568026819395 0.337458621062894 0.351605176334021 0.374588698026741 0.385847544903811 0.388069486231824 0.39383240829083 0.414945919564131 0.445212493830203 0.459194626719171 0.454251257029613 0.442817988034009 0.435997781507892 0.427335150175845 0.404078543620632 0.372309445240184 0.334797551897905 0.306652046286312 0.277199595876808 0.243429987052578 0.205712925928201 0.172544022591639 0.156581561442772 0.139610417451612 0.115521777786426 0.0843347798708638 0.045720011621638 0.00474499300311615 -0.0412886408818283 -0.0953846514869061 -0.155337140063774 -0.195006931958939
-9999 -9999 -9999 -9999 -9999 -9999 -9999 -9999 -9999 -9999 -0.0681665446022942 0.0443875798643599 0.135083493897665 0.194784268481067 0.267788142609916 0.35569326571396 0.375372961429535 0.357328284660924 0.355258700810748 0.340329358319168 0.346830943176561 0.351867019926678 0.355939455968279 0.359981891021779 0.361626934325325 0.359956165305718 0.367889395953827 0.384470070754985 0.393956188432938 0.401129271908681 0.413409353205798 0.437956126482635 0.472747924389573 0.498321125850547 0.512782137255504 0.522968311268259 0.529522990416837 0.531538423145118 0.520195778253992 0.496897471249365 0.467408887134468 0.439952624522292 0.40871931509963 0.369983060344769 0.321530690948386 0.27921644542406 0.255947839357693 0.231887393745864 0.198505052590297 0.154472210137438 0.105431277082707 0.0605255594601324 0.0122564131204854 -0.0476788620031835 -0.117771613436602 -0.165208673731354
-9999 -9999 -9999 -9999 -9999 -9999 -9999 -9999 -9999 -9999 -9999 0.045534404878266 0.122556162827017 0.220884255548312 0.302251160255016 0.394200737512306 0.442352255662878 0.456445910874512 0.452037867249768 0.401435478255531 0.371632937989496 0.367755186628025 0.376099607030435 0.381496901713298 0.378869360407974 0.378155718265243 0.380416602678859 0.39007475688128 0.397748661010029 0.40465842421443 0.417377883343615 0.44247697507787 0.476818968244441 0.508555900185151 0.537799492647073 0.565600545634002 0.583050105941096 0.59904684421887 0.601283309229599 0.589681244856876 0.573958296682341 0.550753529879461 0.52815724403313 0.48951976401631 0.434349622109926 0.390097100786975 0.36085652940552 0.328938381377988 0.287175565811781 0.231756123514297 0.170526801053055 0.114861329745891 0.0475752556674988 -0.00866262673682416 -0.0582133517917726 -0.0981848032733057
