data/03_saidas_enm/CCSM_Maxent_6k_B.balansae1.asc
NCOLS 154 
NROWS 168 
XLLCORNER -112 
YLLCORNER -55.5 
CELLSIZE 0.5 
NODATA_value -9999 
[rows 50 to 74 of 168, columns 56 to 111 of 154]
-9999 -9999 -9999 -9999 -9999 -9999 -9999 -9999 -9999 -9999 -9999 -9999 -9999 5.88888542552013e-05 0.00066271226387471 0.00596549781039357 0.0138233723118901 0.0246438942849636 0.051803357899189 0.0800657272338867 0.0784309282898903 0.0725495293736458 0.059557531028986 0.0500013642013073 0.032431572675705 0.0269921571016312 0.0197807233780622 0.0143038155511022 0.00951266847550869 0.00591315235942602 0.00457598594948649 0.00713140890002251 0.0130210882052779 0.0244100876152515 0.0418640784919262 0.0633672326803207 0.0881021916866302 0.116913974285126 0.126157119870186 0.130999520421028 0.144107460975647 0.131186634302139 0.12969046831131 0.132116585969925 0.141780972480774 0.166560173034668 0.157217904925346 0.174904629588127 0.178201034665108 0.172326803207397 0.202091217041016 0.193741276860237 0.19685634970665 0.205964595079422 0.208035677671432 0.233080625534058
-9999 -9999 -9999 -9999 -9999 -9999 -9999 -9999 -9999 -9999 -9999 -9999 -9999 0.000109873879409861 0.0011253182310611 0.00573289766907692 0.0122315315529704 0.0328649841248989 0.0614141672849655 0.0721654966473579 0.0780227854847908 0.0725483745336533 0.0628126636147499 0.0511388406157494 0.034179300069809 0.0212442446500063 0.013093207962811 0.006894176825881 0.00398578029125929 0.00227880943566561 0.0018847999162972 0.00317849032580853 0.00730199180543423 0.0169569049030542 0.0389456674456596 0.0743957757949829 0.108603805303574 0.13286879658699 0.14221166074276 0.14071498811245 0.144948780536652 0.13607032597065 0.13653539121151 0.137726306915283 0.139918401837349 0.152822732925415 0.154259696602821 0.169710353016853 0.176832288503647 0.186950787901878 0.199039295315742 0.200057953596115 0.202775970101357 0.207012683153152 0.207828879356384 0.237625047564507
-9999 -9999 -9999 -9999 -9999 -9999 -9999 -9999 -9999 -9999 -9999 5.29312128492165e-05 7.80110494815744e-05 0.000384512240998447 0.00170479516964406 0.00726136052981019 0.0201465785503387 0.0465273857116699 0.0607249699532986 0.0658735483884811 0.0677395239472389 0.0644613578915596 0.0501510463654995 0.0363168269395828 0.0211895927786827 0.0123724015429616 0.00615632208064198 0.00284288288094103 0.00132649240549654 0.000678600394167006 0.00054783804807812 0.00121098454110324 0.00375091168098152 0.0110052637755871 0.0328495092689991 0.069611944258213 0.114773496985435 0.153214827179909 0.155840635299683 0.152201399207115 0.149102360010147 0.142176449298859 0.142655879259109 0.143210381269455 0.140050619840622 0.145321160554886 0.147756412625313 0.158150717616081 0.169971466064453 0.174637615680695 0.181947261095047 0.188883438706398 0.189528658986092 0.19664391875267 0.197905391454697 0.241900473833084
-9999 -9999 -9999 -9999 -9999 -9999 -9999 -9999 -9999 -9999 5.01036374771502e-05 6.1156963056419e-05 0.00039473720244132 0.001019187271595 0.00256403815001249 0.00773281417787075 0.021054832264781 0.04051548615098 0.055368896573782 0.0583420358598232 0.0535237975418568 0.0383930951356888 0.0256744436919689 0.0164399296045303 0.0091217989102006 0.00455530826002359 0.00202241772785783 0.00082559313159436 0.000373303279047832 0.000218832690734416 0.000227188706048764 0.000542863563168794 0.00214843638241291 0.00851905718445778 0.0280711650848389 0.062989130616188 0.104538343846798 0.141863957047462 0.15842492878437 0.153830200433731 0.149098932743073 0.147158458828926 0.14716674387455 0.147008880972862 0.141775667667389 0.143719270825386 0.146950051188469 0.148362219333649 0.150125533342361 0.154643163084984 0.161665484309196 0.161977931857109 0.162451684474945 0.168659493327141 0.175107479095459 0.226953819394112
-9999 -9999 -9999 -9999 -9999 -9999 -9999 -9999 -9999 -9999 8.01493224571459e-05 0.000694773974828422 0.00340187526308 0.00512405671179295 0.00438423780724406 0.00482239993289113 0.012486788444221 0.0298112891614437 0.0425653755664825 0.0359810814261436 0.0298590417951345 0.018977627158165 0.011359041556716 0.00662933243438601 0.00313659617677331 0.00141229701694101 0.000563609472010285 0.000223141905735247 0.000210329555557109 0.000213756313314661 0.000221931826672517 0.00024095807748381 0.00131249194964767 0.00638153497129679 0.0237063840031624 0.0552201867103577 0.0826273262500763 0.112309224903584 0.130431398749352 0.142034813761711 0.14741225540638 0.150605261325836 0.155105248093605 0.153988480567932 0.145850613713264 0.141708433628082 0.133183896541595 0.129138275980949 0.128050595521927 0.128039807081223 0.132448270916939 0.131818294525146 0.132549419999123 0.139289766550064 0.146514296531677 0.215180769562721
-9999 -9999 -9999 -9999 -9999 -9999 -9999 -9999 0.000108961568912491 0.00011970654304605 0.00108473584987223 0.00420263176783919 0.0124188112094998 0.0124020613729954 0.00579571537673473 0.00356294261291623 0.00739599857479334 0.0175464246422052 0.0235251430422068 0.0165372081100941 0.00983407255262136 0.00677482644096017 0.004512760322541 0.00250670895911753 0.00102088635321707 0.000360525649739429 0.000248850701609626 0.000239967048401013 0.000230526216910221 0.000225503215915523 0.000232903548749164 0.000271186814643443 0.000795578118413687 0.0044803861528635 0.0170293692499399 0.0393907353281975 0.0624851062893867 0.0811806917190552 0.0962301716208458 0.106939882040024 0.111846476793289 0.11859805136919 0.12037218362093 0.122754156589508 0.12374883890152 0.121620550751686 0.113453678786755 0.105086721479893 0.101171500980854 0.100332692265511 0.0986176431179047 0.100724965333939 0.0993736088275909 0.104882463812828 0.11486241966486 0.181830376386642
-9999 -9999 -9999 -9999 -9999 -9999 -9999 -9999 0.000161678355652839 0.00123699894174933 0.0104470662772655 0.0261497721076012 0.0283250454813242 0.0161444768309593 0.00887355580925941 0.00562255876138806 0.00430932175368071 0.00857535749673843 0.0105949342250824 0.00571721373125911 0.00269915629178286 0.0019072872819379 0.00138510670512915 0.000778169778641313 0.00032706928323023 0.000289665127638727 0.0002785547694657 0.000268468953436241 0.00026779153267853 0.000270881195319816 0.000282570137642324 0.000321953790262341 0.000500483380164951 0.00276096421293914 0.0109112467616796 0.0253389626741409 0.0414413437247276 0.0580595470964909 0.0669484436511993 0.0713759809732437 0.0719622299075127 0.0715365260839462 0.0713649913668633 0.0694062188267708 0.0659310445189476 0.0650571137666702 0.0629679039120674 0.0607217065989971 0.0560305379331112 0.0528286807239056 0.054948203265667 0.0609357953071594 0.0679243877530098 0.0760525986552238 0.0855453982949257 0.153864309191704
-9999 -9999 -9999 -9999 -9999 -9999 -9999 0.000119361437100451 0.000463620759546757 0.0049338499084115 0.0339911840856075 0.0524625703692436 0.0460670441389084 0.0270908810198307 0.014559761621058 0.00811145827174187 0.00708782719448209 0.00544961960986257 0.00467411521822214 0.00213628238998353 0.00100397341884673 0.00076129543595016 0.00055661064106971 0.000470432394649833 0.000367713917512447 0.000333008676534519 0.000323573738569394 0.000322350300848484 0.00032259282306768 0.000326603243593127 0.000338032114086673 0.000370170833775774 0.000448217266239226 0.00173121015541255 0.00626818276941776 0.0144695173949003 0.0255612097680569 0.0377963446080685 0.0449527353048325 0.0450697466731071 0.0448536053299904 0.0403880625963211 0.0362270101904869 0.033379390835762 0.030822129920125 0.029182268306613 0.0273351315408945 0.0249591115862131 0.0222714208066463 0.0218497887253761 0.0248246360570192 0.0290131624788046 0.0401769690215588 0.0520222187042236 0.060216199606657 0.137336432933807
-9999 -9999 -9999 -9999 -9999 -9999 -9999 0.000288900046143681 0.00248201144859195 0.0229266118258238 0.0705479085445404 0.0763120725750923 0.0569284409284592 0.0358405224978924 0.0218535754829645 0.0142043875530362 0.0120442556217313 0.00950238667428493 0.00828936509788036 0.00529435416683555 0.00283344183117151 0.0020293949637562 0.00147041154559702 0.00142455752938986 0.0013736697146669 0.00112597539555281 0.00110827572643757 0.000944649451412261 0.00101263110991567 0.00128667440731078 0.00131859816610813 0.00145460665225983 0.00134155806154013 0.00138152029830962 0.00351804378442466 0.00766657246276736 0.0131685892120004 0.0199354253709316 0.0228457227349281 0.02149797976017 0.0203901324421167 0.0165028218179941 0.0142750414088368 0.0119800232350826 0.00968860276043415 0.00881053786724806 0.00747127737849951 0.00639091012999415 0.00559890968725085 0.00638922676444054 0.00911713857203722 0.0143351051956415 0.0221339780837297 0.0314480252563953 0.0423096567392349 0.103036880493164
-9999 -9999 -9999 -9999 -9999 -9999 0.00035600020783022 0.00140112335793674 0.0107653196901083 0.0493696369230747 0.105615600943565 0.0955803468823433 0.0564636029303074 0.0381002128124237 0.0289495717734098 0.0213789660483599 0.0201036017388105 0.0171354617923498 0.0146170081570745 0.0103490659967065 0.00582559686154127 0.0047404165379703 0.00407357653602958 0.00394956907257438 0.00337578915059566 0.00301545835100114 0.00284722680225968 0.00298132305033505 0.0032320253085345 0.00313800200819969 0.00338713848032057 0.0033547542989254 0.00344438152387738 0.00347574753686786 0.0030400212854147 0.00409614946693182 0.00623932667076588 0.00791376549750566 0.0086892656981945 0.00801195111125708 0.00650636339560151 0.00519139552488923 0.0038079097867012 0.0028740142006427 0.00339869712479413 0.00483628921210766 0.00595985911786556 0.00754564581438899 0.00933703873306513 0.012046504765749 0.0165512766689062 0.0236166417598724 0.0367083847522736 0.0508790165185928 0.0580029301345348 0.07175213098526
-9999 -9999 -9999 -9999 -9999 -9999 0.00122780015226454 0.00439385091885924 0.025143638253212 0.0827475488185883 0.130315259099007 0.107110157608986 0.0626843944191933 0.0459722280502319 0.0391843803226948 0.0337370224297047 0.0296757761389017 0.0260597225278616 0.0237807109951973 0.019039923325181 0.0142965894192457 0.0118841156363487 0.0102890525013208 0.0100929467007518 0.0094904126599431 0.00839695055037737 0.0083167776465416 0.00817649159580469 0.00845636334270239 0.00866484269499779 0.00839540269225836 0.00842066388577223 0.00792624522000551 0.00756138144060969 0.00699850637465715 0.00624380027875304 0.00580841908231378 0.00513485446572304 0.00488698203116655 0.00502290111035109 0.00484965229406953 0.00547038577497005 0.00605457602068782 0.00712605938315392 0.00942803733050823 0.0117797031998634 0.0143826520070434 0.01653216406703 0.0195872634649277 0.0252360850572586 0.0318442657589912 0.0429745353758335 0.0563334710896015 0.0683130398392677 0.0775927677750587 0.0787261426448822
-9999 -9999 -9999 -9999 -9999 -9999 0.00258447462692857 0.00752499280497432 0.0392754152417183 0.107826225459576 0.164025381207466 0.129874810576439 0.0761321783065796 0.0557335391640663 0.0505266822874546 0.0440475568175316 0.0430043078958988 0.0377631634473801 0.0348748117685318 0.028563380241394 0.0228425674140453 0.0210957359522581 0.020082077011466 0.0191871393471956 0.0169818345457315 0.0155969085171819 0.0155878094956279 0.0168624278157949 0.0171668455004692 0.0161272436380386 0.0163027998059988 0.0151898618787527 0.0148968817666173 0.0139907421544194 0.0123156122863293 0.0117958066985011 0.0107523901388049 0.0105893481522799 0.0101428311318159 0.0101483203470707 0.0108276018872857 0.011336762458086 0.0135260671377182 0.0157344322651625 0.0188350826501846 0.0223044883459806 0.025205610319972 0.0304032731801271 0.0355980582535267 0.0423985011875629 0.0529966726899147 0.0610747188329697 0.0734449252486229 0.0856952592730522 0.0915116593241692 0.0947720184922218
-9999 -9999 -9999 -9999 -9999 -9999 -9999 0.0124693494290113 0.0499589033424854 0.134445160627365 0.191012427210808 0.154121041297913 0.0930852890014648 0.0717529430985451 0.0670026317238808 0.0645196959376335 0.0608178041875362 0.0537428222596645 0.0501803644001484 0.0445939302444458 0.0382682830095291 0.0358177646994591 0.0335916467010975 0.0318082123994827 0.030275970697403 0.0285662580281496 0.0297421086579561 0.0309377182275057 0.0307472106069326 0.0302807930856943 0.0288002677261829 0.0281612984836102 0.0264921393245459 0.0255542956292629 0.0246986299753189 0.0225098486989737 0.0216877833008766 0.0206056721508503 0.0206249244511127 0.0220587011426687 0.0229200031608343 0.0257369745522738 0.0287602879106998 0.0328343361616135 0.0381684862077236 0.0422303006052971 0.048835713416338 0.0543765537440777 0.0614964365959167 0.072540283203125 0.082671731710434 0.0934867411851883 0.101413674652576 0.109288387000561 0.11653795838356 0.114427641034126
-9999 -9999 -9999 -9999 -9999 -9999 -9999 -9999 0.0610812492668629 0.155006840825081 0.250980317592621 0.179942578077316 0.109082855284214 0.0856437906622887 0.0831280797719955 0.0844547972083092 0.081124410033226 0.0728167593479156 0.0673019513487816 0.0602588728070259 0.0536238215863705 0.0513836182653904 0.0500992424786091 0.0481996908783913 0.046327818185091 0.0459680706262589 0.0469121895730495 0.0469504222273827 0.0466010309755802 0.0450036935508251 0.0441784597933292 0.0420685335993767 0.0407296568155289 0.0392559990286827 0.037907425314188 0.0375603288412094 0.0353450886905193 0.0348164290189743 0.0347087904810905 0.0359218418598175 0.0391925163567066 0.0425132215023041 0.0486999489367008 0.0546310357749462 0.0609163194894791 0.0700125843286514 0.0749556422233582 0.0832181423902512 0.0880336761474609 0.0962151661515236 0.103616259992123 0.114507086575031 0.123442716896534 0.132795199751854 0.136176124215126 0.134920120239258
-9999 -9999 -9999 -9999 -9999 -9999 0.0182563085108995 0.0330405868589878 0.0919557064771652 0.173422008752823 0.22356840968132 0.183491632342339 0.118100918829441 0.100345492362976 0.10513374209404 0.109678260982037 0.103759236633778 0.0922872573137283 0.0860965326428413 0.0813679471611977 0.0762062445282936 0.0735076665878296 0.070539727807045 0.0694950297474861 0.0702804177999496 0.0697780027985573 0.0702984556555748 0.0696464255452156 0.0691235437989235 0.0683644860982895 0.0661220699548721 0.0645573511719704 0.0618485845625401 0.0601330623030663 0.0591551437973976 0.0578608922660351 0.0591644011437893 0.0585640519857407 0.0588256753981113 0.0616625770926476 0.0644906312227249 0.0708245635032654 0.0774935409426689 0.0824675410985947 0.0861509889364243 0.0882361009716988 0.0914098471403122 0.0934094116091728 0.0983886644244194 0.107884541153908 0.115741930902004 0.126415938138962 0.133762374520302 0.139040440320969 0.14303520321846 0.138193264603615
-9999 -9999 -9999 -9999 -9999 0.0331215411424637 0.0354848653078079 0.0668823048472404 0.133028626441956 0.188605442643166 0.233022943139076 0.189670920372009 0.127531826496124 0.114252001047134 0.125627920031548 0.139142006635666 0.129061236977577 0.112979859113693 0.105752594769001 0.101840518414974 0.100260198116302 0.0960876867175102 0.0933683812618256 0.0923770815134048 0.0936997085809708 0.0955941528081894 0.0956483110785484 0.0967575311660767 0.0962616875767708 0.0933772847056389 0.0924282819032669 0.09077188372612 0.0886957943439484 0.0864418372511864 0.0833896398544312 0.0820183008909225 0.0832575336098671 0.0864259526133537 0.0906306132674217 0.0923239439725876 0.0924922376871109 0.0916311591863632 0.09084153175354 0.0918063446879387 0.0957707315683365 0.0983744710683823 0.10150146484375 0.104975506663322 0.11015871912241 0.119192779064178 0.129186630249023 0.137125417590141 0.146196365356445 0.148091599345207 0.142812669277191 0.1313706189394
-9999 -9999 -9999 -9999 -9999 0.0426264218986034 0.0546713545918465 0.0858329311013222 0.147930562496185 0.199576079845428 0.228260695934296 0.198645859956741 0.155478984117508 0.148064702749252 0.158859491348267 0.17276619374752 0.155190199613571 0.134842038154602 0.126267537474632 0.126420900225639 0.126679629087448 0.123497933149338 0.12021404504776 0.118647314608097 0.121748752892017 0.124090604484081 0.126049667596817 0.12584063410759 0.124660708010197 0.123591475188732 0.121587954461575 0.120687536895275 0.118168354034424 0.115856610238552 0.113878853619099 0.11144258081913 0.11291927844286 0.115274660289288 0.119641356170177 0.119726270437241 0.112350627779961 0.109574317932129 0.106808289885521 0.106845811009407 0.110330618917942 0.112793140113354 0.117385163903236 0.120814621448517 0.126046419143677 0.134218841791153 0.139982149004936 0.148004233837128 0.151794657111168 0.151553839445114 0.148624613881111 0.138951987028122
-9999 -9999 -9999 -9999 -9999 -9999 0.0603948272764683 0.0936707779765129 0.151003181934357 0.197876706719398 0.236684858798981 0.205253854393959 0.171783342957497 0.164226055145264 0.16791932284832 0.198010131716728 0.174333482980728 0.155309230089188 0.150351002812386 0.15078441798687 0.153164505958557 0.14833527803421 0.147330462932587 0.147802501916885 0.150601580739021 0.15387125313282 0.15578755736351 0.15825654566288 0.158859699964523 0.158354952931404 0.156107202172279 0.15349380671978 0.151383519172668 0.14923207461834 0.146578878164291 0.144749149680138 0.147546395659447 0.149574458599091 0.153629511594772 0.148826852440834 0.13680411875248 0.133418619632721 0.129108503460884 0.12800395488739 0.130251720547676 0.131245091557503 0.137553960084915 0.141957387328148 0.147334113717079 0.154311776161194 0.15475657582283 0.16083350777626 0.159996137022972 0.157419949769974 0.155498385429382 0.148841202259064
-9999 -9999 -9999 -9999 -9999 -9999 0.0531127005815506 0.0843606889247894 0.136378303170204 0.17120298743248 0.203154549002647 0.182342365384102 0.141296118497849 0.133514374494553 0.140374392271042 0.151901498436928 0.164450615644455 0.175088748335838 0.178541749715805 0.170202866196632 0.164860427379608 0.167062252759933 0.174127861857414 0.176245972514153 0.176045462489128 0.176425769925117 0.183891132473946 0.192788943648338 0.194954290986061 0.192965999245644 0.188732266426086 0.188418179750443 0.187407031655312 0.185367241501808 0.183430016040802 0.182169377803802 0.184331402182579 0.186337143182755 0.189303621649742 0.184508740901947 0.1711415797472 0.163891941308975 0.15762060880661 0.154851213097572 0.155541568994522 0.156772151589394 0.162088334560394 0.167535498738289 0.173843830823898 0.1821528673172 0.185020074248314 0.18123097717762 0.172990828752518 0.166919931769371 0.162552461028099 0.154099643230438
-9999 -9999 -9999 -9999 -9999 -9999 0.045363824814558 0.0682657584547997 0.10219419747591 0.133845537900925 0.183899402618408 0.175073698163033 0.122001580893993 0.108483545482159 0.118735775351524 0.123423896729946 0.159003093838692 0.195369392633438 0.210645750164986 0.192013621330261 0.177436247467995 0.189283847808838 0.204690501093864 0.210739940404892 0.207327246665955 0.201553046703339 0.214979708194733 0.230814769864082 0.235851392149925 0.232762277126312 0.225284293293953 0.228964731097221 0.229728430509567 0.228651434183121 0.227491214871407 0.22317598760128 0.227164298295975 0.227098166942596 0.228759050369263 0.231504306197166 0.212524190545082 0.204966858029366 0.194257766008377 0.18931071460247 0.189182221889496 0.187016680836678 0.192696183919907 0.197436824440956 0.203406795859337 0.213285803794861 0.21695140004158 0.203990042209625 0.187970086932182 0.177462056279182 0.170762717723846 0.161084905266762
-9999 -9999 -9999 -9999 -9999 -9999 -9999 -9999 0.0524179227650166 0.100660271942616 0.182855978608131 0.166735768318176 0.118223883211613 0.108367152512074 0.116070166230202 0.133355155587196 0.166685849428177 0.212913379073143 0.236499354243279 0.212400317192078 0.19975571334362 0.213956892490387 0.239233195781708 0.247972875833511 0.237385466694832 0.231877386569977 0.244881227612495 0.26680800318718 0.274175703525543 0.270088881254196 0.266281753778458 0.270393252372742 0.277895450592041 0.27764555811882 0.272009998559952 0.267355382442474 0.269336521625519 0.26984241604805 0.269053608179092 0.268899351358414 0.263463109731674 0.250932186841965 0.239555597305298 0.23113776743412 0.225668981671333 0.222260415554047 0.224273145198822 0.227830529212952 0.231916159391403 0.236647352576256 0.233886018395424 0.221605464816093 0.202885359525681 0.189841851592064 0.180397123098373 0.169672906398773
-9999 -9999 -9999 -9999 -9999 -9999 -9999 -9999 0.0406118035316467 0.0817808136343956 0.188029766082764 0.173699945211411 0.11766143143177 0.113081566989422 0.127995163202286 0.149152815341949 0.189489811658859 0.244889080524445 0.273325651884079 0.243670672178268 0.225019618868828 0.245228514075279 0.278193384408951 0.288671910762787 0.273498237133026 0.261903285980225 0.276615142822266 0.30240061879158 0.311970382928848 0.308245956897736 0.305700749158859 0.314023166894913 0.326300352811813 0.32739382982254 0.320391267538071 0.313509821891785 0.31429198384285 0.316051870584488 0.313723295927048 0.31158772110939 0.308431565761566 0.308265924453735 0.292493164539337 0.280354082584381 0.270283192396164 0.26118928194046 0.260793596506119 0.260410130023956 0.260432124137878 0.260703891515732 0.255495458841324 0.244014382362366 0.224599078297615 0.208007395267487 0.19403013586998 0.179699301719666
-9999 -9999 -9999 -9999 -9999 -9999 -9999 -9999 -9999 0.0725970789790154 0.179836735129356 0.151247560977936 0.111269526183605 0.121492467820644 0.146993011236191 0.178520873188972 0.214863210916519 0.280591517686844 0.31495064496994 0.27315628528595 0.257301032543182 0.276547223329544 0.311776727437973 0.324149280786514 0.303783625364304 0.292179435491562 0.305574655532837 0.331031948328018 0.341803133487701 0.338155895471573 0.338398337364197 0.349902361631393 0.367257475852966 0.371123939752579 0.364254772663116 0.358546495437622 0.358467370271683 0.361374169588089 0.36060044169426 0.355066955089569 0.349362432956696 0.349333703517914 0.349797278642654 0.33381175994873 0.315785974264145 0.301306813955307 0.296341687440872 0.293559610843658 0.28984272480011 0.284630298614502 0.277652561664581 0.269965827465057 0.259820252656937 0.241116255521774 0.212361842393875 0.189267098903656
-9999 -9999 -9999 -9999 -9999 -9999 -9999 -9999 -9999 -9999 0.123493865132332 0.112559832632542 0.110720351338387 0.146922796964645 0.187264189124107 0.223975911736488 0.258182615041733 0.317236721515656 0.349870204925537 0.311784714460373 0.291106432676315 0.309239745140076 0.33110249042511 0.33742481470108 0.338061362504959 0.325748026371002 0.336100667715073 0.357962995767593 0.367617011070251 0.367425143718719 0.370319575071335 0.38281312584877 0.401277512311935 0.408391088247299 0.406431645154953 0.405070781707764 0.405326217412949 0.406835734844208 0.404875546693802 0.401974201202393 0.395713448524475 0.392387628555298 0.389551669359207 0.385385930538177 0.368055492639542 0.348373204469681 0.338349044322968 0.330575853586197 0.322220981121063 0.31357416510582 0.30362743139267 0.29602187871933 0.287229657173157 0.268643766641617 0.238896146416664 0.216669455170631
-9999 -9999 -9999 -9999 -9999 -9999 -9999 -9999 -9999 -9999 -9999 0.0676468536257744 0.128520309925079 0.206919208168983 0.247607111930847 0.27314880490303 0.297020763158798 0.347278594970703 0.380674481391907 0.34057554602623 0.317222237586975 0.334872156381607 0.339933633804321 0.344938725233078 0.357209861278534 0.359681099653244 0.365805447101593 0.381444215774536 0.390571773052216 0.392242759466171 0.398035615682602 0.410215049982071 0.428294152021408 0.438509464263916 0.442097961902618 0.448366940021515 0.44751363992691 0.450797289609909 0.44857582449913 0.442798107862473 0.440871626138687 0.4354168176651 0.433217823505402 0.425650179386139 0.41340246796608 0.397188782691956 0.382862746715546 0.370850443840027 0.359032839536667 0.345421731472015 0.33174192905426 0.319049119949341 0.29995796084404 0.287034779787064 0.277231693267822 0.269137382507324
