data/03_saidas_enm/CCSM_Gower_0k_B.balansae4.asc
NCOLS 154 
NROWS 168 
XLLCORNER -112 
YLLCORNER -55.5 
CELLSIZE 0.5 
NODATA_value -9999 
[rows 56 to 83 of 168, columns 63 to 125 of 154]
-9999 0 0 0 0 0 0 0 0 0 0 0 0 0 0 0 0 0 0 0 0 0 0 0 0 0 0 0 0 0 0 0 0.0657326334689513 0.104488567757098 0.102255711292107 0.0968088080173116 0.0586946247830887 0 0 0 0 0 0 0 0 0 0 0 0.216296035978302 0.380291206504514 0.446357904098175 0.412894236623218 0.360181873528611 0.295896181505746 0.225479029137914 0.166623564454363 0.124391313065829 0.10760577688291 0.0960719455890022 0 0 0 -9999
0 0 0 0.023673648747336 0 0 0 0 0 0 0 0 0 0 0 0 0 0 0 0 0 0 0 0 0 0 0 0 0 0 0 0 0 0 0 0 0 0 0 0 0 0 0 0 0 0 0 0 0.141671006185942 0.319553716940521 0.419062070011615 0.387423132466032 0.328742878633928 0.270087683865163 0.216612546570171 0.169240522333942 0.134953053735691 0.11493231143886 0.0993550646943563 0.0556737854298267 0 0 0
0 0 0.104973394283238 0.00885193355439506 0 0 0 0 0 0 0 0 0 0 0 0 0 0 0 0 0 0 0 0 0 0 0 0 0 0 0 0 0 0 0 0 0 0 0 0 0 0 0 0 0 0 0 0 0.031338836717655 0.234966845161901 0.370858374734812 0.338282309257101 0.289343111770487 0.242936843264494 0.205250053505048 0.175026859534184 0.149232496576716 0.132856601276225 0.120210314318782 0.114377365390649 0.112191320546146 0.000602229152895317 0
0 0.099250363626541 0.136125842834375 0.0511544046344713 0 0 0 0 0 0 0 0 0 0 0 0 0 0 0 0 0 0 0 0 0 0 0 0 0 0 0 0 0 0 0 0 0 0 0 0 0 0 0 0 0 0 0 0 0 0.12448616558219 0.291906558744873 0.276965648720139 0.248704323831252 0.214043041954191 0.195126363339795 0.182080471592456 0.168345517939256 0.158694163066764 0.0642208487313762 0 0 0 0
0 0.10565247899797 0.155571722737879 0.142994122065924 0.0415651820350312 0 0.0395280315700693 0 0 0 0 0 0 0 0 0 0 0 0 0 0 0 0 0 0 0 0 0 0 0 0 0 0 0 0 0 0 0 0 0 0 0 0 0 0 0 0 0 0 0 0.140177403908777 0.221650987899062 0.228267442126239 0.207957756985266 0.196201051192383 0.188727637487195 0.180919541913673 0 0 0 0 0 0
0 0.117111140893856 0.186696840397039 0.244592175172411 0.154703887254623 0.0732207743050753 0.127908573950121 0 0 0 0 0 0 0 0 0 0 0 0 0 0 0 0 0 0 0 0 0 0 0 0 0 0 0 0 0 0 0 0 0 0 0 0 0 0 0 0 0 0 0 0 0.0401190633228213 0.0979369470354625 0.115455588403677 0.110643843444214 0.0768001933790469 0.0276798064157783 0 0 0 0 0 0
0 0.0359068749079707 0.213798762838614 0.268105524422197 0.248280096329865 0.182678312894999 0.193220892734326 0.100290814952227 0 0 0 0 0 0 0 0 0 0 0 0 0 0 0 0 0 0 0 0 0 0 0 0 0 0 0 0 0 0 0 0 0 0 0 0 0 0 0 0 0 0 0 0 0 0 0 0 0 0 0 0 0 0 0
-9999 0 0.23665942322597 0.315180470969096 0.270411456937267 0.218712458676441 0.212847469055381 0.149975341160691 0.0660318223558105 0.0598417612979698 0.0398170117994686 0.0421394774613646 0.0455697834462752 0.0397913348175869 0.0453567338939046 0.0583515421366615 0.0689897065727203 0.069100134944124 0.0743515982183127 0.0601316683028649 0.0532746129420206 0.0441199014355581 0.0158484166784211 0.00249447767556077 0 0 0 0 0 0 0 0 0 0 0 0 0.0268241987276013 0.0515686550849689 0.0870904173612954 0.0762900059558832 0.0489034315565035 0.0524346860446501 0.0965974700622922 0.123148533620646 0.111987721158108 0.110598214753437 0.108827457215758 0.0854586278133955 0.0801239745877722 0.039384666942378 0.0154544138010322 0 0 0 0 0 0 0 0 0 0 0 0
0 0.175032064588385 0.258871851773355 0.295638609242763 0.271690996399058 0.231451376897871 0.228180857452162 0.229857125767425 0.155744681400536 0.134894538379719 0.126555331287685 0.131499104512094 0.148384495989305 0.159455005282454 0.176435557736436 0.188272819877063 0.196529265702952 0.193637063310498 0.191388324055662 0.189734083027368 0.188720468849673 0.18657643845465 0.181200025820475 0.157543371330667 0.13736985148106 0.110601337629612 0.0952783384519723 0.0849753627253432 0.0704698631330209 0.0730640190221256 0.0720634841943398 0.0811565188963498 0.105489102584884 0.122979985053766 0.154844512343146 0.180890253853246 0.0973879629901313 0.031142725251555 0 0 0 0 0 0.043040464229439 0.127469934886805 0.221526238831432 0.281273061273765 0.27090860536822 0.252178924185621 0.234052796654846 0.205047175756947 0.18561993656656 0.169152663510532 0.140201432706011 0.0449488434930817 0 0 0 0 0 0 0 0
0.132341145070367 0.228063478804728 0.272318345686246 0.302592218807596 0.271873671983926 0.234958243205898 0.235423518949099 0.234797429129418 0.194126564520188 0.180936316276824 0.190937587466342 0.204988361588988 0.209279713932542 0.220201337937884 0.216089298367005 0.213356909839319 0.210288795315659 0.208101831015474 0.207298102077243 0.204740098449289 0.203583656960955 0.201089765886844 0.197762629788702 0.194452573748657 0.191092383997939 0.187156614990141 0.184615551164332 0.183149627126955 0.182200265759055 0.187867416568487 0.194262760694257 0.204308452966465 0.21566619291323 0.229463108529016 0.187952006236947 0.083780481433036 0.00754993779010482 0 0 0 0 0 0 0 0.050728804236759 0.130082904916409 0.197164192684405 0.267272711244677 0.246399482195806 0.233769277920804 0.215742570070834 0.20092672613519 0.194281835503664 0.165554320537708 0.0192832079097424 0 0 0 0 0 0 0 0
0.159244387164606 0.234480593770973 0.276918055200587 0.288457691532488 0.263554810986924 0.238962488286031 0.242918048966989 0.2573763493142 0.260548602452777 0.235340983076956 0.229085254872884 0.240769409334384 0.241138512621997 0.23848589856274 0.232249215086138 0.226886092427633 0.222966468438255 0.221293370776478 0.220169593340855 0.218861987104764 0.217266669160106 0.21495392643939 0.212540526697461 0.209463108529016 0.206425538634801 0.20323144309868 0.201136190606799 0.199719652248355 0.200581945838346 0.205033186635997 0.212052342482177 0.222154199470975 0.233009402343417 0.246362298784656 0.163720068083415 0.0715765832894493 0.0017336857960164 0 0 0 0 0 0 0 0.0190978908863662 0.064469482404406 0.107497392692435 0.147098675395098 0.168923615668966 0.172514712112578 0.151689904649244 0.108671646289516 0.0440911731442688 0 0 0 0 0 0 0 0 0 0
0.19202938725811 0.245448796188363 0.263260148816759 0.291117941749106 0.261485287670151 0.241311183282322 0.247355653769353 0.260965249769876 0.278474210566779 0.26557614859235 0.256729769377658 0.25388092165822 0.254140270496589 0.256119344308621 0.249928758288088 0.241449724994442 0.236995663493765 0.235621591520645 0.234587344134081 0.233269468045538 0.232271375526479 0.230306031213702 0.228440034866591 0.226595715855987 0.223106568549837 0.220916954970567 0.219414533217804 0.218205698339577 0.2196008866254 0.224553604785741 0.231336148841694 0.240780485929731 0.250489501582295 0.262935284865032 0.196588358641976 0.110288151241341 0.0488505389894148 0.0101854933319332 0 0 0 0 0 0 0.0111271354569634 0.025994965811583 0.0382079367677726 0.0524466544357431 0.0476911493619174 0.0278500664310052 0 0 0 0 0 0 0 0 0 0 0 0 0
0.235691906504344 0.241580131861373 0.238057182870904 0.254281897839643 0.232202774391083 0.184553037584763 0.239892574284852 0.258686776253317 0.260494083276712 0.255036755370764 0.249193505422191 0.251671828085683 0.261188225564816 0.270599088232422 0.267335082896462 0.260186922742866 0.255634245724271 0.252089229797429 0.249736171282646 0.250277154071682 0.251439470725986 0.250501376586191 0.247607740466232 0.243545148910263 0.242138381716442 0.240293174418146 0.239609037054583 0.239876520738141 0.241638166657316 0.24658630312324 0.252996529963866 0.26140375221033 0.2695982840983 0.279789125696345 0.275258716720795 0.20203069493369 0.145160954269421 0.106787975962323 0.0740887871875928 0.0600220668819432 0.0496713389721185 0.0442620122751937 0.0425976337589963 0.0362733042591514 0.0318689363369105 0.0181682171524289 0.00397254708468009 0 0 0 0 0 0 0 0 0 0 0 0 0 0 0 0
0.0280531449249368 0.254496021925641 0.20525725331056 0.141128114322951 0.00983491458748109 0 0 0.106626729490671 0.268903580786389 0.249521860188712 0.248463831626366 0.256816447555702 0.266761872406564 0.286306227572034 0.285650359574702 0.278617427477284 0.274829425906417 0.269055244221974 0.265965935465639 0.268426648215217 0.273581490785703 0.273760737891756 0.269058142844973 0.264264568437632 0.263807458707609 0.263621978003711 0.263031188767888 0.262911036169413 0.264626771640454 0.268889555191236 0.275419622950445 0.282889592592823 0.288813287121595 0.297421013042765 0.307837105698963 0.316471099295435 0.26358007651534 0.228606893432931 0.188584786656351 0.171949109114149 0.149291400466484 0.131830096977428 0.118319713819039 0.0941055352135804 0.0696786281083713 0.0317546575058285 0 0 0 0 0 0 0 0 0 0 0 0 0 0 0 0 0
-9999 0 0.190842416724327 0.0111811017368419 0 0 0 0 0.159533947471291 0.263764353378506 0.262581310011366 0.273839343560589 0.274612714877312 0.302887192657653 0.304515657758855 0.296630842179848 0.294180477202694 0.287362074375134 0.284335911964976 0.28838248317448 0.296829008255361 0.29911359069781 0.294559978639538 0.290952377390325 0.29186301253161 0.294246553339858 0.294199676684058 0.29128135551663 0.289962419716454 0.294069862008922 0.299590086917133 0.305680561356265 0.311267735105337 0.317654523618063 0.325692000008311 0.333582893345219 0.341769633235881 0.348549699436691 0.310062218903675 0.278262975923715 0.249125734769128 0.220373605553745 0.188653122308721 0.153274172160544 0.11210464414756 0.0606585150341009 0.00265641014157703 0 0 0 0 0 0 0 0 0 0 0 0 0 0 0 0
-9999 0 0.202730012487974 0 0 0 0 0 0 0.29524695229012 0.28833563768667 0.299713917338337 0.288497274878808 0.323736271020211 0.321953212692436 0.315140420102938 0.313407729245755 0.304166233431616 0.301155717352051 0.305884555845764 0.317816129642212 0.32183876383599 0.317230077940752 0.316569036057208 0.319652422895589 0.326179841375713 0.326451002882 0.321188100892859 0.318271338124892 0.320200480818181 0.32452154850882 0.328996243218365 0.332314667863517 0.338026170721622 0.34374886288786 0.349853269418177 0.356066826246772 0.360430594082653 0.364084978483698 0.366651288380781 0.345912569230064 0.303513385551552 0.258635007569686 0.209801462408699 0.158542773742843 0.0956849767607305 0.0236590061242129 0 0 0 0 0 0 0 0 0 0 0 0 0 0 0 0
-9999 -9999 0.068872640326588 0.056678624380564 0 0 0 0 0 0.34246764035465 0.312221008055886 0.320166788221825 0.306997128389259 0.339997265528412 0.337900781900956 0.330180876152956 0.329540373974313 0.320513874949871 0.316214874195606 0.321540018659236 0.33254721223115 0.338217604511463 0.336620868423295 0.337668237533324 0.344907314711499 0.354467253871584 0.357783621429447 0.353729382894592 0.350137178632058 0.350511786694593 0.351449569154496 0.35288934324891 0.355449949403964 0.357778135863343 0.362614877935765 0.366691370414929 0.370967151017219 0.375277434583585 0.376919894111951 0.377955512890041 0.373962955805869 0.365748756916696 0.315398770061211 0.254116746893495 0.193112699260843 0.129249171349782 0.0512397773210056 0 0 0 0 0 0 0 0 0 0 0 0 0 0 0 0
-9999 -9999 -9999 0.197069410916484 0 0 0 0 0 0.275148265579412 0.341500341808949 0.340602236199334 0.325619409761399 0.347280289571399 0.345798719203429 0.345322347656063 0.345297506768648 0.335914103099553 0.330955556525226 0.33456596289347 0.345611524260124 0.351531042278338 0.351182054302949 0.354935023053923 0.364792990527009 0.378773703775275 0.384897527962881 0.383274984779632 0.382389533373644 0.382325296147844 0.382132054614629 0.380572003249782 0.378602498010443 0.378299171139273 0.380857283855189 0.384155729819246 0.387539108553951 0.389957588678124 0.391191965723523 0.390653320533679 0.385011415795521 0.37459180115654 0.361805788103386 0.301440730468229 0.233891324177643 0.161337779140201 0.0813119042508121 0 0 0 0 0 0 0 0 0 0 0 0 0 0 0 0
-9999 -9999 -9999 -9999 0 0 0 0 0 0.124144596325943 0.380561343797466 0.362994535212555 0.336870617520981 0.336111614647293 0.343019531939916 0.358076538192215 0.360950538478961 0.351135801006934 0.345304675406171 0.346709603688628 0.35489715394701 0.361152257705246 0.362491141018528 0.368977261912925 0.380757016433842 0.395880722183089 0.406426130826596 0.410588459948095 0.415623991455815 0.415000288823367 0.41387568543603 0.411244078601513 0.405708145026732 0.401296752503309 0.403561761448522 0.404429104252768 0.405122186829239 0.407664622046573 0.40780450398223 0.407012961727787 0.400186299383082 0.39018879282222 0.378385599973403 0.350084711757387 0.275336511262899 0.194592146830796 0.116463648006787 0.0377247612370323 0 0 0 0 0 0 0 0 0 0 0 0 0 0 0
-9999 -9999 -9999 -9999 0 0 0 0 0 0 0.415121220621573 0.371971570638092 0.340966901673305 0.329440698744761 0.338053660888121 0.360176107450604 0.366651600060674 0.359909340630798 0.354107076588061 0.354836095856112 0.36227337027779 0.368690142396153 0.371653875323887 0.379989972218932 0.393151279030385 0.410771945900682 0.423455852621124 0.430347406719403 0.437911503689251 0.439819358645896 0.441568849049272 0.440404350635723 0.435133687817264 0.431260130115966 0.431449475650528 0.43115088631372 0.429061228475906 0.42803795222155 0.428159351539595 0.42722855070928 0.422394021564093 0.415426822755957 0.407076170409942 0.401433268296129 0.339124368056081 0.255326712625288 0.179953646292604 0.112327989768441 0.0456088423502935 0 0 0 0 0 0 0 0 0 0 0 0 0 0
-9999 -9999 -9999 -9999 0 0 0 0 0 0 0.144464380424604 0.391811865861286 0.340220365995308 0.330331261700983 0.341109245880111 0.358646133195363 0.367367154757378 0.365017431217442 0.358482189572022 0.363044372827331 0.369030216326624 0.374966409219076 0.378548296877175 0.387122610713892 0.403093431242377 0.423200898469236 0.437556157444059 0.443155175029038 0.4519999023403 0.459343485786358 0.464712016090994 0.467705888464312 0.465178663225721 0.464820262517584 0.466446078339702 0.464873185763294 0.460166881725792 0.454827212979182 0.452105125471935 0.451321967406595 0.449413146242283 0.447411319798115 0.444936924301266 0.446344346022861 0.41693010639771 0.334823468805225 0.263408658268717 0.199073537140877 0.143610082430042 0.0905181065027229 0.0450909198776702 0.00600215456778153 0 0 0 0 0 0 0 0 0 0 0
-9999 -9999 -9999 -9999 -9999 0 0 0 0 0 0 0.0567896201696977 0.300769987281006 0.335847434770593 0.347579439932012 0.357776857975785 0.36559837136867 0.370525438273875 0.372985278319754 0.373297301059919 0.373566156135003 0.37853436478599 0.383194758375358 0.393518188599581 0.407621066067063 0.416121094636771 0.433372668158469 0.450391010736333 0.461849018104446 0.472769221818424 0.484034268165224 0.491714933414786 0.493114376131138 0.497096710114844 0.503858792385868 0.509218003461725 0.503398378848987 0.490070666143044 0.481594282128483 0.477132116950607 0.4759021034237 0.477687405846699 0.482316008087054 0.491337613737187 0.498241323351265 0.426548639026633 0.360379265444501 0.300789225307922 0.245233112085398 0.197680184771368 0.152595641600995 0.114815098653003 0.0831573529419335 0.0506183861769973 0.0195820316099365 0 0 0 0 0 0 0 0
-9999 -9999 -9999 -9999 -9999 0 0 0 0 0 0 0 0 0.205800595386837 0.361624826757927 0.364331891294365 0.377425812913106 0.3851512353952 0.399756368139666 0.384229005761922 0.376293511032429 0.378959371487108 0.38511891419037 0.381194639756576 0.379642390908759 0.381837033496567 0.394005760013425 0.414953957728157 0.435932513974705 0.469627408542188 0.500640385818149 0.513598227995919 0.517695758867812 0.527107681247052 0.540198174386978 0.560584657453409 0.557373170179299 0.53352267679003 0.519463170864995 0.509266376181007 0.503079343311246 0.507900906572913 0.520341360129493 0.534487388392625 0.546999216644537 0.518906782706009 0.459230647368987 0.398885054285019 0.346521219828716 0.302088374857216 0.261153195663376 0.224848239514016 0.189627194912842 0.157607308851925 0.132369832808011 0.112265638311618 0.0890871116128398 0.0640390064021884 0.0486793137813578 0.0274388942853893 0.0153712813694105 0.00689013197145916 0.00293766733226364
-9999 -9999 -9999 -9999 -9999 -9999 0 0 0 0 0 0 0 0 0.0797715598182072 0.393939423974002 0.403053847896057 0.408516318520227 0.408348136050351 0.391113391222679 0.377577569852659 0.376673261813187 0.381483292918841 0.363846585559583 0.357423999429635 0.357727044239806 0.365168217667198 0.379828776078867 0.399268145753898 0.427175383773538 0.459607889769316 0.498630468589537 0.534044553601669 0.546733790048269 0.56190056995863 0.581834119805595 0.584001354768598 0.569764814664747 0.556633927810781 0.540819040732406 0.534045363969389 0.540439913311433 0.557016857726441 0.577435069805907 0.589349968728117 0.601087434521249 0.553592724402185 0.502301412218672 0.455145758273504 0.415620146688719 0.37835463063486 0.343791075389539 0.309994269328437 0.277862034822098 0.254728293070636 0.233540959180322 0.215542236323475 0.20127610717913 0.186245352274792 0.172423404870852 0.159704865910264 0.149497951732122 0.147327619134395
-9999 -9999 -9999 -9999 -9999 -9999 0 0 0 0 0 0 0 0 0 0 0.0746458964891175 0.261650656048001 0.418309487743708 0.399723330071084 0.380527090177304 0.3801920342931 0.383949802914415 0.370386281752914 0.364844633553603 0.340759057240825 0.34326926640712 0.353354875150377 0.366754518518061 0.392006781316132 0.421719766428483 0.460646906981664 0.507502392391295 0.556648717940798 0.572740422596377 0.587252113709136 0.594525039323613 0.592240986736982 0.592017636926171 0.571917463008791 0.562058466992061 0.571746288411949 0.595914258939499 0.619134074300331 0.628210192763624 0.635450142645497 0.638716168704382 0.592594815395932 0.557299450946841 0.519077235759802 0.489948295263554 0.459009618210898 0.423227603536878 0.396558360448817 0.371451764552663 0.350657071105627 0.336324922771704 0.326617399363848 0.317274332768631 0.302281992538931 0.292453820027314 0.280715916982092 0.271495622914862
-9999 -9999 -9999 -9999 -9999 -9999 -9999 0 0 0 0 0 0 0 0 0 0 0 0 0.0522011093797696 0.406263402754835 0.414257275128152 0.402216519865437 0.402817937385587 0.407735186374186 0.376274755909168 0.334501145876928 0.335206148458497 0.345741640014475 0.363581466393015 0.388815802342922 0.427287899519051 0.476905548031341 0.529644977625543 0.574041312130789 0.584632132534602 0.593430855893763 0.597947970236648 0.600250628034983 0.594121413863106 0.5933251340743 0.604816904686211 0.625169402177188 0.647479432243908 0.655660443458151 0.660475993375763 0.662420452018958 0.657721441290937 0.638296502861861 0.605936482847623 0.578973242023518 0.552555528186977 0.526304406632908 0.506344025868197 0.487734915065605 0.472789676246012 0.461106789192105 0.451303132578372 0.442149436816418 0.429321251950333 0.415086781130815 0.401215029776842 0.390694427928923
-9999 -9999 -9999 -9999 -9999 -9999 -9999 0 0 0 0 0 0 0 0 0 0 0 0 0 0 0.116919605099719 0.397843993824582 0.410820692635835 0.423053286872251 0.434790434751892 0.35986763602913 0.325129348708469 0.328819666975014 0.344932229307167 0.363557233618361 0.399509842907789 0.454784293558638 0.507476293577169 0.566942422258222 0.583082522446147 0.595319760712957 0.60293052655201 0.608725744551316 0.613300690059281 0.619774813355691 0.631269950110439 0.648140663213253 0.66798828083605 0.667536760565429 0.672067339479661 0.672008951446506 0.659722476068179 0.648867400984493 0.6641864386001 0.646331347095181 0.625455963527551 0.607673829941774 0.602449820268226 0.586294808755406 0.580386477365327 0.571309224875516 0.558472160235394 0.557530904187496 0.540371706054256 0.52731477048744 0.513882181871156 0.502513175525592
-9999 -9999 -9999 -9999 -9999 -9999 -9999 -9999 0 0 0 0 0 0 0 0 0 0 0 0 0 0 0 0.262727039092111 0.44752299470352 0.455268614042634 0.431661419878442 0.360374992857573 0.342489673723642 0.344649543631091 0.358942376443735 0.393383094814881 0.446622230475693 0.499549949887188 0.556317572720114 0.585047290151123 0.605426982751635 0.613787018740273 0.622327413493246 0.632991212704904 0.64512441222367 0.65209774281422 0.652933069859931 0.657493009020016 0.660230988046037 0.666603549410613 0.666572672322618 0.660108460446783 0.659245580898594 0.658351333886046 0.660458539301795 0.658917643783129 0.65766144914527 0.651473273449237 0.649243195508485 0.640965688199592 0.641820472382045 0.636934615778612 0.630268414978351 0.626709555975264 0.626195880351093 0.619459220474237 0.609124321726825
