data/03_saidas_enm/CCSM_Gower_6k_B.balansae5.asc
NCOLS 154 
NROWS 168 
XLLCORNER -112 
YLLCORNER -55.5 
CELLSIZE 0.5 
NODATA_value -9999 
[rows 56 to 83 of 168, columns 63 to 125 of 154]
-9999 0 0 0 0 0 0 0 0 0 0 0 0 0 0 0 0 0 0 0 0 0 0 0 0 0 0 0 0 0.0408908650634553 0.21928680066488 0.304336101510856 0.34194816772343 0.347751397884317 0.349224023039378 0.340322109290422 0.305924336238137 0.243912298517233 0.187017493908967 0.093631114278946 0.012656262747866 0 0 0 0 0 0 0 0 0.214156197105472 0.404426616378129 0.494202259106646 0.513062572292943 0.497190147897537 0.430712593705266 0.36760612977189 0.29643399724248 0.280744227600696 0.154842423947182 0 0 0 -9999
0 0 0 0 0.0231426797175699 0.0147874715964755 0 0 0 0 0 0 0 0 0 0 0 0 0 0 0 0 0 0 0 0 0 0 0 0 0 0.0831522764869163 0.117287976567008 0.136261989792106 0.0966153113785638 0.050998989450785 0 0 0 0 0 0 0 0 0 0 0 0 0 0.124516013438156 0.348880155806863 0.44680991097311 0.516344118736543 0.467087001199566 0.401477760801632 0.343145112865699 0.288439205118561 0.262414742834275 0.175785484123578 0.0175474012260934 0 0 0
0 0 0 0.131650684834879 0.080155878454953 0.0614708869056425 0 0 0 0 0 0 0 0 0 0 0 0 0 0 0 0 0 0 0 0 0 0 0 0 0 0 0 0 0 0 0 0 0 0 0 0 0 0 0 0 0 0 0 0.0148009201666537 0.260051499401794 0.379489711492312 0.4491924712832 0.415342934353715 0.355927697373218 0.313319082348154 0.27065244947829 0.246778836846947 0.225833136295333 0.167886405601327 0.120331531673303 0 0
0 0 0.0147486155119353 0.183794191563799 0.124380673340813 0.0870727448790742 0.0343897629476927 0 0 0 0 0 0 0 0 0 0 0 0 0 0 0 0 0 0 0 0 0 0 0 0 0 0 0 0 0 0 0 0 0 0 0 0 0 0 0 0 0 0 0 0.133983155942185 0.270113537946856 0.370577031643364 0.345944121827265 0.310491856576754 0.275641042397253 0.25348855835205 0.261004254392583 0.252171349267509 0.144880128198199 0.0146358494752182 0 0
0 0 0.288183935512837 0.266951856162414 0.198990246250429 0.161862721353297 0.116312428126377 0 0 0 0 0 0 0 0 0 0 0 0 0 0 0 0 0 0 0 0 0 0 0 0 0 0 0 0 0 0 0 0 0 0 0 0 0 0 0 0 0 0 0 0 0.0987070811289659 0.203880497932644 0.27438967112304 0.301139926194339 0.273463260917082 0.256730807101536 0.134623217031458 0 0 0 0 0
0 0.058621210142931 0.342808372968626 0.369967004563329 0.302146784963228 0.206654489793922 0.166787169518627 0.00744686905571423 0 0 0 0 0 0 0 0 0 0 0 0 0 0 0 0 0 0 0 0 0 0 0 0 0 0 0 0 0 0 0 0 0 0 0 0 0 0 0 0 0 0 0 0 0.0178514142490038 0.0787622668602415 0.11666331906639 0.121976239328311 0.126698316882314 0 0 0 0 0 0
0 0 0.384404174017117 0.458347784383266 0.338669292505934 0.266816406682326 0.234314311088741 0.0976806439239507 0 0 0 0 0 0 0 0 0 0 0 0 0 0 0 0 0 0 0 0 0 0 0 0 0 0 0 0 0 0 0 0 0 0.00247467863846362 0.0221533888119249 0.0309487329959564 0.0440617098242577 0.0437414687456077 0.0447626588276175 0.0422876825225034 0.0224128298938481 0.00080617681048023 0 0 0 0 0 0 0 0 0 0 0 0 0
-9999 0 0.410857443850867 0.501010325246819 0.361571066247232 0.312404104875022 0.254493124833452 0.136833926199671 0.0477096263401986 0.0143006111524923 0 0 0 0 0 0 0 0 0 0 0 0 0 0 0 0 0 0 0 0 0 0 0 0 0 0 0.00695197373989143 0.0497559210245557 0.0960617815453497 0.114038341673461 0.143477949951575 0.156520215550807 0.164029848023233 0.182035642122373 0.182227287043563 0.190931347944837 0.192739939628293 0.17968976170072 0.180777332053129 0.147466596312186 0.131032107333934 0.10020442680178 0.0646879837823227 0.0419258808981455 0.00721432989015092 0 0 0 0 0 0 0 0
0 0.174269116635627 0.435271111637504 0.477636688034749 0.363458339960991 0.358842762109052 0.290722743485748 0.202721133611497 0.12329668199695 0.0777685617082587 0.0406844782252511 0.0210064343531239 0.00955063223012809 0 0 0 0 0.0116776326635649 0.0135913333824574 0.0183102460051242 0.0158937376420677 0.0153926790389055 0.0106331220348652 0 0 0 0 0 0 0 0 0 0.00972986728897196 0.0434591235553284 0.0933029608719548 0.137836543131996 0.176452953107852 0.222416667893641 0.254298709209216 0.282454926725372 0.281642547141305 0.26481846395867 0.271280236917519 0.287205339498213 0.331904577690816 0.334120970482711 0.33327506207163 0.331533006128885 0.320913784198294 0.312296259182772 0.293012954430946 0.279213681676122 0.268336045878165 0.241286483645515 0.0855858231447578 0 0 0 0 0 0 0 0
0.136861996784639 0.341332101158826 0.445336533246894 0.378038903190902 0.33538012124881 0.374985663669164 0.303874637864466 0.206173324110578 0.159565379222485 0.126424133883376 0.10454537999274 0.0958741344321642 0.0715919483421503 0.0802348760960311 0.0801335150055975 0.0991162734357038 0.11273972037351 0.119234326051266 0.136230840204742 0.139351878940828 0.154250293481229 0.161625666234856 0.150175111234865 0.151002574204017 0.138606204460424 0.131796188388689 0.124853661639157 0.109299773161441 0.108855766610002 0.107605702019766 0.121528901270202 0.134706592615567 0.162965514929847 0.196688108182864 0.229794705852605 0.280725008571928 0.310826764905719 0.327874318509516 0.251631227359793 0.22566676807626 0.194927885939431 0.183411591167997 0.190601312559295 0.199501162606937 0.244593041242818 0.292919088013746 0.335812836498394 0.380492770834395 0.409474808981904 0.420486114864639 0.40650823887281 0.380159007153752 0.274039337141598 0.169616283086167 0.0384483148247956 0 0 0 0 0 0 0 0
0.219677299106725 0.350083729686263 0.453224029272975 0.310250373593971 0.271569691812642 0.322724937545589 0.335403800441047 0.266734934877603 0.214610031601588 0.174463793762885 0.145753369007159 0.136415155811257 0.146339381030405 0.14928984662499 0.156916081830865 0.174146384464905 0.189520038431775 0.215034548839008 0.232580095291693 0.248974472929639 0.262085750689539 0.27111157961002 0.278022701356677 0.277422663690351 0.275029509189051 0.267557683764817 0.262453360240525 0.25927663537045 0.253517237689643 0.257604085761862 0.260911872104333 0.270789756065702 0.295299700609208 0.316923599792104 0.348986480842235 0.379724521634922 0.360375063638381 0.291713562168971 0.229016952389483 0.196375675184558 0.170803084190039 0.159601828358343 0.164250583105162 0.171744147199371 0.197765745898445 0.22575498670093 0.253161830149741 0.278510496407681 0.289752869453938 0.28495335158706 0.25985524938781 0.21605730825994 0.151078210475868 0.0660624816935094 0 0 0 0 0 0 0 0 0
0.231228233834722 0.347936535740333 0.369927680031627 0.192359983980373 0.203581219303651 0.261429375939776 0.338410929689177 0.292909155788133 0.246677948779301 0.228114044025276 0.194062464488601 0.193480033835025 0.206848703800246 0.201224870678351 0.222764144039318 0.243112153902775 0.268126938309513 0.296075808403042 0.313030212312209 0.335729993811614 0.352385994668352 0.36885049496919 0.381514723401559 0.383095018037944 0.38926843871016 0.384274338084044 0.384685129513983 0.384454217234177 0.377641907975351 0.382999664764539 0.383220327108823 0.389241153670533 0.408388044329246 0.41951474356585 0.442857298765013 0.444488723201743 0.364961466928375 0.301258933181373 0.235331822999593 0.213303420077143 0.18541687579178 0.171407101863105 0.169329813854198 0.16130018166216 0.175003796425132 0.180949770335583 0.187183757786532 0.195301415564674 0.189610831677062 0.166557200930497 0.12997542747747 0.0777940144660527 0.00801906654785789 0 0 0 0 0 0 0 0 0 0
0.219820609521197 0.307313144787777 0.334182625808381 0.191362264151915 0.196366499418053 0.235443585894698 0.315857603428777 0.318391000772466 0.265551805808878 0.248401337179672 0.234787051885208 0.238471531686852 0.243609464560933 0.25118767054565 0.263580753202662 0.290240924333605 0.314382409791924 0.343535680624266 0.369365012859299 0.39349870259201 0.417569143670593 0.434412375202183 0.449811265332078 0.460141001543094 0.466540892486223 0.470151179634327 0.468961058714258 0.466151482661248 0.464778065215901 0.468697065845494 0.474372226828158 0.479368925549043 0.483748068070457 0.478265927414413 0.483109854175157 0.49045560686538 0.419799090608185 0.359098306562745 0.30444175305786 0.270432797612705 0.240471667858358 0.220167099330439 0.20598359069235 0.188994266497205 0.179063011391335 0.16278561342766 0.148212552963348 0.130032373854445 0.0997204930256453 0.0669101140368894 0.0188601124153654 0 0 0 0 0 0 0 0 0 0 0 0
0 0.260231403619227 0.317470200285499 0.21806982539533 0.138648788647231 0.0528869239708509 0.109052916197002 0.275882487195231 0.279272060778002 0.291418078900369 0.283522696823139 0.297879580506848 0.299558404452997 0.290814992905439 0.315050243618985 0.335889734003927 0.367488264101888 0.404851050327882 0.420536250140994 0.452302032978808 0.474366001982762 0.49739504183887 0.506493769518953 0.500844727311262 0.501173861277514 0.501515742951359 0.499385722567494 0.496102704758105 0.493290541761989 0.495798629855194 0.500493277064723 0.50581006850724 0.509720778451699 0.51614493738351 0.524018701249597 0.52832738874856 0.497412562538061 0.441691208303026 0.385260630376446 0.35208579457505 0.313363223424895 0.284377324506066 0.259550248453504 0.227577270764129 0.201226927387128 0.163750806257744 0.126521774492862 0.0844949622081965 0.031153580453584 0 0 0 0 0 0 0 0 0 0 0 0 0 0
-9999 0 0.262435229801585 0.112708117593101 0 0 0 0.0598519678345768 0.323215039088104 0.317945345125225 0.326450842676459 0.340272303265706 0.336110757261435 0.339445595438066 0.351899122731093 0.377115624314186 0.407888451589019 0.434667302092569 0.462839388685496 0.488267846275443 0.517975291032289 0.541003198176129 0.535660586830901 0.531418810504859 0.533591967385816 0.538363350184826 0.537627037607296 0.531256425280979 0.526254898049507 0.526854258482368 0.529144669338802 0.532002399935171 0.535223362278006 0.539290722536326 0.546307883631195 0.553879710262372 0.562408705842751 0.530131827323657 0.478125693330183 0.43470398436748 0.39415990130839 0.356424143307713 0.315972139644613 0.274201489537052 0.231581662777583 0.181470395348131 0.128469726662538 0.0662151751992287 0 0 0 0 0 0 0 0 0 0 0 0 0 0 0
-9999 0 0.237154047786761 0.0553641346018313 0 0 0 0 0.184039529938308 0.37211033537817 0.351251777885193 0.361200818277612 0.40553374267469 0.385374473769109 0.405407345311632 0.423244698433539 0.45263764896074 0.485498697931371 0.502924543349405 0.528720638190647 0.519075993878361 0.520542211871923 0.540670368888978 0.560781362789161 0.566171305502397 0.57521432356113 0.575174927222745 0.56730089576801 0.561004026904208 0.55965164785159 0.560163737914612 0.561140231017136 0.562086117154238 0.564402771457602 0.568714675759408 0.573553630759065 0.579096421291477 0.585004188977752 0.566917256463832 0.521458990629651 0.471852712088899 0.424506915156204 0.372642471470187 0.319645856594481 0.267508649414681 0.206245157949302 0.139212901977075 0.0613415305230006 0 0 0 0 0 0 0 0 0 0 0 0 0 0 0
-9999 -9999 0 0.121248092430862 0 0 0 0 0.0619285725818874 0.400492695567083 0.399023495109947 0.395993587516222 0.434471142979841 0.434879985478379 0.44266045278554 0.449196238888057 0.441740021321753 0.467619273382247 0.490284845134167 0.489134103634427 0.478676715482259 0.480105458255539 0.499303310946007 0.521073891559685 0.539868615378121 0.560306457732018 0.591378099748947 0.602035500339731 0.595817985176504 0.594045336957132 0.594126124385211 0.592515175693955 0.591014499348589 0.589709183959706 0.592678994645339 0.595292866893985 0.597869960915342 0.600474295759283 0.602603381103471 0.592100874747827 0.53932625422304 0.483191990495296 0.418770388089881 0.355325753867077 0.293948948763446 0.230819353480382 0.156591584959876 0.0674338276664932 0 0 0 0 0 0 0 0 0 0 0 0 0 0 0
-9999 -9999 -9999 0.24609643187174 0 0 0 0 0 0.437570495507585 0.473075309668685 0.468544623052305 0.489692538467439 0.48790771040442 0.476734580208039 0.441426346521213 0.43000234992281 0.445943011411925 0.460636720979998 0.456831815020665 0.447827762755088 0.448044236203019 0.460974988893848 0.478549065513171 0.495753524755523 0.517433750451067 0.548736189377525 0.587887550659754 0.631113896144104 0.629670502407208 0.628376864624956 0.625112429170744 0.621455509773242 0.618654421802632 0.618884117416049 0.619451549360745 0.619698757228376 0.619184560209283 0.618459576156904 0.621868938605295 0.602351222603323 0.539404820919409 0.467634626382864 0.395588579735481 0.328126812953866 0.255915525293972 0.178664000675378 0.0915995535918814 0.00930489643609622 0 0 0 0 0 0 0 0 0 0 0 0 0 0
-9999 -9999 -9999 -9999 0 0 0 0 0 0.299485505092888 0.512851633664289 0.529761595274479 0.536787443005827 0.51466049406548 0.477555161413701 0.448159904911776 0.436797976646966 0.438068260496022 0.440718190976399 0.434946016121551 0.427457187906829 0.425410824676197 0.431414697287216 0.440740802227099 0.45799048397085 0.478942645410804 0.508385466615396 0.547206551780408 0.585471904652332 0.630531005339704 0.659898780916048 0.657176410819032 0.650412649632322 0.646783822982444 0.646310838356574 0.646460486262189 0.644276167085357 0.640037025493337 0.637066217432049 0.637576154825948 0.636999118984838 0.594432780625311 0.517249591659087 0.44022160569994 0.365055090632894 0.284167684623371 0.207580984826139 0.132342466373969 0.0620121465013433 0.010984524999009 0 0 0 0 0 0 0 0 0 0 0 0 0
-9999 -9999 -9999 -9999 0 0 0 0 0 0.146841048051323 0.549259138115227 0.561101078518805 0.56850906117022 0.563608125018982 0.502388800777508 0.466423399465772 0.44586022360558 0.43664600381856 0.427851038058454 0.419622885005125 0.411466709598444 0.40594370892461 0.405928574701035 0.411175465879275 0.425041927976539 0.445604833582739 0.473047504989404 0.507767575904051 0.546899723414343 0.588425755051047 0.633257996815636 0.680597176595749 0.676769535576182 0.674322112857211 0.674226115450388 0.674288576100802 0.671136162555609 0.664355952982049 0.659166956528967 0.65737127724342 0.656357075029661 0.651929703590569 0.576583276579995 0.496837500649897 0.419107626464712 0.336316667155698 0.263442871137234 0.199282256873074 0.137703726467955 0.093162393822354 0.0534912311587925 0.0189602994311282 0 0 0 0 0 0 0 0 0 0 0
-9999 -9999 -9999 -9999 0 0 0 0 0 0 0.314322061819859 0.565738351991181 0.593708619265641 0.582107313588835 0.549473802607513 0.499414115082901 0.468712901204921 0.438792270941724 0.41964955006571 0.410914580691922 0.400689701057903 0.391220992094685 0.385912392921507 0.385638805796511 0.397719970019824 0.417188617210701 0.442239090361095 0.474940724290995 0.512433060659924 0.552484341998448 0.595919795307052 0.644211468343992 0.694345542873647 0.69427742211639 0.696511510338422 0.697485846616091 0.694281677585852 0.686307688311796 0.679159085572753 0.677996980860777 0.677143775856444 0.678412026272537 0.634794635278081 0.564103333287004 0.48349274458115 0.404556765435492 0.336938058299706 0.278752566769466 0.229911879181537 0.184464809584185 0.146350116878417 0.113889523771284 0.0844584779192192 0.0588882033874922 0.0256110571461076 0 0 0 0 0 0 0 0
-9999 -9999 -9999 -9999 -9999 0 0 0 0 0 0 0.23462008117724 0.455457277651734 0.591039443884223 0.60340624650612 0.568311599764647 0.501492278199975 0.467264069551538 0.436064056888208 0.412966529171731 0.393464550655121 0.375977856160015 0.36510896126205 0.36303674373281 0.37053683253055 0.386603792718791 0.408724262167993 0.437222906007721 0.471673353522594 0.510184367273631 0.554606376346959 0.601930552960259 0.653479726060258 0.707116971590386 0.718641044501655 0.723067979462373 0.720736464261745 0.711640331793635 0.70346676349522 0.698486679840337 0.696876217369713 0.698083041912634 0.690278063045881 0.622335733188786 0.552452876712188 0.482442614782018 0.422327316707308 0.371015542435797 0.324344029214199 0.285454286665874 0.248246103066122 0.216366363004133 0.188889253517291 0.159074640034551 0.130775186256478 0.100369295646028 0.0715764352932153 0.0472529968593912 0.0223680092370241 0 0 0 0
-9999 -9999 -9999 -9999 -9999 0 0 0 0 0 0 0 0.0258494306639803 0.379484929058284 0.59248140325865 0.603548973804373 0.590782009526325 0.514992996560825 0.488161279346366 0.423838486948277 0.387578688954127 0.361619441711876 0.344194184957714 0.338884504768567 0.344728206846743 0.35568394336094 0.3736586264817 0.400016678532104 0.427359626215564 0.466632756225236 0.509247847105219 0.558118841748013 0.609833809237745 0.658406379126714 0.711685988540201 0.719463833972863 0.725792429421578 0.735408122698862 0.727023276254356 0.719570823021924 0.71441192237924 0.715601650241136 0.719737189436961 0.675637155960233 0.617801064234484 0.561312574738098 0.50872751808514 0.45997504912188 0.417736473530294 0.382898803521229 0.3513976120872 0.320414343125794 0.288693280765071 0.258474830602224 0.23001592696862 0.205044651107243 0.181113660078132 0.158578723958454 0.141205253016935 0.119671607939187 0.10119453551575 0.0814055729976624 0.0636869491001056
-9999 -9999 -9999 -9999 -9999 -9999 0 0 0 0 0 0 0 0 0.271458017768922 0.566458990778304 0.599033866102241 0.62701108176502 0.656713302210369 0.550525592538313 0.44659135073975 0.355653674913789 0.333879490913546 0.321940300120919 0.322924835415319 0.3309918270045 0.344849460804677 0.365999267997758 0.392225796438516 0.427097119504256 0.468452736694881 0.517909217308404 0.571610757550253 0.624164400393902 0.677649402841631 0.700058868990966 0.71077555640797 0.728220677111221 0.740776904852611 0.738838375275058 0.732436104583149 0.733362101387391 0.73907796153039 0.73075256213654 0.686334581134624 0.639542997924964 0.595181384184325 0.554971064805878 0.518323851278971 0.488841650206912 0.45983355185299 0.429830146652685 0.398451727746643 0.365485759673677 0.338379091195022 0.31172297472945 0.290558419389926 0.275659316787612 0.258611501906964 0.242657057464235 0.224143307713255 0.204386775674258 0.190595521402315
-9999 -9999 -9999 -9999 -9999 -9999 0 0 0 0 0 0 0 0 0 0.288083278896458 0.384760660490462 0.487722605639712 0.591186974104592 0.626889870447344 0.632161846622366 0.464905382790329 0.359257872241415 0.32645606416499 0.327525188959018 0.311819391058557 0.320700104549687 0.33842687467473 0.358667907775954 0.392197780107968 0.431824312255066 0.480362559886998 0.53895515688373 0.596884949529424 0.652191348062948 0.682964256616434 0.697127446346959 0.723689292171297 0.741885754009659 0.751353633316445 0.74715559475796 0.748584360318578 0.756678063761394 0.758932642790032 0.74653539529408 0.710634314432541 0.675429253424633 0.639827343732707 0.613765593011901 0.584954393995317 0.562897228326531 0.535007595424111 0.500832433773616 0.471394052456043 0.442409504807175 0.416716071670329 0.398795143355587 0.387615893920418 0.374624205388916 0.357315402367013 0.34137524277817 0.321979885896191 0.304277477238179
-9999 -9999 -9999 -9999 -9999 -9999 -9999 0 0 0 0 0 0 0 0 0 0 0 0 0.22804442409389 0.539309993226188 0.597912980683132 0.665669657510296 0.481527895102328 0.38340299451719 0.342560049150193 0.309276204470567 0.318055038641173 0.336426995130795 0.3635507668264 0.398486590511665 0.445718520428885 0.505944352386497 0.568650215147916 0.628626628408997 0.686518355211739 0.700668278690778 0.720427382764957 0.736532821535316 0.74762152257292 0.754488361264466 0.730598965157741 0.729396855128289 0.728875152190127 0.730949642191753 0.72526167548618 0.73138632504788 0.713578461426004 0.691114048729111 0.666986904778451 0.645796482271081 0.621909697073587 0.595456464140899 0.571689169815769 0.54899439776343 0.529001586519628 0.513503678285529 0.502021937417412 0.489841589978879 0.472961911689232 0.4525125642368 0.432180391193941 0.415818056261219
-9999 -9999 -9999 -9999 -9999 -9999 -9999 0 0 0 0 0 0 0 0 0 0 0 0 0 0 0.25426639682449 0.568403580116538 0.627403624392273 0.593319617299756 0.427959049570759 0.330720221742114 0.306802125689212 0.317859554919987 0.343247124883598 0.371015362266468 0.414612826408911 0.47801522379347 0.542283244715762 0.606164750951937 0.673108376483887 0.701076041368012 0.715920592757063 0.731227228632062 0.741539365201139 0.74377559926286 0.717792969323285 0.719671789918722 0.699234440807914 0.715696546604845 0.706463365695972 0.712018750360576 0.742675513331849 0.739644455732395 0.725767817330951 0.691077688068096 0.690437512901411 0.671980426404175 0.653400624648433 0.641119350855058 0.629387238966816 0.616720820419053 0.603286494455675 0.598555698318299 0.575554187984559 0.555894754344269 0.537466134600902 0.523379338284387
-9999 -9999 -9999 -9999 -9999 -9999 -9999 -9999 0 0 0 0 0 0 0 0 0 0 0 0 0 0 0 0.404823351695162 0.625401686417873 0.591141872021093 0.396464369971024 0.33829048649322 0.330932551295495 0.340977982278545 0.362377864499281 0.401862423215693 0.460182514103398 0.523462396344725 0.587947778692352 0.651699820396918 0.695653000656617 0.71259572102295 0.725498128105732 0.735349541725197 0.742672861656998 0.74925473777552 0.752828177169043 0.754567801673031 0.754267059242977 0.737151672349854 0.73528123054511 0.747795693750448 0.741244465168456 0.740020175987169 0.728212734855325 0.729269129912822 0.701344019648017 0.669437009088691 0.647838225045374 0.634117744091391 0.624097883989249 0.623906396122414 0.622291928227834 0.616219999834172 0.609693789605106 0.622667572611998 0.629868484111896
