data/03_saidas_enm/CCSM_Gower_6k_B.balansae3.asc
NCOLS 154 
NROWS 168 
XLLCORNER -112 
YLLCORNER -55.5 
CELLSIZE 0.5 
NODATA_value -9999 
[rows 56 to 83 of 168, columns 63 to 125 of 154]
-9999 0 0 0 0 0 0 0 0 0 0 0 0 0 0 0 0 0 0 0 0 0 0 0 0 0 0 0 0 0 0.142257650674115 0.23510217042867 0.277289636719781 0.296562015950522 0.286848344307392 0.275465772937818 0.236883609359488 0.167905832697849 0.108648216322059 0.0113835487141544 0 0 0 0 0 0 0 0 0 0.136913975806209 0.347409090646099 0.456497065764612 0.508675629318594 0.522080465423704 0.472939027101606 0.399477167370024 0.341345968836167 0.307665153980256 0.279579304870726 0 0 0 -9999
0 0 0 0 0 0 0 0 0 0 0 0 0 0 0 0 0 0 0 0 0 0 0 0 0 0 0 0 0 0 0 0.000469530215987057 0.0360228682403033 0.0557848624073182 0.0144916779736968 0 0 0 0 0 0 0 0 0 0 0 0 0 0 0.0435510817390511 0.285064881290165 0.398909783325065 0.483402031955588 0.513362818251143 0.452470790399428 0.393276950440819 0.346031265648928 0.313386599426925 0.283496404252976 0.157355320063425 0 0 0
0 0 0 0.0509820523435776 0.00655049158567311 0 0 0 0 0 0 0 0 0 0 0 0 0 0 0 0 0 0 0 0 0 0 0 0 0 0 0 0 0 0 0 0 0 0 0 0 0 0 0 0 0 0 0 0 0 0.185577148012388 0.319398001714005 0.401804874598445 0.458584384633649 0.437376569567991 0.398213024894912 0.363845392228366 0.33804911243956 0.313956194430072 0.29141568436923 0.249010030894264 0.0967701643554143 0
0 0 0 0.117865117665587 0.054050941549676 0.0139796785007199 0 0 0 0 0 0 0 0 0 0 0 0 0 0 0 0 0 0 0 0 0 0 0 0 0 0 0 0 0 0 0 0 0 0 0 0 0 0 0 0 0 0 0 0 0.0534113897679004 0.196805622792046 0.309401119900444 0.360717782643049 0.393567409655565 0.3821746659812 0.363737764521028 0.369992871037352 0.250688536391888 0.143397315322578 0.0131530365995973 0 0
0 0 0.21698513972053 0.207182128554716 0.134186718187545 0.094309220887329 0.0350068057782039 0 0 0 0 0 0 0 0 0 0 0 0 0 0 0 0 0 0 0 0 0 0 0 0 0 0 0 0 0 0 0 0 0 0 0 0 0 0 0 0 0 0 0 0 0.0166703178384304 0.126211532168885 0.20157746433372 0.231517189543442 0.247204102108216 0.249102533233509 0.133140404155837 0 0 0 0 0
0 0.193981675344286 0.344960262553996 0.317827433180346 0.244983885664147 0.193189654202664 0.0875777370377978 0 0 0 0 0 0 0 0 0 0 0 0 0 0 0 0 0 0 0 0 0 0 0 0 0 0 0 0 0 0 0 0 0 0 0 0 0 0 0 0 0 0 0 0 0 0 0 0.0353722690372174 0.0409058321258642 0.045824015114952 0 0 0 0 0 0
0 0.0984655052112219 0.408192454022021 0.415053405102592 0.340152105381555 0.268299219557947 0.157909245822594 0.0156012532279197 0 0 0 0 0 0 0 0 0 0 0 0 0 0 0 0 0 0 0 0 0 0 0 0 0 0 0 0 0 0 0 0 0 0 0 0 0 0 0 0 0 0 0 0 0 0 0 0 0 0 0 0 0 0 0
-9999 0.0729526325225968 0.434645723855771 0.497484257061479 0.363053879122853 0.313886917750643 0.179374421956727 0.0563805510376637 0 0 0 0 0 0 0 0 0 0 0 0 0 0 0 0 0 0 0 0 0 0 0 0 0 0 0 0 0 0 0.0139151603332023 0.0326382776927295 0.0633004976548063 0.0768844017893173 0.0847059054088162 0.103459470811048 0.103659074646555 0.112724610688914 0.114608312248249 0.101016167190499 0.102148903776352 0.0674547904329109 0.0503377856394017 0.0182298475015076 0 0 0 0 0 0 0 0 0 0 0
0 0.297107278311021 0.431244234836213 0.475780165364557 0.364941152836612 0.331212675050301 0.219832786408469 0.125004020047958 0.0422811120946274 0 0 0 0 0 0 0 0 0 0 0 0 0 0 0 0 0 0 0 0 0 0 0 0 0 0.0110417672661332 0.0574248061318967 0.0976449356132285 0.145517499667817 0.179157468809138 0.21057768021609 0.227542774433007 0.238649746197049 0.254928744518359 0.258871664844261 0.268286176516052 0.268510283363323 0.267561472617959 0.265607500561587 0.253696480712195 0.244030658471788 0.222401594952621 0.206960695633174 0.194822075941678 0.166766763613086 0.0841030102691369 0 0 0 0 0 0 0 0
0.223273973897848 0.34646876687365 0.415630765163787 0.379521716066523 0.336862934124431 0.338230506486212 0.234584571052007 0.128599578230452 0.0800560295310809 0.0455384454380775 0.0227510782301527 0.0137197203325953 0 0 0 0.0170965036897319 0.0312857253227942 0.0380500486105586 0.0557524191937243 0.0590030730520228 0.0745202110318635 0.0822018791959791 0.0702757885774914 0.0711376156551792 0.058226431096659 0.0511335985846164 0.0439027522949591 0.0277029188846802 0.0272404729711268 0.0259384938459112 0.0404399163498942 0.0541648703916343 0.0835973711133182 0.118720446197994 0.153201943721866 0.208647222260693 0.242382404426722 0.281205353324338 0.250148414484173 0.224183955200639 0.19344507306381 0.181928778292376 0.189118499683674 0.198018349731316 0.243110228367197 0.291436275138126 0.334330023622773 0.379009957958774 0.389505796902604 0.377495353928772 0.36687715855092 0.359868475985581 0.272556524265977 0.168133470210546 0.0369655019491748 0 0 0 0 0 0 0 0
0.243465579111629 0.373872009691167 0.434965155912527 0.311733186469592 0.273052504688263 0.32420775042121 0.26994916591018 0.193035357036883 0.137386657813891 0.0955731675109217 0.0656704136852473 0.0559443893319148 0.0662807624843023 0.069353759386878 0.077296708190953 0.0952425763691936 0.111254690222742 0.137828805032308 0.156103008941706 0.173216023393437 0.187847218751795 0.197919361881169 0.20563165158111 0.204962054881294 0.202291475272467 0.193953482632278 0.188257443235981 0.184712458298206 0.178285405637322 0.182846019304393 0.186537258943022 0.197560231121066 0.224966517250867 0.249220901806742 0.285184140461419 0.319661375837623 0.350116103810299 0.29023074929335 0.227534139513862 0.194892862308937 0.169320271314418 0.158119015482723 0.162767770229541 0.17026133432375 0.196282933022824 0.224272173825309 0.25167901727412 0.27702768353206 0.288270056578317 0.283470538711439 0.258372436512189 0.214574495384319 0.149595397600248 0.0645796688178885 0 0 0 0 0 0 0 0 0
0.255016513839626 0.371724815745237 0.371410492907248 0.193842796855994 0.205064032179272 0.262912188815397 0.304941005015161 0.222285169502341 0.170786338982872 0.151451484879323 0.115985760881023 0.115379142184065 0.129303006088829 0.123445618090166 0.145879406317854 0.167072458491976 0.194588727694171 0.225837036333908 0.2448538948963 0.27031503976958 0.288997195403281 0.307464554987195 0.321669350519403 0.323441883470018 0.330366283077262 0.324764664420421 0.325225427450702 0.32496642535373 0.317325418194031 0.323334930744135 0.323582436030301 0.330335678890749 0.352222691981955 0.365742941490436 0.396605320466006 0.426371211351768 0.363478654052755 0.299776120305753 0.233849010123972 0.211820607201523 0.183934062916159 0.169924288987484 0.167847000978577 0.159817368786539 0.173520983549511 0.179466957459963 0.185700944910911 0.193818602689053 0.188128018801442 0.165074388054877 0.128492614601849 0.0763112015904319 0.00653625367223698 0 0 0 0 0 0 0 0 0 0
0.243608889526101 0.331101424792681 0.335665438684002 0.192845077027536 0.197849312293674 0.236926398770319 0.317340416304398 0.250866807911573 0.191715074387421 0.172581298810906 0.158401619299489 0.162239113638971 0.167590422204193 0.175685784714911 0.189515528601628 0.219292355337105 0.246370583324742 0.279070266016035 0.3080416625043 0.335111146438648 0.363378808564023 0.383845317812971 0.402556782217883 0.415108627824555 0.422885248773697 0.427272172694409 0.429465715618221 0.430798697964128 0.429778234559864 0.431775279175032 0.433484336775843 0.438472819177488 0.451112348207424 0.463958253087682 0.485671599564945 0.492700407491544 0.418316277732564 0.357615493687124 0.302958940182239 0.268949984737084 0.238988854982737 0.218684286454818 0.204500777816729 0.187511453621584 0.177580198515714 0.161302800552039 0.146729740087727 0.128549560978824 0.0982376801500244 0.0654273011612685 0.0173772995397445 0 0 0 0 0 0 0 0 0 0 0 0
0.116311378113987 0.284019683624131 0.295179901232901 0.169929046301296 0.0693758718052556 0 0.0375878835943124 0.216774236186105 0.207025842300043 0.220612707383816 0.211769230969902 0.227860232145488 0.229743280214068 0.219936257705727 0.247119657223208 0.270494211898557 0.305936612638316 0.347924827863266 0.36698419224026 0.405583358144431 0.432393678054893 0.460376672667622 0.491504773707044 0.49755703496212 0.522047468475082 0.52141231015975 0.523174002572398 0.519890984763009 0.517078821766892 0.519586909860097 0.524281557069627 0.529598348512144 0.533509058456603 0.539933217388413 0.549596790112683 0.559975044829958 0.49592974966244 0.440208395427405 0.383777817500825 0.350602981699429 0.311880410549275 0.282894511630445 0.258067435577883 0.226094457888508 0.199744114511507 0.162267993382123 0.125038961617241 0.0830121493325756 0.0296707675779631 0 0 0 0 0 0 0 0 0 0 0 0 0 0
-9999 0 0.225295710718143 0.0415138195194384 0 0 0 0 0.256277676665174 0.250366939531858 0.259907106487957 0.275409908152914 0.270742122002005 0.274482633686947 0.28845109688997 0.316735113633535 0.351615627985988 0.384155083997097 0.418387485881195 0.449286055521769 0.485384098331325 0.513365716565295 0.539699855690139 0.555207090509763 0.55738024739072 0.56215163018973 0.5614153176122 0.555044705285883 0.550043178054411 0.550642538487272 0.552932949343706 0.555790679940074 0.55901164228291 0.56307900254123 0.570096163636099 0.577667990267276 0.585937069684863 0.528649014448036 0.476642880454562 0.433221171491859 0.392677088432769 0.354941330432092 0.314489326768993 0.272718676661431 0.230098849901962 0.17998758247251 0.126986913786917 0.0647323623236078 0 0 0 0 0 0 0 0 0 0 0 0 0 0 0
-9999 0 0.212300750314975 0 0 0 0 0 0.118128627834773 0.311120945640954 0.316910480480063 0.338534362338021 0.348754379437376 0.325998628459169 0.348600791760616 0.370275275778814 0.405991171074237 0.445921214274449 0.46709566798602 0.502653077315571 0.514259520790768 0.515621008927648 0.534311440443484 0.556933874510519 0.571532068596126 0.591700737973569 0.598963207227649 0.591089175772914 0.584792306909112 0.583439927856494 0.583952017919516 0.58492851102204 0.585874397159142 0.588191051462506 0.592502955764312 0.597341910763969 0.60288470129638 0.608792468982656 0.565434443588211 0.51997617775403 0.470369899213278 0.423024102280583 0.371159658594566 0.31816304371886 0.26602583653906 0.204762345073682 0.137730089101454 0.0598587176473798 0 0 0 0 0 0 0 0 0 0 0 0 0 0 0
-9999 -9999 0.139432338052921 0.0506863357181425 0 0 0 0 0 0.342955938618065 0.372904078244147 0.397476400391843 0.383916727581502 0.384413519349874 0.393867703115293 0.421624728721254 0.442447546273918 0.466478280330091 0.48752488267116 0.48645633699283 0.476745905137245 0.478072594855291 0.495899172353583 0.516114711494855 0.533566955040546 0.55249012672081 0.581171642428744 0.621673604472729 0.619606265181408 0.617833616962035 0.617914404390115 0.616303455698859 0.614802779353493 0.61349746396461 0.616467274650243 0.619081146898889 0.621658240920245 0.624262575764187 0.626391661108375 0.590618061872206 0.537843441347419 0.481709177619675 0.41728757521426 0.353842940991456 0.292466135887826 0.229336540604761 0.155108772084255 0.0659510147908723 0 0 0 0 0 0 0 0 0 0 0 0 0 0 0
-9999 -9999 -9999 0.189764584458243 0 0 0 0 0 0.391143161672066 0.430825334941278 0.451389000337888 0.454088241010275 0.448848448040013 0.460872654801431 0.442156276816274 0.431485162798431 0.446350322786221 0.459994481670859 0.456461354708622 0.448100449033443 0.448301460092236 0.460308587590863 0.476627373023092 0.492602942319562 0.512734580465424 0.541801130897135 0.577949597115643 0.618144087331677 0.653458782412111 0.652165144629859 0.648900709175648 0.645243789778146 0.642442701807536 0.642672397420953 0.643239829365648 0.64348703723328 0.642972840214186 0.642247856161808 0.645657218610199 0.600868409727702 0.537922008043788 0.466151813507243 0.39410576685986 0.326644000078245 0.254432712418351 0.177181187799757 0.0901167407162606 0.00782208356047542 0 0 0 0 0 0 0 0 0 0 0 0 0 0
-9999 -9999 -9999 -9999 0 0 0 0 0 0.242125489335853 0.479158251425763 0.49970584557628 0.508243077716422 0.497459109661623 0.475704462073584 0.448408866750368 0.437858504790188 0.439038054078596 0.441498703810375 0.436138827159445 0.42894000078245 0.426893637551818 0.432859745384705 0.441519699971739 0.457537261590936 0.476992840070894 0.504332602618015 0.540380753128383 0.575719770031869 0.617312786050982 0.660318689942485 0.682785466574409 0.675501416065644 0.671593448904237 0.671084080845608 0.671245240128578 0.668892896399682 0.664327666992892 0.661128335234581 0.661677498581857 0.659461019593672 0.59294996774969 0.515766778783466 0.438738792824319 0.363572277757273 0.282684871747751 0.206098171950518 0.130859653498348 0.0605293336257224 0.00950171212338824 0 0 0 0 0 0 0 0 0 0 0 0 0
-9999 -9999 -9999 -9999 0 0 0 0 0 0.0781749178815695 0.522033284212263 0.537787007286506 0.54688168439006 0.552038880177049 0.498764270054262 0.465367825979079 0.446273448394614 0.43771738716381 0.429333850934075 0.421105697880745 0.412949522474065 0.407426521800231 0.407411387576656 0.412658278754896 0.42652474085216 0.446036300516262 0.471518781108165 0.503758846957481 0.54009584107418 0.578446401169145 0.619830008951842 0.665793263674723 0.704170193844114 0.701451705200691 0.701346108053185 0.70141481476864 0.697947159868928 0.690559843578251 0.684938430754078 0.68299532272375 0.681903104955087 0.650446890714948 0.575100463704374 0.495354687774276 0.417624813589091 0.334833854280077 0.261960058261613 0.197799443997453 0.136220913592334 0.0916795809467332 0.0520084182831716 0.0174774865555074 0 0 0 0 0 0 0 0 0 0 0
-9999 -9999 -9999 -9999 0 0 0 0 0 0 0.25806096449784 0.526465035922126 0.578349320141589 0.56384959787019 0.542486057467839 0.49600206190927 0.467493791879717 0.439710349492463 0.421132362941331 0.412397393567543 0.402172513933524 0.392703804970306 0.387395205797128 0.387121618672131 0.399202782895445 0.418671430086322 0.442910967524736 0.473276770459643 0.50809108280222 0.545269712197515 0.585363976790072 0.629940905747247 0.679965537468271 0.721763405871634 0.723997494093666 0.724971830371336 0.721767661341096 0.71379367206704 0.706645069327997 0.705482964616021 0.704586016377739 0.705599283080504 0.63331182240246 0.562620520411383 0.482009931705529 0.403073952559872 0.335455245424085 0.277269753893845 0.228429066305916 0.182981996708564 0.144867304002796 0.112406710895663 0.0829756650435984 0.0574053905118713 0.0241282442704867 0 0 0 0 0 0 0 0
-9999 -9999 -9999 -9999 -9999 0 0 0 0 0 0 0.172455594177466 0.411727046211303 0.575013290318533 0.590469757754022 0.559879488597083 0.497931784803695 0.466148448201576 0.437177007871341 0.414449342047352 0.394947363530742 0.377460669035636 0.366591774137671 0.364519556608431 0.372019645406171 0.388086605594412 0.410207075043614 0.438253082053745 0.470242783317556 0.506003010372091 0.547228513134601 0.590912368469956 0.638496220562262 0.688007524128534 0.729971061690065 0.730789658702304 0.733522683810295 0.737094104346652 0.730952747250464 0.725972663595581 0.724362201124957 0.725569025667878 0.68879525017026 0.620852920313165 0.550970063836567 0.480959801906397 0.420844503831687 0.369532729560176 0.322861216338578 0.283971473790253 0.246763290190501 0.214883550128512 0.18740644064167 0.15759182715893 0.129292373380857 0.0988864827704071 0.0700936224175944 0.0457701839837703 0.0208851963614032 0 0 0 0
-9999 -9999 -9999 -9999 -9999 0 0 0 0 0 0 0 0 0.328050334098272 0.574649843637509 0.590648143380852 0.58062140530017 0.510468166138771 0.485553000153916 0.425321299823897 0.389061501829748 0.363102254587497 0.345676997833335 0.340367317644188 0.346211019722364 0.357166756236561 0.375141439357321 0.401499491407725 0.428842439091185 0.465562228684295 0.505133384501423 0.550470788889421 0.598207681956865 0.643043900315914 0.692209677718253 0.71369998837593 0.720497332088433 0.728952286942045 0.73496723699604 0.74149846449784 0.741897906134484 0.74308763399638 0.729450459097187 0.674154343084612 0.616318251358863 0.559829761862477 0.507244705209519 0.45849223624626 0.416253660654674 0.381415990645608 0.349914799211579 0.318931530250173 0.28721046788945 0.256992017726603 0.228533114092999 0.203561838231623 0.179630847202511 0.157095911082833 0.139722440141315 0.118188795063566 0.0997117226401293 0.0799227601220416 0.0622041362244847
-9999 -9999 -9999 -9999 -9999 -9999 0 0 0 0 0 0 0 0 0.212022053860691 0.544358255863211 0.585005002037094 0.619971915963717 0.641481060085441 0.543461635772775 0.446952352162058 0.35713648778941 0.335362303789167 0.32342311299654 0.324407648290939 0.33247463988012 0.346332273680298 0.367482080873379 0.393708609314137 0.428579932379877 0.467252210548966 0.51317608540438 0.562924865014565 0.611435919947164 0.660806691437375 0.692857730756539 0.704368184920206 0.723105435940125 0.733277115955724 0.741623104526638 0.744818973857091 0.745958657682385 0.746092840697744 0.728071571750891 0.684851768259003 0.638060185049343 0.593698571308704 0.553488251930257 0.51684103840335 0.487358837331291 0.458350738977369 0.428347333777065 0.396968914871022 0.364002946798056 0.336896278319401 0.310240161853829 0.289075606514305 0.274176503911991 0.257128689031343 0.241174244588614 0.222660494837634 0.202903962798637 0.189112708526694
-9999 -9999 -9999 -9999 -9999 -9999 0 0 0 0 0 0 0 0 0 0.286600466020837 0.383277847614841 0.478470304936868 0.575197678807344 0.619820421770614 0.618818178004208 0.463958239066167 0.360740685117035 0.327938877040611 0.329008001834639 0.313302203934177 0.322182917425308 0.339909687550351 0.360150720651575 0.393680592983589 0.433240102140566 0.478311332084502 0.532718743581468 0.586254888379953 0.637306948564745 0.673876861726062 0.689709182640389 0.718238419051476 0.73417035074694 0.741784847837173 0.745659525362971 0.746757512523998 0.746630266453684 0.746562696859251 0.742727059682892 0.70915150155692 0.673946440549012 0.638344530857086 0.61228278013628 0.583471581119696 0.56141441545091 0.53352478254849 0.499349620897995 0.469911239580422 0.440926691931554 0.415233258794708 0.397312330479966 0.386133081044797 0.373141392513295 0.355832589491392 0.339892429902549 0.32049707302057 0.302794664362558
-9999 -9999 -9999 -9999 -9999 -9999 -9999 0 0 0 0 0 0 0 0 0 0 0 0 0.226561611218269 0.511308273211664 0.583604079785073 0.666125781812455 0.479393429070167 0.384885807392811 0.344042862025814 0.310759017346188 0.319537851516794 0.337909808006416 0.365033579702021 0.399969403387286 0.446141866873398 0.502065853691181 0.560192056643178 0.615554899653406 0.674476292805015 0.693512278392729 0.714734905582553 0.729858289461843 0.738790806110511 0.744029455768539 0.726341197167361 0.725269251073573 0.724804037895928 0.726653903049169 0.721581826831309 0.727043302081189 0.712095648550383 0.68963123585349 0.66550409190283 0.64431366939546 0.620426884197966 0.593973651265278 0.570206356940148 0.547511584887808 0.527518773644007 0.512020865409908 0.500539124541791 0.488358777103258 0.471479098813611 0.451029751361179 0.43069757831832 0.414335243385598
-9999 -9999 -9999 -9999 -9999 -9999 -9999 0 0 0 0 0 0 0 0 0 0 0 0 0 0 0.252783583948869 0.54675184792154 0.607283707928366 0.582963812475645 0.42944186244638 0.332203034617735 0.308284938564833 0.319342367795608 0.344729937759219 0.372498175142089 0.416095639284532 0.476131662854798 0.535809110854069 0.594820858923813 0.656614974799459 0.693950243355532 0.709894305330574 0.72558436262599 0.733891316819654 0.738091071232295 0.71492182882712 0.716597211569851 0.698372809468575 0.71305240582182 0.704818989606987 0.709772839707902 0.737110102113256 0.732364870185385 0.7234428801457 0.691099266262693 0.68895470002579 0.670497613528555 0.638154332028438 0.626319678800696 0.610295541981641 0.596807252294816 0.594882887494 0.582108184470242 0.574071375108938 0.554411941468648 0.535983321725281 0.521896525408766
-9999 -9999 -9999 -9999 -9999 -9999 -9999 -9999 0 0 0 0 0 0 0 0 0 0 0 0 0 0 0 0.403340538819541 0.617960436720896 0.580953586064572 0.397947182846645 0.339773299368841 0.332415364171116 0.342460795154166 0.363860677374902 0.403345236091314 0.459572718142588 0.518332608795249 0.578005192222656 0.636853230719179 0.691937104406647 0.706323166021718 0.72018123237641 0.728905096967243 0.734804406272498 0.740106444609431 0.74284068836993 0.744086338717903 0.743870993445524 0.732184380159124 0.730516468955383 0.739724818889489 0.735834007204149 0.734742283507155 0.724213346813497 0.724007013813895 0.694238070329374 0.657531525602952 0.631456149133069 0.615216273323134 0.60337805788037 0.603151819729422 0.601244366075714 0.594070533732301 0.58637969274958 0.601688180570554 0.628385671236276
