data/03_saidas_enm/CCSM_Maha_6k_B.balansae4.asc
NCOLS 154 
NROWS 168 
XLLCORNER -112 
YLLCORNER -55.5 
CELLSIZE 0.5 
NODATA_value -9999 
[rows 50 to 74 of 168, columns 56 to 111 of 154]
-9999 -9999 -9999 -9999 -9999 -9999 -9999 -9999 -9999 -9999 -9999 -9999 -9999 -1423.53989111734 -738.945061142753 -329.114284359248 -142.946387861081 -71.6619566415779 -49.4165981859728 -34.8297179646764 -37.3177646744786 -30.249664577861 -35.6323930152219 -50.9423901269993 -83.7612552758742 -120.557676730598 -157.441276952846 -223.499391993474 -280.548570735765 -356.599488660451 -415.209468011521 -375.917254515788 -299.706488041617 -196.36550025102 -84.8526639694463 -40.3902266312479 -31.4199669253458 -17.7152026825588 -15.1685695821354 -13.8855873911112 -11.4046967342037 -13.3306812992527 -13.9887559162523 -16.713647562328 -12.1381496736089 -11.2180858793971 -11.2073093567793 -12.0950049656661 -13.7248282648283 -15.1701057012849 -16.4779399998931 -18.0498649061021 -20.8789822681975 -24.1348924632878 -26.5765702177647 -24.0883021618235
-9999 -9999 -9999 -9999 -9999 -9999 -9999 -9999 -9999 -9999 -9999 -9999 -9999 -789.260821068235 -423.682136857612 -194.721842388324 -99.6093501791677 -64.7835856588642 -41.4367291033481 -31.8040006192576 -34.4042347684021 -35.7273031660196 -39.3521187241198 -51.7408935848775 -76.5708537068125 -110.471722340835 -146.226099442265 -199.030813367293 -251.926461998758 -305.392564460346 -339.837767689837 -305.103811157429 -229.682446300762 -140.191023609913 -66.913710464407 -34.8002815628027 -23.2313546671822 -13.6203203501998 -11.1932973202359 -11.3979116754106 -10.7063313287562 -12.7335526369342 -13.646226594341 -17.0497623634877 -12.8456277333685 -10.7514838851393 -11.3054856636216 -11.7376359765654 -12.8061725702289 -14.1023047849542 -15.8480284951082 -18.8881258063289 -21.1672757146888 -21.7016655988041 -24.7437005173414 -22.8020430627161
-9999 -9999 -9999 -9999 -9999 -9999 -9999 -9999 -9999 -9999 -9999 -943.291837360597 -661.060938944839 -399.69319444032 -222.880429854114 -124.716116529211 -85.1516672089608 -49.352253972572 -35.6205787388028 -33.1886803224116 -37.3376538822764 -46.2775045428896 -54.2130566855776 -71.3671611493135 -102.940791114069 -140.391519591537 -190.819015902055 -250.907369000249 -315.373834055986 -387.727015051478 -421.184619722399 -357.659530304672 -264.757474042614 -163.054475649621 -78.257097149121 -38.2317870727031 -22.1419266965605 -10.4825749959343 -9.46876345536928 -9.88780842468669 -10.6198906250308 -12.2037538031102 -13.1570019091094 -15.1474842785041 -16.2265953154203 -14.9541887315057 -13.88563042503 -14.7066535001437 -15.732646265616 -18.6379772456176 -16.8489624706646 -15.213645489448 -14.7811853976594 -17.442315183531 -23.6092997620798 -22.0863621304331
-9999 -9999 -9999 -9999 -9999 -9999 -9999 -9999 -9999 -9999 -871.104418799172 -568.280231277478 -323.021687823383 -224.415296040887 -175.156578957785 -128.934010610906 -79.4666352086974 -50.3543456562818 -43.0944917799457 -47.0937198476003 -55.2127197103438 -66.0814447670843 -85.7493062580921 -112.492382669977 -151.482378413166 -201.346002909285 -263.017957899447 -332.436769184432 -401.414786653782 -458.243604792115 -471.693465708547 -393.059844618792 -281.444782214287 -171.976962911199 -88.0375014646475 -43.8339832763354 -28.9670584810984 -14.2678847573295 -10.2042896692919 -10.9184956613843 -12.2609715525419 -13.0434542770541 -13.9449765344806 -15.3418259091729 -17.7558689578076 -17.6966302020992 -18.2116608059121 -20.0310620913923 -20.4081772698247 -17.450142265873 -14.348204033339 -14.8404491445967 -15.9241360013905 -19.5538088912052 -26.3822179005014 -24.1511574845714
-9999 -9999 -9999 -9999 -9999 -9999 -9999 -9999 -9999 -9999 -508.086059565249 -262.531425822848 -155.911150470389 -141.409274366124 -140.95479715881 -132.514937199069 -98.1627053594839 -73.81072498139 -68.4157060139503 -74.4997753235551 -80.8746896564535 -101.985473159798 -129.373834613247 -163.108365421066 -213.934881660681 -272.87013441099 -340.475787181723 -416.108824509945 -480.434648125058 -525.853416266139 -530.658155361267 -422.944636967469 -297.961225777796 -185.872966438923 -98.2239256713705 -51.0232995898302 -34.6999493283291 -26.18443816529 -18.7622961662475 -14.6705407626066 -13.734189956552 -13.7351905294069 -14.8413039734284 -15.7144269259629 -16.7875809942126 -19.4597561061726 -20.6134687011478 -20.2524540096505 -20.2959310140698 -21.0675725549025 -20.7362724184066 -24.5437188533142 -27.4341890221897 -31.0913611681456 -39.0375172146929 -31.1572190840428
-9999 -9999 -9999 -9999 -9999 -9999 -9999 -9999 -594.190515281311 -400.395853158849 -232.727022909035 -153.709265698832 -100.78779945614 -90.9387775480887 -113.610620395207 -145.56304581805 -130.030123424957 -107.242525671152 -101.158802871674 -114.467680610994 -138.424556694542 -159.33856183988 -183.225911723066 -220.30830822833 -281.768593566902 -355.10338504609 -426.576203573751 -496.24088775704 -553.998460416192 -581.680340466677 -562.040869385505 -450.392943092372 -319.379979472924 -203.256788894827 -117.766872827137 -68.0964015720706 -44.3634061971448 -32.781332998653 -27.1526234061562 -24.1806413018088 -22.6562421139416 -22.0751077017952 -22.145443729562 -22.6490972646383 -23.8838403945694 -25.7162393040505 -29.2082783717814 -33.4911078786681 -37.5074367405341 -41.5987937747991 -45.4039593467675 -47.1776866987377 -50.8971674362205 -52.5321892335256 -53.2641672757437 -34.1064884466485
-9999 -9999 -9999 -9999 -9999 -9999 -9999 -9999 -392.45962283962 -224.78359325134 -113.253158704864 -73.0623394022046 -63.9203511704309 -77.3346349965036 -95.3318913776888 -126.94965390333 -160.106800096105 -146.968482631312 -144.162043399196 -173.342070110722 -214.120413619127 -235.693160308595 -255.426739222286 -292.313591577211 -364.553553837922 -442.876986879653 -465.144085056944 -487.701663364687 -489.602514017594 -478.225238678157 -465.258078394819 -443.846942234657 -339.541359153813 -229.768190416503 -144.44118854819 -94.0975755909903 -66.2091492719294 -48.0619758746049 -40.7596611650899 -37.9151504046262 -37.5110250536859 -38.8526877099148 -40.2805489730427 -43.0238679223888 -46.9752400714799 -49.3037495284389 -53.452847229394 -57.389406918808 -63.4519882259557 -69.4086451251415 -71.354712748776 -72.7187101992489 -71.8074331871781 -69.4496245683496 -68.7417354182494 -42.5119563983818
-9999 -9999 -9999 -9999 -9999 -9999 -9999 -412.701585582361 -276.942549976749 -152.689114088013 -65.4869948372098 -53.6067317489182 -59.1007612636192 -65.4705850647524 -76.3131006168481 -112.497328930561 -138.300177059616 -169.285966137428 -187.896338915614 -231.721288271194 -276.129917943873 -293.459984427825 -314.526553132793 -326.925745256971 -347.681601305696 -372.537991138949 -376.938343816912 -376.597427109407 -377.355428317441 -373.674594248231 -369.884834704762 -354.665262051806 -338.506319579023 -254.364214236554 -178.365971182249 -130.159277337918 -97.191154498995 -75.9372628427786 -66.5122478777559 -65.6609315063765 -66.7707481750061 -73.644724628097 -81.4621109236249 -87.9003453992561 -93.6726906803393 -97.9023762715384 -101.988761642462 -107.92472630036 -116.738590035255 -120.810110157035 -117.917549360124 -114.481096446498 -103.918992363181 -96.3936176916898 -89.7494930164123 -51.8960520112597
-9999 -9999 -9999 -9999 -9999 -9999 -9999 -327.102848710123 -182.495238088426 -75.7461362285149 -47.8329415129024 -57.5053574218081 -64.7393040487458 -58.1533618654255 -61.7385147150643 -88.3140775866919 -114.248633469872 -141.565380733656 -157.077811616661 -183.655524506358 -218.195814478205 -238.517501806296 -259.257532068446 -262.497502882595 -266.514276479796 -281.866725533002 -283.334555896195 -293.599067103662 -289.032565387629 -273.519960302335 -271.368089724966 -264.294735054681 -268.217589088651 -265.913817627346 -212.225153411511 -169.293113172867 -139.119696378584 -117.091618018249 -110.18406184346 -114.189389674537 -119.174471642046 -133.749371907475 -145.364526571155 -158.539120453092 -172.901036158772 -178.77365321436 -186.494008288417 -196.771983378868 -207.367958848431 -202.411735433497 -183.958678699404 -161.070128001715 -140.843638712066 -126.605757018234 -112.921308169012 -66.0117683931449
-9999 -9999 -9999 -9999 -9999 -9999 -381.446517819829 -224.641389130532 -114.835850840907 -46.7107221790741 -56.8166900314856 -66.6130948479599 -67.0134210716704 -53.7032925080014 -52.0316507843309 -73.4777952709612 -90.2168588843189 -113.421733501405 -126.474117527017 -148.121700768618 -177.793691440104 -190.090790938099 -199.31800720968 -201.736567447436 -212.258518086275 -219.99562233705 -223.805438102779 -221.00609080603 -215.859761183015 -217.646953234983 -212.766750416358 -213.203926554344 -211.466173141063 -211.402099971679 -220.259557887022 -204.983772157375 -183.639128231634 -172.428563991388 -169.517230167405 -177.214627961196 -193.087498269194 -210.918913890839 -233.587178334104 -254.479401101639 -245.437280631077 -222.676447801342 -210.047702403451 -197.124173576358 -187.30587079094 -174.99237303332 -159.44243431121 -141.249400509461 -120.234401900541 -104.883690847255 -99.0879293661626 -83.4271405487657
-9999 -9999 -9999 -9999 -9999 -9999 -301.248388718994 -156.79830428757 -76.2551256633473 -30.3347723587046 -55.2339964667979 -68.2755586230096 -61.1723751840359 -46.1438059756642 -42.2217022565329 -54.5968224086193 -73.1083717644168 -92.1056367432131 -101.503045041108 -113.476839901662 -130.075732308491 -140.169363755766 -148.10937222477 -149.226996160868 -152.602407865346 -159.484702017561 -160.293525287013 -161.517911900382 -159.799184260013 -158.675432078807 -160.728412113233 -160.920121343545 -164.662370447127 -167.841101274237 -172.90963038849 -180.410409157726 -186.837833809044 -197.17242500072 -203.660018451056 -205.825693128835 -212.183709684174 -208.74535792371 -205.747640146297 -199.035435024138 -183.826758269215 -171.519290313821 -161.898471310304 -155.992197699652 -149.181760805069 -137.110924066173 -127.039605174453 -112.220950721771 -99.7510063768203 -90.2913956845688 -83.2132736182852 -79.9046831274655
-9999 -9999 -9999 -9999 -9999 -9999 -254.622101170755 -126.780598863729 -51.3838323713214 -19.5644686676673 -36.9529422175153 -52.9127167840613 -50.7981044533106 -39.536803174896 -35.1262374332211 -45.8973495776452 -55.9793306235032 -72.1771830515115 -83.6127661546627 -92.6899178870323 -103.693503235421 -109.486723518665 -114.424068456126 -116.447477798478 -122.118299592001 -126.013334718805 -126.566290350525 -122.951636175126 -122.331092553163 -126.054241137542 -125.696301583293 -130.00285729375 -131.491807410513 -135.232257439431 -142.417092820907 -145.379736446289 -151.88471115411 -154.217260882003 -159.351426270248 -162.692801626626 -162.393956893675 -163.473188953323 -155.663028416878 -149.987510619451 -142.084801975823 -135.78526111924 -131.350664292236 -122.768274664223 -116.872562537788 -110.253430304373 -101.042503494558 -94.513062409921 -85.8918447860807 -77.3216742919019 -73.727570563376 -70.6756951257919
-9999 -9999 -9999 -9999 -9999 -9999 -9999 -97.1826875495021 -38.1280706411956 -13.7111906412875 -25.2680319058174 -39.0937103194445 -38.376282848149 -32.1497429538817 -27.8757062942323 -33.3957195223653 -42.9513547665226 -55.3947893552055 -66.3344455972043 -73.4186625488235 -80.6315950827656 -85.32718042635 -89.5581676089467 -91.2906048138754 -92.8072451655157 -95.2639552409986 -93.7499424405968 -92.5435293411294 -90.9505951440845 -92.2101760988985 -95.0804967415665 -96.8495973091134 -100.733112409066 -103.44305001496 -106.317011675733 -111.301143090333 -113.75263630667 -117.554331610308 -119.197749474188 -117.257626568878 -117.801483548592 -113.717368102314 -110.099770668761 -105.508714895427 -99.9179321635757 -97.8322691561503 -91.9089089317986 -88.788061083759 -85.1062809547427 -78.8776840189677 -74.6325943817464 -69.0181812401762 -65.6293524036633 -61.5551759746628 -57.7011828125187 -57.3617978366299
-9999 -9999 -9999 -9999 -9999 -9999 -9999 -9999 -30.2541215490507 -11.2602723760545 -24.4215780997206 -32.1968490238957 -30.6422879482567 -26.2995300557364 -23.0607413573251 -27.2349715132484 -34.8321014724192 -46.4650239844031 -56.3793067353874 -62.4171021818018 -66.9599076102253 -69.3092664806496 -71.4088438014711 -72.4894536569215 -73.6151828766403 -73.4338463065683 -72.767950341762 -71.0681936468364 -69.971994642052 -72.0373930961267 -72.8848600055072 -75.8912200681838 -77.959641063693 -80.4332730945447 -83.7461372300988 -86.0003372009 -89.0146353015189 -90.2201124018452 -91.6038515664653 -90.9189743202331 -87.9799210557181 -85.7124143872304 -80.427578192922 -76.9231790026973 -73.826067232297 -69.1873471471809 -68.0136994364303 -64.6427575056756 -64.8771679043122 -63.304840536633 -61.9212991969826 -56.9326334800686 -52.5696313670425 -47.7246951999745 -45.9677856123937 -44.8336685182469
-9999 -9999 -9999 -9999 -9999 -9999 -84.6533159410541 -42.8371486742058 -25.8436451449045 -13.2336533328051 -25.7041897565248 -30.9388033199885 -26.0072954881022 -21.5570258854981 -18.1702806130033 -20.5369684814196 -27.5764346862593 -37.5788653706854 -45.7755177656541 -50.8743535467915 -53.8086243649975 -54.5135716338256 -55.6439777215413 -55.9033657557823 -55.0558204301639 -54.7718644731482 -53.82070309917 -53.5564515357634 -53.4871802702071 -53.8632543182398 -54.9994948294465 -56.1082250172593 -58.0689355614641 -59.4459560162725 -60.6715098157393 -62.7124489589231 -63.291059110071 -64.544918474011 -64.8171520199021 -63.0187941327867 -61.860640708466 -58.2724428551284 -55.2555869270688 -54.390672545933 -55.2073448905123 -57.7081287368887 -58.6465338538484 -60.3500332665962 -60.6341026896612 -58.548178685343 -56.9141930887933 -51.9389643372166 -47.5545646922697 -43.094093985472 -38.9214122970648 -37.1339374067225
-9999 -9999 -9999 -9999 -9999 -89.6619425795568 -43.2682425885756 -32.8278113915327 -16.6115143072037 -21.6360338640414 -38.6888762530606 -33.556209591778 -24.2447848682727 -19.2324739486327 -16.1247538770849 -16.2612739785236 -21.3820103519189 -29.2598459375366 -35.2214344450654 -38.8534855825192 -40.6971032221776 -44.584895027274 -45.4538936200596 -44.721721719795 -44.2881656938123 -43.0274742093496 -43.0226573580736 -40.9661273588197 -38.0869273190307 -37.2787061179316 -38.8556783386483 -41.6947160929803 -44.0151300719771 -44.3794928820404 -45.5399581395595 -45.8607276991153 -46.110253152727 -45.6074741665274 -45.3013773169241 -44.5140512222008 -44.4638823658534 -45.2987471130191 -46.5051365699647 -48.8860831525044 -50.7900363430284 -54.2293036030825 -54.7179017030076 -55.138211962041 -55.21072242839 -54.044109741036 -52.3527316869369 -47.5067534579595 -42.4941638731528 -38.6624382787359 -36.0420831833196 -34.5596384881525
-9999 -9999 -9999 -9999 -9999 -47.5550390435701 -30.3413982679926 -20.9296121473362 -21.5649888621713 -32.5710751520237 -41.6971226350152 -40.0343422645041 -29.0769562193033 -20.9670440102416 -15.3605041077294 -13.1857783284097 -15.711340523192 -20.9944737577872 -25.3020625980686 -26.2177907634093 -27.4989999388654 -29.7006407678058 -31.7198109662339 -32.6311362580538 -31.3062211215846 -29.98107539083 -27.8872470797791 -26.0154958896529 -24.4807001250638 -23.2576361733088 -23.8925530191388 -25.7403056934984 -28.3904373334015 -31.0278567350801 -34.2118830880834 -34.7750697707583 -33.9302484119215 -33.3161372862309 -32.8963834267017 -32.9673243542499 -34.7947752342946 -36.2399431010221 -38.9383958174852 -41.7744534852499 -43.648423518319 -46.355442286708 -46.8452423045008 -47.6341817119269 -47.590750523164 -46.2431012182451 -45.1529577665293 -41.4740217236117 -38.3525222201538 -35.5577528589625 -33.3073798895107 -32.8441092655464
-9999 -9999 -9999 -9999 -9999 -9999 -31.661911537824 -17.8458865054826 -30.2966257009045 -46.944365228923 -56.0236640631766 -54.0713943032185 -41.5368217885346 -29.2176185350656 -19.3970310345587 -14.339822341899 -13.1081885343547 -15.5096634891953 -17.2446337535878 -17.483770824202 -18.400858181267 -19.1228050749752 -19.5481295267661 -19.3620400235626 -18.6224537611998 -17.9244852108964 -16.3772058885319 -14.9255996349321 -13.9817327674617 -13.5890087798966 -13.9449854194137 -14.35299798268 -16.0766741733193 -17.7389064914257 -20.0120181651329 -23.5900188694922 -25.8858677245342 -24.5098809326991 -23.9144972397617 -23.9037279573948 -26.0310983461627 -27.3062814997533 -30.0589195711195 -32.8686977844532 -34.5005325473879 -37.5617840803948 -37.2243603696921 -38.0215717300204 -38.0586079886661 -37.2628073286031 -37.7026028573379 -34.9604014564062 -33.6304765814071 -32.2749900656338 -31.0387508472465 -31.3398452487296
-9999 -9999 -9999 -9999 -9999 -9999 -32.6605192905344 -17.8326460089255 -31.2713720827232 -62.3172067221675 -82.9906497927061 -75.6044429084032 -60.4055533721589 -43.1257104594244 -27.5939363604117 -18.0110881176769 -14.4517754461893 -14.0624845596226 -13.8735761518061 -13.6234320361935 -13.6240322796847 -13.3827556037788 -12.1459897946688 -11.4781534044196 -11.1437028257196 -10.8282645488558 -9.54474547707193 -8.16410309030357 -7.7067215217759 -7.79714483763401 -8.33637895199949 -8.60604531372772 -9.21114834590237 -10.4970801956536 -12.568133524534 -15.8607612401763 -19.2752342908995 -19.0560222169902 -17.8066259057707 -17.4152025543803 -18.2869415579022 -19.4404536687887 -21.4611543031477 -23.5814974687134 -25.1210628869023 -26.8745316935858 -27.2948961736092 -27.7565173634149 -27.8921462430109 -27.731150360222 -28.0828176972509 -27.895083859536 -28.5207345461499 -28.7098229419647 -28.9792688962039 -30.4008025704395
-9999 -9999 -9999 -9999 -9999 -9999 -33.2745538949944 -23.2838945484818 -24.9501066939185 -64.2076993181418 -109.235704095763 -96.1006013848566 -75.3492115804405 -60.0822370117024 -39.5160033121188 -24.5406943467999 -16.4910178562882 -14.5847347057051 -13.1560045430344 -11.2466928453435 -10.907048270761 -9.6014295608174 -8.61615261211516 -7.58141246932197 -6.69960341968578 -6.66034768664965 -5.48930930537149 -4.61630710613484 -4.22734243439374 -4.12006476436198 -4.61122580466395 -4.44947493255545 -4.73922115560054 -5.41965113750045 -6.68392686482208 -9.47874894836337 -11.6991933738095 -15.7046987250558 -14.0088851924312 -12.3931678082034 -12.6595402359309 -12.6391342220217 -14.0680634686152 -15.4934895079032 -16.1773750936322 -17.9607593714702 -18.0455594390271 -18.81992770601 -19.2632258105729 -19.3329059701106 -20.4152804102744 -21.1435582026321 -23.2524682114772 -24.6305630166334 -25.9063157976465 -28.7731888785077
-9999 -9999 -9999 -9999 -9999 -9999 -9999 -9999 -32.1344712470061 -49.1721309058904 -104.991636436377 -109.751690305007 -90.2840146607358 -73.5309872308683 -53.3396707415313 -33.2239299835076 -19.0351212802767 -13.6348226128309 -12.7183379658148 -10.60516854211 -8.98258292757125 -8.38472521553502 -8.26652771728392 -7.50707165640753 -6.09802704314804 -5.12647566080741 -4.51316827064618 -4.09214847679191 -3.74523545345787 -3.22973540757694 -2.91041151355646 -2.69410715872077 -2.45064977029326 -2.56801178868809 -3.26016201614748 -4.71999971545988 -6.48606474272106 -9.02630399680926 -12.7271493479718 -11.1383528925248 -9.75145598102474 -9.2513854519397 -9.38989560781671 -9.9486601472727 -10.6544141711357 -11.5227197639815 -12.0644049408263 -12.5706094483728 -13.1498546630593 -13.9779722980001 -15.1142255138597 -16.3759088173566 -18.3527717120159 -20.2818918610209 -22.4612572853078 -25.386219461722
-9999 -9999 -9999 -9999 -9999 -9999 -9999 -9999 -36.3528850796437 -34.4441915146346 -85.4737178616522 -103.88036965737 -98.5223043259749 -81.0011144103764 -62.1529415245149 -39.7391644856756 -19.9921479225962 -12.0107194672055 -11.6459930611372 -9.05076327899243 -8.00503594170853 -8.0988516143957 -9.46734618164884 -9.20752482992234 -7.03586106242978 -5.69821201967987 -5.3584204439219 -5.54836699788258 -5.1997420589732 -4.21224750084887 -3.30737459443343 -2.86942920470426 -2.3954864010574 -1.95028868369449 -1.77128874436293 -2.14052037156783 -2.93155541936514 -4.35688715133903 -6.70278006465941 -9.41890690361793 -9.68860455438684 -8.15230727097031 -7.38298308054931 -7.11542327666794 -7.0266308974536 -7.58957405349383 -7.87013092751307 -8.44639489567227 -9.1140088172914 -9.95899991343526 -11.2177686526513 -12.2794777077957 -14.1450316849181 -16.1737459885668 -18.6618575112285 -22.0355216763556
-9999 -9999 -9999 -9999 -9999 -9999 -9999 -9999 -9999 -28.3473087549772 -40.2486484757713 -70.715039156471 -92.1868121115047 -85.7832666890352 -66.431977795562 -41.728356148195 -20.3860752740035 -9.9718661283762 -9.62301723717552 -8.393693131795 -7.72209150690761 -8.90931147543642 -10.7773895321712 -10.9233220438345 -9.03306499816116 -7.50339566253284 -7.39084118101199 -7.88407401891166 -7.57844376524785 -6.39955713385303 -5.30691371961633 -4.57338122838084 -4.05694881564675 -3.18476995579202 -2.24121141944337 -1.72487074489039 -1.63940508759764 -2.04544663067914 -3.13596382335336 -5.09003809193841 -6.38085905053482 -6.95799113730113 -7.29242417294979 -7.0069058723165 -6.23432029003734 -6.00822097350312 -6.16182990384612 -6.48174756035589 -7.07752015002747 -8.0834539929914 -9.15269438991755 -10.259011677169 -11.4782627995134 -13.2705347235308 -16.0031959707546 -19.1139841181977
-9999 -9999 -9999 -9999 -9999 -9999 -9999 -9999 -9999 -9999 -24.7487086530633 -47.4537831487596 -80.3813683270664 -86.7761234817154 -67.4426825651247 -41.7055452641668 -19.0905730659866 -7.68112138640736 -7.16717602299747 -7.19904110182081 -7.99784042184901 -9.75181489309224 -12.1088118347482 -12.6805290543242 -11.1977362307817 -9.92456176891415 -9.99873141745728 -10.6627383725067 -10.3773781730493 -9.43746154704941 -8.29531017025221 -7.40438264889634 -6.69492560539274 -5.62383570322282 -4.41591454495805 -3.35041702141937 -2.54271248293575 -2.02369767363775 -2.0566857490386 -2.79795149604556 -4.11920115154159 -3.81630028286023 -4.03463740974887 -4.75187625322995 -4.78414793339759 -4.77021068014819 -4.84884046793387 -5.01873168146133 -5.34647170855803 -5.78329794398348 -6.59037887039996 -7.6063555143364 -9.0174167602398 -11.1759791462879 -13.8455645276418 -16.4291500969579
-9999 -9999 -9999 -9999 -9999 -9999 -9999 -9999 -9999 -9999 -9999 -49.7600937788717 -72.3506159034132 -90.3938727807901 -70.1107926614179 -40.0602690481171 -19.0518784419152 -6.19607534623164 -4.69524664369679 -6.34837828844314 -8.78425920591091 -10.7081457846099 -12.8597535406262 -13.657057655864 -13.244509079064 -12.8519371145611 -12.8368081488994 -13.2213891514702 -13.0175185855292 -12.4735239850817 -11.6556129660935 -10.5709159903405 -9.81505581496685 -8.59524729861477 -7.28157975936965 -6.09584651475799 -4.71648853673298 -3.83312935887062 -3.06033506071948 -2.65617454415168 -2.88367894342749 -3.33853514663808 -2.53991111117262 -2.28036917662062 -2.81506370307594 -3.59759818484685 -3.31744487222145 -3.22683275977287 -3.31999205384468 -3.67339498111841 -4.28327345855511 -5.18432236283746 -6.58295273920202 -8.43577291092812 -10.6388754096209 -13.0476690708385
