data/03_saidas_enm/CCSM_Maha_21k_B.balansae5.asc
NCOLS 154 
NROWS 168 
XLLCORNER -112 
YLLCORNER -55.5 
CELLSIZE 0.5 
NODATA_value -9999 
[rows 50 to 74 of 168, columns 56 to 111 of 154]
-9999 -9999 -9999 -9999 -9999 -9999 -9999 -9999 -9999 -9999 -9999 -9999 -9999 -1426.9336292736 -682.42178411111 -281.049507687503 -156.240031498417 -106.739545166896 -91.0577397011248 -78.1661635413965 -70.2507701217086 -52.6823489760274 -38.3084350897552 -39.5227418304782 -63.3269663318273 -94.0789194628568 -150.188036905238 -256.704084803108 -346.316528282572 -479.434993253565 -549.641304693302 -489.096946435944 -354.763413169239 -226.048050894463 -101.494050377859 -50.2951486763477 -29.939871808682 -20.2805460732074 -17.1257335688932 -14.9865719206033 -8.418534347783 -11.0221572224164 -10.2186550382269 -11.4673216438554 -14.3990916014421 -8.72007353398528 -14.9863018209929 -16.2576217512084 -19.1264297570335 -24.219995411091 -23.7592917683702 -31.1832199534701 -34.3215459389267 -30.3522348457405 -25.6798857459071 -24.2391057422251
-9999 -9999 -9999 -9999 -9999 -9999 -9999 -9999 -9999 -9999 -9999 -9999 -9999 -821.574807019503 -463.158126919908 -227.50118661059 -142.362149716938 -100.741713028702 -84.0675205265673 -71.4009582063442 -60.373931575656 -51.4005038651259 -44.9229551765746 -41.8448181690668 -55.1080834824486 -76.5354545696609 -122.589052407781 -195.301290982474 -264.283597761714 -351.36220961771 -405.183523317822 -355.454570165435 -273.13567397224 -169.768938221891 -87.5046170150842 -45.8840018281772 -25.2247551095464 -16.7106484027406 -13.5117149267691 -11.504144851222 -9.12642202603326 -10.4275782239301 -11.7267968309763 -11.7116444474985 -12.0946646513826 -10.3386844068142 -12.4942859585007 -14.4440859881392 -17.5676499216049 -23.3081224722273 -28.2211340768258 -32.1047335249332 -30.7427473681854 -28.6717449471574 -25.5948097782637 -23.7913377906529
-9999 -9999 -9999 -9999 -9999 -9999 -9999 -9999 -9999 -9999 -9999 -773.089237660446 -564.606806399615 -472.824353342995 -326.975330008993 -198.665657665219 -136.687491528693 -95.6427096966294 -75.4834836906155 -63.2175254810524 -54.9596725756013 -46.7795057371004 -43.8860481438072 -49.334858570881 -63.6593078427402 -79.7213024946267 -110.840495859303 -175.035674361622 -228.492888504279 -288.853161171942 -338.998608502842 -271.975441807752 -201.177026126856 -125.892169488897 -65.6857153416316 -35.0065456156911 -23.7410892240315 -17.7753237651144 -14.9621609222624 -13.3712018784697 -12.3746579496948 -14.5810791633327 -14.8297603341473 -15.4946888962907 -15.8318117962693 -14.944966039943 -17.0635223057208 -18.5304394435629 -21.618717166709 -28.9024160647247 -30.5462530071678 -29.2878892376629 -28.3513276520439 -27.3365088052673 -25.2022060263076 -23.7128361616723
-9999 -9999 -9999 -9999 -9999 -9999 -9999 -9999 -9999 -9999 -632.909238905641 -475.604055085646 -320.285183147683 -287.863061034249 -295.00043896732 -230.073792862153 -148.669594860637 -99.7166292912218 -75.2039164360527 -62.1575734438921 -52.7823351659343 -52.3815825548859 -55.2766091215148 -67.1382449705593 -85.9202321112946 -105.825177185171 -144.917962230832 -195.259837791655 -247.624840722378 -304.964604209444 -320.882427137821 -263.412700990868 -178.893819723146 -111.287412012724 -55.23188807599 -30.1573003815782 -23.0083954766877 -20.0594985966095 -17.5693159875222 -16.107990232543 -15.7856468568475 -17.2560490313529 -18.2573372270185 -20.6339145987862 -22.1179754932681 -23.7455091217619 -25.2423463251781 -28.0683872263758 -31.6928719032353 -32.4110363909768 -30.3904827686456 -30.7325817389447 -29.3751988219098 -28.7080226649219 -27.214768021218 -26.3272130368596
-9999 -9999 -9999 -9999 -9999 -9999 -9999 -9999 -9999 -9999 -326.920893342863 -232.943714490228 -193.388074743052 -216.223367160609 -245.513310246265 -273.748326435669 -194.204577145704 -121.328595422833 -89.5083154164942 -76.2654313299836 -68.435012849228 -79.9159802254043 -85.1435584941567 -100.295444185782 -127.768251672617 -148.8425044899 -197.085566705764 -252.456625087408 -301.362487976931 -349.711357064521 -361.358694049364 -287.791221376273 -192.823724000201 -122.846767197249 -60.2633044067117 -30.3943263947269 -24.7040448438647 -22.229889864259 -19.8445351029153 -18.4129713448942 -18.4241544393181 -18.7396017061297 -19.9103205323905 -21.8580948869238 -26.075427979673 -29.1712666202355 -32.9240311631042 -33.3645287919589 -34.2351744426092 -33.8104572250576 -33.0759953831077 -33.4088453104039 -33.1158545154561 -32.841692389574 -32.4244983530695 -31.8743157446985
-9999 -9999 -9999 -9999 -9999 -9999 -9999 -9999 -413.937178890677 -259.629121258023 -170.746554652372 -156.149282520547 -149.316078723178 -166.573232512081 -212.452492114425 -274.957102525632 -225.965710436847 -148.116760521492 -116.560893166096 -116.252400859862 -110.982776349192 -120.580357068652 -134.90746125969 -147.37365475985 -175.287435963927 -216.07590932617 -265.328115902669 -321.563182507202 -375.593590794885 -388.53562337944 -379.643386653543 -294.929414604808 -209.140659832292 -132.001972038499 -73.1971974528088 -38.4449619396258 -26.6641092681762 -23.7392917057608 -21.6314155630036 -20.0666420286803 -20.312680656652 -20.260296106881 -20.2354490836472 -21.9604443867719 -25.3811396249327 -28.2890854827854 -31.6879822791681 -34.2360149572257 -35.6378831003533 -36.8177183572501 -37.9079428805491 -38.3372664752296 -39.6455831255965 -39.4642447526372 -38.7795932342229 -40.3994212779925
-9999 -9999 -9999 -9999 -9999 -9999 -9999 -9999 -272.501382042577 -153.390411964746 -101.707274806517 -111.209854057196 -124.796141697544 -147.046681904285 -178.673263184397 -218.800582659718 -216.689977151839 -177.378499040742 -153.365738914036 -154.458475092719 -171.453711922046 -182.524244360488 -183.476554520089 -204.04593043435 -254.500145002639 -303.883935877947 -346.035233062265 -392.394388455189 -417.079361638773 -425.769210889957 -399.995868144543 -308.31096115415 -214.719278883702 -145.994452486523 -81.9519557860293 -49.4421764042769 -34.3065192401443 -25.398153513019 -22.893408439522 -21.5329347915737 -21.3714054685758 -21.1645796844586 -22.2646580339639 -23.8773853152924 -27.9706010879568 -32.1942207728124 -36.4597659500648 -41.4671325969554 -43.7081884016734 -49.8278561104719 -53.3666523163064 -53.1904856481216 -51.5288042646414 -47.6991206964651 -43.7934232280585 -43.1496437157681
-9999 -9999 -9999 -9999 -9999 -9999 -9999 -307.728674432013 -185.067354628272 -112.457063369477 -101.172146414462 -118.24322562215 -126.944145550713 -128.830649480638 -146.805350674596 -173.757101062083 -167.798406502424 -165.525390100896 -152.548382363177 -196.060441182679 -230.49917471528 -243.986133301038 -256.842955804789 -280.530476823318 -322.963637758974 -347.504110168759 -355.59346408554 -352.484118374705 -365.570738263579 -374.41992617745 -380.908304440501 -309.817739138172 -221.131731546568 -154.964040437777 -99.6517611682168 -68.0778142369756 -46.6588495317391 -34.0256926816847 -29.2159368148106 -30.1561981933981 -30.662908691883 -34.0912923410076 -42.3843181272802 -45.367385160108 -53.5853715636382 -57.6943657026344 -64.4772658838414 -73.7463840573911 -74.8796912000016 -84.438950248035 -85.2601970490416 -81.782900816812 -74.1364385418239 -63.6989714997889 -53.9470633312351 -49.4161147077189
-9999 -9999 -9999 -9999 -9999 -9999 -9999 -227.844720235693 -137.76129152221 -86.7481161827932 -109.545217584196 -130.917084297251 -129.039939127878 -118.283145156827 -114.534770628208 -119.227352698517 -116.774498904367 -117.635408835135 -125.511210599854 -154.523600717591 -192.783497754724 -221.291933164449 -248.183153596146 -249.728104602097 -254.436492366661 -264.627185951017 -264.434783480277 -272.792793778241 -269.84294774604 -262.175342397756 -264.060138905317 -262.018394710582 -218.299952489827 -164.658929270252 -116.20529767527 -86.2448161049447 -66.1476469262574 -51.8556391834195 -50.2295079448938 -54.8778671791878 -56.0961721121204 -62.7262866464105 -67.1248866479089 -75.1344438315846 -88.850240892246 -99.0845447883939 -114.909385943703 -117.520041794343 -122.085815215206 -137.367785011516 -141.545436512388 -137.324525298896 -117.060855791572 -96.5618028427421 -81.3175175223839 -67.8888154698254
-9999 -9999 -9999 -9999 -9999 -9999 -288.078567110841 -153.071604700767 -89.9114290919634 -81.8552382433348 -124.521024941353 -139.623152378756 -132.504061145137 -112.941551531687 -97.762158256719 -92.0569966710782 -86.6676404861366 -87.6788466711813 -89.4275936924851 -117.326637831312 -156.320419487402 -174.570793829883 -191.668930392134 -194.849557639156 -201.078216689794 -204.596054958213 -207.011915671428 -199.944383031151 -199.970817022046 -204.70729792929 -200.231176930428 -206.24457838832 -202.483398969737 -161.744172188619 -127.892653580828 -103.470668072655 -91.4512629706073 -81.568099480792 -77.6382508757895 -80.5129605768746 -86.7052802699804 -95.2137033537672 -115.863106479957 -124.922983674857 -150.468712586606 -165.151341325532 -176.185478034425 -203.441689641267 -204.206758257024 -221.081918674863 -207.82408133125 -192.00055873593 -164.276271277071 -140.279968417967 -120.950944678221 -97.7131260078796
-9999 -9999 -9999 -9999 -9999 -9999 -228.821430799787 -106.870918831617 -70.5852518206821 -75.9592225671248 -114.959988374028 -133.024719835929 -123.258888694272 -106.53087180041 -85.8369280090656 -72.8035065859137 -67.880661857212 -67.50115636651 -70.0680632921919 -84.6704025693397 -108.762213847254 -126.653128880592 -143.311144890108 -144.381481603655 -144.621888900343 -148.318768085398 -146.044743196628 -143.99411056595 -141.606692228384 -138.769800373043 -140.688044612085 -139.956849770602 -143.262168022808 -149.681985914839 -143.831700033721 -125.433172900795 -116.803527109213 -109.342080557313 -109.862250234678 -119.642448317742 -131.505339924759 -157.716387653981 -182.42692294732 -198.718054053889 -238.72579477072 -235.463104301377 -225.438185540069 -207.571230756201 -183.333932112286 -168.028548417451 -158.158771705414 -142.612370911084 -127.862523311753 -114.84760457828 -97.5103007202887 -85.9647878101697
-9999 -9999 -9999 -9999 -9999 -9999 -191.280234526657 -88.2496246710726 -67.4066973469566 -67.7631597679893 -94.0556685078295 -115.775398697537 -113.606084983578 -96.6556713481262 -76.511746350961 -63.5931405092069 -56.7706581509778 -54.7844136206606 -54.6670155284819 -65.5206790064393 -82.9602654172611 -91.9921674714681 -102.534965580994 -103.206360977348 -107.075480468372 -107.120644305451 -108.263995475336 -102.812013403948 -102.261384104522 -103.871666783001 -101.531502147261 -106.667995468276 -106.237203570435 -112.826820173398 -127.440746053428 -133.182270915299 -139.377538705635 -139.00675807588 -141.837861068615 -159.93204737029 -180.076183201775 -193.929797671443 -200.432190263153 -193.62076968138 -200.981401109169 -183.83052657062 -173.842089186887 -160.264826314663 -143.01256228725 -135.076454653474 -118.48132165005 -113.736876357883 -102.215598996723 -93.7987951899052 -83.3562050821215 -74.1444891587327
-9999 -9999 -9999 -9999 -9999 -9999 -9999 -79.7316128641937 -69.196792549138 -57.4303485758316 -74.3568844058436 -97.3177906035 -100.351348084445 -86.5192208671092 -69.0710739422014 -55.3167034032202 -48.7043341550454 -46.569293013739 -46.1514447736638 -50.9523713596327 -59.4005135599065 -65.8390731857732 -71.9705766899082 -72.6088376665735 -72.2272485429961 -72.7576428728999 -70.8429449676319 -70.3873906309012 -70.0062293409637 -69.4462715182276 -71.2088909097177 -71.8167316582723 -74.9384116648718 -79.3692766196323 -86.4253854189446 -96.4085916795743 -108.644227175839 -121.880850806519 -125.68350907248 -133.638056040277 -141.882477149197 -149.9937261557 -153.794601606706 -146.111001130328 -145.843562149948 -139.273441396207 -131.099108263828 -120.692636354244 -106.498144247635 -98.5126747394538 -89.3987472250285 -82.4221464419996 -76.1122721791028 -68.5404171228653 -60.4820647890754 -56.7302710960717
-9999 -9999 -9999 -9999 -9999 -9999 -9999 -9999 -67.2238819772496 -51.4845790542451 -65.2183594768038 -83.1844452168758 -90.3179307333042 -77.602673521823 -63.5196117024007 -51.1543725253206 -43.5079158439095 -40.7696400754154 -40.2730088237738 -44.9946018822879 -51.611743149941 -55.2832675280162 -58.5545950567694 -59.0539007767476 -58.2949256991293 -56.7719285679721 -54.1193408644705 -51.2990163105971 -51.4207799389214 -52.3495462270631 -52.6010354218333 -54.9963314677539 -56.5877053504967 -60.0726447091255 -66.1219776010692 -71.6612048184941 -80.8209378658936 -91.6855181296423 -98.8921963741327 -106.857091559002 -109.231701752838 -113.127694228163 -115.73509197519 -110.17116586046 -111.045947921467 -101.592926199376 -96.4498064683325 -89.4180987752589 -81.528713556435 -77.0144440723156 -70.933732303713 -68.1512403430689 -64.6592869029855 -58.6029153466365 -50.5021550314799 -45.7322433320021
-9999 -9999 -9999 -9999 -9999 -9999 -93.0177281770426 -67.3019317110893 -64.9359605693176 -53.8531096277344 -67.0344456545002 -81.6690908614379 -80.0082776761958 -68.8944378094445 -56.8525567282414 -45.0394884514563 -38.6987876048392 -36.399169902263 -36.0108820731921 -38.100317112645 -41.7245530815968 -44.3638994553211 -46.8789018779964 -46.5516633248229 -44.4708317851654 -43.0709497140857 -40.5356896676241 -39.418830302379 -39.2572926285711 -39.5349990190171 -40.6309748400797 -41.6349868350238 -43.4430652760671 -44.926381048549 -47.5141425114932 -51.7196823673362 -57.3884126020268 -65.0433897665629 -69.6967524781222 -79.8457578345946 -83.5657877925034 -85.9586139000956 -86.9166274449271 -82.1847976210653 -80.3831923096833 -76.6859381345975 -71.9239777395245 -67.5616639614239 -65.6771957496737 -64.5078622121947 -63.5654986085277 -60.4401958502488 -57.1908046245435 -54.5351937493568 -52.5335654946862 -48.306060261453
-9999 -9999 -9999 -9999 -9999 -96.2543264550313 -62.2051351838039 -59.4194147234785 -56.2999518714009 -58.0453947502779 -79.8162155586116 -80.7076121381673 -69.3048127981833 -58.8963716425193 -51.7920589509045 -40.0761171116685 -33.9230410379206 -32.8323813017042 -32.5902188648123 -34.9743724348002 -36.7021556840821 -37.1679759023163 -38.2808850393391 -37.6287818877879 -35.8217020192659 -34.4887195042854 -33.530452961245 -32.8887997565583 -33.3235914933051 -35.7242376673115 -36.1025401287672 -36.5758868015307 -37.50095636983 -37.6031793248455 -38.817768930511 -39.9879522700872 -42.201570932727 -46.4450715505588 -49.2064602772496 -58.7515192549492 -62.1191066125584 -65.1180290876375 -66.2580993488092 -63.7875104933721 -63.5557193221237 -60.466696639686 -60.2705629252319 -61.5512633987072 -60.7867172890875 -60.2833310903406 -58.9014626011761 -55.5194426709283 -52.1647831004861 -49.3763694469059 -47.4765607336277 -46.9837658965568
-9999 -9999 -9999 -9999 -9999 -62.4617559088316 -42.6474364674016 -56.6647828017577 -54.4793723645611 -68.7488805758872 -82.282898362041 -84.348927820336 -72.0389788234371 -57.4051596664321 -46.204885325318 -37.854167639334 -35.0419875575129 -33.0868507558774 -31.5828655517951 -32.216823998518 -32.8090700003514 -32.9329583213289 -32.531389303844 -31.7842195427951 -30.6385563057475 -29.8451664342434 -29.6114209006742 -30.0433878812392 -31.1564091630776 -33.3733353234619 -35.6464988649169 -37.1484787014388 -36.9329726429635 -36.128230223979 -34.9855653461831 -34.6204898084199 -34.6127520402913 -35.8763114383689 -36.8863588835235 -39.9446305840285 -43.460171574985 -47.7412099361056 -50.9158016553688 -55.2904486362512 -54.9562748963124 -55.6884352268111 -55.9837223665206 -56.651167947728 -56.2284412920014 -54.9529782064657 -53.9721403865548 -51.094682629413 -48.5231527281933 -46.5623136680915 -44.7449025408175 -43.7237865846622
-9999 -9999 -9999 -9999 -9999 -9999 -30.6285841132707 -46.3960467760706 -53.6619823268046 -78.5552752268654 -104.903927669769 -103.667555818876 -83.4958806214267 -63.6523995868021 -52.3135053890688 -40.0733062522775 -36.3825782048339 -36.207662247958 -34.2376984276843 -33.184013568107 -32.6813203133789 -31.6070984563141 -30.4956686354417 -29.5132529048153 -28.6953806211437 -28.1955691528402 -28.5863472637741 -29.6755400982343 -30.6189456469495 -32.6062838764583 -33.9713596411201 -34.9356873349314 -36.1241711200902 -35.1833571907416 -34.1144154188565 -32.6065269499514 -30.8123273507027 -30.0552288821923 -30.0072326303517 -32.0048229064532 -36.0988777925813 -40.3157950733619 -47.0103973889019 -49.9527897211353 -50.07616992955 -51.0265226500437 -50.8989585105438 -51.5132438589672 -50.9079870359201 -50.1938864179783 -49.5885515732323 -47.2938140017806 -45.6298242060788 -44.0255696269911 -42.0596594127492 -41.5543164263553
-9999 -9999 -9999 -9999 -9999 -9999 -24.3409091368962 -33.6395060018577 -43.5995931884074 -85.1674559958209 -126.904472269516 -126.75021881703 -106.396476427636 -85.1784270128899 -66.5671076197141 -55.7630448436808 -45.4434623484806 -42.6406155252509 -37.4431182083625 -35.2105532922232 -34.0877258370728 -33.2401998086029 -32.7740636247944 -32.0642793375035 -30.4850966854192 -29.6420266112391 -30.5433685134829 -32.1625756672337 -32.9441433250628 -33.8007538127358 -34.0811423149954 -34.8219706799706 -34.8109899699121 -33.0045893484801 -30.9422996019017 -28.7031134053431 -26.6764131463508 -25.3412372019856 -25.010279372191 -26.5107439752007 -29.9865977078048 -34.4788780255404 -40.2283155674 -44.6740574178276 -44.8521349388426 -45.4731976174147 -45.5219923141365 -45.6898613666336 -45.7547876204212 -45.571781441264 -45.4289763015273 -44.0239451811103 -42.8443531527301 -42.1666341513111 -41.0392246923753 -40.9577190401252
-9999 -9999 -9999 -9999 -9999 -9999 -25.9316098547206 -26.9227358166639 -34.478492987581 -82.6991127199272 -147.180413095276 -152.902877036552 -131.821709874519 -108.225019614085 -86.966277532917 -70.2771338576038 -55.2782797952515 -47.3310354211872 -41.9679014386102 -38.8415884628228 -37.687506551717 -37.9591223151494 -39.1744342817608 -38.3774028793 -35.3441920647401 -33.2299866745754 -34.2424100512177 -36.7773948002653 -36.7525140919895 -36.5077063509713 -35.3326437338812 -34.7032855896996 -34.8781292665855 -32.2772101631021 -28.9692006642767 -26.2381084062571 -23.3351997017738 -21.7382475453319 -20.8696800079282 -21.6518433860367 -24.2508530934075 -27.3912058319495 -32.3931678140721 -36.1972412209871 -39.8272727682864 -40.3387605038111 -39.9655200117445 -40.674114041293 -41.1231598196092 -41.4649839235087 -42.5745483967514 -41.1795164874643 -40.2402330817854 -39.9599089035228 -39.4413197128986 -40.6402408953289
-9999 -9999 -9999 -9999 -9999 -9999 -9999 -9999 -39.6057437182632 -67.2311436716847 -142.727432497105 -163.825276443726 -146.310634107436 -127.251213988193 -101.621996720698 -83.7544339926338 -63.0856183664574 -47.136690624373 -38.8913044482268 -40.2397338954734 -43.0710498151933 -44.0181736800342 -47.3115898173388 -47.3015416439272 -42.5050957420113 -39.4672615485727 -40.1279767838673 -42.9844643925601 -42.7753340745482 -40.9486494157021 -39.2071977270622 -38.0826232111349 -37.3368162304982 -33.95857524772 -29.906474020581 -26.2783900827783 -22.842025067372 -20.2189338565079 -18.4688771451935 -17.8862261158353 -18.9203095063622 -21.1411676529664 -24.2249469423878 -27.2137836813887 -30.9570982111539 -34.1244782450751 -35.9082070774077 -36.793222836456 -37.1420972184122 -37.6585565281207 -38.3337390161571 -39.7993833950561 -38.6004415013712 -38.9340818665058 -39.8380988003078 -40.8540354145481
-9999 -9999 -9999 -9999 -9999 -9999 -9999 -9999 -29.3997965381527 -53.999014637822 -122.65768490152 -157.335189294477 -156.686508420462 -138.830230424721 -112.25831635962 -90.1975691459915 -65.5739877570524 -43.5679013407327 -37.1600605513659 -43.2091483340795 -48.5542111154427 -52.079186456472 -56.6130961008258 -56.8405495346634 -50.6288148723345 -46.3459079633066 -47.0297447274966 -50.386118518715 -49.533970754593 -46.9413571068793 -44.3185469793157 -41.7504179857693 -41.2702997980099 -37.2753862313325 -32.1214075370205 -28.0230008198391 -23.8259421135858 -20.6100931437432 -17.8049578292859 -15.6874689321088 -15.2817519771141 -15.8353433636412 -17.6145720793864 -19.5744784238999 -22.5261572265216 -25.0793904704744 -26.2087511070092 -27.5613709917599 -28.3546007489705 -29.2773488294937 -30.9066569725117 -32.6419926059857 -34.7820401172135 -37.5406507488491 -39.8241052947692 -41.4715894165084
-9999 -9999 -9999 -9999 -9999 -9999 -9999 -9999 -9999 -51.3037265429054 -79.2892548730773 -131.424073269486 -151.051182209687 -146.133836885901 -116.994888077917 -89.9402300244707 -68.5416829593089 -41.7468768488569 -34.792500769365 -44.5238207152239 -53.4950058454604 -58.7050995228365 -63.249687693485 -63.7898403320398 -57.8446896398784 -53.7311088502373 -54.2206596091178 -56.7524915380945 -56.6145684754358 -53.1235472894242 -50.3862098967709 -47.6488848493119 -45.8262917272418 -41.758372791474 -36.608345869415 -32.2638087742089 -27.3524629422375 -23.5740339111178 -19.6860330695257 -16.3470891649562 -14.1979057321056 -13.3607997113932 -13.3393934334682 -14.2787786038797 -16.0580611303666 -17.9883560122758 -19.3711315318209 -20.2179747345516 -21.5668475983741 -23.3696462388219 -25.0535486629392 -26.6916159848003 -28.3461356890486 -30.9757027507054 -35.5266464606457 -38.6116049237412
-9999 -9999 -9999 -9999 -9999 -9999 -9999 -9999 -9999 -9999 -63.8216672528831 -108.485041826067 -145.296194637242 -142.526520152643 -117.199683907676 -86.4583638699835 -63.6350123821501 -41.4629034425158 -34.8866096846152 -45.9523257041607 -56.4539460463165 -63.3279615713799 -66.2396972733955 -69.143392439093 -65.3799054920276 -62.1186549669878 -62.0647972517908 -63.7280626326291 -62.6025918824029 -60.328728622422 -57.0085573382308 -53.44113482562 -51.7569534300254 -47.4599380564265 -42.1836403901459 -37.8050360361354 -32.9753214531468 -28.6607003305018 -24.3039935264203 -19.4371229913551 -16.2386509290188 -14.013351600892 -12.4179708288418 -11.8243808652707 -12.0538987530973 -12.9094098118804 -13.9498382327358 -15.1263579780615 -16.6483184367702 -18.3793699462185 -20.3755775628577 -22.0811592971882 -23.9765063953927 -26.8448786291492 -30.5745434201171 -34.6670645913206
-9999 -9999 -9999 -9999 -9999 -9999 -9999 -9999 -9999 -9999 -9999 -97.705439193951 -134.176010435055 -138.355580278198 -111.735452390565 -80.7459441556723 -62.297068726051 -41.1092993787177 -36.917600774747 -50.1612712103778 -55.3536241032759 -64.4436440137517 -68.7454323916116 -69.6732652118802 -70.9617882166776 -70.7149195999543 -70.1125940705419 -69.8532124126166 -69.2847617061467 -66.7302797174344 -64.1125136737292 -60.8056156907066 -57.3696831146183 -53.3549070459904 -49.0209166169357 -45.0817423450714 -39.6133842443157 -35.4707297551046 -30.4696092315907 -24.9937049851392 -21.3189758493113 -17.5791396325436 -14.9600458469 -12.801449107128 -11.2715692231086 -10.9025131682569 -11.3913551722706 -12.2509540618078 -13.5312001477094 -15.3510812619491 -17.2609656651844 -18.924211924595 -21.1725498596068 -23.6161028043071 -25.8746331446528 -28.2265601947541
