data/03_saidas_enm/CCSM_Maxent_21k_B.balansae4.asc
NCOLS 154 
NROWS 168 
XLLCORNER -112 
YLLCORNER -55.5 
CELLSIZE 0.5 
NODATA_value -9999 
[rows 100 to 124 of 168, columns 56 to 111 of 154]
-9999 -9999 -9999 -9999 -9999 -9999 -9999 -9999 -9999 -9999 -9999 -9999 -9999 -9999 -9999 -9999 -9999 -9999 -9999 -9999 -9999 -9999 -9999 -9999 -9999 -9999 -9999 -9999 0.0336433872580528 0.234776973724365 0.475468188524246 0.461586147546768 0.453754723072052 0.429649740457535 0.397384464740753 0.305104792118073 0.218364238739014 0.17646798491478 0.217553213238716 0.319114327430725 0.454656958580017 0.440547555685043 0.340481162071228 0.294585078954697 0.289840191602707 0.303979307413101 0.325400501489639 0.38242307305336 0.417079746723175 0.449894726276398 0.477422326803207 0.499980986118317 0.519873797893524 0.541453659534454 0.562878310680389 0.573379397392273
-9999 -9999 -9999 -9999 -9999 -9999 -9999 -9999 -9999 -9999 -9999 -9999 -9999 -9999 -9999 -9999 -9999 -9999 -9999 -9999 -9999 -9999 -9999 -9999 -9999 -9999 -9999 -9999 0.0340428128838539 0.285259485244751 0.477379143238068 0.450422555208206 0.450312167406082 0.427618682384491 0.383521854877472 0.29309418797493 0.205689266324043 0.173911601305008 0.228263005614281 0.338819801807404 0.479323416948318 0.406927794218063 0.31245157122612 0.277164548635483 0.278140664100647 0.294057488441467 0.312811493873596 0.375121742486954 0.401113867759705 0.432759582996368 0.455875307321548 0.481037437915802 0.49837139248848 0.517509281635284 0.537891089916229 0.548641741275787
-9999 -9999 -9999 -9999 -9999 -9999 -9999 -9999 -9999 -9999 -9999 -9999 -9999 -9999 -9999 -9999 -9999 -9999 -9999 -9999 -9999 -9999 -9999 -9999 -9999 -9999 -9999 0.0236933566629887 0.0362820997834206 0.253856331110001 0.476028770208359 0.469054043292999 0.456814974546432 0.416235983371735 0.363448858261108 0.272548794746399 0.206051602959633 0.192561015486717 0.260128945112228 0.370275288820267 0.492270439863205 0.372097373008728 0.293007493019104 0.262709379196167 0.265227854251862 0.282549619674683 0.302074372768402 0.363158941268921 0.388333857059479 0.416171193122864 0.442566484212875 0.460522472858429 0.478440463542938 0.496178448200226 0.507781803607941 0.517387330532074
-9999 -9999 -9999 -9999 -9999 -9999 -9999 -9999 -9999 -9999 -9999 -9999 -9999 -9999 -9999 -9999 -9999 -9999 -9999 -9999 -9999 -9999 -9999 -9999 -9999 -9999 -9999 0.0240783877670765 0.0387961678206921 0.232659235596657 0.437084883451462 0.463152676820755 0.460915774106979 0.411533504724503 0.337607502937317 0.256795763969421 0.195898830890656 0.205021396279335 0.26775997877121 0.391885966062546 0.468830406665802 0.33946430683136 0.26985439658165 0.248674288392067 0.254994183778763 0.271382480859756 0.28908634185791 0.340945661067963 0.374910831451416 0.402585297822952 0.422476142644882 0.437722951173782 0.455569535493851 0.471450924873352 0.47908878326416 0.491594880819321
-9999 -9999 -9999 -9999 -9999 -9999 -9999 -9999 -9999 -9999 -9999 -9999 -9999 -9999 -9999 -9999 -9999 -9999 -9999 -9999 -9999 -9999 -9999 -9999 -9999 -9999 -9999 0.0257343389093876 0.0527214631438255 0.194723755121231 0.355282336473465 0.419440597295761 0.449229210615158 0.396194517612457 0.301340043544769 0.217679500579834 0.186547353863716 0.206242382526398 0.273605793714523 0.41757345199585 0.449368447065353 0.318985551595688 0.257290631532669 0.240293264389038 0.245465397834778 0.261715799570084 0.279109746217728 0.310307413339615 0.351102024316788 0.378061413764954 0.395848661661148 0.416270107030869 0.430322498083115 0.444228768348694 0.456842243671417 0.469322502613068
-9999 -9999 -9999 -9999 -9999 -9999 -9999 -9999 -9999 -9999 -9999 -9999 -9999 -9999 -9999 -9999 -9999 -9999 -9999 -9999 -9999 -9999 -9999 -9999 -9999 -9999 -9999 0.0309550724923611 0.0769339054822922 0.176830425858498 0.291348189115524 0.371067106723785 0.430432617664337 0.387864351272583 0.267419248819351 0.180992394685745 0.160972222685814 0.187635704874992 0.281531870365143 0.43719220161438 0.421604245901108 0.300249606370926 0.246406704187393 0.233498886227608 0.239766746759415 0.253126055002213 0.268626719713211 0.297390580177307 0.333483725786209 0.366746068000793 0.385063290596008 0.403083771467209 0.412722945213318 0.425685197114944 0.43981009721756 0.453812420368195
-9999 -9999 -9999 -9999 -9999 -9999 -9999 -9999 -9999 -9999 -9999 -9999 -9999 -9999 -9999 -9999 -9999 -9999 -9999 -9999 -9999 -9999 -9999 -9999 -9999 -9999 -9999 0.0422629900276661 0.0873548910021782 0.143827810883522 0.227207392454147 0.307433217763901 0.390885293483734 0.369316816329956 0.229632556438446 0.139310076832771 0.127842217683792 0.171510130167007 0.283598124980927 0.445625782012939 0.402846664190292 0.282395899295807 0.238380521535873 0.228879660367966 0.234769359230995 0.246123388409615 0.262787759304047 0.29704338312149 0.331544280052185 0.362379908561707 0.387877225875854 0.399013966321945 0.401886582374573 0.41292804479599 0.427143841981888 0.443672031164169
-9999 -9999 -9999 -9999 -9999 -9999 -9999 -9999 -9999 -9999 -9999 -9999 -9999 -9999 -9999 -9999 -9999 -9999 -9999 -9999 -9999 -9999 -9999 -9999 -9999 -9999 -9999 0.0649969503283501 0.0924020186066628 0.115920342504978 0.177308946847916 0.247593775391579 0.368303954601288 0.354270666837692 0.18149471282959 0.104462906718254 0.10452838242054 0.161350548267365 0.286297678947449 0.459707528352737 0.387372493743896 0.267596572637558 0.230103358626366 0.224044531583786 0.229518711566925 0.241072684526443 0.255220055580139 0.281615734100342 0.314803689718246 0.348203003406525 0.371373802423477 0.385604560375214 0.387029111385345 0.396819710731506 0.413124769926071 0.428247332572937
-9999 -9999 -9999 -9999 -9999 -9999 -9999 -9999 -9999 -9999 -9999 -9999 -9999 -9999 -9999 -9999 -9999 -9999 -9999 -9999 -9999 -9999 -9999 -9999 -9999 -9999 -9999 0.0858904272317886 0.0977839305996895 0.0968946740031242 0.130462765693665 0.202841803431511 0.339056760072708 0.346190899610519 0.158384412527084 0.0927641689777374 0.0986061841249466 0.157871931791306 0.297954589128494 0.472549825906754 0.352315783500671 0.250721842050552 0.221482411026955 0.218068316578865 0.224856287240982 0.23500195145607 0.247268527746201 0.263884961605072 0.28485444188118 0.320835202932358 0.348645240068436 0.360612571239471 0.364294469356537 0.376443028450012 0.393388748168945 0.408397972583771
-9999 -9999 -9999 -9999 -9999 -9999 -9999 -9999 -9999 -9999 -9999 -9999 -9999 -9999 -9999 -9999 -9999 -9999 -9999 -9999 -9999 -9999 -9999 -9999 -9999 -9999 -9999 0.0892906486988068 0.0954116359353065 0.082243800163269 0.106024883687496 0.168710649013519 0.345648020505905 0.333517700433731 0.144689381122589 0.0946511328220367 0.105606161057949 0.194936141371727 0.340903073549271 0.500334918498993 0.331597059965134 0.233783945441246 0.212596490979195 0.210186973214149 0.216255709528923 0.226798072457314 0.238915100693703 0.253172606229782 0.267786383628845 0.293658912181854 0.317899912595749 0.332670152187347 0.340824067592621 0.354691296815872 0.370571911334991 0.38212451338768
-9999 -9999 -9999 -9999 -9999 -9999 -9999 -9999 -9999 -9999 -9999 -9999 -9999 -9999 -9999 -9999 -9999 -9999 -9999 -9999 -9999 -9999 -9999 -9999 -9999 -9999 0.0704129710793495 0.0936083421111107 0.0928123220801353 0.0788525342941284 0.0921686366200447 0.164339989423752 0.335727751255035 0.35184383392334 0.165385186672211 0.0976315438747406 0.134165331721306 0.277538180351257 0.422689944505692 0.479419618844986 0.276721000671387 0.215329527854919 0.201544225215912 0.202159106731415 0.20791494846344 0.216068103909492 0.227250397205353 0.240178242325783 0.253673821687698 0.270285993814468 0.289799094200134 0.307455062866211 0.317039996385574 0.33196747303009 0.344971746206284 0.354314684867859
-9999 -9999 -9999 -9999 -9999 -9999 -9999 -9999 -9999 -9999 -9999 -9999 -9999 -9999 -9999 -9999 -9999 -9999 -9999 -9999 -9999 -9999 -9999 -9999 -9999 -9999 0.088125616312027 0.0976062715053558 0.0880186036229134 0.067925825715065 0.0935651361942291 0.177157759666443 0.357377052307129 0.346761405467987 0.200212582945824 0.148519620299339 0.214175283908844 0.36946627497673 0.494048088788986 0.382868975400925 0.245896637439728 0.19758839905262 0.189270541071892 0.190531820058823 0.196569308638573 0.204845994710922 0.215235993266106 0.227897107601166 0.240992054343224 0.253342837095261 0.268692195415497 0.283899009227753 0.295028239488602 0.308130830526352 0.318336427211761 0.324062198400497
-9999 -9999 -9999 -9999 -9999 -9999 -9999 -9999 -9999 -9999 -9999 -9999 -9999 -9999 -9999 -9999 -9999 -9999 -9999 -9999 -9999 -9999 -9999 -9999 -9999 -9999 0.0986791551113129 0.0904039517045021 0.0811054930090904 0.0638546273112297 0.0923051163554192 0.210483506321907 0.404558509588242 0.36901867389679 0.275011956691742 0.219633430242538 0.321318119764328 0.458235323429108 0.434839010238647 0.29329651594162 0.201082542538643 0.178737476468086 0.176726311445236 0.179672926664352 0.185901641845703 0.191540107131004 0.203446790575981 0.216708555817604 0.229258850216866 0.239147990942001 0.250162452459335 0.263532727956772 0.273314476013184 0.285568207502365 0.292131155729294 0.296564906835556
-9999 -9999 -9999 -9999 -9999 -9999 -9999 -9999 -9999 -9999 -9999 -9999 -9999 -9999 -9999 -9999 -9999 -9999 -9999 -9999 -9999 -9999 -9999 -9999 -9999 -9999 0.0972538664937019 0.0814781039953232 0.0689957439899445 0.0687359198927879 0.127006098628044 0.248414307832718 0.423145800828934 0.429358571767807 0.373221665620804 0.371064335107803 0.448392480611801 0.480195373296738 0.30985751748085 0.229745119810104 0.187473803758621 0.169167667627335 0.165667548775673 0.169140249490738 0.175275430083275 0.18598085641861 0.194174826145172 0.20571032166481 0.216831937432289 0.225574254989624 0.233524963259697 0.241428896784782 0.250750064849854 0.261146634817123 0.265958517789841 0.267631947994232
-9999 -9999 -9999 -9999 -9999 -9999 -9999 -9999 -9999 -9999 -9999 -9999 -9999 -9999 -9999 -9999 -9999 -9999 -9999 -9999 -9999 -9999 -9999 -9999 -9999 0.1096480935812 0.0916102901101112 0.072172611951828 0.0562940053641796 0.0828453749418259 0.156675890088081 0.28760027885437 0.446721434593201 0.496373742818832 0.482655316591263 0.49174827337265 0.486199975013733 0.320755898952484 0.216722339391708 0.18951827287674 0.179294466972351 0.164637982845306 0.163136467337608 0.168619886040688 0.184324383735657 0.201456695795059 0.194198325276375 0.194907814264297 0.204357758164406 0.210618153214455 0.217258363962173 0.224115014076233 0.228383228182793 0.235906809568405 0.238033801317215 0.241717994213104
-9999 -9999 -9999 -9999 -9999 -9999 -9999 -9999 -9999 -9999 -9999 -9999 -9999 -9999 -9999 -9999 -9999 -9999 -9999 -9999 -9999 -9999 -9999 -9999 -9999 0.103322498500347 0.0872740000486374 0.0671008229255676 0.0548454485833645 0.0966473519802094 0.181513920426369 0.276627123355865 0.385363459587097 0.455076277256012 0.435609370470047 0.387076735496521 0.319279372692108 0.239112436771393 0.179387003183365 0.165228933095932 0.161983132362366 0.157153695821762 0.158797740936279 0.165420919656754 0.183199942111969 0.194848984479904 0.189615860581398 0.184661760926247 0.192396193742752 0.197909995913506 0.201820194721222 0.205040395259857 0.206296786665916 0.211534887552261 0.213299795985222 0.213470816612244
-9999 -9999 -9999 -9999 -9999 -9999 -9999 -9999 -9999 -9999 -9999 -9999 -9999 -9999 -9999 -9999 -9999 -9999 -9999 -9999 -9999 -9999 -9999 -9999 -9999 0.100344322621822 0.0845750197768211 0.0587570667266846 0.0539747960865498 0.107883617281914 0.201444298028946 0.257048964500427 0.295400351285934 0.317534804344177 0.287774294614792 0.237061962485313 0.209583818912506 0.176252901554108 0.154506459832191 0.150123402476311 0.1469506919384 0.147018894553185 0.149085685610771 0.154384940862656 0.171220988035202 0.186527103185654 0.176657408475876 0.174117743968964 0.180283054709435 0.183845534920692 0.187051117420197 0.188454434275627 0.187183395028114 0.187380105257034 0.187211528420448 0.188923522830009
-9999 -9999 -9999 -9999 -9999 -9999 -9999 -9999 -9999 -9999 -9999 -9999 -9999 -9999 -9999 -9999 -9999 -9999 -9999 -9999 -9999 -9999 -9999 -9999 -9999 0.0978771522641182 0.0824166536331177 0.0575869008898735 0.0549974255263805 0.109466932713985 0.189166694879532 0.22288678586483 0.225272670388222 0.232255682349205 0.204675450921059 0.175637945532799 0.162035882472992 0.150979667901993 0.137120634317398 0.142947837710381 0.148512050509453 0.14319235086441 0.138661086559296 0.1417475938797 0.147815689444542 0.154444232583046 0.160214006900787 0.16560560464859 0.170364767313004 0.172737583518028 0.173453062772751 0.173321738839149 0.170844197273254 0.170551657676697 0.168921008706093 0.168224796652794
-9999 -9999 -9999 -9999 -9999 -9999 -9999 -9999 -9999 -9999 -9999 -9999 -9999 -9999 -9999 -9999 -9999 -9999 -9999 -9999 -9999 -9999 -9999 -9999 -9999 0.0965715944766998 0.0804692655801773 0.0578461661934853 0.0538310110569 0.105352476239204 0.1850216537714 0.194198548793793 0.175416082143784 0.171623632311821 0.155224770307541 0.137424454092979 0.132877930998802 0.131225407123566 0.125466495752335 0.136091977357864 0.145376801490784 0.13543339073658 0.132467016577721 0.13507841527462 0.139972612261772 0.14532870054245 0.15098474919796 0.156065627932549 0.159496873617172 0.15968631207943 0.160529956221581 0.159067720174789 0.155914843082428 0.154249042272568 0.149269253015518 0.150300964713097
-9999 -9999 -9999 -9999 -9999 -9999 -9999 -9999 -9999 -9999 -9999 -9999 -9999 -9999 -9999 -9999 -9999 -9999 -9999 -9999 -9999 -9999 -9999 -9999 -9999 0.0943312123417854 0.0781830847263336 0.06051991507411 0.0516431331634521 0.0982020273804665 0.160069838166237 0.169033840298653 0.151297509670258 0.145513623952866 0.136567413806915 0.125476568937302 0.121124319732189 0.120432302355766 0.116299226880074 0.124600164592266 0.131515339016914 0.123928710818291 0.124611996114254 0.126791596412659 0.132876917719841 0.138936728239059 0.143586754798889 0.146395862102509 0.148949041962624 0.149724513292313 0.149000838398933 0.146726742386818 0.142997175455093 0.141082867980003 0.136705443263054 0.134473994374275
-9999 -9999 -9999 -9999 -9999 -9999 -9999 -9999 -9999 -9999 -9999 -9999 -9999 -9999 -9999 -9999 -9999 -9999 -9999 -9999 -9999 -9999 -9999 -9999 -9999 0.0929189100861549 0.0764053985476494 0.0586524643003941 0.0475283749401569 0.0875525772571564 0.141415819525719 0.14584881067276 0.127359136939049 0.121178179979324 0.121699832379818 0.117569953203201 0.112411022186279 0.106681495904922 0.104465574026108 0.113221012055874 0.11940474063158 0.1153574436903 0.1178337931633 0.119451463222504 0.124388158321381 0.131042778491974 0.134124994277954 0.136845931410789 0.138598427176476 0.138197258114815 0.138560384511948 0.135952964425087 0.132001399993896 0.12932300567627 0.123811632394791 0.121443204581738
-9999 -9999 -9999 -9999 -9999 -9999 -9999 -9999 -9999 -9999 -9999 -9999 -9999 -9999 -9999 -9999 -9999 -9999 -9999 -9999 -9999 -9999 -9999 -9999 -9999 0.0913944393396378 0.0746983215212822 0.0561914332211018 0.0460570380091667 0.0778843909502029 0.120494239032269 0.127937898039818 0.112769171595573 0.102223247289658 0.102039903402328 0.101733572781086 0.0993896275758743 0.0933976620435715 0.092738077044487 0.102426692843437 0.108466096222401 0.111098721623421 0.112077541649342 0.113521948456764 0.117707937955856 0.123351402580738 0.126677542924881 0.127948939800262 0.129641190171242 0.130374178290367 0.129627212882042 0.127246558666229 0.123600512742996 0.120288230478764 0.115788146853447 0.11078929156065
-9999 -9999 -9999 -9999 -9999 -9999 -9999 -9999 -9999 -9999 -9999 -9999 -9999 -9999 -9999 -9999 -9999 -9999 -9999 -9999 -9999 -9999 -9999 -9999 -9999 0.0899835154414177 0.0731998160481453 0.0551618635654449 0.0455976203083992 0.0672566369175911 0.101186260581017 0.110331162810326 0.101247996091843 0.095289334654808 0.0929190218448639 0.0903860405087471 0.0879959911108017 0.0875546112656593 0.0891445279121399 0.0968998670578003 0.101579710841179 0.104219153523445 0.10661905258894 0.10861698538065 0.111540265381336 0.114150777459145 0.117527149617672 0.120372138917446 0.122052483260632 0.121812775731087 0.12126611918211 0.119765885174274 0.116083934903145 0.113460376858711 0.107691057026386 0.104016967117786
-9999 -9999 -9999 -9999 -9999 -9999 -9999 -9999 -9999 -9999 -9999 -9999 -9999 -9999 -9999 -9999 -9999 -9999 -9999 -9999 -9999 -9999 -9999 -9999 -9999 0.0892215073108673 0.0713999345898628 0.0566219426691532 0.0451908819377422 0.0579363107681274 0.0853272154927254 0.0951509773731232 0.0900716483592987 0.0881205573678017 0.0877487435936928 0.0862664803862572 0.0848058834671974 0.0836379900574684 0.0853679776191711 0.0943901762366295 0.0999682322144508 0.0991092026233673 0.101523466408253 0.102904140949249 0.106425486505032 0.108450226485729 0.11005200445652 0.112597204744816 0.115017935633659 0.116176471114159 0.116312369704247 0.114143393933773 0.110042490065098 0.106421120464802 0.102584294974804 0.101175852119923
-9999 -9999 -9999 -9999 -9999 -9999 -9999 -9999 -9999 -9999 -9999 -9999 -9999 -9999 -9999 -9999 -9999 -9999 -9999 -9999 -9999 -9999 -9999 -9999 0.0985786691308022 0.0992515981197357 0.0738523229956627 0.0550410151481628 0.0446380823850632 0.0491292215883732 0.0706713646650314 0.0801638439297676 0.0802648887038231 0.0809160843491554 0.080782562494278 0.0800491720438004 0.0794616416096687 0.0793472006917 0.0804015770554543 0.0868860110640526 0.0954244881868362 0.0943029373884201 0.0955281853675842 0.097221665084362 0.100021928548813 0.102730460464954 0.103607401251793 0.104642517864704 0.107058271765709 0.108601212501526 0.109326601028442 0.107320077717304 0.105845585465431 0.103329457342625 0.0996208041906357 0.0985971093177795
