data/03_saidas_enm/CCSM_SVM_6k_B.balansae2.asc
NCOLS 154 
NROWS 168 
XLLCORNER -112 
YLLCORNER -55.5 
CELLSIZE 0.5 
NODATA_value -9999 
[rows 50 to 74 of 168, columns 56 to 111 of 154]
-9999 -9999 -9999 -9999 -9999 -9999 -9999 -9999 -9999 -9999 -9999 -9999 -9999 0.138931093532465 0.138200693484413 0.136184364125381 0.119006352919025 0.109936555033567 0.135279802699934 0.15505599301524 0.130382205110026 0.0563083369000689 -0.0407004871234421 -0.0591712022947891 -0.0140016274233082 0.0316078399111974 0.064457510012713 0.0959655971017117 0.10868075779018 0.11778525545856 0.122886975668681 0.124490439825923 0.118094208492616 0.0902494621536575 -0.0115457384187345 -0.1005774172695 -0.0728080698959107 -0.019437528906433 -0.00222636852950364 0.00358997098627561 0.0266870696737612 -0.0148922845158774 -0.0327067220101983 -0.0531685797688749 -0.0595355195862936 -0.0121770205419663 -0.0437086494697175 0.00921242978234821 0.0245898698489472 0.0345850364781809 0.107624505264085 0.166439758698381 0.226916125200414 0.268689034387662 0.258522285821975 0.248711898221591
-9999 -9999 -9999 -9999 -9999 -9999 -9999 -9999 -9999 -9999 -9999 -9999 -9999 0.134776122616154 0.128899474814301 0.120419384813648 0.111388861629301 0.130585222087587 0.148566081661929 0.153638316790975 0.130239231822576 0.0860599620681912 0.0411867080285214 0.0237662005946608 0.0322305570731137 0.0508138704429709 0.0609084563490647 0.0688592001976026 0.0709908747882186 0.0721128307781742 0.0775053817103294 0.0819280760797412 0.0787640697874659 0.0554485056118598 0.00350021592284455 -0.0243723857694123 0.00728194051401643 0.0340612455881891 0.0435745539343121 0.0231966210325295 0.0251583570953814 -0.0122929936404648 -0.0197554772559738 -0.0341774317318914 -0.0504256633646459 -0.0258693252967552 -0.0287529132945101 0.0116610600331278 0.0395615115952106 0.0843493282729566 0.163224914459531 0.222664121335396 0.273106499164532 0.290035942320816 0.261517519111276 0.240008757405356
-9999 -9999 -9999 -9999 -9999 -9999 -9999 -9999 -9999 -9999 -9999 0.133898359762232 0.122076383626468 0.108969938475502 0.101369749477167 0.106331416020368 0.127357851200425 0.152010044972036 0.152905510455899 0.143380901918821 0.127222204781785 0.102857533939591 0.0745073674523615 0.0556994745985493 0.0491896866238436 0.05064599687699 0.0511681880912897 0.0547243729669787 0.0575214126267859 0.0638650710407535 0.0690723413231886 0.0682418425058579 0.0688823645362336 0.0599817985102029 0.0346163875590045 0.0187977625385636 0.0638539000908993 0.095675657944197 0.0775250221911444 0.0514755854235593 0.0302844498386594 0.00277347886662493 -0.00119871560654639 -0.0104159265677786 -0.0327999053674827 -0.0256080494504446 -0.0267863667328733 0.00774569832496541 0.0520618592371172 0.124251945076888 0.200246707388755 0.256833865601868 0.283934327639098 0.284637833352908 0.236595106864723 0.22574258448389
-9999 -9999 -9999 -9999 -9999 -9999 -9999 -9999 -9999 -9999 0.132054865049258 0.116090559697974 0.103447035506498 0.0985237463358988 0.0971728055352487 0.104757585544032 0.121667428115441 0.133869763909089 0.125117370519438 0.113492979010839 0.0979040428132374 0.0762192425978674 0.0577330703911089 0.0455317938791373 0.0417395024123791 0.0435706274279441 0.0470509189216027 0.0511781170983397 0.0567202120331765 0.0636173504220206 0.066559341882344 0.0596970638838012 0.0554350099675161 0.0505615671361792 0.0446039223300531 0.0419032594554856 0.0604730665791819 0.0761220990512956 0.0751658315370962 0.0449399324490302 0.0199865978396234 0.0100327994514201 0.0066982799861719 7.98906927998444e-05 -0.0190878667833012 -0.0154535153205606 0.00107679091390978 0.0400542583086158 0.0878936022772213 0.151803139389293 0.217982031758011 0.246381876963457 0.247995540024336 0.23741231881676 0.20470520337666 0.200673196517507
-9999 -9999 -9999 -9999 -9999 -9999 -9999 -9999 -9999 -9999 0.105640083789746 0.0972411068206301 0.111877606141179 0.115933650226978 0.110687362567769 0.107486605775288 0.0953383903723166 0.086587121139689 0.0811490700509956 0.0701699180108085 0.0589199760378522 0.0461381779156159 0.0389054554004994 0.0354495666580716 0.0374282201782542 0.0419119251118303 0.0470614861270975 0.0555649576139022 0.0655681407003427 0.0740102924596365 0.0746538416409963 0.0569334064793122 0.04484452047549 0.0388807975626017 0.0443965075304159 0.0533151905450563 0.051617214737737 0.0432104585814019 0.0363262586520868 0.0358229340521581 0.0271747560004523 0.0284428436829241 0.0266449183649964 0.0284712834964211 0.0290448818385465 0.0319404261960147 0.0558173022000871 0.0894414582957648 0.124728000362568 0.168149867044742 0.207810585754475 0.222128155087565 0.226895925829568 0.224883590759622 0.207722937924468 0.238182204704709
-9999 -9999 -9999 -9999 -9999 -9999 -9999 -9999 0.122328692887196 0.0801744266194439 0.0684538244890464 0.0927589589946385 0.13126551001742 0.139634261065649 0.120424465965118 0.0983374831621348 0.0713559590766349 0.051521828738989 0.0416650132023481 0.0325292283249868 0.0305865735069001 0.0300961091760779 0.0310797578424287 0.0346054446718759 0.041111930849139 0.0497233000974077 0.0596446461252935 0.0730478365828353 0.0845991106545951 0.0896859947870346 0.0855041848651952 0.0629379720657448 0.0424331427456139 0.0296608921569962 0.0353736214830571 0.0487229869491074 0.0431345014404986 0.0268521718417976 0.0142301110196219 0.00307497972522719 -0.00498253531388293 -0.00104755040263194 0.00359554052004912 0.0152406477798525 0.0306711092150677 0.0512185115162981 0.0791823212054548 0.102232810724683 0.122834931126145 0.148876937793135 0.165020091929112 0.178753833021943 0.176389733843028 0.180484212959823 0.185227687875319 0.248211699182507
-9999 -9999 -9999 -9999 -9999 -9999 -9999 -9999 0.0946422027431097 0.0582858996830928 0.0936106399425223 0.148362600061842 0.168816747421975 0.150710433897059 0.124204993265672 0.0938041853080222 0.0677106284838719 0.0377982476011792 0.024957160459768 0.0257672630135662 0.0331517874293901 0.0359469907407089 0.0384196905172435 0.0444562672154121 0.05589858672179 0.0699605797552355 0.0721757819177875 0.074866759539222 0.0742166687519193 0.0711284298827807 0.0689633466640062 0.0677189104484681 0.047466341740231 0.0290111292594134 0.0258222446002154 0.0396514870170129 0.042467392302762 0.0322203741335587 0.0186852262615008 0.00833183055204029 -0.000407072156725197 -0.000684462912398542 0.00113604093432224 0.0117318080128543 0.0295499566489896 0.0477323690105846 0.0677197075819014 0.0813003852729371 0.0862811697827803 0.0903245846948463 0.0985024372817379 0.107765764597513 0.116592442330325 0.132549279842797 0.145688484052088 0.242499236246827
-9999 -9999 -9999 -9999 -9999 -9999 -9999 0.113418028247772 0.0785936162273504 0.0681203273636284 0.158733880923386 0.209298481025038 0.186903950295411 0.162136696311604 0.13395091788473 0.0952623871070984 0.0639729425456768 0.0430256089172348 0.036537678074529 0.0421345103980033 0.0485233480837496 0.0504445771350813 0.0525674948818265 0.0533594608401421 0.0542884600612603 0.0560353524074892 0.0555629828052552 0.0546554720216162 0.0542567935018668 0.0536362173016899 0.0536532422916975 0.0526623534092854 0.0524545364294897 0.0354594958653097 0.0229396829340375 0.0277112957171868 0.0353507616159262 0.0350537197114372 0.030392363707455 0.0251875174592543 0.0208814664341894 0.0238332229097915 0.0273982432095837 0.0330674136602668 0.0394064497146416 0.0438108966556193 0.0453887035833924 0.0440082203369466 0.0424122587143876 0.0430313312635052 0.0484327591200321 0.0553879656048581 0.0724922045837967 0.0905718579566364 0.1074307811017 0.226409047752444
-9999 -9999 -9999 -9999 -9999 -9999 -9999 0.102024263701441 0.0733304239176633 0.119074357082524 0.230224685674583 0.215475339075067 0.16949082758661 0.166352623308592 0.145084370077494 0.102083327424731 0.0650484986116926 0.0391141038564055 0.0295440090791185 0.0297445941567544 0.0352033735332531 0.0375822193791651 0.0403205243297285 0.0398694716655361 0.0392388514043703 0.0408146175077176 0.0405112507758663 0.0419708170444291 0.0412794720782893 0.0388978933975119 0.0391018253338175 0.038584791962665 0.0409452835744317 0.0422308607792401 0.028634166765345 0.0227190703547117 0.0248248411017928 0.0289966427299437 0.0310976234946121 0.0327272609881514 0.0343309113432372 0.0363896868553626 0.0381866615818425 0.0386603981946184 0.0370703716960437 0.0342355792926764 0.0297426914633889 0.030046009341863 0.0321103282617202 0.0340928826697383 0.0368450862072491 0.0423549108158668 0.0535786377242896 0.0659571842902912 0.0795746276622784 0.171203963428078
-9999 -9999 -9999 -9999 -9999 -9999 0.130494378484831 0.0971967400919759 0.0824938624584555 0.177752156098175 0.253294728938588 0.19589102927477 0.149431449041049 0.161895804931203 0.149956210311496 0.10435569234412 0.0716289745719815 0.0445492729709416 0.0305460639062018 0.0257666203008949 0.0280485507984563 0.0284543908705282 0.0285570210939547 0.0283755548201876 0.0297328308153268 0.0309819754611274 0.031149980859192 0.0303635582774495 0.0295289578288659 0.0301118343175854 0.029918985265126 0.030284862525094 0.030709628312969 0.031750893033182 0.0337302763119169 0.0289848307915113 0.0238575148805061 0.0237521585963609 0.0253297008925504 0.0279390060489304 0.0315088889212973 0.0335264788619393 0.0356654204018967 0.0372588739774752 0.0366825963608132 0.0347629032299119 0.0341336805263185 0.0354186478127763 0.0376344446106686 0.0399806205507501 0.0446562449568086 0.0529707768051444 0.0694567577372309 0.087328288811802 0.0923855821952312 0.114625063710231
-9999 -9999 -9999 -9999 -9999 -9999 0.132105514160874 0.107132475944454 0.0978429289680941 0.19579158484732 0.219687542962543 0.154052620145365 0.136861902371354 0.158247341170125 0.154573575892604 0.120235966901571 0.0830415748758773 0.0561196536787709 0.0413380130366747 0.0319034956349847 0.027422510217196 0.0251223054592573 0.0235904183836144 0.0232024916470459 0.0233620478031465 0.0237941566874833 0.0233887760025987 0.0228811802086351 0.022718363871148 0.0229220372298967 0.0234157234678672 0.0234931652009562 0.024059401885674 0.0247575363841253 0.0253265366102909 0.0265905364762337 0.0259926626995226 0.0265967219833496 0.027288782677408 0.0282478623179787 0.0307704621285756 0.0327890755940563 0.0350595285524298 0.0371540355339206 0.0384538036461323 0.0389670306293302 0.042497450427187 0.0453419023368403 0.0491043076073554 0.0554099352376985 0.0633407478804634 0.0769848111985353 0.0931342130699313 0.106582376732609 0.113927974980899 0.110489006998161
-9999 -9999 -9999 -9999 -9999 -9999 0.133966937930544 0.115249971765004 0.0826529774332536 0.172780228192042 0.228400254425543 0.155833186172737 0.128379427526789 0.153427636534257 0.157085987811861 0.129397008963935 0.101849739753591 0.0740768929283334 0.0577043426230914 0.0449423460263513 0.0363663963707347 0.0323132286733451 0.0289553899484435 0.0273886558011281 0.0256770100364048 0.0250057079900564 0.0247690217099499 0.0257833541343864 0.0259338370892972 0.0252141994371762 0.0255690319799994 0.0248108918335713 0.0246912286304162 0.024482795564284 0.0237805871414443 0.0241037772080432 0.0238546290740829 0.0240509522887224 0.0246990793357381 0.0263782726025565 0.0290170964957796 0.031976544518315 0.0355140932459887 0.0388500783131175 0.0421469968309319 0.0467323430284343 0.0502967725137219 0.0554921944508739 0.0620447667433759 0.0717922400595459 0.0859951116718471 0.0965423146951152 0.109453833539134 0.122578337459349 0.126595224183287 0.122635302631862
-9999 -9999 -9999 -9999 -9999 -9999 -9999 0.113325983687326 0.0563936807815654 0.142985319089572 0.251463027828671 0.178027163832815 0.134776908378993 0.148874976488332 0.161335052875386 0.151383268345226 0.124851201398022 0.0972891593719438 0.0783094504344128 0.0640637796665381 0.051814751881484 0.0454664685540815 0.0412083942295831 0.0390214337425858 0.0374879166647222 0.0358418513541958 0.0368854679698719 0.0385688988636708 0.0408213528694891 0.0399827590295411 0.0382143773373877 0.0370353801804568 0.0347086732044811 0.0332500178739078 0.0317417580163369 0.0299873455469949 0.0296140585057106 0.0294078942310575 0.030281648839626 0.0326916245391988 0.0352704293836346 0.0392304479977028 0.0430206773010333 0.0474014068270402 0.052132944384741 0.0562044255121081 0.0619819783621299 0.0687293190226894 0.0788533532417791 0.094872982860519 0.110066945069997 0.124699470800687 0.133554625228104 0.142728464030809 0.151398063423645 0.144150212653031
-9999 -9999 -9999 -9999 -9999 -9999 -9999 -9999 0.0281793658186478 0.142415803213255 0.333903247624569 0.204636635393605 0.141995413997397 0.154383267301541 0.172898185263077 0.176116730368296 0.151062506030229 0.121964646245548 0.100302314332296 0.0845827950463542 0.0706025494362106 0.0641079425909412 0.0589654422949989 0.0556036682640157 0.0532049778906603 0.0520046911074082 0.0542590609585237 0.0578653301342424 0.0613009202935547 0.0586740743887869 0.0568372335972097 0.0538856245838262 0.0513977493384808 0.0486763668639779 0.0453221730650503 0.0432474292439922 0.0414722109777121 0.0413256523645504 0.0418825732375438 0.043586289939443 0.0466472080726079 0.0503248545808437 0.0553278919003316 0.0603452170742809 0.0655253287851539 0.0734788650960224 0.0786710741047318 0.0865665182344832 0.0931475082976851 0.106627365977458 0.115098039793787 0.134060470890587 0.145465429683669 0.158213790241389 0.165675508750484 0.162878216243541
-9999 -9999 -9999 -9999 -9999 -9999 0.0966472807508941 0.0420008211673978 0.0146999857145571 0.202393639684243 0.28089175020744 0.211435268860961 0.152259206598501 0.159455172240139 0.187611665652605 0.203998318938697 0.184499064415422 0.149939319961117 0.126720766236426 0.115368590446534 0.104129235766941 0.0946066587121817 0.0852279692000921 0.0799935917646417 0.0792587101711066 0.0788284110464333 0.0816286920563595 0.0837702966694728 0.0854670710358096 0.0848018362341497 0.0812443522010944 0.0787220841956756 0.0748622509741347 0.071436910762159 0.0678305986683824 0.0639317604435211 0.0620754094583949 0.0603382191934924 0.0603741492240061 0.0612446600287765 0.0625320176526235 0.0660187368150514 0.0704271179067838 0.0732219614409403 0.0708799826834796 0.0667543093004296 0.0633815229943825 0.0611828757669441 0.0663309228759356 0.0779056410921787 0.0910849604149342 0.109114020403706 0.124453826863604 0.136459563779476 0.145317505579661 0.137957226652486
-9999 -9999 -9999 -9999 -9999 0.0750225995775124 0.00967613169259551 -0.0198210462366329 0.0937132440850281 0.226714952614849 0.248892327760877 0.20633022928274 0.159836889294972 0.170990183891509 0.215317265064989 0.242559558091839 0.221553572842008 0.182443861158487 0.158760605701914 0.152736054988218 0.146021479715781 0.134316238828637 0.120378191515874 0.112840475933859 0.114289274879095 0.114953609214074 0.115604535993502 0.114754418153067 0.113348461639372 0.112216858833017 0.108205163305091 0.105261704605194 0.100723283479685 0.0958898223513397 0.0904298137498366 0.0849542195983367 0.0838079155735429 0.082148172859486 0.0818134484761213 0.0799820649684222 0.0754713848579574 0.0715108138766778 0.0587922302010304 0.0515816117029112 0.0459385071306078 0.0380060552254998 0.0373239846331261 0.031766823901708 0.0362951658657384 0.0489746210263227 0.0630530696555789 0.0801570079486252 0.0977679245315286 0.104426034247295 0.0986407292842404 0.0764479099046894
-9999 -9999 -9999 -9999 -9999 0.0361930192858828 -0.0526183862883914 -0.0202317312741223 0.142137868203866 0.23252076526104 0.224958294997482 0.195347647511231 0.181191377951343 0.205344845692598 0.246287361049423 0.2752527128117 0.256721630837674 0.221536004317419 0.200334992058468 0.199464145988819 0.199244591038838 0.187762707367593 0.172688077849144 0.163398024636388 0.163098217093526 0.162326427324913 0.161943468854857 0.158129150446284 0.152638582654837 0.147699445484192 0.141664794040993 0.138282705212329 0.131938974311517 0.124706841917878 0.117319034852434 0.110784906299738 0.108887042930263 0.107902740737306 0.104579546089199 0.0944320196671528 0.0805427457818081 0.067755861715356 0.0520224454116799 0.0404438501505682 0.0311194400255791 0.0223173429010886 0.0191514894551924 0.0169551530306081 0.0212829395778128 0.0299276392671063 0.0379935353923023 0.0520114238469198 0.0613950747295197 0.063523576134293 0.0590152747251228 0.0423785527360201
-9999 -9999 -9999 -9999 -9999 -9999 -0.0555770889161054 -0.0144928815016443 0.151284134374289 0.191251430799552 0.185163531470499 0.173720914170318 0.184938523160084 0.216608012034948 0.251416561399698 0.287358655456818 0.272350875957531 0.246872535563318 0.236782255835879 0.240959997323583 0.250551637882816 0.237710896415219 0.23066526446367 0.223343458068482 0.219204763717636 0.219317369566283 0.214778096866083 0.213832513742091 0.206072864524261 0.195947632413322 0.186190190037693 0.174496957051001 0.169544543727232 0.160527358083614 0.149531005281876 0.141040910280484 0.139209885971912 0.135531082129436 0.127712087136095 0.111460060063753 0.0908777422622757 0.0753834827793734 0.0554093941419475 0.0418286886703322 0.0278466100398423 0.0169830909629184 0.0176612131654947 0.0166378133000337 0.0209007006441935 0.0273405142299992 0.0246483705071417 0.0350137115434521 0.0338287272214128 0.0282710117967197 0.0230104674357218 0.0115506045082464
-9999 -9999 -9999 -9999 -9999 -9999 0.00618379491782156 -0.0417308677266772 0.10056423313779 0.158190409323249 0.164751394925984 0.160527660403065 0.149121519457738 0.181959544567093 0.226097532998742 0.256387656190388 0.259370711332439 0.256141501120972 0.25912212338429 0.262092085011171 0.264954775067945 0.271491470815021 0.283089596844794 0.282397141170187 0.272615769271332 0.262239438578282 0.270425289708351 0.281027110219152 0.274781734553955 0.258329243152976 0.237902695333335 0.231879760824713 0.226045846320196 0.216269647673835 0.205178480812523 0.192004378590909 0.190029925016973 0.184918951490642 0.173134368553698 0.153195959484683 0.127822944830528 0.108318422097461 0.0864639986078512 0.0698382818935318 0.0558301533765084 0.0448430099285526 0.0440269002640385 0.0453726199320866 0.0522034461190882 0.0624659843551673 0.0631291503974433 0.0506572609852395 0.0298265456095191 0.0150427113325711 0.00239598514277278 -0.0168002044937787
-9999 -9999 -9999 -9999 -9999 -9999 0.0790230422101988 -0.0262328069623778 0.00283543927982416 0.10739298173956 0.151057233527829 0.175138833781244 0.159428339307529 0.172792743120469 0.210802876906133 0.236097632505479 0.24392387628109 0.25014355840723 0.263175615935212 0.271727908327615 0.27569750788577 0.29789398765548 0.322571267303413 0.329985433985538 0.319078747490257 0.303119999605184 0.320265343550468 0.347032526077557 0.347059065172001 0.327620025815213 0.304014084930348 0.304294310717927 0.307840613130233 0.300632762560551 0.28746412724808 0.268166467312163 0.264165516000047 0.259687151848647 0.245384662290956 0.218404950193036 0.188645012011272 0.167505527779751 0.142639047374509 0.1251682129094 0.107486547565015 0.0953392535679602 0.0955161491451659 0.0993103235259393 0.105834819873847 0.11670353415405 0.120459319886463 0.0799911569756289 0.0388565825708964 0.00983308166089836 -0.0137127033337106 -0.0340261598254238
-9999 -9999 -9999 -9999 -9999 -9999 -9999 -9999 0.029595146601042 0.049381613551555 0.179013495926744 0.179786928592418 0.168487080703471 0.189133933003512 0.21537254656014 0.245786854479318 0.245791545839392 0.242189802183217 0.25838395319762 0.276737209211829 0.296334099771311 0.323828824583712 0.349703095013661 0.36068980850651 0.353995816514138 0.344585156561219 0.364044425335472 0.396678105401143 0.403987828022197 0.394387970289191 0.383474165570416 0.391829302012175 0.410964309554691 0.411581925854515 0.396402025345138 0.376450114025953 0.371365143127381 0.364109443394383 0.346159275562262 0.320220216112117 0.285325992991813 0.262100330642944 0.236892437812573 0.213815325722174 0.191714774609055 0.174919058987418 0.171955139572601 0.172663806064962 0.176115583276425 0.177654850029051 0.158845548369421 0.117561978874628 0.0617296004116751 0.0230370258657517 -0.00747520421656644 -0.0359227258609431
-9999 -9999 -9999 -9999 -9999 -9999 -9999 -9999 0.0984486987566573 0.0161820852633396 0.212960772612546 0.200115771449641 0.176570888816664 0.199553610915627 0.228678025042752 0.271357338201838 0.27344104262442 0.264968285103915 0.280577958938497 0.303853629094588 0.324176863876032 0.351362608289312 0.371806953948814 0.381762150291736 0.382500332688357 0.375284451507137 0.395125447447991 0.430235140909884 0.443838013885768 0.444389678341151 0.446992366462862 0.466375234290635 0.500012773214833 0.51199675497118 0.504479640032148 0.491877277426303 0.489049381844198 0.486213884388501 0.47031364897765 0.443097210545148 0.407610003868673 0.382828328060397 0.354362621348846 0.326196122215993 0.292863446789267 0.26867845308518 0.263376751615265 0.259100347586907 0.254415425520927 0.242161368435431 0.217381446430186 0.171893059642759 0.109017157302535 0.0547194712582062 0.00737269439065436 -0.0293702416561298
-9999 -9999 -9999 -9999 -9999 -9999 -9999 -9999 -9999 -0.00710482901037868 0.202083228336596 0.211498328818919 0.179512612115659 0.204473695982111 0.248737558685451 0.316142014757011 0.333679227173216 0.331334281594037 0.34382774195068 0.346433710904353 0.364508106521556 0.382418486647223 0.393700605157541 0.403362149024021 0.403923375526063 0.402930707492234 0.420318038454203 0.448333413867742 0.4640649874223 0.471894011935017 0.484398233511886 0.513381904292344 0.554602745568535 0.579052062157886 0.587727603936772 0.591537569343497 0.601558446004006 0.611230837861209 0.601385292035063 0.579946933493968 0.546453248408552 0.522687463432424 0.492897455966011 0.454307513211635 0.408568018942153 0.369593717029053 0.360125880958201 0.353361664018536 0.340428007772357 0.317664789100214 0.283026929228562 0.240824476899068 0.191179534363665 0.124582124527056 0.0407823139757871 -0.018306939971431
-9999 -9999 -9999 -9999 -9999 -9999 -9999 -9999 -9999 -9999 0.0148516607614029 0.140057796512586 0.18318432640678 0.210669823788679 0.269440424970024 0.369562570411295 0.429330681695446 0.442232256956866 0.437371418693794 0.421618231705733 0.412232759659967 0.417394190820552 0.420955077542492 0.424508360161741 0.430680152294062 0.430495078618275 0.441277408471108 0.461584902026334 0.475300275048487 0.488608831174253 0.50676663638553 0.53744366106962 0.580109163354867 0.614375247240113 0.641090611079324 0.66557493990784 0.689053639870774 0.710676282110969 0.71558134934918 0.705486440043273 0.68491910439999 0.664352729454742 0.63631048786138 0.594291936683474 0.536003244732523 0.487072503368827 0.469499833142753 0.456950411428762 0.435579125362154 0.40037116277474 0.354236643888701 0.306592585529415 0.25229684733245 0.180105365437499 0.0890629502979466 0.0268496963981157
-9999 -9999 -9999 -9999 -9999 -9999 -9999 -9999 -9999 -9999 -9999 0.0956373260408053 0.183071233749908 0.23588238671217 0.301852289699752 0.41469904005087 0.51382509009021 0.569666404605245 0.561174015082147 0.501500954115927 0.454059092882025 0.447187296254002 0.451817743228497 0.455913527589401 0.455017241519871 0.454467305734314 0.459231515283918 0.472676721272294 0.484355835781492 0.496358427521713 0.51394092380426 0.544726996403015 0.586368976805383 0.625205075014865 0.664305071520569 0.704980399065076 0.737531849286439 0.772713882378379 0.792443094311592 0.797410564493131 0.796395730313951 0.781186800167898 0.767179518445887 0.72735272647187 0.660598016511697 0.610401231515676 0.585563586681017 0.563524618795718 0.532794616382495 0.485829265579657 0.427641261954339 0.362857053036254 0.281481299362323 0.216764378996222 0.16281210851607 0.120117042966213
