data/03_saidas_enm/CCSM_Maha_6k_B.balansae2.asc
NCOLS 154 
NROWS 168 
XLLCORNER -112 
YLLCORNER -55.5 
CELLSIZE 0.5 
NODATA_value -9999 
[rows 75 to 99 of 168, columns 56 to 111 of 154]
-9999 -9999 -9999 -9999 -9999 -9999 -9999 -9999 -9999 -9999 -9999 -68.6423810110786 -72.2228809576857 -76.6074144437015 -61.8359799856242 -38.8955069509634 -18.3915464086421 -4.82006976150808 -1.32817337415305 -2.63154774699689 -5.84040695523371 -8.08478998187629 -10.347648486831 -11.5988279211093 -11.9666750174805 -12.3008896701865 -12.0980704366435 -11.2159189105619 -10.347957436088 -9.30661011269626 -8.30762321870416 -7.11038150893672 -6.02925049760625 -5.04631130500355 -4.01978192224057 -3.18470247664806 -2.44318452416293 -2.00226584865328 -1.82669017221735 -1.98680400617971 -1.64206875593705 -1.35728124131505 -1.59040086803939 -1.88570230868744 -1.55273228484655 -1.71189622856024 -1.99411148327121 -2.50044423598354 -3.07503199439603 -3.17570817668981 -3.66227803982759 -4.38103489866876 -5.67598273927394 -6.98278846491721 -8.2087894400548 -9.77960518080652
-9999 -9999 -9999 -9999 -9999 -9999 -9999 -9999 -9999 -9999 -9999 -64.835359963113 -67.80416423134 -72.5512516182676 -60.0139309583369 -43.7255485041032 -26.0599645827308 -10.5389367287469 -3.59839442729594 -1.86228568179369 -3.45019436967314 -6.45551259322873 -8.98639665605515 -10.7450307312958 -12.2792262650387 -12.6969109223855 -12.0620655842826 -11.2057440916891 -10.5216559617538 -9.85362387183875 -9.1674307135296 -7.94820796970624 -6.60965772960358 -5.59374435145609 -4.58001809706224 -3.52574711659594 -2.74067544507437 -1.94005209602084 -1.39876722323519 -1.06510212674888 -1.08142706150813 -0.971840964155176 -0.727359019648716 -1.05357287079504 -1.45790580254929 -1.52140218357549 -1.29415988929519 -1.30262543509836 -1.58037514263831 -2.16000162185358 -2.23552063898067 -2.53651303703972 -3.15756325402137 -3.86937550043152 -4.87144436778085 -6.62247585589357
-9999 -9999 -9999 -9999 -9999 -9999 -9999 -9999 -9999 -9999 -9999 -9999 -64.7189196193107 -64.000795219289 -59.6796655890929 -50.0809012231684 -37.6376858914597 -27.4832055552703 -18.0175208285391 -7.50760161145508 -2.08237166524121 -2.64513651356984 -5.46798660370915 -8.60594154716802 -10.1236617402362 -11.1912661954017 -11.1887551542622 -10.8428677883832 -10.6411300367388 -10.3620490741052 -9.89184352564561 -8.87251419712269 -7.74095701247813 -6.73707351073612 -5.67363199397379 -4.60255334824762 -3.63417422851125 -2.71177259650728 -1.86947771011248 -1.19815550800355 -0.961344540579502 -0.725238139290504 -0.00506534855059937 -0.0399343337726497 -0.512590443997366 -1.29438579892136 -1.17701740905872 -0.997991894245095 -0.945533476591979 -0.998108930461169 -1.21666393739076 -1.2884246846437 -1.29914726389845 -1.50518061125448 -2.11566265261352 -3.5154579651435
-9999 -9999 -9999 -9999 -9999 -9999 -9999 -9999 -9999 -9999 -9999 -9999 -71.0678792026076 -63.2143498006798 -60.3075330480373 -59.1011214218002 -56.9827156405116 -60.1229201298778 -51.8341235539586 -28.0101802685828 -8.78450854803109 -2.47457204037337 -1.30627983210709 -4.55160087009742 -7.67843577390176 -9.25610337785943 -10.0805126168976 -10.3539039907361 -10.6273989089899 -10.8889034489878 -10.8695912000464 -10.0865022728147 -9.30556700680996 -8.44855777664668 -7.28726599711842 -6.33807241492943 -5.284484775753 -4.36812526007174 -3.30552341670887 -2.25491757677472 -1.9270258112939 -1.11464448108921 0.0341993192903152 0.290739359616627 0.0308349901247497 -0.499924723099555 -1.26009550479289 -1.45668988265964 -1.25023819718704 -0.760578746907866 -0.202741589798111 -0.19695060622496 -0.370708616971988 -0.466662763652505 -0.682269379053025 -1.41850389782994
-9999 -9999 -9999 -9999 -9999 -9999 -9999 -9999 -9999 -9999 -9999 -9999 -9999 -69.9752099484138 -67.5752068678413 -76.5383771412903 -84.5122071438929 -94.3426355964619 -86.9845048023162 -63.3999649053819 -35.481563872972 -13.621432122842 -0.943250016997818 0.695903012642235 -0.0325683820247391 -4.17266414477678 -6.21351578977634 -8.1486698983464 -10.4659983065569 -10.7504029327181 -11.2040029307695 -10.8229754119314 -10.4571989922891 -9.92138734884572 -9.06368531314104 -8.34641977415371 -7.24515209574032 -6.24601255905176 -5.00998539648006 -3.77358836798357 -3.06292287013415 -2.2316271057415 -0.612864931186766 -0.008315290136097 0.0765421081998463 -0.362153408986974 -0.898379879109135 -1.12524870677355 -0.985149625621061 -0.478013071495418 -0.145791533820903 0.137236691169466 0.299578311605825 0.259781893612363 -0.128230205522461 -0.765666177001661
-9999 -9999 -9999 -9999 -9999 -9999 -9999 -9999 -9999 -9999 -9999 -9999 -9999 -65.6524321763103 -75.1907795634413 -98.09613556081 -109.503463322121 -131.144391639395 -128.043551070603 -101.029785643339 -82.7065837196652 -49.1476333948019 -23.8483769626183 -15.5252933025339 -14.0069021887594 0.100368973362848 -0.175487403772783 -4.02585733577688 -9.04912212194086 -9.67747714066604 -10.7824245004346 -10.6851812522957 -10.9492086512129 -10.8201518980648 -10.6314962066561 -10.5536168551873 -9.10254473092387 -8.06199827161675 -6.82027545243079 -5.64463004619151 -4.54729824469557 -4.33282372898382 -1.51841667984988 -0.521032983914113 -0.177942282901998 -0.35058414665873 -0.569719005393549 -1.11338691469596 -0.998312851204048 -0.43224296353254 0.221188962115309 0.504964310826451 0.529235934994617 0.305537595185739 0.144956378989457 -0.286157294883602
-9999 -9999 -9999 -9999 -9999 -9999 -9999 -9999 -9999 -9999 -9999 -9999 -9999 -9999 -76.2410964922394 -88.2392619141266 -111.007361894745 -135.259285119733 -140.201933927285 -128.191394218779 -112.956344372134 -103.185600759213 -113.625114495191 -116.045206560911 -79.54783790743 -44.4113568459292 -21.4401078399237 -9.49350333446825 -4.61565073454956 -5.267882105764 -8.24857262708585 -9.13359579154205 -10.3193307937483 -11.4589506470004 -11.0827734202033 -10.9215296643763 -10.0736566979885 -9.61369933004598 -8.55331014516476 -6.97356228367339 -5.77611319129176 -4.98199404790904 -3.50164337477549 -1.81307187577462 -0.687069147287078 -0.797776271220815 -0.82691092550943 -0.977283104171146 -0.845194647666882 -0.413106875494833 -0.114411361311946 0.300448025739548 0.517405169680025 0.578168025453541 0.419568009373815 -0.00166932073812442
-9999 -9999 -9999 -9999 -9999 -9999 -9999 -9999 -9999 -9999 -9999 -9999 -9999 -9999 -67.4977167242445 -71.0097252986412 -99.7087897044976 -128.080810187071 -145.718158900399 -147.570697587852 -151.55145640435 -184.922074246378 -299.256167459903 -347.870601731037 -262.431089470243 -217.170203336981 -136.917660665547 -53.4106158745391 -23.4122725102624 -10.205453258692 -5.88965201181544 -4.8066714233029 -7.43779166515833 -11.2837818496681 -11.4067293693003 -11.4255269945336 -10.5853534085788 -10.7902419470875 -10.3855974237702 -8.26068653078555 -7.17621454787163 -6.06081304972763 -5.31854853144311 -3.3390106138269 -1.55263997372818 -1.26611306602568 -1.37332405698595 -1.29263977018595 -1.09774460150803 -0.617318733536097 -0.45269267880093 -0.175296550940216 0.0584513012075406 0.317328357157701 0.502396710683749 0.407174951696443
-9999 -9999 -9999 -9999 -9999 -9999 -9999 -9999 -9999 -9999 -9999 -9999 -9999 -9999 -9999 -69.3640132572292 -80.7436399202211 -115.947912079534 -149.354364239017 -168.681817530427 -199.35698517283 -237.065942365668 -315.330058005807 -368.145620257466 -388.504353383947 -422.956470505137 -373.273457255189 -327.19262125665 -217.406699252661 -70.7801578940053 -12.5821659677866 -5.91713540457518 -3.50674240623961 -8.26585356394233 -10.3477311101318 -10.5021265939709 -11.074777833865 -11.5120603082328 -10.4691784670603 -8.04202471775051 -6.16579826305372 -6.26497619876578 -6.08275403986187 -5.53948326301342 -2.93203108900277 -1.76517476272934 -1.79416149409792 -1.60179218562935 -1.1463167953983 -0.679564368681258 -0.354064133153678 -0.182877908963654 -0.151243212728292 0.139238933761333 0.37581926832057 0.412285747850881
-9999 -9999 -9999 -9999 -9999 -9999 -9999 -9999 -9999 -9999 -9999 -9999 -9999 -9999 -9999 -61.9189545205662 -73.8874560614884 -105.160092500596 -149.891232080669 -178.101206107322 -226.45699652037 -257.207502031522 -315.865737390526 -342.052516842867 -387.222701114854 -523.427278515251 -493.197061797839 -587.983453793124 -471.686649343433 -177.025113016976 -47.837590122028 -10.2071862976997 -4.45939441490322 -5.9154966294308 -7.92374792867728 -7.9378498437395 -9.36850103883276 -10.3005191904558 -8.59086111555409 -5.23339895144866 -3.18854689269835 -4.33704870777883 -6.78183833841199 -6.58871658117648 -4.32163102082128 -2.29031495290086 -1.91376137520248 -1.57096072531077 -1.42342232132683 -0.833164129300764 -0.384381422761653 -0.226046169707245 -0.154428895913929 0.126553918086923 0.320847890676817 0.374953004169044
-9999 -9999 -9999 -9999 -9999 -9999 -9999 -9999 -9999 -9999 -9999 -9999 -9999 -9999 -9999 -57.2032440568769 -70.02895133467 -87.3784895258799 -121.910723057549 -163.958222495113 -209.334033040963 -235.484383989127 -266.109743139102 -283.292256883096 -294.974149923909 -307.608169528909 -336.621626530863 -372.877505215439 -322.580871182054 -200.944709939299 -97.1460854225837 -29.0487549112296 -6.32661817283 -3.23892679027417 -5.595975783455 -7.52210244777228 -9.98630484178665 -8.96440790458688 -7.22537800908241 -4.16433392710692 -2.49904830402765 -3.90694052928601 -7.43725216411647 -7.3994616080471 -6.56533383154379 -3.7992010439879 -2.26914532399841 -1.39786495239334 -1.05871588198667 -1.13871566244442 -0.63769980926001 -0.492013583351926 -0.326895202444865 -0.0530853194053982 -0.0232444488676504 0.0228878188985633
-9999 -9999 -9999 -9999 -9999 -9999 -9999 -9999 -9999 -9999 -9999 -9999 -9999 -9999 -9999 -9999 -71.1680397207827 -83.6196944549094 -101.199050837744 -134.377326180216 -190.37524707529 -213.712516147644 -240.391567402016 -249.922673710446 -242.28966732743 -247.073513707212 -255.960963885837 -275.75504386889 -243.604710024298 -195.779619060951 -136.700296966889 -66.8581915614587 -17.6163884393227 -8.21893056642338 -2.53622311097527 -5.03783761864482 -8.03911926242333 -8.02189801683216 -7.62464092142539 -4.68339840294646 -2.81901245777854 -5.30728879308109 -8.47143547674538 -8.6397528036113 -7.43386118791073 -4.75646924210592 -2.35596798977582 -1.12495206523592 -0.568724943316039 -0.574443969978764 -1.04455249943139 -0.706889756635135 -0.234678049842523 0.122163710569097 -0.0832100565302045 0.233309376617126
-9999 -9999 -9999 -9999 -9999 -9999 -9999 -9999 -9999 -9999 -9999 -9999 -9999 -9999 -9999 -9999 -9999 -68.6524403334257 -77.9915591070459 -102.954711506403 -134.831448887576 -157.267631914283 -185.104440953906 -209.290832851401 -215.703916910695 -222.919075933636 -227.815521937571 -231.305400518542 -209.834410073384 -190.719408733918 -168.367784291064 -115.842466850847 -66.5641954558209 -28.7480669398435 -9.4822099829038 -1.7644789712936 -3.948697882579 -6.26842369017972 -8.41916484354179 -8.40639804274861 -9.20845256650691 -9.18545340832424 -9.74761993980392 -9.5388666224353 -7.25963068503364 -4.056209389223 -2.29690679821743 -1.07493586155151 -0.440663173251509 -0.237215327478371 -0.208457637678005 -0.294880027502652 -0.410297704877064 -0.539934659262173 -1.07620135729302 -1.13027808464218
-9999 -9999 -9999 -9999 -9999 -9999 -9999 -9999 -9999 -9999 -9999 -9999 -9999 -9999 -9999 -9999 -9999 -9999 -9999 -82.4045397923154 -106.399348377604 -110.25293023877 -127.301707601579 -158.968772940292 -182.45448791588 -199.215449003499 -221.29539771791 -231.311777951229 -204.127771264181 -183.948759859224 -178.166968973089 -151.794473637729 -131.328204862808 -93.7957231703785 -33.8178597136405 -9.26408426378403 -4.45872698171782 -2.05858011734633 -5.65775786526961 -8.60264377035893 -10.9357597858901 -10.3932665513974 -10.5754572172169 -9.14977450566002 -5.63550473496978 -3.75265742785419 -2.52010826263962 -1.34619599397426 -0.608604118387319 -0.0116817336921329 0.258357111228283 0.132321658251975 0.0517159941226675 -0.319802304592319 -1.22711714500632 -2.52031236245207
-9999 -9999 -9999 -9999 -9999 -9999 -9999 -9999 -9999 -9999 -9999 -9999 -9999 -9999 -9999 -9999 -9999 -9999 -9999 -9999 -9999 -80.3914568005623 -88.2831428978612 -108.3385642716 -137.822507873646 -179.409819572758 -200.611425273252 -217.948129277986 -212.810520615595 -183.59726566186 -170.047063134367 -160.935979588365 -179.205885966798 -164.641534619858 -98.2191002883763 -48.9347861933523 -13.8877629671753 -4.1047432993434 -1.54189715088175 -3.34935179509994 -5.51814823693518 -7.266648311493 -8.36716652383841 -6.15558516035554 -5.21411033863816 -3.96096102114209 -2.74312136202526 -2.00696216648469 -1.03124242864175 -0.0286970592765441 0.28976672513046 0.284485994796062 0.133391176548475 -0.198598338297752 -0.983493420053106 -1.91859751512664
-9999 -9999 -9999 -9999 -9999 -9999 -9999 -9999 -9999 -9999 -9999 -9999 -9999 -9999 -9999 -9999 -9999 -9999 -9999 -9999 -9999 -9999 -9999 -81.8401453210688 -97.7942368406031 -129.113225342486 -160.049625036226 -191.87962143764 -207.876578450068 -199.067788933048 -178.218751478351 -159.724617584052 -171.202402964283 -176.434683578457 -146.872144585949 -112.553292994687 -51.8246017644759 -11.3440439931169 -3.82776468155245 -1.41067853327533 -1.48193459166862 -4.02853866081924 -5.47427779728449 -5.65197073324523 -5.05219408314173 -4.14646501201218 -3.06087982763897 -2.23394106736731 -1.21985680599597 -0.10328074978717 0.356525087878026 0.373773926940779 0.233418413487866 -0.0758981549366107 -0.680538045340989 -1.62360774673745
-9999 -9999 -9999 -9999 -9999 -9999 -9999 -9999 -9999 -9999 -9999 -9999 -9999 -9999 -9999 -9999 -9999 -9999 -9999 -9999 -9999 -9999 -9999 -9999 -9999 -75.3722335264961 -105.963622606302 -152.941067165042 -191.461979330192 -196.181071618059 -180.991846683692 -165.295700415671 -165.787236918484 -159.526596354223 -155.578851180189 -165.834624414323 -101.305890436265 -51.4384118620189 -14.9073310399571 -1.23127386622262 -1.18457651690113 -3.3208302181433 -5.4308499372789 -4.75760695964905 -4.65677501543613 -4.06866855956749 -3.0953658714347 -1.89826701910477 -1.0513749777454 -0.0417949646762066 0.431939024632769 0.418449118094984 0.263494222038155 0.0840843623025237 -0.670085912105751 -2.01771913748603
-9999 -9999 -9999 -9999 -9999 -9999 -9999 -9999 -9999 -9999 -9999 -9999 -9999 -9999 -9999 -9999 -9999 -9999 -9999 -9999 -9999 -9999 -9999 -9999 -9999 -76.2014980828988 -84.9797532618694 -112.752204284985 -157.280984021655 -195.0999806067 -203.116163285885 -194.833681265909 -184.649228501745 -161.140227343276 -140.719498863476 -140.130380584675 -107.708584884585 -73.5861669299416 -31.8649085772714 -3.01399963648493 -2.24359379375777 -3.97302843585548 -5.27463888331816 -4.66269878008604 -4.61654932723535 -4.42581467897932 -3.94491251025523 -2.61546130911138 -1.50626751003609 -0.361631308058981 0.236628161379418 0.282745228534966 0.269871788412592 0.163763928351969 -0.63846029985012 -2.29437684689454
-9999 -9999 -9999 -9999 -9999 -9999 -9999 -9999 -9999 -9999 -9999 -9999 -9999 -9999 -9999 -9999 -9999 -9999 -9999 -9999 -9999 -9999 -9999 -9999 -9999 -9999 -9999 -93.0267566204785 -126.947881904238 -192.400724572795 -255.860840038576 -237.914255648629 -211.707200064387 -181.848311204202 -157.340590726052 -140.509055156759 -103.87542683916 -83.6481938140957 -45.1672240287016 -10.3347745048943 -3.27958273580203 -4.20143312929 -5.09137925556647 -4.22718665712039 -5.18049015143362 -5.51078586286392 -4.44203313205288 -4.23470657490984 -3.15574482179925 -1.21443696305983 -0.440353393526094 0.0291770021117325 0.249339753152734 0.229410094250385 -0.814373709821113 -2.59417954196016
-9999 -9999 -9999 -9999 -9999 -9999 -9999 -9999 -9999 -9999 -9999 -9999 -9999 -9999 -9999 -9999 -9999 -9999 -9999 -9999 -9999 -9999 -9999 -9999 -9999 -9999 -9999 -112.940813128183 -139.79999326095 -194.87646732525 -247.365142315233 -257.089594675373 -232.993547772158 -206.947744529841 -179.235688168165 -154.247209253139 -122.023979294631 -89.0770223675103 -52.2915051606471 -20.5945250626917 -6.68432278612645 -3.23863585851811 -7.46014039164721 -6.5972693508579 -6.1431597743453 -6.0899527680435 -5.41610953986593 -4.81890172629694 -3.71421132563556 -2.52224647891377 -1.21631333287047 -0.0156810271694676 0.364690555424044 0.101655690707987 -0.921795994566443 -2.3676888200771
-9999 -9999 -9999 -9999 -9999 -9999 -9999 -9999 -9999 -9999 -9999 -9999 -9999 -9999 -9999 -9999 -9999 -9999 -9999 -9999 -9999 -9999 -9999 -9999 -9999 -9999 -9999 -9999 -170.794858036437 -186.773141223933 -210.682572961997 -236.950427802736 -219.909076332685 -207.234740123429 -190.063264376219 -160.671929087898 -127.995685147565 -102.108457435285 -63.0917131241628 -29.2349185404586 -9.9905155067562 -3.77450506451207 -9.64298807075243 -11.7806790185326 -8.84493556266611 -5.94987648835747 -5.76879105388814 -5.10146883293184 -3.89477796651192 -3.12023931556886 -1.86914704887836 -0.149245053174193 0.0568207569401521 -0.549395828679422 -1.15883443519408 -2.0531466969241
-9999 -9999 -9999 -9999 -9999 -9999 -9999 -9999 -9999 -9999 -9999 -9999 -9999 -9999 -9999 -9999 -9999 -9999 -9999 -9999 -9999 -9999 -9999 -9999 -9999 -9999 -9999 -9999 -188.199693999499 -193.436795158579 -196.406901765459 -209.865155256294 -193.375985900635 -189.735276724058 -185.379260031597 -154.933561610639 -129.817491901267 -108.438925552888 -68.3746920458946 -33.4870703570918 -12.6323057445244 -5.16749287039315 -10.1642044789417 -15.4873902872425 -14.8827756177633 -11.3522591023886 -7.10336256984807 -5.01582931647643 -3.35218279978931 -2.82402469067552 -1.77423729318275 -0.27725385404946 0.00687316793366965 -0.478774680782243 -1.02547818872839 -1.33312563086727
-9999 -9999 -9999 -9999 -9999 -9999 -9999 -9999 -9999 -9999 -9999 -9999 -9999 -9999 -9999 -9999 -9999 -9999 -9999 -9999 -9999 -9999 -9999 -9999 -9999 -9999 -9999 -9999 -195.259192085605 -182.451855613472 -190.190772658353 -190.976667369543 -170.855507104594 -173.150013874246 -178.207207012982 -151.497674556494 -128.637563240059 -110.684425714164 -72.3931747102167 -37.7635015406313 -14.6789855206555 -5.70003760755275 -12.3079161492922 -20.0269374454752 -20.943777455375 -21.3819678458854 -11.1034427804096 -5.67899856089841 -3.36755464757773 -2.51214221089839 -2.48230666610156 -0.282195709255502 0.0263136393618886 -0.141337396495145 -0.356115446724249 -0.777423414488402
-9999 -9999 -9999 -9999 -9999 -9999 -9999 -9999 -9999 -9999 -9999 -9999 -9999 -9999 -9999 -9999 -9999 -9999 -9999 -9999 -9999 -9999 -9999 -9999 -9999 -9999 -9999 -9999 -181.012406495174 -167.896667134712 -157.750096296385 -173.201526930536 -172.949077867832 -180.142561977875 -182.902493240764 -156.058333617061 -133.793449509719 -109.274376493969 -68.9887710107702 -33.2562932683651 -13.316257680365 -7.61021513000421 -15.4948154667112 -22.1527738801079 -25.9700438655265 -25.5291897471923 -17.696048188974 -10.1979177304585 -5.53797963221718 -2.87246875193315 -1.27418468746637 -0.168669704084979 0.335473560789111 0.612025238432042 0.587012391699417 0.103026958938234
-9999 -9999 -9999 -9999 -9999 -9999 -9999 -9999 -9999 -9999 -9999 -9999 -9999 -9999 -9999 -9999 -9999 -9999 -9999 -9999 -9999 -9999 -9999 -9999 -9999 -9999 -9999 -9999 -168.827315352514 -145.21191442845 -132.87537118059 -165.140819918612 -177.994736036414 -189.099538403175 -189.546286108875 -166.701530329248 -134.584845024101 -105.488167333721 -65.3754519886635 -28.1356054347426 -12.352245766123 -9.96891349599573 -20.4215884539749 -23.7986615232185 -28.9844479195758 -30.1002990385346 -23.178328874199 -15.2913237450959 -8.99037957407843 -3.57825106824692 -1.12237803264072 -0.354121523953646 0.276548193868198 0.739106045203084 0.809716799709016 0.614771318189548
