data/03_saidas_enm/CCSM_SVM_21k_B.balansae4.asc
NCOLS 154 
NROWS 168 
XLLCORNER -112 
YLLCORNER -55.5 
CELLSIZE 0.5 
NODATA_value -9999 
[rows 100 to 124 of 168, columns 56 to 111 of 154]
-9999 -9999 -9999 -9999 -9999 -9999 -9999 -9999 -9999 -9999 -9999 -9999 -9999 -9999 -9999 -9999 -9999 -9999 -9999 -9999 -9999 -9999 -9999 -9999 -9999 -9999 -9999 -9999 0.0993585293131956 0.1976401832279 0.199648243438584 0.202924549655949 0.205974613800014 0.20574774854852 0.199307079430069 0.162170708946931 0.105548633975879 0.135473329411487 0.179101569860414 0.215552507973113 0.328454283271655 0.425225105984616 0.343701273283866 0.278031031772879 0.258752685725882 0.273828024415116 0.360530013878735 0.498169042621706 0.582520052757875 0.664768428507171 0.746175167562643 0.814014428399702 0.872521372567698 0.932457224467039 0.97256151290026 0.975096480047989
-9999 -9999 -9999 -9999 -9999 -9999 -9999 -9999 -9999 -9999 -9999 -9999 -9999 -9999 -9999 -9999 -9999 -9999 -9999 -9999 -9999 -9999 -9999 -9999 -9999 -9999 -9999 -9999 0.1019895466928 0.200471050279841 0.20011671182887 0.203790699808418 0.206050894056215 0.205489027963716 0.195565655343184 0.158510755614323 0.118312877783209 0.158823225057145 0.192054951496746 0.228608268049189 0.370769901539188 0.409586371983105 0.318838739463328 0.269977182746392 0.256575994342705 0.266333315478734 0.358067144562914 0.461096035901628 0.511107755849246 0.614391664567238 0.691509202183613 0.770461790343879 0.829617870064982 0.887194458534605 0.932679102182554 0.930894600181094
-9999 -9999 -9999 -9999 -9999 -9999 -9999 -9999 -9999 -9999 -9999 -9999 -9999 -9999 -9999 -9999 -9999 -9999 -9999 -9999 -9999 -9999 -9999 -9999 -9999 -9999 -9999 0.201777700625055 0.118476212147119 0.199068148875348 0.204842387423517 0.205664832367115 0.206287439728233 0.204686362369845 0.191842879249602 0.153778049857474 0.13302716026595 0.170966560739788 0.200085032260638 0.257769968093559 0.402182504789216 0.371580414229137 0.310558211143015 0.270782478539991 0.253979355833479 0.265384718624719 0.336668728223143 0.424277135281422 0.478508537332649 0.557194563766457 0.635058879736574 0.699566238437065 0.758783356491438 0.822300214114481 0.871121896675918 0.890377073685353
-9999 -9999 -9999 -9999 -9999 -9999 -9999 -9999 -9999 -9999 -9999 -9999 -9999 -9999 -9999 -9999 -9999 -9999 -9999 -9999 -9999 -9999 -9999 -9999 -9999 -9999 -9999 0.202204312675161 0.124316122322974 0.199107417069451 0.206414689393393 0.206456383362084 0.206607888769688 0.20478955919573 0.188999310104854 0.158962426395152 0.151752973978621 0.184647289430094 0.206524100387282 0.284603184767988 0.377112715045925 0.323131462579418 0.27905290891959 0.256527385297905 0.245456350062708 0.251102860660178 0.303665276078684 0.385708074324044 0.445089336579063 0.508062481589362 0.571916548806746 0.6301547567805 0.684319206691002 0.749298021942625 0.799835997081336 0.8352419514583
-9999 -9999 -9999 -9999 -9999 -9999 -9999 -9999 -9999 -9999 -9999 -9999 -9999 -9999 -9999 -9999 -9999 -9999 -9999 -9999 -9999 -9999 -9999 -9999 -9999 -9999 -9999 0.201781288122252 0.135411398937172 0.200175887750887 0.207160268410653 0.207121146990139 0.207016448746686 0.205008218999545 0.189279575384562 0.166653807374243 0.167796040064687 0.197198570567945 0.211618571214122 0.296175898230631 0.349665355882406 0.283696318888875 0.250294193622845 0.236958882255168 0.233897567029304 0.239116902424969 0.279361768177124 0.345036882450465 0.404188659795781 0.456575580663738 0.503954915328943 0.56064441263456 0.611762667046357 0.66581649602839 0.722275820984484 0.765827645050862
-9999 -9999 -9999 -9999 -9999 -9999 -9999 -9999 -9999 -9999 -9999 -9999 -9999 -9999 -9999 -9999 -9999 -9999 -9999 -9999 -9999 -9999 -9999 -9999 -9999 -9999 -9999 0.201380511053926 0.153685992981439 0.203709790160599 0.207287491125726 0.207271519195916 0.20721003474998 0.205945344617972 0.19226790184873 0.180355793826903 0.188031361853905 0.204246116270922 0.212839407661898 0.292404896122009 0.31035737197047 0.25491336602516 0.231431494434881 0.227706038123661 0.230745198063943 0.239103002681849 0.275028034879305 0.323047592831459 0.373872922423149 0.424736510169031 0.467755635753294 0.518011906341402 0.552003572241058 0.60207480375569 0.668508664667827 0.72181298984148
-9999 -9999 -9999 -9999 -9999 -9999 -9999 -9999 -9999 -9999 -9999 -9999 -9999 -9999 -9999 -9999 -9999 -9999 -9999 -9999 -9999 -9999 -9999 -9999 -9999 -9999 -9999 0.201734511354114 0.177452544760734 0.206163779629256 0.207301680699043 0.207306889094394 0.207291526802917 0.206525823595165 0.196936255455827 0.195568374535283 0.201659140555148 0.206500127693818 0.214710267847974 0.301886479242446 0.288143043351883 0.233779619574607 0.223702029685115 0.223537240566392 0.231414342839741 0.252590143176505 0.27501811415592 0.31762997356988 0.356751589128193 0.402236712898701 0.449212421097968 0.488685738921758 0.522690580599861 0.565802934949023 0.626630510731753 0.696579602619072
-9999 -9999 -9999 -9999 -9999 -9999 -9999 -9999 -9999 -9999 -9999 -9999 -9999 -9999 -9999 -9999 -9999 -9999 -9999 -9999 -9999 -9999 -9999 -9999 -9999 -9999 -9999 0.203111508602329 0.193782072028622 0.206975162428308 0.207299992975879 0.207310824446482 0.207304953911734 0.206788679129515 0.202136252193043 0.203774392169563 0.205539967574855 0.207169592026071 0.218016078161865 0.310355725992613 0.260917389523747 0.217311478381196 0.213991593408133 0.216462550899724 0.223259840689653 0.24175219027607 0.263520548779551 0.297551546555598 0.335422766178677 0.375212161568345 0.415141258758626 0.453805903666453 0.483988024742481 0.528437704944747 0.594330182819454 0.665082728050939
-9999 -9999 -9999 -9999 -9999 -9999 -9999 -9999 -9999 -9999 -9999 -9999 -9999 -9999 -9999 -9999 -9999 -9999 -9999 -9999 -9999 -9999 -9999 -9999 -9999 -9999 -9999 0.204803327803605 0.201737254142103 0.207200448005153 0.207299263482934 0.207310397344796 0.207309340874965 0.206851040262368 0.20388120889566 0.206523337793624 0.206895027007198 0.207446855633437 0.225909412251811 0.309590998930347 0.230540559938573 0.205210740352724 0.205686913442178 0.207947193314404 0.211622898923451 0.218386269627932 0.235536979357099 0.263120528133798 0.297241903934381 0.337338826595604 0.370470397930354 0.404954945955761 0.440780065541897 0.484996120347089 0.553181646278979 0.622683218186511
-9999 -9999 -9999 -9999 -9999 -9999 -9999 -9999 -9999 -9999 -9999 -9999 -9999 -9999 -9999 -9999 -9999 -9999 -9999 -9999 -9999 -9999 -9999 -9999 -9999 -9999 -9999 0.20614741828983 0.204950723818163 0.207236938573363 0.207288064524244 0.2073069821129 0.20730669636935 0.20643267494598 0.204406617244236 0.206742743049203 0.207057629331984 0.208554485046311 0.259844375083054 0.301500670494604 0.212061732095294 0.195905990824388 0.199503995149453 0.202061408816714 0.20374868663967 0.206875195615661 0.215333144628197 0.232552158769933 0.258398054621049 0.294042448354746 0.32919326372281 0.366950229227989 0.402302846132797 0.448166477211853 0.512122385838422 0.572482734412225
-9999 -9999 -9999 -9999 -9999 -9999 -9999 -9999 -9999 -9999 -9999 -9999 -9999 -9999 -9999 -9999 -9999 -9999 -9999 -9999 -9999 -9999 -9999 -9999 -9999 -9999 0.207242286443166 0.206668358600017 0.206260322532492 0.207224709565049 0.207248070653545 0.207291672885614 0.207301434058156 0.205868436173829 0.203142920259312 0.206792510067639 0.207187697157971 0.215583640450911 0.299264632147819 0.257922542548815 0.185648185454142 0.185471738382574 0.191854626778909 0.194690922842937 0.193577952105602 0.194804823448075 0.197068376086005 0.206578214980927 0.225191400882049 0.25725036556892 0.291458037904585 0.329422213858203 0.370163679308293 0.416287076427327 0.4728148152549 0.521202804348157
-9999 -9999 -9999 -9999 -9999 -9999 -9999 -9999 -9999 -9999 -9999 -9999 -9999 -9999 -9999 -9999 -9999 -9999 -9999 -9999 -9999 -9999 -9999 -9999 -9999 -9999 0.207229143556906 0.206852516401344 0.207067701991056 0.207107645345401 0.207091220455787 0.207241065400795 0.207290968714326 0.205288848921935 0.203060858187761 0.20658759287585 0.207960141172804 0.240232463341877 0.267022077214563 0.196762592866685 0.16487361482737 0.170780743348507 0.17687524021159 0.179962253499615 0.177536175105973 0.17484897844875 0.176418473448978 0.184760374886418 0.200969187371012 0.229050317356311 0.26377506156456 0.306982425778952 0.350542740663698 0.394577483705207 0.440903371415516 0.479535954124305
-9999 -9999 -9999 -9999 -9999 -9999 -9999 -9999 -9999 -9999 -9999 -9999 -9999 -9999 -9999 -9999 -9999 -9999 -9999 -9999 -9999 -9999 -9999 -9999 -9999 -9999 0.207225442374025 0.207156312660091 0.20716348977114 0.206851956942256 0.206776697549574 0.207117065029203 0.207293135596873 0.205873319941229 0.205456632564576 0.207541222004796 0.219452662689423 0.248181708571353 0.193993225739814 0.155254092318726 0.146871191640392 0.152758024674661 0.155780104211775 0.15729689924055 0.153367908723376 0.149453450259773 0.153838644499585 0.166620467628351 0.182179549385334 0.206025893688319 0.237940926821048 0.280252227079757 0.328893188144893 0.370907940531466 0.406569870429682 0.437628100881246
-9999 -9999 -9999 -9999 -9999 -9999 -9999 -9999 -9999 -9999 -9999 -9999 -9999 -9999 -9999 -9999 -9999 -9999 -9999 -9999 -9999 -9999 -9999 -9999 -9999 -9999 0.207138367117584 0.207270094311662 0.207081770162709 0.206742733350291 0.206445206965189 0.206939748515465 0.207738328325441 0.209663721233524 0.214378734941108 0.223974914437411 0.240480280952771 0.199993373402679 0.150364160498815 0.139892455946412 0.137785635467787 0.137127240705861 0.135183715296732 0.133804894644547 0.128977099675763 0.127568534195873 0.134879377355783 0.149082600072997 0.16337143308351 0.1827689841194 0.212091046691511 0.252036725288698 0.296856233639461 0.335004042101559 0.365886212034512 0.389356277557773
-9999 -9999 -9999 -9999 -9999 -9999 -9999 -9999 -9999 -9999 -9999 -9999 -9999 -9999 -9999 -9999 -9999 -9999 -9999 -9999 -9999 -9999 -9999 -9999 -9999 0.204274690310274 0.207181123456824 0.207217026603266 0.207129741758339 0.206700316950517 0.206471841445356 0.206676629834103 0.210946889849221 0.225491462812936 0.231409256748481 0.218627276417642 0.201566003075903 0.141982737078551 0.137202788168733 0.13596135209834 0.139583742514984 0.130388371498424 0.121804721008258 0.116580950497849 0.113089848996414 0.120775152632369 0.117158430585431 0.13125825154137 0.146085332503149 0.162995159201673 0.185204334254289 0.219876295818462 0.261537371207405 0.295213129305398 0.322465531629442 0.342363107195073
-9999 -9999 -9999 -9999 -9999 -9999 -9999 -9999 -9999 -9999 -9999 -9999 -9999 -9999 -9999 -9999 -9999 -9999 -9999 -9999 -9999 -9999 -9999 -9999 -9999 0.205982319357035 0.207191467789462 0.207035381718552 0.206964008687189 0.2064640492811 0.205708181029185 0.205117682394377 0.210630198006614 0.222445985926365 0.205185841474277 0.188113542497976 0.156613200495943 0.125310022927815 0.131667913748768 0.133165147557634 0.132847874111366 0.122398405624703 0.112361744820026 0.105355193772325 0.102412259271261 0.105100261217932 0.0988349480161805 0.109511093121997 0.125074578587153 0.141016478943151 0.163695429303066 0.194519371031206 0.227495468290215 0.256397476733491 0.281445647831151 0.298749973092358
-9999 -9999 -9999 -9999 -9999 -9999 -9999 -9999 -9999 -9999 -9999 -9999 -9999 -9999 -9999 -9999 -9999 -9999 -9999 -9999 -9999 -9999 -9999 -9999 -9999 0.206302410073186 0.207068539652386 0.206846405836043 0.206826183530724 0.205904002753436 0.205035651187745 0.198737095880222 0.178280344028637 0.160003640204045 0.147865524482082 0.141515974202956 0.118128738854664 0.106683350300832 0.117684292492364 0.11841026810533 0.123274926031948 0.112318506786526 0.102570501837781 0.0945877809542843 0.0860902343324562 0.0897471972662082 0.0795012919705626 0.0924715082800924 0.108275774437554 0.123818604228848 0.141571658088515 0.168394389210282 0.19749797313505 0.223037480210412 0.246681998120426 0.263214545215787
-9999 -9999 -9999 -9999 -9999 -9999 -9999 -9999 -9999 -9999 -9999 -9999 -9999 -9999 -9999 -9999 -9999 -9999 -9999 -9999 -9999 -9999 -9999 -9999 -9999 0.207146003025574 0.206935188961682 0.206624965072366 0.206431902789929 0.204637271952771 0.199629474385124 0.178331835694868 0.121196133972502 0.0932757689307654 0.101508351698584 0.108464421966167 0.0926676316139839 0.0765197097153357 0.0817012071092043 0.0894169856773502 0.0947212958175609 0.0929764162157531 0.0921884343246034 0.089855972612932 0.079371617320029 0.0710948304660658 0.0722855764744716 0.0845916357868211 0.0960679396366871 0.109308400957522 0.125979464966224 0.150444998489648 0.177147519713927 0.200048213878398 0.222241106862655 0.238135882453238
-9999 -9999 -9999 -9999 -9999 -9999 -9999 -9999 -9999 -9999 -9999 -9999 -9999 -9999 -9999 -9999 -9999 -9999 -9999 -9999 -9999 -9999 -9999 -9999 -9999 0.207720232180269 0.206743247234014 0.206488385871729 0.206174455296443 0.20282508558448 0.193038945956309 0.148197449743422 0.0807940478212888 0.0696646947063472 0.083322833609365 0.0982085899921111 0.0854885451462093 0.0719232964398017 0.072179840450488 0.0726580011798846 0.0771667373772358 0.0799029482120463 0.0911417046628182 0.097484487527515 0.0926605401382454 0.0918258430837595 0.0809263714249388 0.082558543310586 0.0881007471537256 0.0995684758208732 0.113209895934444 0.13200995539982 0.158592703181591 0.180423192927828 0.202078048825754 0.217939954943603
-9999 -9999 -9999 -9999 -9999 -9999 -9999 -9999 -9999 -9999 -9999 -9999 -9999 -9999 -9999 -9999 -9999 -9999 -9999 -9999 -9999 -9999 -9999 -9999 -9999 0.207889507261536 0.206614505421481 0.206428180777829 0.205837136996884 0.200943932491072 0.179314460479748 0.121910802436031 0.0664714453844866 0.0640714155822545 0.0794930285854397 0.0973252368020757 0.0847829404890589 0.0762112109713801 0.0751861344362405 0.0711720928944616 0.0706458220210034 0.0804828275670009 0.105952850382031 0.11783502668404 0.109654226797587 0.095711918765492 0.0877197353352329 0.0846757064878911 0.0832818012199076 0.0923296102878693 0.105928719359338 0.123932973313759 0.145309274733209 0.164286906969249 0.186476288163039 0.203353767872929
-9999 -9999 -9999 -9999 -9999 -9999 -9999 -9999 -9999 -9999 -9999 -9999 -9999 -9999 -9999 -9999 -9999 -9999 -9999 -9999 -9999 -9999 -9999 -9999 -9999 0.20830755993752 0.206318074421981 0.206564025496841 0.206070147803203 0.200342593599357 0.173179137971612 0.11259171946731 0.0681155268180703 0.0677010261543541 0.0746526558467077 0.0864831477810387 0.0803513996230382 0.079060564794512 0.0803925086365027 0.0745825257526187 0.0731592608309042 0.0862878204970411 0.11979405566073 0.129504057034667 0.113959570358736 0.0989838750548314 0.0890881109063048 0.0853498075621502 0.082130675938731 0.0904109374652262 0.0996836498795846 0.111991209334684 0.133017975629647 0.151033625180902 0.172834933303449 0.189904443195239
-9999 -9999 -9999 -9999 -9999 -9999 -9999 -9999 -9999 -9999 -9999 -9999 -9999 -9999 -9999 -9999 -9999 -9999 -9999 -9999 -9999 -9999 -9999 -9999 -9999 0.208636402409891 0.206132232562866 0.206606539439987 0.206434310758749 0.201495491265094 0.174297791159222 0.122556303714012 0.093138850579565 0.0885202280124202 0.0839349235936753 0.0840319475828789 0.0842142102046605 0.0884816155390483 0.0914954225794269 0.0831863866016803 0.0794930559659466 0.0926705267442308 0.120415926688593 0.128643229765954 0.118111874152334 0.10018384384461 0.0932069012966111 0.0901938674087724 0.0857000501227209 0.0902112362161704 0.0977285791839504 0.109146170353521 0.123258820040177 0.139472856127335 0.160988340538571 0.178469837144777
-9999 -9999 -9999 -9999 -9999 -9999 -9999 -9999 -9999 -9999 -9999 -9999 -9999 -9999 -9999 -9999 -9999 -9999 -9999 -9999 -9999 -9999 -9999 -9999 -9999 0.209477236987333 0.205648643014877 0.206502138182071 0.206648341871527 0.202969144024502 0.182919500896206 0.145507952525614 0.124425285916061 0.117316113879139 0.107384282815501 0.103493975197617 0.0977465808976519 0.100011845651654 0.100345404392036 0.0871479307571477 0.0825662161264522 0.0912578363028242 0.117952684866578 0.126006424930029 0.11310395940525 0.0989238537455192 0.0936109781597239 0.094331017997582 0.0931921987153981 0.096547975856487 0.0995048105739402 0.10500982020891 0.118522110566767 0.13446923273243 0.151026100821195 0.165339544562547
-9999 -9999 -9999 -9999 -9999 -9999 -9999 -9999 -9999 -9999 -9999 -9999 -9999 -9999 -9999 -9999 -9999 -9999 -9999 -9999 -9999 -9999 -9999 -9999 -9999 0.210579370315449 0.205504825945092 0.20634718629489 0.206710657696888 0.20398851489425 0.192440326244223 0.168603359117643 0.14644437009306 0.13891397960401 0.119444542964805 0.104037879449257 0.104143496162836 0.103203446482586 0.099274965025034 0.0868939729359007 0.0794482380325446 0.0861193532121794 0.112120687440021 0.119548856304023 0.110291939104632 0.0983301031742362 0.0938963330660237 0.0991341088424542 0.0964994452024661 0.100583608180234 0.103528729691915 0.104847656245309 0.124056647218426 0.131444781905339 0.146999523284542 0.164450117320121
-9999 -9999 -9999 -9999 -9999 -9999 -9999 -9999 -9999 -9999 -9999 -9999 -9999 -9999 -9999 -9999 -9999 -9999 -9999 -9999 -9999 -9999 -9999 -9999 0.211968335260917 0.209779956880734 0.204930674841904 0.206363043636415 0.206826682161765 0.204764282425654 0.195531526867472 0.176479539404733 0.161120493895862 0.155300362823334 0.137166329932412 0.120468753294029 0.1164711687559 0.113208964055183 0.106967446000058 0.0906273857097021 0.0813129541350557 0.0872349576885543 0.106164769282953 0.111179795591168 0.103523535576634 0.0930989076601606 0.0925755944898786 0.0955118051765818 0.0906226041237598 0.0878498392777828 0.0897689562905726 0.102381901663323 0.124734502314879 0.131965811744744 0.13684864153262 0.152497447120378
