data/03_saidas_enm/CCSM_SVM_21k_B.balansae5.asc
NCOLS 154 
NROWS 168 
XLLCORNER -112 
YLLCORNER -55.5 
CELLSIZE 0.5 
NODATA_value -9999 
[rows 100 to 124 of 168, columns 56 to 111 of 154]
-9999 -9999 -9999 -9999 -9999 -9999 -9999 -9999 -9999 -9999 -9999 -9999 -9999 -9999 -9999 -9999 -9999 -9999 -9999 -9999 -9999 -9999 -9999 -9999 -9999 -9999 -9999 -9999 0.110434798637941 0.17109002534255 0.132251188314034 0.114118140483173 0.113867033267226 0.110929560399062 0.09985777785262 0.0800377708328888 0.0651660146982725 0.0726382237408533 0.115707337030975 0.294934753273705 0.563528523509374 0.643307953335928 0.541276405111792 0.431136273424314 0.393478206012208 0.425819672359234 0.544605176401135 0.6723492154049 0.748418896423033 0.820078051034032 0.880283424928983 0.923734042524043 0.955669070709043 0.981210575356968 0.990153341023918 0.978373627492584
-9999 -9999 -9999 -9999 -9999 -9999 -9999 -9999 -9999 -9999 -9999 -9999 -9999 -9999 -9999 -9999 -9999 -9999 -9999 -9999 -9999 -9999 -9999 -9999 -9999 -9999 -9999 -9999 0.109429188243124 0.173391981065964 0.129329196584965 0.114496122126023 0.113913876450352 0.110128173750774 0.0970828790430245 0.0804344363016032 0.0686374061842548 0.0809267389915121 0.134426370445531 0.35203539245019 0.602102608598336 0.615214869869921 0.493849964685925 0.402586099603515 0.379483785014601 0.405994719441602 0.532693898551358 0.639089573375291 0.698167131580697 0.785038464515058 0.840141282530504 0.894825142590496 0.929731726302439 0.958144008183346 0.975123796994646 0.962266834178506
-9999 -9999 -9999 -9999 -9999 -9999 -9999 -9999 -9999 -9999 -9999 -9999 -9999 -9999 -9999 -9999 -9999 -9999 -9999 -9999 -9999 -9999 -9999 -9999 -9999 -9999 -9999 0.090428707380253 0.109613301084667 0.171841895369314 0.139765431139634 0.12011192312516 0.116597142916261 0.109768620969332 0.0959401068218186 0.0808908456873049 0.0748496063067541 0.093117497704384 0.169171779603241 0.431130794392679 0.620658722514637 0.566819234914501 0.469171232360915 0.390737979323808 0.365031964601849 0.3968493700162 0.503144091666433 0.605029019747434 0.670519083873038 0.742611254579927 0.804178107888942 0.850324163827133 0.890167535875483 0.926720690014328 0.947461447945669 0.95101440982934
-9999 -9999 -9999 -9999 -9999 -9999 -9999 -9999 -9999 -9999 -9999 -9999 -9999 -9999 -9999 -9999 -9999 -9999 -9999 -9999 -9999 -9999 -9999 -9999 -9999 -9999 -9999 0.0932720246328789 0.110319356343735 0.171245627301542 0.143918813792239 0.123598192702919 0.119349721718658 0.111534239063269 0.0952659772382854 0.0836240724413116 0.0797130236131129 0.105117358794354 0.202497911882272 0.476569568448518 0.583525377339235 0.501030581255134 0.410759783013996 0.356564934819326 0.341157389094693 0.364037453512764 0.457247433374093 0.563634394041146 0.636589664305002 0.702080282241609 0.75975461265759 0.805965923302526 0.84635946202286 0.888036779084373 0.913040689499125 0.928468408685927
-9999 -9999 -9999 -9999 -9999 -9999 -9999 -9999 -9999 -9999 -9999 -9999 -9999 -9999 -9999 -9999 -9999 -9999 -9999 -9999 -9999 -9999 -9999 -9999 -9999 -9999 -9999 0.0955755339597361 0.11387187783516 0.163121032868917 0.144374730048157 0.126995311273594 0.122183901071388 0.112586538226389 0.0946479082952375 0.0832628114597766 0.0834926098877443 0.11851455970096 0.232697306868666 0.489236151801317 0.549116124357145 0.439859529565158 0.355061949129774 0.313566479640123 0.310631292895373 0.334459119156074 0.418604185811778 0.515307449014317 0.590986850794216 0.653372852843458 0.704498944587714 0.756113926952757 0.798981034333966 0.837315126796285 0.87112277749114 0.895633964457582
-9999 -9999 -9999 -9999 -9999 -9999 -9999 -9999 -9999 -9999 -9999 -9999 -9999 -9999 -9999 -9999 -9999 -9999 -9999 -9999 -9999 -9999 -9999 -9999 -9999 -9999 -9999 0.0989547129868979 0.117416894965063 0.15473307253936 0.137706880943039 0.12624649520217 0.123307041025078 0.114587340134632 0.0941346584344147 0.0843553823305301 0.0880871482307666 0.12704302815315 0.241432266002814 0.481515919317675 0.494472829221353 0.383195825957095 0.307422264018385 0.287626293653493 0.300434504615546 0.330392767986439 0.40554745150999 0.483460225564308 0.554217362448866 0.620017536691288 0.670103164767463 0.720565951097249 0.754559302294441 0.795622663649437 0.841859835111482 0.876163405508232
-9999 -9999 -9999 -9999 -9999 -9999 -9999 -9999 -9999 -9999 -9999 -9999 -9999 -9999 -9999 -9999 -9999 -9999 -9999 -9999 -9999 -9999 -9999 -9999 -9999 -9999 -9999 0.103301260644346 0.121814615057416 0.140855860504221 0.127808714750958 0.124063109884385 0.123601961120214 0.115586615259982 0.0945503234073911 0.0889633003095071 0.0963132553143277 0.130586672719632 0.255338280750233 0.494594248554794 0.457151770485891 0.331403770714703 0.283251004403301 0.274722215110956 0.301027547089369 0.353427732312209 0.400817584771013 0.471728983252081 0.530789721667295 0.593073842891668 0.651552679808123 0.691378091166693 0.725698549083562 0.765710119148091 0.813871061272876 0.861976744176193
-9999 -9999 -9999 -9999 -9999 -9999 -9999 -9999 -9999 -9999 -9999 -9999 -9999 -9999 -9999 -9999 -9999 -9999 -9999 -9999 -9999 -9999 -9999 -9999 -9999 -9999 -9999 0.107858827046551 0.124287289917456 0.129077165041878 0.120360004003006 0.121767554183067 0.123357676963259 0.116024958428189 0.0977209031345677 0.0978887574989054 0.103899837013822 0.136214012142729 0.276228478765181 0.504451162508062 0.408039095688475 0.28198794015468 0.249142032550481 0.251916666186493 0.278550157717151 0.331394037068491 0.380723180617497 0.44091139344178 0.498740450276188 0.555899650020559 0.608860863716755 0.650206211652623 0.683281450028514 0.72882121906695 0.786517951299128 0.840264723121007
-9999 -9999 -9999 -9999 -9999 -9999 -9999 -9999 -9999 -9999 -9999 -9999 -9999 -9999 -9999 -9999 -9999 -9999 -9999 -9999 -9999 -9999 -9999 -9999 -9999 -9999 -9999 0.112081413431224 0.124749008015954 0.121186519137086 0.115974327432653 0.120022263249427 0.123092376638289 0.116127596007411 0.09999372289332 0.106785652574641 0.111138178324987 0.145235336384818 0.315894598262474 0.50563002153477 0.338727685796803 0.234301227105858 0.211215634895691 0.215871637337965 0.240234074299704 0.273301530651232 0.327704529894537 0.38926964356121 0.445500239597692 0.501057038136892 0.546274684063785 0.589478769159153 0.632013839473491 0.682095218076782 0.746438149573556 0.805756185871436
-9999 -9999 -9999 -9999 -9999 -9999 -9999 -9999 -9999 -9999 -9999 -9999 -9999 -9999 -9999 -9999 -9999 -9999 -9999 -9999 -9999 -9999 -9999 -9999 -9999 -9999 -9999 0.116087712130579 0.124268696862664 0.116450273090886 0.11290965830969 0.118086848416625 0.123141835546758 0.115134843175425 0.101469977535494 0.109031647183043 0.116104004613841 0.184798919823232 0.419336644661415 0.495030661499758 0.291719386558954 0.192760763930319 0.18175891910707 0.187694612297759 0.207008095271287 0.235749625309917 0.280514360085245 0.333274743371925 0.385730547553677 0.440338097010653 0.488783760428685 0.537415560253562 0.583024225642459 0.637683941094356 0.702242191642869 0.759194865215569
-9999 -9999 -9999 -9999 -9999 -9999 -9999 -9999 -9999 -9999 -9999 -9999 -9999 -9999 -9999 -9999 -9999 -9999 -9999 -9999 -9999 -9999 -9999 -9999 -9999 -9999 0.119266152663592 0.119046512078161 0.12298999246638 0.110606137433804 0.107204335497267 0.115415554749417 0.124532972907028 0.118785992558877 0.102163377325949 0.110557275589997 0.127496084838806 0.274977451887805 0.520106141956914 0.426339823392561 0.20422722694985 0.153391857778353 0.153629969607555 0.161734957377066 0.179238324591627 0.204017114549464 0.237808385367991 0.282598082295533 0.329453185369622 0.386166888940314 0.436968617809938 0.488422801784267 0.538946435691534 0.594976454165645 0.655061359714552 0.705654318944549
-9999 -9999 -9999 -9999 -9999 -9999 -9999 -9999 -9999 -9999 -9999 -9999 -9999 -9999 -9999 -9999 -9999 -9999 -9999 -9999 -9999 -9999 -9999 -9999 -9999 -9999 0.119511419221439 0.121737811449593 0.116392762279676 0.0999094009105074 0.0983469167790955 0.112330744542248 0.129558818782106 0.127872344340465 0.111988999329628 0.121280468517036 0.181080185341161 0.396818021115165 0.465436371797341 0.287493673243224 0.149640536729021 0.115662713202395 0.11927513699641 0.12850632097397 0.143256054017261 0.163563053847879 0.197904957487538 0.24112403515142 0.287689354004063 0.342069781147736 0.396175611574301 0.454764433738615 0.510213138731562 0.564839388467274 0.61629989555595 0.661719110178013
-9999 -9999 -9999 -9999 -9999 -9999 -9999 -9999 -9999 -9999 -9999 -9999 -9999 -9999 -9999 -9999 -9999 -9999 -9999 -9999 -9999 -9999 -9999 -9999 -9999 -9999 0.120916193477252 0.119288774275156 0.102237848295286 0.0886317062367988 0.0854937282719556 0.11173308436131 0.139873178892867 0.151037895229494 0.157325015319587 0.169532612832176 0.310707672618695 0.415875988604377 0.281849255341052 0.159904927451015 0.0908865437815506 0.0841389746640327 0.0879914399711697 0.0967340871246898 0.111321274491187 0.121295909971605 0.161438065176207 0.209484475537985 0.254531789849471 0.305051353820383 0.357265708617072 0.416719901792052 0.480671160036731 0.534033561860685 0.575126437170991 0.61663869521845
-9999 -9999 -9999 -9999 -9999 -9999 -9999 -9999 -9999 -9999 -9999 -9999 -9999 -9999 -9999 -9999 -9999 -9999 -9999 -9999 -9999 -9999 -9999 -9999 -9999 -9999 0.121748134833528 0.110232354998245 0.0940561468468273 0.0849545195149389 0.0891336330400309 0.122352341082587 0.173425338821287 0.224429100781867 0.277897646767289 0.34597255055019 0.408328772591063 0.293752824250195 0.144525336977318 0.0903590730099318 0.0713895818835307 0.0677506588367811 0.0688208042696598 0.0775416541516862 0.0942134211760034 0.115470912582827 0.145238275910426 0.180936061574646 0.219038253633732 0.264900858451865 0.315769416992028 0.37349007906775 0.433380878988215 0.483351239722955 0.521434091543112 0.553292437957217
-9999 -9999 -9999 -9999 -9999 -9999 -9999 -9999 -9999 -9999 -9999 -9999 -9999 -9999 -9999 -9999 -9999 -9999 -9999 -9999 -9999 -9999 -9999 -9999 -9999 0.113282325535465 0.115234120068959 0.101046407541886 0.0935444654057027 0.0851684672419065 0.0976831661126328 0.142082845512093 0.232803945423198 0.333186892970668 0.377633784750448 0.352479822718989 0.285460883286051 0.133236051535446 0.0700598281218313 0.0612150459556816 0.0644584674263056 0.0564860649768827 0.0563078806498721 0.0656348389815923 0.086745539506787 0.114019022941383 0.128506783721131 0.154225509562925 0.184205023619399 0.227041182281184 0.270063046364932 0.324753040649175 0.380073166616032 0.424724120432446 0.459582459861996 0.486277927813683
-9999 -9999 -9999 -9999 -9999 -9999 -9999 -9999 -9999 -9999 -9999 -9999 -9999 -9999 -9999 -9999 -9999 -9999 -9999 -9999 -9999 -9999 -9999 -9999 -9999 0.117852052635166 0.105742665472906 0.0906090194157909 0.0861645554806225 0.0819084670379248 0.100359167864134 0.149012614901876 0.243342564711985 0.326878660395055 0.283914514380922 0.2022834487488 0.127789153442306 0.0687341902692567 0.0499198472419991 0.0480333421005448 0.050168437646531 0.0448489903547744 0.0449906779523178 0.0528597216420453 0.0725550876147252 0.0953416935908734 0.108023230988855 0.125243050436549 0.150518244513038 0.187828144446899 0.233958594570826 0.281974571486771 0.327645336815418 0.368231496617604 0.40146644538868 0.42461445299725
-9999 -9999 -9999 -9999 -9999 -9999 -9999 -9999 -9999 -9999 -9999 -9999 -9999 -9999 -9999 -9999 -9999 -9999 -9999 -9999 -9999 -9999 -9999 -9999 -9999 0.118055657674574 0.0975364591685464 0.0834675568127341 0.0804997582171704 0.0768785762172133 0.103809225884272 0.13569602756944 0.168960597423565 0.180499592219745 0.122794660040291 0.0731974849131128 0.0517808008344126 0.0358964428363276 0.0338613437097644 0.0332258574530408 0.0360114242814888 0.0316370280307384 0.0300377283321789 0.0353049193895799 0.0514459225961362 0.0746433213791275 0.0780807077819159 0.0923906678011153 0.11692460122179 0.154636807679667 0.195491403852764 0.237206634298214 0.277751721530586 0.314508471920577 0.345867692775161 0.369431418340967
-9999 -9999 -9999 -9999 -9999 -9999 -9999 -9999 -9999 -9999 -9999 -9999 -9999 -9999 -9999 -9999 -9999 -9999 -9999 -9999 -9999 -9999 -9999 -9999 -9999 0.121183284700906 0.093917336757122 0.0788277443356522 0.0726917847033224 0.0656993534367421 0.0809591744986268 0.0905961951211389 0.0752788493384098 0.0620907756576349 0.042820514434477 0.0332826188652874 0.0197398427817925 0.00359913828378816 0.00154385682040337 0.00979187905081319 0.0169460384274852 0.0150652433424547 0.0139160753536831 0.0167341502670827 0.0224593921085471 0.0311760976952768 0.0455043351421767 0.0685887292425904 0.0937886338111418 0.124855757449051 0.159362403142483 0.199686422309217 0.238559539024915 0.273222877414451 0.302520138304436 0.322889508840241
-9999 -9999 -9999 -9999 -9999 -9999 -9999 -9999 -9999 -9999 -9999 -9999 -9999 -9999 -9999 -9999 -9999 -9999 -9999 -9999 -9999 -9999 -9999 -9999 -9999 0.123743971643876 0.0911064230884515 0.0766063655693277 0.0684404872053 0.0543527253634218 0.0642329807555087 0.045905489248401 0.0128911148951337 0.0111740926682301 0.015849421490561 0.0200478980202167 0.00638102261028722 -0.014595870415672 -0.0192885371560036 -0.00837895479948592 0.000478018005499847 -0.000380346887116967 -0.000677026362078781 0.00207132848517438 0.00467157631866982 0.00688853403729989 0.0211250430108142 0.0453349785877 0.0691189413123128 0.0966300916805952 0.123927641878773 0.15922745132477 0.19922139964125 0.232502117456031 0.259837011284768 0.281176390030544
-9999 -9999 -9999 -9999 -9999 -9999 -9999 -9999 -9999 -9999 -9999 -9999 -9999 -9999 -9999 -9999 -9999 -9999 -9999 -9999 -9999 -9999 -9999 -9999 -9999 0.124338088530918 0.0894157558138893 0.0765854894301068 0.0646740783127133 0.0434992771647751 0.0315051704299955 0.00682546021006086 -0.0123239678541938 -0.00342826384252803 0.00833728812383577 0.0161030214351411 0.00053135816216171 -0.0158441357606051 -0.0219428616534568 -0.0192708648997194 -0.0143679262780754 -0.0129711015492118 -0.00875092350680906 -0.00413306122096091 -0.00336212700866256 -0.000903625645234718 0.0084363545649806 0.0244517066742861 0.043592414585203 0.0691781805057425 0.0968023571938582 0.129984124890843 0.163659702126746 0.195401731103814 0.225415073089235 0.247142671809431
-9999 -9999 -9999 -9999 -9999 -9999 -9999 -9999 -9999 -9999 -9999 -9999 -9999 -9999 -9999 -9999 -9999 -9999 -9999 -9999 -9999 -9999 -9999 -9999 -9999 0.125872268409636 0.0853437298060799 0.0787775051955604 0.0673027260504803 0.0380594078739385 0.0137353974062766 -0.0163941608060911 -0.0261332998225458 -0.0123998505693906 -0.00275927554537136 0.00479845140665081 -0.00731019686620926 -0.0196367764529456 -0.0253246604763483 -0.0256247602757842 -0.0235885678209369 -0.0195094825165302 -0.00992370415797406 -0.00448389777016911 -0.00676547022283547 -0.00725588219509465 -0.00178694592831419 0.00977312920391077 0.0237800166544463 0.0456868903421944 0.0698650646944879 0.0976548327526034 0.131190114513659 0.161207948364298 0.190051097106978 0.213865312793832
-9999 -9999 -9999 -9999 -9999 -9999 -9999 -9999 -9999 -9999 -9999 -9999 -9999 -9999 -9999 -9999 -9999 -9999 -9999 -9999 -9999 -9999 -9999 -9999 -9999 0.127318051766066 0.0834209485426674 0.0788869568079358 0.0722347359301675 0.0395665306597867 0.00382942917628082 -0.0274476164258229 -0.0317481540982617 -0.0199283803625501 -0.0165472948728078 -0.0181605714202503 -0.0210300824492121 -0.0253540292326722 -0.0283949386061233 -0.0302627714153225 -0.030255933316404 -0.0242695270211649 -0.0116620300425988 -0.00590380412730918 -0.00925509034853611 -0.0118624707535394 -0.00808685143741827 -0.000615673744809975 0.0106227216598845 0.0272944065190343 0.04791386891941 0.0760994255014637 0.104480974030594 0.13357450678401 0.161459339172666 0.183286394285691
-9999 -9999 -9999 -9999 -9999 -9999 -9999 -9999 -9999 -9999 -9999 -9999 -9999 -9999 -9999 -9999 -9999 -9999 -9999 -9999 -9999 -9999 -9999 -9999 -9999 0.131286045714511 0.0801079581027031 0.0768377345080428 0.0762690667692068 0.0439907104986971 0.00580400871571163 -0.0250314488701988 -0.027731377294565 -0.0183209025609226 -0.0191454146316536 -0.0223262856060686 -0.0240583963666693 -0.0266916156108599 -0.0286491404285407 -0.0303820849753145 -0.0310518053054584 -0.0250435699501173 -0.0131114497750671 -0.00740148834528964 -0.0113319431933605 -0.0153990111979415 -0.0140101338412411 -0.00752098733689133 0.000801849809942468 0.0150831436706916 0.0303606032429583 0.0522683135078513 0.0802247577287389 0.100075435370673 0.123760742233707 0.141995256894292
-9999 -9999 -9999 -9999 -9999 -9999 -9999 -9999 -9999 -9999 -9999 -9999 -9999 -9999 -9999 -9999 -9999 -9999 -9999 -9999 -9999 -9999 -9999 -9999 -9999 0.136976886809543 0.0805606475397357 0.0750057062023228 0.0785025893868901 0.0488851998440876 0.0151247086907354 -0.0144162899632561 -0.020367421739269 -0.0129344118344719 -0.0180079109702995 -0.023483443944187 -0.0240460510860966 -0.026100012449219 -0.0275482529433676 -0.028327040545429 -0.0279394285249117 -0.023393903615804 -0.0132735146409138 -0.00883526729137296 -0.0126625571484381 -0.0172347363693129 -0.0179222497136696 -0.0131875217880389 -0.00620467528269564 0.00674868580956373 0.0208991419630873 0.0380371721368574 0.0530106535986892 0.0725481584214734 0.094569234792557 0.106523295009191
-9999 -9999 -9999 -9999 -9999 -9999 -9999 -9999 -9999 -9999 -9999 -9999 -9999 -9999 -9999 -9999 -9999 -9999 -9999 -9999 -9999 -9999 -9999 -9999 0.137392171895151 0.136155192273005 0.077249486533964 0.0758458188979059 0.0825750173378139 0.0550661550885967 0.0205595651563615 -0.00822130282418487 -0.0123265554050848 -0.00498748454935427 -0.0102856992084981 -0.0171256440737828 -0.0183602690549534 -0.0206289692535225 -0.0217660142733259 -0.0214847332001787 -0.0193471853481619 -0.0160136578848553 -0.0106619664221365 -0.00891812083257404 -0.0127435001442472 -0.0176633084953093 -0.0199196757497917 -0.0183343188203966 -0.0147468114198467 -0.00539144235417044 0.00801982999361572 0.0205890043560455 0.0334492142483971 0.0477964567295209 0.0692643506957671 0.0888801206857814
