data/03_saidas_enm/CCSM_SVM_21k_B.balansae1.asc
NCOLS 154 
NROWS 168 
XLLCORNER -112 
YLLCORNER -55.5 
CELLSIZE 0.5 
NODATA_value -9999 
[rows 75 to 99 of 168, columns 56 to 111 of 154]
-9999 -9999 -9999 -9999 -9999 -9999 -9999 -9999 -9999 -9999 -9999 0.132348556940385 0.122449945509204 0.116945665256962 0.128786605892614 0.151370793537963 0.186786973569369 0.212885733125464 0.223292592981302 0.183076060136302 0.155165575586177 0.141528644792169 0.134713803032546 0.125124736803846 0.11168727256126 0.104293679350061 0.095375483498209 0.0967599857133843 0.0946125448174538 0.095235452697201 0.101122176073129 0.109649309304972 0.125988467173188 0.141342105941145 0.160391234240614 0.179830840112219 0.192849337552282 0.205323562924508 0.209986170482381 0.212129438459662 0.213159252890708 0.207447032508247 0.20517777527501 0.198236003323386 0.191768986160774 0.193854925034771 0.185463961883257 0.175283553134359 0.154640461383307 0.120773036341063 0.0894421928722045 0.064343464094469 0.040753351489506 0.026042834826015 0.0182884243225637 0.015404214137378
-9999 -9999 -9999 -9999 -9999 -9999 -9999 -9999 -9999 -9999 -9999 0.130506938234174 0.122078303476202 0.112954736796333 0.121792240415751 0.13516136072464 0.156736716037357 0.171719882884063 0.173213016647552 0.157294150157803 0.151587387936214 0.151243340329623 0.148893634721851 0.141605031365625 0.113682201814026 0.104452509278913 0.0962379058136121 0.0956322883816559 0.0932409044409698 0.0931864827926415 0.0954078489703088 0.103070796424274 0.116504111471515 0.13063288676756 0.152333051863141 0.170792322370051 0.191384753725404 0.206542430238032 0.21852323296973 0.234040679072122 0.235027560113106 0.231410011957748 0.226354037892047 0.223741402934377 0.236779045867315 0.255961468685619 0.254238299021643 0.24700971526337 0.23099257760426 0.197944886865573 0.171047317872987 0.138505241364806 0.107326159627188 0.0878979846557535 0.0747457115150061 0.0670271512487323
-9999 -9999 -9999 -9999 -9999 -9999 -9999 -9999 -9999 -9999 -9999 -9999 0.12824270146592 0.121213410244033 0.119359936810926 0.123527988186993 0.122678881431663 0.126666358828031 0.129544903753526 0.131554675023392 0.138488706263232 0.15289397733234 0.158105371159053 0.151800910185567 0.141310406041189 0.121039386217226 0.109571404719375 0.0981335460362445 0.0903586535356992 0.0858199887915214 0.0898916430091131 0.0914543512920076 0.102912521622539 0.115431771927885 0.134535972898087 0.1570974297307 0.181737370064234 0.203850023450438 0.222347362296042 0.239697370982891 0.251357263125256 0.250968475571234 0.248085641130902 0.24857111603421 0.266723831261583 0.2920134177077 0.30025391933277 0.30269801029333 0.295728174508548 0.273539770890226 0.251970995840926 0.225556142799854 0.199261391636537 0.177864588925188 0.158185017814909 0.143696947511946
-9999 -9999 -9999 -9999 -9999 -9999 -9999 -9999 -9999 -9999 -9999 -9999 0.135850415153348 0.131383381962982 0.123299519599768 0.114228571459428 0.0981474746285175 0.114982329206158 0.119866817475622 0.12240368190077 0.137018328249966 0.145647396083686 0.15903435873347 0.1730159088468 0.170650967037653 0.17081436462098 0.127736952790553 0.105104626654784 0.0941305735154487 0.0806256973489948 0.0888501932017976 0.0878401661379227 0.0935575554715256 0.104619109826925 0.123403637518373 0.14143751733473 0.169471346872745 0.196818967942735 0.221753517900771 0.247815850174973 0.263629649656934 0.274005253696956 0.28183058098411 0.283661942668472 0.300609511631053 0.325972906818082 0.335253868455787 0.341967973968569 0.345962689094902 0.336571311387673 0.32637651126786 0.315015240482035 0.297281158161769 0.278195211741869 0.247881753009842 0.22755453980929
-9999 -9999 -9999 -9999 -9999 -9999 -9999 -9999 -9999 -9999 -9999 -9999 -9999 0.133485819074934 0.12380402547744 0.0978789432698444 0.085779864762397 0.108880250093388 0.116084957889037 0.114899722677302 0.123832882687961 0.142055430128505 0.169820856443384 0.212031794272451 0.242513732780027 0.227617224373794 0.180189555659325 0.130283150223981 0.103199875757061 0.0979351898548192 0.0969357300734777 0.0924330885647607 0.0940522620383509 0.0996529947980395 0.108359414458682 0.128700520839362 0.149843197761341 0.17814801242311 0.206571771529255 0.23971547607747 0.270844315123293 0.293271362747345 0.312009073779996 0.319293812742128 0.325268091180145 0.341262415850191 0.35521506367912 0.371697276703952 0.383296478527497 0.388496606816667 0.392016234962999 0.388068703770123 0.378902114152148 0.362903293626287 0.333646609853977 0.312513487549197
-9999 -9999 -9999 -9999 -9999 -9999 -9999 -9999 -9999 -9999 -9999 -9999 -9999 0.136160184488287 0.127008500313506 0.0806329882015953 0.0844014069046351 0.112062191360389 0.11868438190543 0.117690334933647 0.123592019507469 0.122451831691724 0.13404669162627 0.133114109029334 0.154099857577306 0.240346902238009 0.229604813100252 0.178543171418782 0.13578566531689 0.116007566189149 0.110219712542886 0.0973717658700622 0.0943735890870277 0.0990693494709444 0.101197114335659 0.11749721910838 0.134393390011426 0.162914776816246 0.192545037640689 0.23470956781041 0.275094967846325 0.30500654622751 0.331534477262666 0.346356253210303 0.350712692580915 0.350065957986317 0.374771093804718 0.393140110056442 0.407477919269254 0.424156947076143 0.437389892607693 0.440463253205906 0.437085873319668 0.425644162527044 0.396576337190586 0.381108580881781
-9999 -9999 -9999 -9999 -9999 -9999 -9999 -9999 -9999 -9999 -9999 -9999 -9999 -9999 0.128865393064827 0.11750730070077 0.0942718490302798 0.100228913211948 0.109430044028239 0.118383023129289 0.125784655135838 0.132606404317455 0.139722789673139 0.139615537882329 0.132357512611951 0.1117566550192 0.107444152651717 0.190907169061165 0.233367415870882 0.192035020716789 0.134994635262864 0.113523254044491 0.0976899698660287 0.0951624714122011 0.102475055674334 0.111275828256543 0.121139128691929 0.142663604209663 0.171804588407505 0.21455458548292 0.261480066364449 0.296816321636404 0.333806333103133 0.357720478784629 0.366227644986332 0.37981997075595 0.393652494362482 0.412031441298116 0.42473427859956 0.437996906182142 0.452411035016259 0.461222675054306 0.465342850744582 0.458642945110915 0.433293216061719 0.419506353193107
-9999 -9999 -9999 -9999 -9999 -9999 -9999 -9999 -9999 -9999 -9999 -9999 -9999 -9999 0.138173897916709 0.126624163185831 0.110862508953666 0.0831283699712646 0.0941656339083786 0.113472023819504 0.126679031706711 0.140275245377885 0.142887361082282 0.142947481245005 0.142819093303057 0.142453946123365 0.1391357892904 0.108789255547386 0.1100251590441 0.133735899527458 0.15628546556141 0.140258024677061 0.107580442822932 0.0979063275181553 0.101758205669341 0.101800438311647 0.106646473800943 0.117170972132768 0.143984881636282 0.191684568856444 0.246064009703435 0.283638862789555 0.327462082041802 0.360793399811761 0.38030642548321 0.393984296224634 0.410035682886081 0.42683413134979 0.434839484412727 0.442006070259715 0.452341444954645 0.464008330467783 0.474368823447055 0.473145241109373 0.450784793135577 0.437600061105085
-9999 -9999 -9999 -9999 -9999 -9999 -9999 -9999 -9999 -9999 -9999 -9999 -9999 -9999 -9999 0.135492572695605 0.126169886556231 0.0800455809286851 0.0745761313240842 0.106191944532197 0.131889014270902 0.140319368733314 0.142826228936547 0.142947973377498 0.14295965879552 0.142964897508 0.142953845528074 0.142905567581902 0.141700659620292 0.122993281998188 0.139470901693616 0.206333851589736 0.143759138642807 0.10882701870581 0.107878115074432 0.099578650097376 0.104724555891848 0.106352670268248 0.124022431698529 0.157915166577542 0.202880611467848 0.268111680529473 0.323445985664925 0.356515136051574 0.38282872237583 0.402082872167315 0.422133974576781 0.43820261586612 0.442789026118823 0.438288778261895 0.439482139274118 0.451812066661643 0.464885111187125 0.46849342655758 0.461171109367159 0.449668113508157
-9999 -9999 -9999 -9999 -9999 -9999 -9999 -9999 -9999 -9999 -9999 -9999 -9999 -9999 -9999 0.150228011939569 0.135304716085984 0.0958716904756907 0.0581466601769083 0.0907506207638172 0.131673131560354 0.138363057871346 0.142543546330164 0.142848231877831 0.142946499091637 0.142968083667599 0.14296756409239 0.142968346154738 0.142966550383904 0.141127397852578 0.136176502492598 0.207700828842146 0.234726693845173 0.174951036920101 0.144573866720118 0.120693151931232 0.127242265607255 0.117988072236065 0.120018650958931 0.139396054439809 0.149186138065563 0.248210183940314 0.327336349415888 0.356286752739664 0.382667894731497 0.404112533899889 0.423070353528289 0.443877479836101 0.442686478443187 0.424026903214227 0.413073927437378 0.425993542618292 0.447665029938709 0.460088066093872 0.463818139025147 0.463842085742669
-9999 -9999 -9999 -9999 -9999 -9999 -9999 -9999 -9999 -9999 -9999 -9999 -9999 -9999 -9999 0.144077030030996 0.165836131371981 0.124863749041584 0.0847100547376202 0.0598562791991682 0.0927015258614279 0.122131634088821 0.135630915563045 0.140319872439877 0.141696297837095 0.142550933115022 0.142859641378133 0.142949827304347 0.142907543758189 0.141791816766153 0.13654748230359 0.154941485493737 0.294823644758498 0.32562073690373 0.255161141716662 0.212378035157453 0.18482220249448 0.154330245029232 0.152113107107947 0.147442878348198 0.164454759546548 0.276518467092731 0.352308540383093 0.363917861847953 0.377866765665052 0.398360874247219 0.420152557233888 0.436762293819635 0.43296955144907 0.411378983941528 0.392288638741348 0.407097211257509 0.431083598004312 0.452357025968517 0.473079484722776 0.476537528611419
-9999 -9999 -9999 -9999 -9999 -9999 -9999 -9999 -9999 -9999 -9999 -9999 -9999 -9999 -9999 -9999 0.161543185447619 0.14143678257403 0.122291078069328 0.0858968968058698 0.0700753120887092 0.082265624556951 0.112295378935355 0.126739638065214 0.132032351596072 0.134119650415223 0.1393294049228 0.141774077903923 0.141716928832238 0.141282267765415 0.139825335413279 0.135229320152872 0.196651666956468 0.357775612349187 0.419109451003379 0.374741756838018 0.303711348621205 0.237340301977046 0.238429097350385 0.243003463460809 0.241820660759462 0.350442670081257 0.382709425230039 0.368073414171474 0.370542808589649 0.387610451585753 0.403920075923317 0.420974927600107 0.419636129774057 0.401197838600576 0.383920554795018 0.411859840666066 0.4415525231905 0.473008663236647 0.497497107869205 0.488288883053477
-9999 -9999 -9999 -9999 -9999 -9999 -9999 -9999 -9999 -9999 -9999 -9999 -9999 -9999 -9999 -9999 -9999 0.165628950702572 0.169091481901788 0.123996390400336 0.117817835257665 0.0670967424068586 0.0701015718447255 0.0968375657970231 0.112284924220265 0.122246688248008 0.132223976453763 0.137150844016396 0.138476420938494 0.140372065710209 0.141482633114537 0.138880780936664 0.136291616109182 0.162916326542334 0.343309142424502 0.49612951506258 0.437489336091674 0.363057078269715 0.340683688169765 0.362436437992039 0.398760740106837 0.395568071851744 0.388300409645604 0.379277621044021 0.370232882023942 0.374628522329517 0.385371241137001 0.394833376218806 0.397566492259637 0.403899571876234 0.410112904592438 0.456457082592752 0.524295597688799 0.564628518609773 0.567964731914915 0.547918413846895
-9999 -9999 -9999 -9999 -9999 -9999 -9999 -9999 -9999 -9999 -9999 -9999 -9999 -9999 -9999 -9999 -9999 -9999 -9999 0.174451950172455 0.115409690940293 0.126280068169127 0.0977718447807837 0.0762478979253062 0.0850212546185957 0.103598559412811 0.118878558972945 0.130893730365076 0.133735802341455 0.137698226956141 0.141183584444596 0.14066332763294 0.140559937376107 0.137847407091358 0.159901628174612 0.35247984989463 0.490683585300165 0.495368305843134 0.440524113222236 0.418533354834548 0.392591905664383 0.398493182434449 0.392593243126775 0.386362774556227 0.373507008737412 0.371147172248003 0.378312173933181 0.387898368565412 0.39692346920789 0.417694858407891 0.435341418501554 0.501210018356174 0.596611170684708 0.642629864449878 0.63587585879145 0.605902772822088
-9999 -9999 -9999 -9999 -9999 -9999 -9999 -9999 -9999 -9999 -9999 -9999 -9999 -9999 -9999 -9999 -9999 -9999 -9999 -9999 -9999 0.159816172605887 0.143709572677333 0.129871021896061 0.0972381946055134 0.0858018788154866 0.100337552359679 0.118606537131163 0.127433927763346 0.132155521772033 0.135220407053197 0.139466167629032 0.142036548364953 0.141628488511234 0.138177818406711 0.146674251955017 0.257452756255264 0.492367541942637 0.529771919283655 0.486297227530945 0.424272344101635 0.403783124097213 0.391115970106196 0.398406471997603 0.393425613984264 0.388072060266539 0.399293374036889 0.418470506056928 0.440141859704256 0.456700069136738 0.487765735270366 0.56490615739331 0.65099698253189 0.691824527735044 0.688293533197913 0.657031841623471
-9999 -9999 -9999 -9999 -9999 -9999 -9999 -9999 -9999 -9999 -9999 -9999 -9999 -9999 -9999 -9999 -9999 -9999 -9999 -9999 -9999 -9999 -9999 0.150977880970416 0.137286724424387 0.101333409238701 0.0802776033525604 0.0978701071618344 0.112538740599205 0.121563336068994 0.126259336907406 0.133796433115841 0.140388390930781 0.141313754205609 0.140608797996735 0.138981435870815 0.145006338204509 0.26491008374866 0.480920655991204 0.543520176157259 0.457913020450253 0.415788016838962 0.390234684718582 0.400880572273868 0.409999408505211 0.415782620396775 0.434983082058065 0.459021380071365 0.482768647984425 0.509430940126361 0.547482048909363 0.615615841947477 0.694381578488107 0.731897834948668 0.725321655872094 0.699400434852577
-9999 -9999 -9999 -9999 -9999 -9999 -9999 -9999 -9999 -9999 -9999 -9999 -9999 -9999 -9999 -9999 -9999 -9999 -9999 -9999 -9999 -9999 -9999 -9999 -9999 0.143681305813823 0.122555308531287 0.075145546179927 0.0873582100758332 0.107381550129133 0.115000885959367 0.121617481262722 0.130136840587348 0.134084935732569 0.138647838520009 0.140476433446504 0.135923487846446 0.142726322163915 0.24609614004707 0.512921875033505 0.519962056072602 0.4534749609203 0.405206896826208 0.412852069547006 0.434394798171152 0.451770166552729 0.474042023924409 0.498442401002713 0.527458805987289 0.559810843507998 0.595678630664898 0.657350728735167 0.727639599808016 0.758705752160752 0.757962992852551 0.733119787103358
-9999 -9999 -9999 -9999 -9999 -9999 -9999 -9999 -9999 -9999 -9999 -9999 -9999 -9999 -9999 -9999 -9999 -9999 -9999 -9999 -9999 -9999 -9999 -9999 -9999 0.159043590638443 0.142013977869397 0.119707219414351 0.0928198948716547 0.0985215386645559 0.106728411976974 0.113362389516524 0.116402940720398 0.117727651546497 0.124947146519816 0.132535217379053 0.127737886849553 0.12906275274631 0.164107621150696 0.40581221471451 0.581211457986868 0.533762184853976 0.476665200018834 0.460607676398037 0.476281673833269 0.50107350312011 0.524019000807594 0.550048608706553 0.579072425745978 0.619142130833646 0.660740683937769 0.70983321296275 0.761798082934173 0.784032700319919 0.77740828582703 0.755053454987906
-9999 -9999 -9999 -9999 -9999 -9999 -9999 -9999 -9999 -9999 -9999 -9999 -9999 -9999 -9999 -9999 -9999 -9999 -9999 -9999 -9999 -9999 -9999 -9999 -9999 -9999 -9999 0.133115091485721 0.124345187569506 0.115797275109216 0.123997655784797 0.120590557435653 0.121215769630746 0.113647630369374 0.105204671120339 0.0946423985624767 0.099403097844067 0.109406784652087 0.132250904863508 0.314596284973005 0.566716175525892 0.613027467413336 0.560637645731654 0.516664291392594 0.518969104355319 0.54897427254067 0.572577407933743 0.602364367343071 0.634990269982365 0.68193824693532 0.72873501522199 0.758478628221873 0.791918873047257 0.809316171852238 0.790081300185348 0.765319330473821
-9999 -9999 -9999 -9999 -9999 -9999 -9999 -9999 -9999 -9999 -9999 -9999 -9999 -9999 -9999 -9999 -9999 -9999 -9999 -9999 -9999 -9999 -9999 -9999 -9999 -9999 -9999 0.134062335708776 0.108188688569597 0.128589734838815 0.125010456998123 0.124734390563556 0.126267568848466 0.122033186060985 0.109488260632075 0.0925891456638017 0.0780226417733547 0.0860464319507339 0.112708224687598 0.254920265268917 0.52269955676351 0.66240539159604 0.627107456853644 0.567916506018173 0.560900335898219 0.589583200334998 0.615506910110713 0.651586208282717 0.68760239220521 0.732166503964349 0.77578206873438 0.805706100979845 0.815511823538667 0.806123862305759 0.799657290299556 0.787807287333664
-9999 -9999 -9999 -9999 -9999 -9999 -9999 -9999 -9999 -9999 -9999 -9999 -9999 -9999 -9999 -9999 -9999 -9999 -9999 -9999 -9999 -9999 -9999 -9999 -9999 -9999 -9999 -9999 0.0753540498849254 0.12521334471186 0.124886897961316 0.12288003075744 0.128411292135952 0.12802165489137 0.117753899333569 0.0970501362834814 0.071509121046183 0.0709148003078593 0.0935795448387571 0.217748873844477 0.490624861152565 0.683918622129428 0.643634794018441 0.574578577005716 0.587177328800826 0.607139388648442 0.640081256723869 0.676491652898941 0.717519726028191 0.76759765820663 0.808933773458207 0.837169261320862 0.816533968324654 0.798029827562221 0.823163500698642 0.8260049750025
-9999 -9999 -9999 -9999 -9999 -9999 -9999 -9999 -9999 -9999 -9999 -9999 -9999 -9999 -9999 -9999 -9999 -9999 -9999 -9999 -9999 -9999 -9999 -9999 -9999 -9999 -9999 -9999 0.0634036857859243 0.116492974704436 0.129000590043014 0.121576623342279 0.130573656264258 0.131510313128095 0.120600507577319 0.0976387492568184 0.0683273905082111 0.0622118944685487 0.0875791727549329 0.202681979808681 0.464792762255828 0.686968417126046 0.647890549566223 0.566103013274599 0.571003014076144 0.614651311995411 0.658182263689537 0.693319553966305 0.737588787655962 0.79878926236751 0.842813895398973 0.870457799024611 0.851041933027824 0.838678280573983 0.857203599076826 0.878440950862776
-9999 -9999 -9999 -9999 -9999 -9999 -9999 -9999 -9999 -9999 -9999 -9999 -9999 -9999 -9999 -9999 -9999 -9999 -9999 -9999 -9999 -9999 -9999 -9999 -9999 -9999 -9999 -9999 0.0581664961960779 0.111577173755865 0.13195054880841 0.122015658508224 0.133707420408901 0.135100690737405 0.122837470446945 0.0983539003532052 0.0681574298884063 0.0645855544508636 0.0869226329366663 0.191450982038598 0.436746346254309 0.66978038751811 0.610760129904368 0.513974073856154 0.499518573205068 0.518756483227969 0.636594344546622 0.698669339161189 0.735454646780606 0.819432427370775 0.867156545217715 0.895897642881345 0.88072938487829 0.885261986762691 0.915329102059972 0.920063573378301
-9999 -9999 -9999 -9999 -9999 -9999 -9999 -9999 -9999 -9999 -9999 -9999 -9999 -9999 -9999 -9999 -9999 -9999 -9999 -9999 -9999 -9999 -9999 -9999 -9999 -9999 -9999 -9999 0.0624069029765029 0.116009660684902 0.128312942081458 0.122278055047366 0.132899588278188 0.134113360743592 0.1228682603209 0.0959690371864506 0.0705585176679807 0.0727131602336575 0.0959196503933508 0.200217843857683 0.448657398527637 0.639498061824578 0.571371064667613 0.458936720234751 0.42442722327542 0.454437455592305 0.569905877232469 0.689416138353999 0.763664506055545 0.826334761605694 0.876026743519658 0.902057735080557 0.913153043800678 0.938665694952 0.965014922072657 0.970445501789641
-9999 -9999 -9999 -9999 -9999 -9999 -9999 -9999 -9999 -9999 -9999 -9999 -9999 -9999 -9999 -9999 -9999 -9999 -9999 -9999 -9999 -9999 -9999 -9999 -9999 -9999 -9999 -9999 0.0670279481058294 0.125314264570982 0.120257712884082 0.121578105598058 0.132706382548706 0.133869028857246 0.122328336963167 0.0989367699597716 0.0745440100379852 0.0844499255075368 0.107082436054106 0.221010415064832 0.470177475775254 0.62229013320712 0.519751811248979 0.409034262214426 0.373550044552876 0.384867548667877 0.505412187506427 0.629209459475513 0.735541926067208 0.809725175288647 0.823727401345897 0.892331819036444 0.933284946239795 0.96858459821068 0.992474187582053 0.992225652594972
