data/03_saidas_enm/CCSM_Maha_21k_B.balansae5.asc
NCOLS 154 
NROWS 168 
XLLCORNER -112 
YLLCORNER -55.5 
CELLSIZE 0.5 
NODATA_value -9999 
[rows 75 to 99 of 168, columns 56 to 111 of 154]
-9999 -9999 -9999 -9999 -9999 -9999 -9999 -9999 -9999 -9999 -9999 -84.369241678914 -123.795270822248 -131.5056311686 -109.376657117876 -78.9886675179717 -58.6437291055474 -41.0004253113149 -33.0560438383714 -41.6813155848509 -53.2459287056046 -59.2202645832417 -64.7719421634401 -68.8706772050606 -74.4165948995223 -77.2817310180826 -78.7514052745701 -77.0869716925741 -76.0288805396433 -74.5312768931724 -72.0582924624509 -68.4163420507028 -64.3472656546694 -60.147081938373 -56.1732035003038 -52.5943191753323 -47.6306032118421 -43.0209209421033 -38.1909688701569 -32.7911633057314 -28.4245213982197 -23.7728500185877 -20.0495075775397 -16.9347415563731 -14.0441871745602 -12.1723860759794 -11.6215357666023 -11.7207638255952 -12.2879603960975 -13.3520083492487 -14.6836868068276 -16.0522114828978 -17.8890849967405 -19.7552942181181 -21.2839148076039 -22.8411295186649
-9999 -9999 -9999 -9999 -9999 -9999 -9999 -9999 -9999 -9999 -9999 -74.7068794799098 -117.207425830817 -127.154123665873 -104.673302191085 -83.1466452307344 -63.9093277158519 -47.3633957333093 -38.1180604861427 -41.2286787146111 -48.5573054363586 -53.3082933801983 -58.8330120478826 -62.7045022138243 -76.45379343558 -80.6555471204969 -82.6303764964181 -81.4939982454102 -80.9330024282529 -80.5697951231487 -79.9734316662193 -75.821719685156 -71.5134184245974 -67.7019542110231 -63.8634045877266 -60.7518364971193 -55.3691012828356 -51.1390046885024 -45.9658321925693 -40.429497677212 -36.0151725871282 -30.2241264279234 -25.9368884106147 -22.2068732247289 -18.4214521474371 -16.4216459011867 -14.4442864416524 -13.3858041909775 -12.974787809663 -13.0139039948383 -13.3367866919941 -14.1460042424298 -15.3338165103227 -16.4535744689388 -17.6353948438364 -18.9690642631346
-9999 -9999 -9999 -9999 -9999 -9999 -9999 -9999 -9999 -9999 -9999 -9999 -109.548106397004 -117.422941886596 -108.433899197426 -92.4723639971644 -79.8513970021268 -74.9152782919429 -64.7476041927027 -51.1135151808157 -45.7526487854167 -44.7839240558612 -49.3553630214223 -55.5751861740481 -65.3462833616809 -77.1897954657805 -81.2696113543772 -82.7644573899003 -84.4692101955848 -87.2325316134434 -86.5981830491644 -84.5079337959985 -80.11827949138 -76.0949593873131 -72.3203693527985 -68.5241926727621 -63.5757563528239 -58.9190902682256 -53.7198439989777 -48.6025066041158 -42.8897737417305 -36.3227273010404 -30.6290235908056 -26.8276777928438 -23.8645770928036 -21.5073778689648 -19.4937056048101 -17.5189818363031 -16.1739765824016 -15.0506424535605 -14.0537964214914 -13.9055671470213 -13.9949855048918 -14.3088166948734 -15.0230273946592 -15.9042979208472
-9999 -9999 -9999 -9999 -9999 -9999 -9999 -9999 -9999 -9999 -9999 -9999 -104.2615310558 -113.613479035662 -110.574146569384 -107.787149134395 -104.808813965747 -110.538192574649 -104.577046340492 -84.8397334914883 -57.534127303169 -46.4879707519531 -42.2386821481039 -44.3979992780924 -58.3623501833201 -65.9446270897147 -76.5824019137768 -80.8828164903593 -83.4884542042302 -91.3695714338109 -90.6743318962124 -88.9189296184935 -87.484001154606 -84.1250637398948 -79.2766513716597 -75.6616279842053 -70.9946226866139 -66.885086911532 -61.2009136873671 -55.2441117952607 -49.2312994561813 -41.1286394749118 -33.0903795305018 -29.1355617768095 -27.335428889535 -26.0830579875008 -24.335809897424 -22.9110097723285 -21.1645476927814 -18.3755922867439 -16.2434352010412 -15.1487991276611 -14.4377131015886 -14.0450371062649 -14.3184974393667 -14.5976727175343
-9999 -9999 -9999 -9999 -9999 -9999 -9999 -9999 -9999 -9999 -9999 -9999 -9999 -103.748268145803 -115.67000049106 -131.058543768167 -138.748516913392 -149.471123028111 -144.33518213208 -124.69051370153 -93.7144340513125 -62.3880661897277 -38.5933581178852 -28.0910609602653 -30.9563609315994 -45.526163535286 -56.3487569981435 -68.7779110007224 -79.4922735239005 -84.0304308643812 -87.6756273551214 -89.993087620343 -90.0616557054148 -88.1503127046241 -86.4131582377209 -83.332628921058 -78.4886271383071 -74.1374937681595 -68.704903614748 -62.9126131288783 -55.7912971217866 -46.5874295092611 -37.7545656107752 -32.9533169868449 -30.763234346835 -29.7416116827492 -29.8834350478276 -29.1143911200459 -27.6042499447498 -24.5593190019201 -21.153385010169 -18.9409645199568 -17.1800711430312 -15.9124814441103 -15.4662152071364 -14.8062202905005
-9999 -9999 -9999 -9999 -9999 -9999 -9999 -9999 -9999 -9999 -9999 -9999 -9999 -74.7635696109238 -111.786246859118 -158.363742288757 -169.040464836729 -191.552785738223 -188.34958105653 -158.115414170708 -134.681534045286 -104.707929955882 -69.6560801764028 -44.8929407145927 -33.5997873763002 -26.4852106313156 -30.1421514607915 -44.213061750373 -58.7533806408133 -71.5427409368239 -78.0691815283835 -80.0735975413429 -88.337745201081 -87.4213326991091 -88.5324006258768 -88.9602230180913 -80.8934489023315 -76.9989229696302 -72.4752390539324 -67.176873736248 -62.1857152105786 -52.6669515302754 -42.0585376823839 -36.6473270168506 -33.5782508767794 -32.1051591510067 -33.8639567324388 -35.5381121384911 -34.8342079723799 -31.0623128300653 -27.6423533830967 -23.9621813809889 -21.0434491875902 -19.1235923977205 -17.9185532082226 -16.9427468117386
-9999 -9999 -9999 -9999 -9999 -9999 -9999 -9999 -9999 -9999 -9999 -9999 -9999 -9999 -97.4454644426074 -130.831484318716 -166.161003520538 -193.154930332648 -198.588700518731 -182.116647126984 -157.224805819495 -149.534985264713 -176.869263422664 -178.90833534895 -126.422175135345 -83.6606247700266 -50.0394005958457 -21.9092592069744 -23.0521086715449 -32.0774852721836 -49.6040097914084 -63.2575424554282 -73.0839758954665 -78.434752415473 -80.5555570152139 -79.1492865054743 -75.4381563756862 -71.5501420662977 -68.7136205706258 -66.5705684308663 -64.3200533922419 -57.286190986127 -49.4826000501156 -43.8308435106036 -39.1427803026589 -37.2178555106013 -38.3567652519954 -40.4427951361649 -40.4391566978824 -37.7996897015257 -34.3292399277084 -30.1533908932478 -26.2341238801563 -23.2933868320038 -21.1244952365299 -19.4831254418056
-9999 -9999 -9999 -9999 -9999 -9999 -9999 -9999 -9999 -9999 -9999 -9999 -9999 -9999 -74.8937176001692 -94.9787755843794 -146.660682776617 -183.884591389718 -204.996322440518 -198.503273428263 -188.071035645349 -216.543398994805 -343.474403833512 -407.596516319755 -324.764712333872 -284.309410934909 -184.907351751348 -91.0738323856188 -44.4325382741946 -23.4486116242515 -22.6162301207081 -35.5364073815601 -53.3646150998233 -64.5704939107839 -71.7563370453979 -69.5699279841049 -66.047865746345 -63.5297803954806 -62.592646315178 -61.8825026688103 -64.859745016843 -58.623698991607 -54.9593448330303 -50.1206183716589 -44.1080921814395 -41.4611016441864 -41.944243539336 -44.0984470119643 -44.5775428424441 -42.1788189953937 -40.8752426605773 -35.3888720695378 -30.9905156726326 -27.920985329496 -24.9219879371346 -22.4654875988757
-9999 -9999 -9999 -9999 -9999 -9999 -9999 -9999 -9999 -9999 -9999 -9999 -9999 -9999 -9999 -85.2886627969702 -124.895032645622 -176.783189488978 -217.443372851483 -224.399539691743 -239.704965503447 -254.627510595953 -328.494210361263 -395.677732889816 -434.370672170003 -482.306409383937 -432.590670648067 -384.359612811289 -252.333064205738 -97.6564177690442 -33.269462206043 -18.432291918531 -36.002474703929 -50.3914660245358 -57.0358812400974 -59.5682889190473 -61.3617626086052 -61.834457352512 -59.052569908452 -53.2591575618166 -49.6539228831617 -51.3242255314462 -55.6212678513627 -55.7969502253944 -50.4404217496541 -46.1672307914362 -44.8530031624084 -45.067711449008 -44.7715544761286 -43.4341164284597 -41.6431435839581 -37.686101868435 -34.3669088270553 -31.2053088392913 -28.1423359400291 -26.8568797476375
-9999 -9999 -9999 -9999 -9999 -9999 -9999 -9999 -9999 -9999 -9999 -9999 -9999 -9999 -9999 -72.1068462266881 -124.329119295068 -177.863295653787 -224.394018789569 -243.254103827522 -282.584535456454 -294.316870270211 -342.989471927933 -360.414469354117 -397.546739647286 -540.163191659582 -523.183967714698 -655.691340533278 -533.511798074018 -211.085687886727 -77.4243472962218 -30.1658135680179 -20.8832672565578 -33.3753121942494 -42.3876211059655 -49.559823647576 -51.7056283883464 -55.523253367703 -52.4879483932869 -41.5340480358775 -36.3788908803493 -41.8937888042712 -53.9973202513009 -60.604909561592 -56.1696162869576 -50.6064142638571 -48.9465021063109 -46.3285779699763 -45.3204463444224 -44.8186599859598 -42.2983405215259 -38.6497642872589 -35.0933710239862 -31.0890315045868 -28.0375900110913 -27.5019194168728
-9999 -9999 -9999 -9999 -9999 -9999 -9999 -9999 -9999 -9999 -9999 -9999 -9999 -9999 -9999 -76.503741286112 -110.396227604862 -169.566263221486 -216.847241076673 -228.414732973747 -258.054900599631 -282.917658270539 -317.701642521234 -331.94605847399 -333.907020387787 -343.291133269342 -355.660699202947 -401.172228998624 -354.993864446315 -230.227419679466 -135.254863544035 -66.8315771144715 -21.1369003753843 -19.4843474564595 -27.6311162514318 -35.6009206840336 -45.3625582631273 -46.7305628152318 -41.3375479228267 -32.2257523855411 -26.1035223980867 -34.1284917514423 -51.4526936584272 -62.0575336498935 -62.3680853638937 -57.1227248456921 -52.2509897967085 -48.5119402609306 -46.1530617082535 -44.8065974770427 -43.6477393198738 -36.9873557210799 -30.5747498357309 -25.8354921747815 -22.301084280364 -19.434068988277
-9999 -9999 -9999 -9999 -9999 -9999 -9999 -9999 -9999 -9999 -9999 -9999 -9999 -9999 -9999 -9999 -98.5938275499601 -159.972999738155 -195.231268189106 -201.038944777841 -233.489118716285 -259.411854635203 -300.985223139785 -316.467976181811 -314.404108076658 -327.062388765637 -314.6231832504 -332.16943422178 -288.061910674584 -228.416712552522 -174.432400511974 -107.648945133645 -46.2809206344201 -16.5324362498326 -12.1492477173406 -20.888956623645 -31.4246562603894 -38.0920738165578 -37.1783106653218 -29.2525186652854 -23.2569800139232 -34.6730374338895 -53.8272013519442 -65.2708522742852 -66.3952072106818 -61.4627595629679 -54.3676844659044 -48.967891209827 -44.5421242632935 -41.6592541547471 -40.7236094947192 -31.9862486648459 -24.2023519412867 -19.0513243854573 -15.6768172188099 -13.6550447703131
-9999 -9999 -9999 -9999 -9999 -9999 -9999 -9999 -9999 -9999 -9999 -9999 -9999 -9999 -9999 -9999 -9999 -98.3212626841969 -133.698945466414 -178.329897311823 -215.598882107163 -220.544813784095 -245.68078619336 -274.106837497732 -288.437359687907 -311.214484613451 -320.950297680733 -320.414235895344 -280.126853467306 -240.834473234821 -212.024010845028 -158.91177097046 -110.136009857617 -60.5241488489376 -18.7707574838226 -12.1989697582215 -21.6155066352409 -34.913541975178 -39.4191530388002 -39.3269496908989 -42.8521191865376 -48.7354027814736 -58.4425466767252 -63.5423229263664 -63.8740223218803 -59.2462622805935 -53.3505952420975 -46.3881238173154 -40.4047987008846 -35.1108908100032 -29.1321223581919 -24.0040336217232 -18.379632089205 -14.7192645640935 -12.2720945348391 -11.0090183011159
-9999 -9999 -9999 -9999 -9999 -9999 -9999 -9999 -9999 -9999 -9999 -9999 -9999 -9999 -9999 -9999 -9999 -9999 -9999 -137.333398684104 -196.938443126044 -182.596590931081 -184.306011386208 -215.641598272695 -248.68917623669 -282.097872899211 -311.588908724646 -333.761997472326 -294.338808594014 -249.016636560206 -230.086399873286 -196.545046745706 -181.03143113485 -132.919397004415 -61.9565617183041 -19.7803117471887 -8.80962130657062 -20.1711936579843 -33.8561401492864 -43.2018063968145 -58.7560532489271 -55.8294241150689 -58.6393703454315 -60.507318801622 -58.7632686484571 -56.3446414031765 -52.2620275187576 -45.0004500343325 -38.0860061081382 -30.6553661848858 -23.7919757109642 -19.1308288318711 -14.9268104803886 -12.1502755426277 -10.5408462088275 -9.72425644311763
-9999 -9999 -9999 -9999 -9999 -9999 -9999 -9999 -9999 -9999 -9999 -9999 -9999 -9999 -9999 -9999 -9999 -9999 -9999 -9999 -9999 -127.537344008319 -150.197754932779 -168.281490934871 -196.295904876366 -242.492972566923 -281.219201151627 -312.277242462128 -304.801233978331 -264.310822762226 -236.353368506166 -215.138172009874 -229.459277861574 -210.328197958658 -131.905339220926 -72.6018307200609 -35.466400956228 -11.1995944080533 -19.4910102312722 -31.2481860872845 -41.9153388456867 -48.0951648014375 -53.9969031995457 -51.4779196026112 -53.2761893995422 -52.5391036366126 -48.7840533024487 -44.8486460393331 -37.6872482391992 -27.9219953919062 -20.9454746258259 -16.2748247522058 -12.7198049154592 -10.8123514671477 -9.39126628199841 -9.20337936374619
-9999 -9999 -9999 -9999 -9999 -9999 -9999 -9999 -9999 -9999 -9999 -9999 -9999 -9999 -9999 -9999 -9999 -9999 -9999 -9999 -9999 -9999 -9999 -125.313089566295 -152.202047152899 -181.333806310872 -229.727826837001 -281.426958992224 -298.734003871809 -285.023354961151 -255.469474157349 -222.241190705345 -219.303865245524 -212.189406871732 -184.526378953382 -142.592728374106 -71.2315049161119 -34.1913768556945 -11.5865430275677 -14.2241879564267 -29.2269216306404 -38.5454467741627 -45.2223139272935 -45.4038571390178 -45.5311296645263 -45.8033807114251 -43.4689168435822 -39.8617482562286 -34.1353437884131 -25.4319930530042 -19.047582933782 -14.5942311182477 -10.8935102056917 -8.81619086332538 -8.46806799699974 -8.0748075949558
-9999 -9999 -9999 -9999 -9999 -9999 -9999 -9999 -9999 -9999 -9999 -9999 -9999 -9999 -9999 -9999 -9999 -9999 -9999 -9999 -9999 -9999 -9999 -9999 -9999 -133.426893292161 -182.359644759667 -229.732769040057 -274.211252619987 -293.022152695366 -269.93296629715 -239.112181392932 -228.813050066817 -207.111997093084 -186.70266556482 -183.207298407437 -119.864045258576 -68.0617951349842 -31.2732647966007 -13.237175512642 -22.0184484290916 -30.8423799053118 -38.0507753293723 -36.7671926387905 -38.1154137258259 -37.8830696336115 -36.6550840206302 -32.6989344308019 -28.262558488961 -22.8649304989228 -16.4964878249446 -12.7759615372505 -10.0920451734171 -7.87651220338313 -5.84356535691269 -5.39471540238431
-9999 -9999 -9999 -9999 -9999 -9999 -9999 -9999 -9999 -9999 -9999 -9999 -9999 -9999 -9999 -9999 -9999 -9999 -9999 -9999 -9999 -9999 -9999 -9999 -9999 -110.085077352008 -164.529771033615 -201.225709006268 -253.609234353089 -297.208207238012 -303.314383036546 -294.54723904045 -271.686940976736 -227.496074548529 -190.816516668075 -170.809776273565 -128.403285524379 -90.9675990104245 -49.176951984114 -22.6453573251307 -20.1020528311998 -24.820018062582 -27.7584552625203 -24.2232057432777 -26.5098770842741 -29.1630635102001 -30.7891043957511 -28.70508773742 -25.5945076571551 -19.7971103133666 -14.8224970524108 -11.8815935778212 -8.90488823583905 -6.39084473483678 -4.44675338728897 -4.0321052037655
-9999 -9999 -9999 -9999 -9999 -9999 -9999 -9999 -9999 -9999 -9999 -9999 -9999 -9999 -9999 -9999 -9999 -9999 -9999 -9999 -9999 -9999 -9999 -9999 -9999 -9999 -9999 -193.089565410188 -243.929051465742 -305.474727449354 -363.692152143468 -348.830950472434 -331.623633575988 -281.245930872833 -228.646998273634 -195.605656958592 -142.887147389778 -107.291189183817 -64.4922476261155 -34.7953463007199 -25.1981313387887 -22.9167617036751 -17.5841896098357 -14.1471816402509 -18.2046278953771 -21.4127069554659 -22.5146236558461 -24.8180495546797 -23.0999205803602 -17.6444357799405 -13.992146235203 -10.8004007688204 -7.7828667293383 -5.11483921679903 -3.5444929203738 -3.67390297001542
-9999 -9999 -9999 -9999 -9999 -9999 -9999 -9999 -9999 -9999 -9999 -9999 -9999 -9999 -9999 -9999 -9999 -9999 -9999 -9999 -9999 -9999 -9999 -9999 -9999 -9999 -9999 -214.423753165222 -267.734992302926 -313.993342587043 -353.115618372574 -367.890467835714 -356.578564006281 -324.408789372894 -284.209054002933 -239.037256458436 -170.337988546154 -125.711571253104 -80.267865773972 -45.1457589915248 -28.227910078301 -23.6570398361826 -20.3331659081546 -16.0531781487779 -15.1426533135483 -14.6435710640414 -15.4191992754629 -17.7496990770763 -16.9622549314497 -14.4003608135951 -11.3396602451961 -7.69737715787999 -4.95958741884936 -3.73318765455786 -3.03864780937524 -2.95764691732663
-9999 -9999 -9999 -9999 -9999 -9999 -9999 -9999 -9999 -9999 -9999 -9999 -9999 -9999 -9999 -9999 -9999 -9999 -9999 -9999 -9999 -9999 -9999 -9999 -9999 -9999 -9999 -9999 -306.244887098442 -314.562241067453 -329.074461972283 -341.706361912228 -339.859392626874 -325.289478040891 -306.186862243988 -267.409562096636 -193.3633276142 -142.131915912378 -94.41661759825 -54.3208670508642 -32.2910020793312 -25.3689014513596 -28.7424602534929 -23.4025985522298 -17.5145973763623 -9.8037960851548 -11.2429160419217 -12.3624715925683 -11.4174220352313 -10.4242687150724 -8.93700002126592 -5.27922019554379 -2.53390002944222 -1.79799969197366 -1.69101223539469 -2.10445951180924
-9999 -9999 -9999 -9999 -9999 -9999 -9999 -9999 -9999 -9999 -9999 -9999 -9999 -9999 -9999 -9999 -9999 -9999 -9999 -9999 -9999 -9999 -9999 -9999 -9999 -9999 -9999 -9999 -328.346795735692 -327.708668386281 -315.360398906241 -310.74592586112 -301.073927380344 -296.241585367484 -297.502499619007 -265.373010712073 -204.002278584219 -150.791458995342 -100.276699033493 -59.3446136982122 -35.808077982288 -28.6911920210345 -30.7453415350135 -28.3256416307665 -23.0348320556069 -17.681149806908 -12.0510989418819 -8.41294474957032 -6.89118007059442 -6.88319660410773 -6.50130679864883 -3.77559645147439 -1.81931793613129 -1.03911354614339 -1.0355410012203 -1.82320705818383
-9999 -9999 -9999 -9999 -9999 -9999 -9999 -9999 -9999 -9999 -9999 -9999 -9999 -9999 -9999 -9999 -9999 -9999 -9999 -9999 -9999 -9999 -9999 -9999 -9999 -9999 -9999 -9999 -332.496911309777 -315.736607807455 -317.677604897132 -290.917953031512 -264.144621268211 -267.138816856729 -291.719207193234 -268.186092042274 -204.14103921337 -152.067741701794 -99.4669313552926 -61.12488442776 -39.1890088020482 -28.3446345557109 -33.2150453453819 -34.462157255902 -31.5348002247255 -28.1939705556463 -15.3099769615747 -6.57693331725571 -4.56733991543452 -5.06507815549191 -6.52439067832488 -2.94137324006906 -1.27734885681013 -0.553367255319184 -0.746745851480106 -1.57759846213624
-9999 -9999 -9999 -9999 -9999 -9999 -9999 -9999 -9999 -9999 -9999 -9999 -9999 -9999 -9999 -9999 -9999 -9999 -9999 -9999 -9999 -9999 -9999 -9999 -9999 -9999 -9999 -9999 -311.426054672689 -291.248567305356 -267.76577704604 -276.852205607214 -267.656096259692 -276.277826404772 -293.014179607934 -265.06099949769 -203.285792394853 -142.1242493486 -90.5958925024951 -53.6367546781571 -35.0272394293333 -27.6402382341265 -32.8428399697635 -37.0796384387816 -37.6697654685537 -33.4354608891759 -20.963518560607 -11.7153783557491 -6.48236281446882 -4.083179802389 -2.78817991473754 -1.86379522020595 -1.10032361447137 -0.520296965206176 -0.758697094041666 -1.12333723961706
-9999 -9999 -9999 -9999 -9999 -9999 -9999 -9999 -9999 -9999 -9999 -9999 -9999 -9999 -9999 -9999 -9999 -9999 -9999 -9999 -9999 -9999 -9999 -9999 -9999 -9999 -9999 -9999 -291.22006736817 -250.725491951433 -231.813269465515 -261.770012027774 -276.694044665497 -293.862300580192 -305.42265886033 -282.78945424454 -197.080838156869 -130.192871877167 -80.2986491200048 -44.0222759462307 -29.4927404149608 -24.5835950236758 -32.2230076560362 -37.9774030254546 -40.794210920015 -38.0869385767978 -25.5347852467673 -16.1865037062736 -8.99800644234063 -2.77052646860021 -0.932154192882239 -1.02113617343606 -1.27947862833329 -0.889509211226787 -1.17395339495439 -1.04358223188894
