data/03_saidas_enm/CCSM_Maxent_21k_B.balansae4.asc
NCOLS 154 
NROWS 168 
XLLCORNER -112 
YLLCORNER -55.5 
CELLSIZE 0.5 
NODATA_value -9999 
[rows 50 to 74 of 168, columns 56 to 111 of 154]
-9999 -9999 -9999 -9999 -9999 -9999 -9999 -9999 -9999 -9999 -9999 -9999 -9999 0.000216247455682606 0.000187193843885325 0.00149472081102431 0.00810578372329473 0.0228120926767588 0.0423857644200325 0.0540946125984192 0.0489085987210274 0.0551977269351482 0.0647148787975311 0.0653109028935432 0.0411062389612198 0.0247859135270119 0.0140885012224317 0.00812271144241095 0.00597331067547202 0.00456650462001562 0.00379495555534959 0.00441742828115821 0.00561364460736513 0.00723023805767298 0.0127362972125411 0.0341203808784485 0.0609256215393543 0.116449005901814 0.1548191010952 0.179434195160866 0.263514488935471 0.220998898148537 0.232843294739723 0.22202342748642 0.186845377087593 0.184505075216293 0.128718510270119 0.112325981259346 0.09691421687603 0.0827451199293137 0.0871305614709854 0.0752454102039337 0.0738335400819778 0.0792559459805489 0.0914824530482292 0.100784741342068
-9999 -9999 -9999 -9999 -9999 -9999 -9999 -9999 -9999 -9999 -9999 -9999 -9999 0.000189998259884305 0.000228035103646107 0.00261441618204117 0.010344578884542 0.0234560314565897 0.0373716577887535 0.0477354153990746 0.0473483167588711 0.0502477176487446 0.0561904683709145 0.0548467300832272 0.0392163395881653 0.0269427914172411 0.0152850579470396 0.00733252661302686 0.00385084864683449 0.00281781726516783 0.00242562731727958 0.00313934404402971 0.00434825476258993 0.00662735989317298 0.0166626628488302 0.0369749814271927 0.0658964216709137 0.113056160509586 0.150177359580994 0.176903814077377 0.214553043246269 0.211770310997963 0.215014755725861 0.206263110041618 0.185279279947281 0.172822937369347 0.139706537127495 0.127753049135208 0.110380597412586 0.0888852700591087 0.0807701796293259 0.0744698345661163 0.0725976228713989 0.0767340138554573 0.0883326828479767 0.101746864616871
-9999 -9999 -9999 -9999 -9999 -9999 -9999 -9999 -9999 -9999 -9999 0.000271633034572005 0.00027339076041244 0.000304534478345886 0.000652784248813987 0.003965700045228 0.010295083746314 0.0225472263991833 0.0354029200971127 0.0446351543068886 0.0451979041099548 0.0494599491357803 0.0490638762712479 0.0458891056478024 0.0361455157399178 0.0261548347771168 0.0166658423841 0.00770238367840648 0.0042431359179318 0.00229080324061215 0.00149192998651415 0.00258960644714534 0.00514689367264509 0.0110334390774369 0.0260884687304497 0.0441798157989979 0.0669493451714516 0.102923698723316 0.126538932323456 0.144384413957596 0.16197170317173 0.160852983593941 0.165781736373901 0.159147173166275 0.142812043428421 0.147770971059799 0.117392905056477 0.115311995148659 0.103438153862953 0.0824124068021774 0.0742200016975403 0.0729567781090736 0.0732271522283554 0.0784045159816742 0.091345302760601 0.0954530164599419
-9999 -9999 -9999 -9999 -9999 -9999 -9999 -9999 -9999 -9999 0.000482990610180423 0.000428874569479376 0.000979836913757026 0.0011227106442675 0.000895097851753235 0.00248189945705235 0.00804806407541037 0.0166551079601049 0.0246091205626726 0.0316083617508411 0.0387683026492596 0.0391746647655964 0.0376636311411858 0.0319736786186695 0.0249323379248381 0.0177093055099249 0.0100766457617283 0.00523339211940765 0.00278969877399504 0.00152024964336306 0.00130271294619888 0.00240636826492846 0.00597495911642909 0.0138528756797314 0.0310024041682482 0.0516373962163925 0.0715535134077072 0.0936367809772491 0.108570322394371 0.117705263197422 0.124212443828583 0.124160245060921 0.123299516737461 0.116141334176064 0.102028697729111 0.0933598130941391 0.086084671318531 0.0826199352741241 0.0775772929191589 0.0705266818404198 0.0697649419307709 0.0676633939146996 0.0730942711234093 0.0784283652901649 0.0842266455292702 0.0811151266098022
-9999 -9999 -9999 -9999 -9999 -9999 -9999 -9999 -9999 -9999 0.00134415761567652 0.00302114454098046 0.00541301863268018 0.00349124753847718 0.00186857546214014 0.00124572718050331 0.00397629663348198 0.0108197350054979 0.0174313727766275 0.0220414195209742 0.0257556419819593 0.0225407555699348 0.0216827355325222 0.0181586239486933 0.0123176695778966 0.00897441990673542 0.00456078769639134 0.00221464363858104 0.00120916229207069 0.000752475752960891 0.000662553298752755 0.00152076384983957 0.00476440833881497 0.0119868954643607 0.0292750876396894 0.0551528073847294 0.0742244496941566 0.0901494175195694 0.099911592900753 0.103136897087097 0.103581547737122 0.104116231203079 0.0980044975876808 0.0906120762228966 0.0797551274299622 0.0712579563260078 0.0660006031394005 0.065409891307354 0.0638711079955101 0.0629812404513359 0.0641582682728767 0.0651827082037926 0.0705431327223778 0.067242793738842 0.060930922627449 0.0573251359164715
-9999 -9999 -9999 -9999 -9999 -9999 -9999 -9999 0.00108624738641083 0.00204755202867091 0.00624970905482769 0.00813576206564903 0.0115917026996613 0.0087194237858057 0.00323923560790718 0.0012942849425599 0.00237271748483181 0.00699445931240916 0.011189361102879 0.0119918147101998 0.0135747268795967 0.0123092588037252 0.0103780776262283 0.00855991337448359 0.00572594907134771 0.00326074985787272 0.00170756550505757 0.000975486531388015 0.000857123057357967 0.000801947433501482 0.000755082874093205 0.0012439755955711 0.00364874233491719 0.0106173334643245 0.0247860960662365 0.0463733822107315 0.0690983161330223 0.0883242338895798 0.0944356024265289 0.0940701961517334 0.0916325375437737 0.0897878035902977 0.0869684517383575 0.0797447115182877 0.070713073015213 0.0652786046266556 0.0618212856352329 0.0605452954769135 0.0604956410825253 0.0589008256793022 0.0599557012319565 0.0590747855603695 0.0538950301706791 0.0503688864409924 0.0441580154001713 0.0387638173997402
-9999 -9999 -9999 -9999 -9999 -9999 -9999 -9999 0.00194809376262128 0.00759288622066379 0.0177397299557924 0.0216662269085646 0.0199912246316671 0.0112248798832297 0.00559750804677606 0.00266695534810424 0.00255576497875154 0.00431147031486034 0.00637831725180149 0.00678331591188908 0.00586847402155399 0.00494332751259208 0.00485523464158177 0.00359693891368806 0.00181707984302193 0.00103148305788636 0.000993749592453241 0.000939623918384314 0.000913322437554598 0.000870001444127411 0.000868954695761204 0.00094744103262201 0.00321559817530215 0.00865834392607212 0.0219064876437187 0.0386095307767391 0.0545354187488556 0.0740686655044556 0.0829904302954674 0.0890180319547653 0.0872390046715736 0.0845787674188614 0.0783505588769913 0.0732620134949684 0.0644898265600204 0.058273758739233 0.0541265569627285 0.0501901619136333 0.0487493090331554 0.0419053994119167 0.0386236943304539 0.0387002229690552 0.0413998514413834 0.0456630997359753 0.0458171330392361 0.0411386154592037
-9999 -9999 -9999 -9999 -9999 -9999 -9999 0.00193460495211184 0.00507863238453865 0.0133956344798207 0.0267249997705221 0.0243346150964499 0.0181000344455242 0.0135254226624966 0.00971472077071667 0.00538864359259605 0.00537907099351287 0.00518865464255214 0.00633435836061835 0.00371652259491384 0.00243466068059206 0.00201693992130458 0.00169408100191504 0.00121989648323506 0.00108231359627098 0.00104228511918336 0.00100584840402007 0.00100471277255565 0.000960552890319377 0.00097486365120858 0.000989921274594963 0.00103935948573053 0.00282674725167453 0.00760346371680498 0.0173236541450024 0.028923537582159 0.0424453504383564 0.0553247481584549 0.0625731870532036 0.0616474486887455 0.0603534169495106 0.0557200722396374 0.046953558921814 0.0436397045850754 0.0377525761723518 0.0354149080812931 0.032066784799099 0.0269180350005627 0.0268485080450773 0.0231366865336895 0.0223338790237904 0.0231043845415115 0.0248845126479864 0.0289727579802275 0.0358584895730019 0.0375490263104439
-9999 -9999 -9999 -9999 -9999 -9999 -9999 0.00429604155942798 0.0104068145155907 0.0251405350863934 0.0331343375146389 0.0242382511496544 0.0181955248117447 0.0155221130698919 0.0155927836894989 0.0136262243613601 0.0123671581968665 0.0110541293397546 0.00989372655749321 0.00701996497809887 0.00436938460916281 0.0028800021391362 0.0019566451665014 0.00191921426448971 0.00182551750913262 0.0015991727123037 0.00158147979527712 0.00137239845935255 0.00140777218621224 0.00155257619917393 0.00149084185250103 0.00150575872976333 0.00286549027077854 0.00656317686662078 0.0134791238233447 0.0220563728362322 0.0308523159474134 0.0395147018134594 0.0414472706615925 0.0389741100370884 0.0360737405717373 0.0301381107419729 0.0271679330617189 0.0233478266745806 0.0188681203871965 0.0163176655769348 0.0131380818784237 0.0127639845013618 0.012064560316503 0.00960058346390724 0.00898774620145559 0.00967180356383324 0.0127493729814887 0.0162327345460653 0.0204128213226795 0.02610376290977
-9999 -9999 -9999 -9999 -9999 -9999 0.00708294194191694 0.010152880102396 0.0210758503526449 0.0359031781554222 0.0352326072752476 0.024848110973835 0.0177509542554617 0.0166319571435452 0.0190236866474152 0.020455801859498 0.0214175563305616 0.0189205314964056 0.0180837046355009 0.0122263319790363 0.00753678241744637 0.00583368260413408 0.00450138188898563 0.00428393809124827 0.00390374520793557 0.00370661425404251 0.00352130667306483 0.00382116134278476 0.00377898686565459 0.0034957102034241 0.00372462556697428 0.00340678659267724 0.00343427294865251 0.00635976018384099 0.0112899634987116 0.0169464237987995 0.0211966969072819 0.0249114129692316 0.0260127503424883 0.0234784036874771 0.0205473378300667 0.0177584253251553 0.013106414116919 0.0115759186446667 0.00840885099023581 0.00689236307516694 0.00588073814287782 0.00405315356329083 0.00380850443616509 0.00302758021280169 0.00359269534237683 0.00444772047922015 0.00666014198213816 0.00882965046912432 0.0109656788408756 0.015451192855835
-9999 -9999 -9999 -9999 -9999 -9999 0.0142822219058871 0.0193689055740833 0.0306884292513132 0.043975830078125 0.042421355843544 0.0278056357055902 0.0200744047760963 0.0185903031378984 0.0219040885567665 0.0257498417049646 0.0276354439556599 0.0270090494304895 0.026610566303134 0.020903505384922 0.014921497553587 0.0117673333734274 0.00942746829241514 0.00935870222747326 0.00923724379390478 0.00863256305456161 0.00885744392871857 0.00880490522831678 0.00886213593184948 0.00897790212184191 0.00854627508670092 0.00846378039568663 0.00792196579277515 0.00735739339143038 0.00857566855847836 0.0120474817231297 0.0143203735351562 0.0157273728400469 0.0154033759608865 0.0130857657641172 0.0109676839783788 0.00784914009273052 0.00580868823453784 0.00470212940126657 0.0029691110830754 0.0030653087887913 0.00347596104256809 0.00413591461256146 0.00532130245119333 0.00644475454464555 0.00736795598641038 0.00924833957105875 0.0117518650367856 0.0143213840201497 0.0175240952521563 0.0203657690435648
-9999 -9999 -9999 -9999 -9999 -9999 0.0234042666852474 0.0266414452344179 0.0339047387242317 0.0495798252522945 0.0561798252165318 0.0349316820502281 0.0233076196163893 0.0224064234644175 0.0271996464580297 0.0321073979139328 0.0333126857876778 0.0325469747185707 0.0330586619675159 0.0301385335624218 0.0225433874875307 0.0195665117353201 0.0167569648474455 0.0166092775762081 0.0157378707081079 0.0156873129308224 0.0150626637041569 0.0157978292554617 0.0156319122761488 0.0149446418508887 0.0153139717876911 0.0140265822410583 0.0140334917232394 0.01284493599087 0.0107307275757194 0.0102571863681078 0.0100446417927742 0.0100770723074675 0.00961195025593042 0.00745373172685504 0.00571322301402688 0.00485309353098273 0.00465940358117223 0.00509504647925496 0.00491103902459145 0.00603381916880608 0.00663708476349711 0.00774777494370937 0.00947970617562532 0.0104354321956635 0.0132938986644149 0.0145104248076677 0.0178304668515921 0.0211597736924887 0.02370117418468 0.0270578488707542
-9999 -9999 -9999 -9999 -9999 -9999 -9999 0.0304239857941866 0.0349420793354511 0.0526641830801964 0.0707514956593513 0.044028028845787 0.0282738283276558 0.0278343092650175 0.0327118411660194 0.039113488048315 0.040866132825613 0.0397831499576569 0.040416207164526 0.0394328944385052 0.0349485725164413 0.0308245923370123 0.0276235938072205 0.0272498596459627 0.027309600263834 0.0268325265496969 0.0272218454629183 0.0269064325839281 0.0266984179615974 0.0266664624214172 0.0257181748747826 0.0253183487802744 0.0239513218402863 0.0223360117524862 0.0202523432672024 0.0177955105900764 0.0155584253370762 0.0133447665721178 0.0124292839318514 0.01092429459095 0.00976419541984797 0.00890819169580936 0.00860261172056198 0.00950139574706554 0.00972835347056389 0.0106249181553721 0.0116996495053172 0.0132324956357479 0.016018483787775 0.0179487839341164 0.0210719034075737 0.0242521651089191 0.0285059213638306 0.0316151306033134 0.0353891775012016 0.0376599840819836
-9999 -9999 -9999 -9999 -9999 -9999 -9999 -9999 0.0333411991596222 0.0559288002550602 0.0921276211738586 0.0559841394424438 0.0338176265358925 0.0334965921938419 0.036883756518364 0.0426889173686504 0.0468568056821823 0.0481934174895287 0.047896534204483 0.0464787110686302 0.0413833782076836 0.0382416807115078 0.0357565470039845 0.0352518446743488 0.0354367904365063 0.03624527156353 0.0375528000295162 0.0394252724945545 0.0389995947480202 0.0376452393829823 0.036480650305748 0.0340769402682781 0.0322334952652454 0.0315432175993919 0.0287554394453764 0.0264399778097868 0.0233755204826593 0.02070651948452 0.0193754900246859 0.0167127344757318 0.0159584004431963 0.0149883450940251 0.0144324190914631 0.0156383570283651 0.0154665848240256 0.0176185704767704 0.0189386289566755 0.0209304410964251 0.0239599756896496 0.0259131658822298 0.0293147377669811 0.031426090747118 0.0340562984347343 0.038243256509304 0.042991291731596 0.0468720979988575
-9999 -9999 -9999 -9999 -9999 -9999 0.0472382791340351 0.0275065433233976 0.0346638076007366 0.0585842095315456 0.077381432056427 0.054762851446867 0.0418063811957836 0.0415987446904182 0.0440471135079861 0.0496230535209179 0.0522135719656944 0.0537809059023857 0.0547806546092033 0.0542442537844181 0.0519612990319729 0.0482391826808453 0.0457615591585636 0.0455860868096352 0.0466998368501663 0.047638077288866 0.0503278523683548 0.0492840334773064 0.0457820631563663 0.0443735979497433 0.0423367209732533 0.0407835580408573 0.038749236613512 0.0387746058404446 0.0391800962388515 0.0387888625264168 0.0349874794483185 0.0313118472695351 0.0298516526818275 0.0269023440778255 0.0250255707651377 0.0232577510178089 0.0226626116782427 0.024523638188839 0.0248632840812206 0.0263456832617521 0.028277974575758 0.0305604208260775 0.0315228961408138 0.0315233133733273 0.0318678915500641 0.0336733683943748 0.0362915098667145 0.0394942983984947 0.0427335500717163 0.0456838868558407
-9999 -9999 -9999 -9999 -9999 0.108075581490993 0.0494844652712345 0.0314306281507015 0.0452942028641701 0.0613509938120842 0.0699745938181877 0.0557085573673248 0.052166223526001 0.0517535805702209 0.0489810258150101 0.0571503974497318 0.0591963790357113 0.0578158460557461 0.0591147728264332 0.0574453212320805 0.0579205378890038 0.0579347871243954 0.0559740476310253 0.0560129508376122 0.0570103414356709 0.0586880184710026 0.0593044012784958 0.0566681809723377 0.0530316717922688 0.0437794364988804 0.0427557863295078 0.0420045405626297 0.040367353707552 0.0416820719838142 0.0439992547035217 0.0450108721852303 0.0463708005845547 0.0445089787244797 0.0427949093282223 0.0373695231974125 0.0368086025118828 0.0359199196100235 0.0344043374061584 0.0361633524298668 0.0346974395215511 0.0366144925355911 0.0357701480388641 0.0336078517138958 0.0337943769991398 0.0334214195609093 0.0342121385037899 0.036448884755373 0.0387690216302872 0.0416357666254044 0.0441009551286697 0.0453423857688904
-9999 -9999 -9999 -9999 -9999 0.115261107683182 0.0612427406013012 0.0366993770003319 0.0452908612787724 0.0601682364940643 0.0569200552999973 0.0492395535111427 0.0520864985883236 0.0576429888606071 0.0623934417963028 0.063822902739048 0.0582686588168144 0.0554336942732334 0.0572736784815788 0.0583307035267353 0.0602096803486347 0.0625056102871895 0.0656459033489227 0.0659762322902679 0.0672225505113602 0.0663021355867386 0.0637444257736206 0.0611699670553207 0.0563389882445335 0.0497033558785915 0.0443427637219429 0.0411498732864857 0.0407086722552776 0.0415499657392502 0.0442142300307751 0.0470063239336014 0.0517219118773937 0.0538990497589111 0.0560743995010853 0.0533549152314663 0.0506556071341038 0.0478933863341808 0.0464871264994144 0.0445123314857483 0.0420706644654274 0.0398127175867558 0.0383243411779404 0.0370130985975266 0.0368661321699619 0.0369727909564972 0.0372890904545784 0.0390708483755589 0.041121207177639 0.0433239154517651 0.0454520471394062 0.0469256825745106
-9999 -9999 -9999 -9999 -9999 -9999 0.0896649062633514 0.052234522998333 0.0522750653326511 0.0565323159098625 0.0407154075801373 0.0413808636367321 0.0503106787800789 0.0598457828164101 0.0612665116786957 0.0661815404891968 0.0599055178463459 0.0513939522206783 0.0507337599992752 0.0533399172127247 0.0577695146203041 0.0629901513457298 0.0656874775886536 0.0676217973232269 0.0689385235309601 0.0685233920812607 0.0670411661267281 0.0631060376763344 0.0598088838160038 0.0546274222433567 0.0510936602950096 0.0484241507947445 0.0453385598957539 0.0458150580525398 0.0468061491847038 0.0495628044009209 0.0552609264850616 0.0612233057618141 0.0660574212670326 0.0644994974136353 0.0592908672988415 0.05573670566082 0.0513175651431084 0.0490188263356686 0.0462635159492493 0.044028639793396 0.043020885437727 0.0413690656423569 0.0411037467420101 0.0403892546892166 0.0404792726039886 0.0420246683061123 0.0435758791863918 0.0454891920089722 0.0477120652794838 0.048773717135191
-9999 -9999 -9999 -9999 -9999 -9999 0.146451264619827 0.094993844628334 0.0788297206163406 0.054726630449295 0.0394156165421009 0.0391041748225689 0.0460135899484158 0.0534730702638626 0.0579713433980942 0.0531147532165051 0.0520455725491047 0.0441960394382477 0.0453316867351532 0.0493898019194603 0.0560739859938622 0.0595567114651203 0.0611265748739243 0.0626169517636299 0.0665284618735313 0.0683125630021095 0.0652127340435982 0.0615182034671307 0.0594754815101624 0.0573181845247746 0.0558658987283707 0.0536699891090393 0.0525059774518013 0.0541413649916649 0.0568151213228703 0.0613001808524132 0.0680784061551094 0.0738365948200226 0.0794700458645821 0.0738078430294991 0.0682978257536888 0.0636781603097916 0.0592834167182446 0.0567629709839821 0.054073691368103 0.0515217669308186 0.0498816184699535 0.0481410622596741 0.0467319339513779 0.0450112968683243 0.0438862256705761 0.0452141351997852 0.0468423068523407 0.0481771193444729 0.0495417751371861 0.0493770316243172
-9999 -9999 -9999 -9999 -9999 -9999 0.239354759454727 0.145616576075554 0.11116573959589 0.0635489746928215 0.0416932739317417 0.0424387343227863 0.0483158342540264 0.0544213689863682 0.0570149384438992 0.0528955645859241 0.0443648882210255 0.0392681956291199 0.0406490378081799 0.0447920970618725 0.0523651652038097 0.054062258452177 0.0519392006099224 0.0536355301737785 0.0591395981609821 0.0635387599468231 0.0618301518261433 0.058382011950016 0.0587297603487968 0.0588480457663536 0.059565044939518 0.060220692306757 0.0588548146188259 0.0620140321552753 0.0672055408358574 0.0727425813674927 0.0821162164211273 0.0867447704076767 0.0913271754980087 0.0847009718418121 0.0795429870486259 0.0754394680261612 0.0704324916005135 0.0675707906484604 0.064159482717514 0.0617067404091358 0.0601930730044842 0.0571223087608814 0.05467689037323 0.0512258559465408 0.0485270507633686 0.049970418214798 0.0513893328607082 0.0520488657057285 0.0524238906800747 0.0506125465035439
-9999 -9999 -9999 -9999 -9999 -9999 -9999 -9999 0.119946449995041 0.0760850459337234 0.0581158995628357 0.052273515611887 0.057995930314064 0.06225411221385 0.0644377171993256 0.053099948912859 0.0408580787479877 0.0371095091104507 0.0408331900835037 0.0431199222803116 0.0494977235794067 0.0498690791428089 0.0447023883461952 0.0450151041150093 0.0516327880322933 0.0567819662392139 0.0571271702647209 0.0547128804028034 0.0553784482181072 0.0580637492239475 0.0603232532739639 0.0617400482296944 0.0626333951950073 0.0666990131139755 0.0726564824581146 0.0797427296638489 0.0896463915705681 0.0965860784053802 0.103875711560249 0.0996638014912605 0.0948734953999519 0.0897600948810577 0.0854540690779686 0.0823557078838348 0.0788751244544983 0.0755384415388107 0.0726775601506233 0.069310151040554 0.0645564049482346 0.0586321353912354 0.055466141551733 0.0547392182052135 0.0563375391066074 0.0559218041598797 0.053898673504591 0.0520910583436489
-9999 -9999 -9999 -9999 -9999 -9999 -9999 -9999 0.151829808950424 0.0779778733849525 0.0658608973026276 0.0650411322712898 0.0720882043242455 0.0761978998780251 0.0767134055495262 0.0642147809267044 0.0457120090723038 0.042434174567461 0.0455266050994396 0.0431820675730705 0.0479144379496574 0.0452554635703564 0.0392129048705101 0.0392481051385403 0.0458351075649261 0.0517304912209511 0.0519110932946205 0.0502985045313835 0.0522147044539452 0.0559413656592369 0.0594501532614231 0.0633309036493301 0.0646370500326157 0.0701071098446846 0.0778424069285393 0.0855522602796555 0.0962673053145409 0.104810558259487 0.113061532378197 0.115520566701889 0.112609386444092 0.108709186315536 0.104281179606915 0.10113900154829 0.097412995994091 0.0934296995401382 0.0894497707486153 0.0836710259318352 0.0761066153645515 0.0676611885428429 0.0612719506025314 0.0584098435938358 0.0582504943013191 0.0573672950267792 0.055844359099865 0.054539792239666
-9999 -9999 -9999 -9999 -9999 -9999 -9999 -9999 -9999 0.0833897814154625 0.0532737746834755 0.0494080148637295 0.0915727913379669 0.1044587418437 0.110872022807598 0.0926190838217735 0.055588636547327 0.0533178523182869 0.0558220893144608 0.0469891205430031 0.048809427767992 0.0436815433204174 0.0370686389505863 0.0369834452867508 0.0425095036625862 0.0476195514202118 0.0486302748322487 0.0474686175584793 0.048494853079319 0.053466260433197 0.0577575154602528 0.0621767416596413 0.0659562647342682 0.0714090242981911 0.0790937468409538 0.0867869779467583 0.0973321348428726 0.108093790709972 0.117968194186687 0.12774758040905 0.131012693047523 0.12694476544857 0.125231474637985 0.122216112911701 0.118571206927299 0.114839434623718 0.107657164335251 0.0993843600153923 0.0879509076476097 0.0755875632166862 0.0660508573055267 0.062182005494833 0.059321790933609 0.0581109039485455 0.0586687289178371 0.0597995482385159
-9999 -9999 -9999 -9999 -9999 -9999 -9999 -9999 -9999 -9999 0.0554960891604424 0.0393605008721352 0.0886305049061775 0.144179716706276 0.156583249568939 0.140469163656235 0.0897238999605179 0.0688664019107819 0.0699395388364792 0.0562285110354424 0.0522984266281128 0.0447208695113659 0.0398524478077888 0.0368702113628387 0.0403034761548042 0.0438455604016781 0.0444955378770828 0.0448235012590885 0.0464666560292244 0.0500395484268665 0.0548476688563824 0.0600654073059559 0.0646945387125015 0.0713265463709831 0.0798298493027687 0.0879127457737923 0.0968121215701103 0.106446579098701 0.118353717029095 0.13128362596035 0.142122775316238 0.145486384630203 0.143953442573547 0.143438383936882 0.141820847988129 0.13916403055191 0.130440235137939 0.117768533527851 0.102292560040951 0.086899146437645 0.0752491280436516 0.0706812143325806 0.0678809881210327 0.0657802522182465 0.0652341619133949 0.0653358325362206
-9999 -9999 -9999 -9999 -9999 -9999 -9999 -9999 -9999 -9999 -9999 0.034805778414011 0.0906826555728912 0.172723278403282 0.21081231534481 0.204529836773872 0.139329791069031 0.102339826524258 0.08539679646492 0.0610786564648151 0.0555608160793781 0.0456923507153988 0.0431903153657913 0.04257557913661 0.0400022119283676 0.0407839640974998 0.0411095581948757 0.0428185611963272 0.0438206903636456 0.047250647097826 0.0510441735386848 0.0560189746320248 0.0633457079529762 0.0700566098093987 0.0784951597452164 0.0865113660693169 0.0961296707391739 0.104443095624447 0.114971503615379 0.130775153636932 0.14041930437088 0.152278065681458 0.162123903632164 0.16205558180809 0.163228899240494 0.163387402892113 0.153469443321228 0.139292508363724 0.122353360056877 0.103467993438244 0.0897878333926201 0.086015373468399 0.0828033983707428 0.0803219377994537 0.0784585401415825 0.0771631747484207
