data/03_saidas_enm/CCSM_Maxent_0k_B.balansae5.asc
NCOLS 154 
NROWS 168 
XLLCORNER -112 
YLLCORNER -55.5 
CELLSIZE 0.5 
NODATA_value -9999 
[rows 100 to 124 of 168, columns 56 to 111 of 154]
-9999 -9999 -9999 -9999 -9999 -9999 -9999 -9999 -9999 -9999 -9999 -9999 -9999 -9999 -9999 -9999 -9999 -9999 -9999 -9999 -9999 -9999 -9999 -9999 -9999 -9999 -9999 -9999 0.0334436148405075 0.140698969364166 0.383639991283417 0.469264060258865 0.437497913837433 0.391588628292084 0.345320641994476 0.252620488405228 0.146709203720093 0.109365016222 0.16486644744873 0.294932097196579 0.462883204221725 0.559577226638794 0.46237912774086 0.482653081417084 0.468268156051636 0.477413713932037 0.499992728233337 0.543572843074799 0.555341124534607 0.5842165350914 0.608833312988281 0.60919451713562 0.603097259998322 0.600073635578156 0.622046887874603 0.633768737316132
-9999 -9999 -9999 -9999 -9999 -9999 -9999 -9999 -9999 -9999 -9999 -9999 -9999 -9999 -9999 -9999 -9999 -9999 -9999 -9999 -9999 -9999 -9999 -9999 -9999 -9999 -9999 -9999 0.0336893945932388 0.147949635982513 0.412517517805099 0.436640590429306 0.426912128925323 0.380697131156921 0.341291844844818 0.23533895611763 0.141730800271034 0.110097981989384 0.173785984516144 0.311297595500946 0.480583250522614 0.534870386123657 0.437611728906631 0.46326407790184 0.453491985797882 0.464789241552353 0.490666002035141 0.514774084091187 0.528745412826538 0.574786186218262 0.59104597568512 0.592825055122375 0.585537493228912 0.585403680801392 0.60691225528717 0.625943720340729
-9999 -9999 -9999 -9999 -9999 -9999 -9999 -9999 -9999 -9999 -9999 -9999 -9999 -9999 -9999 -9999 -9999 -9999 -9999 -9999 -9999 -9999 -9999 -9999 -9999 -9999 -9999 0.0203323774039745 0.0365638472139835 0.141568973660469 0.347674161195755 0.378659188747406 0.411988079547882 0.390193343162537 0.336842447519302 0.233776688575745 0.143984511494637 0.128727212548256 0.195812582969666 0.339151650667191 0.500333368778229 0.501043736934662 0.416280090808868 0.447611689567566 0.440813660621643 0.451176941394806 0.474834501743317 0.516171753406525 0.530585944652557 0.565721809864044 0.575827777385712 0.584636390209198 0.590148508548737 0.578530013561249 0.593788146972656 0.614507138729095
-9999 -9999 -9999 -9999 -9999 -9999 -9999 -9999 -9999 -9999 -9999 -9999 -9999 -9999 -9999 -9999 -9999 -9999 -9999 -9999 -9999 -9999 -9999 -9999 -9999 -9999 -9999 0.0205891486257315 0.0398796051740646 0.134233847260475 0.275703519582748 0.311961233615875 0.374253273010254 0.398582756519318 0.319048702716827 0.215353682637215 0.144930809736252 0.143447756767273 0.214414983987808 0.36409068107605 0.527536273002625 0.471687287092209 0.39266175031662 0.430387198925018 0.417404681444168 0.414115458726883 0.443283230066299 0.498253911733627 0.530172228813171 0.544795215129852 0.558546185493469 0.571802258491516 0.588245868682861 0.58113706111908 0.582617402076721 0.595089614391327
-9999 -9999 -9999 -9999 -9999 -9999 -9999 -9999 -9999 -9999 -9999 -9999 -9999 -9999 -9999 -9999 -9999 -9999 -9999 -9999 -9999 -9999 -9999 -9999 -9999 -9999 -9999 0.0217265579849482 0.0483895689249039 0.135189712047577 0.20848973095417 0.253424137830734 0.331603735685349 0.402695626020432 0.296484887599945 0.187113910913467 0.140279412269592 0.147474840283394 0.216215655207634 0.383872359991074 0.547381818294525 0.448961287736893 0.377702981233597 0.382435113191605 0.383116662502289 0.376250565052032 0.405616104602814 0.445722281932831 0.483129590749741 0.506051480770111 0.517358779907227 0.539094388484955 0.551172256469727 0.546636164188385 0.56087201833725 0.574004590511322
-9999 -9999 -9999 -9999 -9999 -9999 -9999 -9999 -9999 -9999 -9999 -9999 -9999 -9999 -9999 -9999 -9999 -9999 -9999 -9999 -9999 -9999 -9999 -9999 -9999 -9999 -9999 0.0246586091816425 0.0605862326920033 0.127065882086754 0.156845673918724 0.19704382121563 0.289372831583023 0.394769608974457 0.261970579624176 0.147935196757317 0.121117308735847 0.124685049057007 0.216950789093971 0.397514879703522 0.550324678421021 0.430197089910507 0.362478047609329 0.349577248096466 0.352611213922501 0.354140341281891 0.3836989402771 0.419392645359039 0.452572852373123 0.480537414550781 0.490311175584793 0.505378603935242 0.511946320533752 0.524501264095306 0.541379988193512 0.555649280548096
-9999 -9999 -9999 -9999 -9999 -9999 -9999 -9999 -9999 -9999 -9999 -9999 -9999 -9999 -9999 -9999 -9999 -9999 -9999 -9999 -9999 -9999 -9999 -9999 -9999 -9999 -9999 0.0293472725898027 0.078110083937645 0.118071138858795 0.120059579610825 0.155289113521576 0.24975623190403 0.382173508405685 0.221389099955559 0.10509292781353 0.1045843064785 0.104636088013649 0.202243998646736 0.398496150970459 0.538298487663269 0.411689162254333 0.350731760263443 0.330957531929016 0.33320739865303 0.352462202310562 0.37631168961525 0.411702245473862 0.442115187644958 0.452574282884598 0.463659644126892 0.48141685128212 0.494094461202621 0.507574141025543 0.523833930492401 0.541951417922974
-9999 -9999 -9999 -9999 -9999 -9999 -9999 -9999 -9999 -9999 -9999 -9999 -9999 -9999 -9999 -9999 -9999 -9999 -9999 -9999 -9999 -9999 -9999 -9999 -9999 -9999 -9999 0.0369753018021584 0.0973736718297005 0.108090206980705 0.0927316918969154 0.12618587911129 0.224671721458435 0.362073987722397 0.182033896446228 0.0912024825811386 0.102964721620083 0.104851879179478 0.19381520152092 0.402759909629822 0.525968074798584 0.391672432422638 0.336464017629623 0.322107553482056 0.31999272108078 0.326118022203445 0.347083747386932 0.375908523797989 0.405800819396973 0.417201310396194 0.428570091724396 0.456570714712143 0.475228995084763 0.488841533660889 0.507037281990051 0.525716125965118
-9999 -9999 -9999 -9999 -9999 -9999 -9999 -9999 -9999 -9999 -9999 -9999 -9999 -9999 -9999 -9999 -9999 -9999 -9999 -9999 -9999 -9999 -9999 -9999 -9999 -9999 -9999 0.0454699769616127 0.115281499922276 0.0993946045637131 0.074291855096817 0.107623338699341 0.204073786735535 0.350345432758331 0.149228185415268 0.0897421911358833 0.105188980698586 0.108154825866222 0.194447994232178 0.413211911916733 0.494076251983643 0.372367829084396 0.321975260972977 0.310700714588165 0.309888392686844 0.316496521234512 0.327286779880524 0.343242317438126 0.371134430170059 0.402342855930328 0.41436779499054 0.438371896743774 0.452099621295929 0.467950165271759 0.489467889070511 0.508798718452454
-9999 -9999 -9999 -9999 -9999 -9999 -9999 -9999 -9999 -9999 -9999 -9999 -9999 -9999 -9999 -9999 -9999 -9999 -9999 -9999 -9999 -9999 -9999 -9999 -9999 -9999 -9999 0.0528232343494892 0.109063073992729 0.0939147844910622 0.0711540654301643 0.105460435152054 0.219670236110687 0.34552189707756 0.141172334551811 0.0892612338066101 0.100089333951473 0.113916136324406 0.248558104038239 0.447638958692551 0.465429157018661 0.345932990312576 0.306010007858276 0.298775851726532 0.29824236035347 0.303318291902542 0.313024133443832 0.325660437345505 0.348331570625305 0.375710994005203 0.398667484521866 0.416654288768768 0.430460274219513 0.448601990938187 0.469747871160507 0.488468676805496
-9999 -9999 -9999 -9999 -9999 -9999 -9999 -9999 -9999 -9999 -9999 -9999 -9999 -9999 -9999 -9999 -9999 -9999 -9999 -9999 -9999 -9999 -9999 -9999 -9999 -9999 0.0234009101986885 0.0641760528087616 0.105468660593033 0.0881254374980927 0.0715867429971695 0.111682057380676 0.240278542041779 0.356639295816422 0.149426758289337 0.0891275182366371 0.0952544584870338 0.139412775635719 0.316487729549408 0.500423669815063 0.399811714887619 0.317687600851059 0.288226544857025 0.283137261867523 0.282144814729691 0.286633193492889 0.295939892530441 0.306932866573334 0.330157786607742 0.353330433368683 0.374216586351395 0.395245015621185 0.412255436182022 0.431729942560196 0.451409697532654 0.467720508575439
-9999 -9999 -9999 -9999 -9999 -9999 -9999 -9999 -9999 -9999 -9999 -9999 -9999 -9999 -9999 -9999 -9999 -9999 -9999 -9999 -9999 -9999 -9999 -9999 -9999 -9999 0.0352440439164639 0.0883530974388123 0.105979509651661 0.08402930945158 0.0737964883446693 0.134398102760315 0.297862738370895 0.363802999258041 0.188976272940636 0.0930520668625832 0.112668618559837 0.232071995735168 0.408904731273651 0.524163663387299 0.352451324462891 0.283899366855621 0.265856206417084 0.263589411973953 0.263264536857605 0.267120808362961 0.277292966842651 0.292109906673431 0.313640624284744 0.335115015506744 0.355610609054565 0.376481294631958 0.39598023891449 0.415339827537537 0.432702422142029 0.447758585214615
-9999 -9999 -9999 -9999 -9999 -9999 -9999 -9999 -9999 -9999 -9999 -9999 -9999 -9999 -9999 -9999 -9999 -9999 -9999 -9999 -9999 -9999 -9999 -9999 -9999 -9999 0.0625819340348244 0.0913392305374146 0.0951772332191467 0.0783626660704613 0.0741377994418144 0.168301716446877 0.35885488986969 0.384746670722961 0.240476697683334 0.135498404502869 0.207899674773216 0.362066358327866 0.503494203090668 0.420791268348694 0.295514285564423 0.256664842367172 0.243000403046608 0.242029324173927 0.243004187941551 0.245574444532394 0.262203961610794 0.279893785715103 0.29836243391037 0.318222105503082 0.33868145942688 0.359298259019852 0.380210548639297 0.399289667606354 0.414324015378952 0.428735852241516
-9999 -9999 -9999 -9999 -9999 -9999 -9999 -9999 -9999 -9999 -9999 -9999 -9999 -9999 -9999 -9999 -9999 -9999 -9999 -9999 -9999 -9999 -9999 -9999 -9999 -9999 0.0821451395750046 0.0875131487846375 0.0765066146850586 0.0737752243876457 0.113655850291252 0.227202787995338 0.417977333068848 0.439195305109024 0.307841867208481 0.254999935626984 0.326081812381744 0.463887006044388 0.422925770282745 0.327109962701797 0.270862460136414 0.244139730930328 0.232952535152435 0.233050391077995 0.240472063422203 0.250283628702164 0.259383499622345 0.268557339906693 0.282662570476532 0.299739748239517 0.319249212741852 0.339266985654831 0.359564214944839 0.377850651741028 0.391753762960434 0.403214663267136
-9999 -9999 -9999 -9999 -9999 -9999 -9999 -9999 -9999 -9999 -9999 -9999 -9999 -9999 -9999 -9999 -9999 -9999 -9999 -9999 -9999 -9999 -9999 -9999 -9999 0.0880608558654785 0.0912861526012421 0.0822439566254616 0.0649026781320572 0.084244504570961 0.15643322467804 0.282418310642242 0.481772869825363 0.448384016752243 0.365728586912155 0.325571238994598 0.415789783000946 0.394396126270294 0.308063149452209 0.251564979553223 0.218833222985268 0.223222598433495 0.225785210728645 0.228286102414131 0.226386994123459 0.224003702402115 0.252711713314056 0.258276969194412 0.266377836465836 0.281312972307205 0.298693686723709 0.318284779787064 0.33695849776268 0.353445142507553 0.363340735435486 0.370848059654236
-9999 -9999 -9999 -9999 -9999 -9999 -9999 -9999 -9999 -9999 -9999 -9999 -9999 -9999 -9999 -9999 -9999 -9999 -9999 -9999 -9999 -9999 -9999 -9999 -9999 0.0898257121443748 0.096101388335228 0.0738945677876472 0.0646508559584618 0.104329839348793 0.198494851589203 0.309165626764297 0.4323670566082 0.454231292009354 0.413682699203491 0.366896122694016 0.324082314968109 0.277102261781693 0.23436413705349 0.214200913906097 0.201317295432091 0.204424977302551 0.209990173578262 0.212890490889549 0.210248857736588 0.21285642683506 0.236689507961273 0.247166648507118 0.252899140119553 0.265100449323654 0.281826257705688 0.297124177217484 0.311784833669662 0.326770484447479 0.335300147533417 0.340753346681595
-9999 -9999 -9999 -9999 -9999 -9999 -9999 -9999 -9999 -9999 -9999 -9999 -9999 -9999 -9999 -9999 -9999 -9999 -9999 -9999 -9999 -9999 -9999 -9999 -9999 0.0918406173586845 0.0977604612708092 0.0705261155962944 0.0632191449403763 0.12569335103035 0.237502962350845 0.319666624069214 0.368479609489441 0.348686456680298 0.299342960119247 0.232269823551178 0.221302509307861 0.206164821982384 0.194758176803589 0.188805907964706 0.187465161085129 0.195160135626793 0.202993258833885 0.207594349980354 0.20489165186882 0.203305572271347 0.228399962186813 0.232178255915642 0.237806990742683 0.249760255217552 0.265156418085098 0.276881515979767 0.288300186395645 0.300890445709229 0.308443069458008 0.313289940357208
-9999 -9999 -9999 -9999 -9999 -9999 -9999 -9999 -9999 -9999 -9999 -9999 -9999 -9999 -9999 -9999 -9999 -9999 -9999 -9999 -9999 -9999 -9999 -9999 -9999 0.0827389433979988 0.0914558693766594 0.0686402171850204 0.0658043995499611 0.136786371469498 0.240356206893921 0.311776548624039 0.310202121734619 0.274638414382935 0.223064810037613 0.183231621980667 0.175836384296417 0.180737689137459 0.179827317595482 0.178204387426376 0.17929995059967 0.189987078309059 0.193103566765785 0.192913487553596 0.198954895138741 0.206813976168633 0.213250041007996 0.219039708375931 0.227139428257942 0.235952749848366 0.246490374207497 0.257294863462448 0.26796680688858 0.279902249574661 0.284631550312042 0.287010163068771
-9999 -9999 -9999 -9999 -9999 -9999 -9999 -9999 -9999 -9999 -9999 -9999 -9999 -9999 -9999 -9999 -9999 -9999 -9999 -9999 -9999 -9999 -9999 -9999 -9999 0.0766793340444565 0.0845441371202469 0.0654411986470222 0.0665710717439651 0.142388731241226 0.258896350860596 0.295770436525345 0.265203684568405 0.221330150961876 0.178512662649155 0.148933216929436 0.150292798876762 0.163685947656631 0.170134961605072 0.168413743376732 0.172001078724861 0.185587301850319 0.178198307752609 0.17538595199585 0.178460508584976 0.183705195784569 0.194732055068016 0.205728352069855 0.215036332607269 0.222055032849312 0.22970387339592 0.239567041397095 0.249420776963234 0.259909778833389 0.262352883815765 0.263837873935699
-9999 -9999 -9999 -9999 -9999 -9999 -9999 -9999 -9999 -9999 -9999 -9999 -9999 -9999 -9999 -9999 -9999 -9999 -9999 -9999 -9999 -9999 -9999 -9999 -9999 0.0733556598424911 0.0789372771978378 0.0663428232073784 0.066737212240696 0.135975912213326 0.234279558062553 0.270031630992889 0.231719449162483 0.191811054944992 0.159730941057205 0.139421671628952 0.140366196632385 0.148414254188538 0.155211389064789 0.161166697740555 0.167910769581795 0.175704881548882 0.161532238125801 0.164834931492805 0.171146094799042 0.179056152701378 0.186546593904495 0.193282932043076 0.201724320650101 0.209046840667725 0.21605683863163 0.223976612091064 0.23175173997879 0.241809755563736 0.244893908500671 0.244831949472427
-9999 -9999 -9999 -9999 -9999 -9999 -9999 -9999 -9999 -9999 -9999 -9999 -9999 -9999 -9999 -9999 -9999 -9999 -9999 -9999 -9999 -9999 -9999 -9999 -9999 0.071400873363018 0.0765925571322441 0.0654930025339127 0.0639585703611374 0.128341838717461 0.216460675001144 0.241529539227486 0.211344435811043 0.177130460739136 0.153436899185181 0.137614533305168 0.138199925422668 0.142588928341866 0.149029955267906 0.15693736076355 0.164912402629852 0.163079872727394 0.152429476380348 0.155685633420944 0.163842663168907 0.173254624009132 0.179734453558922 0.18459378182888 0.19007109105587 0.196381494402885 0.203704074025154 0.211197108030319 0.217772394418716 0.22646464407444 0.228684544563293 0.227824300527573
-9999 -9999 -9999 -9999 -9999 -9999 -9999 -9999 -9999 -9999 -9999 -9999 -9999 -9999 -9999 -9999 -9999 -9999 -9999 -9999 -9999 -9999 -9999 -9999 -9999 0.0690264627337456 0.0741031840443611 0.0642735511064529 0.0611213408410549 0.115043044090271 0.188010632991791 0.21000337600708 0.197083309292793 0.177524343132973 0.160138890147209 0.151448547840118 0.146490931510925 0.147588759660721 0.151472315192223 0.156768545508385 0.165518701076508 0.154554560780525 0.146651104092598 0.149167001247406 0.157003998756409 0.166008487343788 0.172208890318871 0.176908195018768 0.181906998157501 0.186330512166023 0.192729666829109 0.200206264853477 0.207290947437286 0.215422362089157 0.215842232108116 0.212339639663696
-9999 -9999 -9999 -9999 -9999 -9999 -9999 -9999 -9999 -9999 -9999 -9999 -9999 -9999 -9999 -9999 -9999 -9999 -9999 -9999 -9999 -9999 -9999 -9999 -9999 0.0666625052690506 0.0717251598834991 0.0636094957590103 0.055713813751936 0.102201901376247 0.162412285804749 0.177063778042793 0.168397784233093 0.160863503813744 0.156527906656265 0.151116088032722 0.147962406277657 0.143337219953537 0.145841240882874 0.153977185487747 0.16231532394886 0.150565952062607 0.141552194952965 0.143134325742722 0.149345174431801 0.157628357410431 0.164052039384842 0.169167026877403 0.174873888492584 0.178798407316208 0.184223130345345 0.191256061196327 0.196929946541786 0.202287435531616 0.205259576439857 0.201022118330002
-9999 -9999 -9999 -9999 -9999 -9999 -9999 -9999 -9999 -9999 -9999 -9999 -9999 -9999 -9999 -9999 -9999 -9999 -9999 -9999 -9999 -9999 -9999 -9999 -9999 0.0640438124537468 0.067318007349968 0.0638591796159744 0.0503161549568176 0.0876174345612526 0.137472748756409 0.153754934668541 0.14810411632061 0.143050312995911 0.145227342844009 0.147928982973099 0.143275156617165 0.141873106360435 0.146053656935692 0.149368941783905 0.154723539948463 0.148849532008171 0.136970311403275 0.137592747807503 0.1415855884552 0.147526413202286 0.154666930437088 0.161762103438377 0.168369963765144 0.173504367470741 0.178846046328545 0.184754997491837 0.185648947954178 0.193054333329201 0.193006828427315 0.190866038203239
-9999 -9999 -9999 -9999 -9999 -9999 -9999 -9999 -9999 -9999 -9999 -9999 -9999 -9999 -9999 -9999 -9999 -9999 -9999 -9999 -9999 -9999 -9999 -9999 0.0570395030081272 0.0728810355067253 0.068913459777832 0.0587125048041344 0.0485856719315052 0.0737448483705521 0.11425706744194 0.132349878549576 0.132706820964813 0.129964247345924 0.130316227674484 0.134255409240723 0.132728472352028 0.133058786392212 0.138053849339485 0.143583029508591 0.146338641643524 0.144069254398346 0.131552532315254 0.13221763074398 0.135199084877968 0.139912873506546 0.146064385771751 0.152896538376808 0.160048142075539 0.167038425803185 0.175847440958023 0.17939318716526 0.180435717105865 0.18535578250885 0.168470650911331 0.157812118530273
