data/03_saidas_enm/CCSM_Maxent_21k_B.balansae3.asc
NCOLS 154 
NROWS 168 
XLLCORNER -112 
YLLCORNER -55.5 
CELLSIZE 0.5 
NODATA_value -9999 
[rows 50 to 74 of 168, columns 56 to 111 of 154]
-9999 -9999 -9999 -9999 -9999 -9999 -9999 -9999 -9999 -9999 -9999 -9999 -9999 0.000198242123587988 0.00019536713080015 0.00134720944333822 0.00766123831272125 0.0227031670510769 0.044116698205471 0.0556486882269382 0.0461127981543541 0.0515508837997913 0.0582043305039406 0.0566413886845112 0.0332436375319958 0.0189483184367418 0.00987798161804676 0.0055014519020915 0.00420566741377115 0.00334012927487493 0.00287154619581997 0.00338126858696342 0.00433585792779922 0.00563870323821902 0.0108646182343364 0.0341170839965343 0.0643342137336731 0.124975807964802 0.16255795955658 0.185893684625626 0.263958096504211 0.221463859081268 0.229691758751869 0.217056006193161 0.185545593500137 0.18069314956665 0.129917994141579 0.113888442516327 0.0984741151332855 0.082547590136528 0.0860414654016495 0.0762777253985405 0.0768464431166649 0.0848428681492805 0.101307235658169 0.114128448069096
-9999 -9999 -9999 -9999 -9999 -9999 -9999 -9999 -9999 -9999 -9999 -9999 -9999 0.000190499806194566 0.00024956336710602 0.00278200185857713 0.0108451806008816 0.0247531589120626 0.0403070710599422 0.0515965893864632 0.0492297373712063 0.0513067990541458 0.0572483763098717 0.0549404732882977 0.0369208753108978 0.0242400411516428 0.0128802452236414 0.00574731314554811 0.00290695554576814 0.00220029288902879 0.00195836625061929 0.0025158126372844 0.00346604199148715 0.00534664047881961 0.0154877239838243 0.0381429344415665 0.0708480328321457 0.122079573571682 0.157872140407562 0.181110993027687 0.215304061770439 0.208555787801743 0.208395346999168 0.197681680321693 0.177146911621094 0.163431793451309 0.133805930614471 0.123351655900478 0.10759512335062 0.0881030634045601 0.0817420035600662 0.0773264020681381 0.0776821002364159 0.0842635557055473 0.0993976220488548 0.116684220731258
-9999 -9999 -9999 -9999 -9999 -9999 -9999 -9999 -9999 -9999 -9999 0.000259133928921074 0.000296267797239125 0.000365895481081679 0.000859340827446431 0.00486203283071518 0.0121629377827048 0.0258047338575125 0.0407715700566769 0.0519047603011131 0.0516379699110985 0.056715652346611 0.0553301312029362 0.0511630326509476 0.039056770503521 0.0271077677607536 0.0173001457005739 0.00761511409655213 0.00424152752384543 0.00231415289454162 0.00142901809886098 0.00253051868639886 0.00486511643975973 0.0107613289728761 0.0279817115515471 0.0487967953085899 0.0740392282605171 0.114279702305794 0.135406851768494 0.149414956569672 0.163398087024689 0.15819987654686 0.161438494920731 0.153026401996613 0.134240970015526 0.138071045279503 0.111016191542149 0.109046280384064 0.0998046398162842 0.0831815600395203 0.0772678479552269 0.0784750804305077 0.0813881903886795 0.0889674499630928 0.105272978544235 0.106256328523159
-9999 -9999 -9999 -9999 -9999 -9999 -9999 -9999 -9999 -9999 0.000507524702697992 0.00048605480697006 0.00115667842328548 0.00147715792991221 0.00133108685258776 0.0034939858596772 0.0105450386181474 0.0206120796501637 0.0299957524985075 0.0382294319570065 0.0472388453781605 0.0474034808576107 0.0454837679862976 0.0378643646836281 0.0289470721036196 0.0203628819435835 0.0116584049537778 0.00621773768216372 0.00340415677055717 0.00185464473906904 0.00156489841174334 0.00274966540746391 0.00664771674200892 0.0154459364712238 0.0357680879533291 0.0600320845842361 0.0822004079818726 0.105579972267151 0.11831858754158 0.123664289712906 0.127579316496849 0.124649986624718 0.122918464243412 0.115132808685303 0.0996368452906609 0.0916814282536507 0.0846368744969368 0.0822458937764168 0.0786573961377144 0.0736503005027771 0.0755443349480629 0.0749772638082504 0.0835174694657326 0.0910687446594238 0.0962635055184364 0.088061198592186
-9999 -9999 -9999 -9999 -9999 -9999 -9999 -9999 -9999 -9999 0.00160512747243047 0.0034716734662652 0.00628352770581841 0.00463691493496299 0.00286770542152226 0.00192800408694893 0.00563163915649056 0.0144180422648787 0.0227257795631886 0.0279946215450764 0.0325112529098988 0.0281940419226885 0.0270632617175579 0.0227710288017988 0.0155447693541646 0.0115518681704998 0.00610801763832569 0.00310201710090041 0.00177091592922807 0.00110923883039504 0.000951125344727188 0.0020560089033097 0.00588481919839978 0.0142134204506874 0.0350534319877625 0.0662601143121719 0.0878517776727676 0.103655517101288 0.110985517501831 0.110844537615776 0.108937002718449 0.107584811747074 0.101147219538689 0.0936377495527267 0.0822118520736694 0.0740458145737648 0.0686678811907768 0.0691570714116096 0.0685908794403076 0.0692444294691086 0.072526216506958 0.0754701122641563 0.0834542736411095 0.0763526558876038 0.0683560594916344 0.0656119138002396
-9999 -9999 -9999 -9999 -9999 -9999 -9999 -9999 0.00149376329500228 0.00289775501005352 0.00812830682843924 0.0101424129679799 0.0140565875917673 0.0114470263943076 0.00479046627879143 0.00211497908458114 0.00369140645489097 0.0101114865392447 0.0156917199492455 0.0162215959280729 0.0179339926689863 0.0161110609769821 0.0136373294517398 0.0113721285015345 0.00779469916597009 0.00463226949796081 0.00256880116648972 0.00154788163490593 0.00132605235558003 0.00122473493684083 0.00114444037899375 0.00183611107058823 0.00492775673046708 0.013426473364234 0.0300632994621992 0.0553744733333588 0.082243025302887 0.10346907377243 0.107630759477615 0.103930562734604 0.099251814186573 0.0965115949511528 0.0940217450261116 0.0867453888058662 0.0772006884217262 0.0719801113009453 0.0683849900960922 0.0680685862898827 0.0689075812697411 0.0682470351457596 0.0711629316210747 0.0701315999031067 0.0614840760827065 0.0569967441260815 0.0519536137580872 0.0471914112567902
-9999 -9999 -9999 -9999 -9999 -9999 -9999 -9999 0.00268709706142545 0.0104059744626284 0.0241338647902012 0.0282723307609558 0.0228587351739407 0.0137726292014122 0.00799948815256357 0.00412039645016193 0.00413107918575406 0.00687681091949344 0.00982145592570305 0.0100653022527695 0.00846116431057453 0.00710094533860683 0.00694883428514004 0.00528023671358824 0.00281654600985348 0.0016815741546452 0.00161099096294492 0.0015147797530517 0.00146784330718219 0.00138352764770389 0.00138542160857469 0.00155442848335952 0.00466187158599496 0.0115025900304317 0.0276840105652809 0.0469286702573299 0.0648645609617233 0.0871876180171967 0.0962325856089592 0.102930180728436 0.0996130853891373 0.0964893624186516 0.0894954279065132 0.084617517888546 0.0744226723909378 0.0673197880387306 0.0629259422421455 0.0585393868386745 0.057979941368103 0.0496448613703251 0.0460247844457626 0.0466532632708549 0.0503615997731686 0.0566420815885067 0.0554673373699188 0.0490134432911873
-9999 -9999 -9999 -9999 -9999 -9999 -9999 0.00234830332919955 0.00648285867646337 0.0178470350801945 0.035060241818428 0.0295780263841152 0.0218194965273142 0.01636634580791 0.0134820062667131 0.00790426973253489 0.00818705931305885 0.00825199764221907 0.0101012354716659 0.00604471750557423 0.00397268775850534 0.00329465768299997 0.00278301746584475 0.00206857896409929 0.00182447023689747 0.0017380443168804 0.00166817952413112 0.00167769857216626 0.00159383879508823 0.00162125681526959 0.00165289861615747 0.00176144810393453 0.00436423486098647 0.0106855668127537 0.0223447158932686 0.0354440212249756 0.0508764162659645 0.064977303147316 0.0729116722941399 0.0704705268144608 0.0686606392264366 0.0631186068058014 0.0524369366466999 0.0491770356893539 0.0422789677977562 0.0401022136211395 0.0366279669106007 0.0309684686362743 0.0318471826612949 0.0274933688342571 0.0268493071198463 0.0281690843403339 0.0312395114451647 0.0371591150760651 0.046808909624815 0.0479295291006565
-9999 -9999 -9999 -9999 -9999 -9999 -9999 0.00480908993631601 0.012682406231761 0.0325696356594563 0.040406446903944 0.0303022507578135 0.0223919730633497 0.0189584642648697 0.019061703234911 0.0189092066138983 0.0177857968956232 0.0166602823883295 0.0150693180039525 0.010640436783433 0.00668057193979621 0.00451179081574082 0.00319340243004262 0.00311449496075511 0.00291968858800828 0.00257649016566575 0.00255257613025606 0.00228148652240634 0.00235022860579193 0.00257375440560281 0.00251993187703192 0.00260105868801475 0.004634371958673 0.00959956739097834 0.0182282757014036 0.0280047487467527 0.0377283059060574 0.047039981931448 0.0482861958444118 0.0444872230291367 0.0405274145305157 0.0332410484552383 0.0300517287105322 0.0258012283593416 0.0206935424357653 0.018097747117281 0.0147666502743959 0.0151160797104239 0.0149929476901889 0.0119946962222457 0.0114719569683075 0.0125488825142384 0.0169629454612732 0.0219844151288271 0.0279863402247429 0.0364128090441227
-9999 -9999 -9999 -9999 -9999 -9999 0.00630206847563386 0.0107855051755905 0.0251079313457012 0.0468990132212639 0.0448271073400974 0.0319098941981792 0.0220847483724356 0.0202687457203865 0.0230977963656187 0.02697260864079 0.0300073958933353 0.0274183992296457 0.0264174453914165 0.0177563391625881 0.0110389553010464 0.00860165618360043 0.00673010991886258 0.00639767246320844 0.0058288942091167 0.00551481917500496 0.00530212325975299 0.00580565258860588 0.00577561231330037 0.00546136498451233 0.00585975032299757 0.00549287907779217 0.00566830346360803 0.00974210072308779 0.0157382618635893 0.0223105009645224 0.0267085880041122 0.0301638171076775 0.0309362299740314 0.0270346030592918 0.0232940334826708 0.0199934914708138 0.014497509226203 0.0130416946485639 0.00944923609495163 0.00803149957209826 0.00716758891940117 0.00520948506891727 0.00524579687044024 0.00429572630673647 0.00505443522706628 0.00629686564207077 0.00945959333330393 0.0127136958763003 0.0161336921155453 0.0227302145212889
-9999 -9999 -9999 -9999 -9999 -9999 0.0116750178858638 0.0195205640047789 0.0356790497899055 0.0561731941998005 0.0525876879692078 0.0353866219520569 0.0248433575034142 0.0227633323520422 0.0268079936504364 0.0318399034440517 0.0356485322117805 0.0370123237371445 0.0377507247030735 0.0292848404496908 0.0208205785602331 0.0164407715201378 0.0132797779515386 0.0130949644371867 0.0128312483429909 0.0120302448049188 0.0124103436246514 0.0125314937904477 0.0127099733799696 0.0130162304267287 0.0126213496550918 0.0126929683610797 0.0121626788750291 0.0113560333848 0.0126997018232942 0.0167122166603804 0.0189005713909864 0.0199224222451448 0.0191615540534258 0.015852490440011 0.0130445323884487 0.00919973663985729 0.00682144146412611 0.00568862445652485 0.00367042981088161 0.00378730287775397 0.00418872060254216 0.00505425035953522 0.00677058240398765 0.00822254177182913 0.00941517017781734 0.0118469148874283 0.0152878938242793 0.0190141759812832 0.0237397477030754 0.028177248314023
-9999 -9999 -9999 -9999 -9999 -9999 0.0180185455828905 0.0258374456316233 0.0369855128228664 0.0611615963280201 0.0666598603129387 0.0434822626411915 0.0286275427788496 0.027177331969142 0.0328806675970554 0.0389924682676792 0.0413163378834724 0.0411424562335014 0.0430904552340508 0.0414885245263577 0.0309524331241846 0.0267406534403563 0.0229133926331997 0.0226024929434061 0.0213183406740427 0.0212185941636562 0.0205395612865686 0.0217641536146402 0.0217069890350103 0.0210699439048767 0.0217545032501221 0.0202675051987171 0.0205546673387289 0.0188916474580765 0.0157703943550587 0.0149509459733963 0.0142130609601736 0.0137388631701469 0.0129293231293559 0.00972412806004286 0.00749238766729832 0.00626220088452101 0.00572623685002327 0.00618488620966673 0.00567267462611198 0.00690827332437038 0.00766999507322907 0.00890256371349096 0.0112279681488872 0.0124783040955663 0.0163185503333807 0.0179540254175663 0.0221861433237791 0.0266697723418474 0.0306227467954159 0.0354381129145622
-9999 -9999 -9999 -9999 -9999 -9999 -9999 0.0268314871937037 0.0359783284366131 0.0621919929981232 0.0824249461293221 0.0535415895283222 0.034420020878315 0.0334852561354637 0.0392906293272972 0.0469869934022427 0.049796923995018 0.049203559756279 0.050912007689476 0.0517909042537212 0.0467844046652317 0.041085496544838 0.0368193984031677 0.0360805727541447 0.0359375104308128 0.0354714877903461 0.0361316353082657 0.0360840670764446 0.0360249392688274 0.0362671390175819 0.035386111587286 0.0351602174341679 0.0337117612361908 0.0313511155545712 0.0282020326703787 0.0246576555073261 0.0211642272770405 0.017898628488183 0.0164177939295769 0.013913394883275 0.0121376868337393 0.010565978474915 0.00991616304963827 0.0108739547431469 0.0107069415971637 0.0115971704944968 0.0126313790678978 0.0144554506987333 0.0180936716496944 0.0204789396375418 0.024589691311121 0.028714282438159 0.034450139850378 0.0387293808162212 0.043999444693327 0.0473743416368961
-9999 -9999 -9999 -9999 -9999 -9999 -9999 -9999 0.0328146852552891 0.0643683597445488 0.107269585132599 0.0665108785033226 0.0407374948263168 0.040044330060482 0.0445601083338261 0.0517527796328068 0.0567810051143169 0.0584802404046059 0.0594943501055241 0.0602892264723778 0.0541836470365524 0.0497507490217686 0.0461603812873363 0.0452810227870941 0.0455395765602589 0.0466203354299068 0.0491581298410892 0.0522796288132668 0.0520135685801506 0.0504766330122948 0.0485100075602531 0.0456029884517193 0.0430482178926468 0.0429963357746601 0.0392975807189941 0.0357774570584297 0.0312247034162283 0.0271091423928738 0.0249825492501259 0.0208792649209499 0.0193821173161268 0.0177496951073408 0.0164902377873659 0.0177230704575777 0.0169904660433531 0.0193015597760677 0.0207517705857754 0.0228949058800936 0.026740301400423 0.0291484948247671 0.0333833582699299 0.0361073277890682 0.0392439514398575 0.0447249487042427 0.0513678602874279 0.0565804801881313
-9999 -9999 -9999 -9999 -9999 -9999 0.0349032804369926 0.0243432503193617 0.0352112352848053 0.0673926919698715 0.0919365882873535 0.0651866868138313 0.0497357286512852 0.0494424141943455 0.0535083673894405 0.060843825340271 0.0639370381832123 0.0649253726005554 0.0672271177172661 0.0686687380075455 0.0669950321316719 0.0615536607801914 0.0578006058931351 0.0573199316859245 0.058841846883297 0.0604306645691395 0.0646911114454269 0.062568224966526 0.0564161650836468 0.0545294880867004 0.0519799217581749 0.050163060426712 0.0478564761579037 0.0487694106996059 0.0506435371935368 0.0514222085475922 0.0456205010414124 0.0401920937001705 0.0377662554383278 0.0330054648220539 0.0299955047667027 0.0268893856555223 0.0256074350327253 0.0276453513652086 0.0273632481694221 0.0287975296378136 0.0307382885366678 0.0333169735968113 0.0342458039522171 0.0337355919182301 0.0338897928595543 0.0359181463718414 0.0391105897724628 0.0432154722511768 0.0473319664597511 0.0512860342860222
-9999 -9999 -9999 -9999 -9999 0.0726976692676544 0.0394756570458412 0.0299162771552801 0.0470833592116833 0.071192666888237 0.0812131986021996 0.0663578733801842 0.0610892735421658 0.0613356344401836 0.0611784867942333 0.071644127368927 0.0733017325401306 0.0703413486480713 0.0707399100065231 0.0711262449622154 0.0734836161136627 0.0741375163197517 0.0703596547245979 0.0700225308537483 0.0718546062707901 0.0742189958691597 0.0751774534583092 0.069619782269001 0.0634644404053688 0.0544984638690948 0.0532880313694477 0.0523592196404934 0.0504669174551964 0.0514550879597664 0.0532862059772015 0.0553763024508953 0.0588272102177143 0.0567827187478542 0.0538684315979481 0.0455685891211033 0.0440923050045967 0.0422757677733898 0.0393056310713291 0.041100412607193 0.038298174738884 0.0401022285223007 0.0385056845843792 0.0349338762462139 0.0347690433263779 0.0339325480163097 0.0345617458224297 0.0372651480138302 0.0398689843714237 0.043394036591053 0.046421904116869 0.0479040294885635
-9999 -9999 -9999 -9999 -9999 0.0835317298769951 0.0514230243861675 0.0368473902344704 0.050574529916048 0.0739204660058022 0.0678142011165619 0.0606068931519985 0.0639255717396736 0.0706860423088074 0.077810250222683 0.0813508480787277 0.0746437162160873 0.0699766576290131 0.0706504955887794 0.0707223862409592 0.0739367976784706 0.0783242285251617 0.0835678577423096 0.0838364288210869 0.0854120776057243 0.0833154991269112 0.0782494470477104 0.0732523500919342 0.0681189894676208 0.061611145734787 0.0560728311538696 0.0526243485510349 0.0518664233386517 0.0523685216903687 0.0546206012368202 0.0568751953542233 0.0615220293402672 0.0661557987332344 0.0699532777070999 0.0656671822071075 0.0611619129776955 0.0563335381448269 0.053601548075676 0.0500198714435101 0.0457731932401657 0.0420739948749542 0.0395206101238728 0.0373560301959515 0.036903478205204 0.0366832613945007 0.0367844477295876 0.0387510433793068 0.0410313047468662 0.0435854494571686 0.0460314378142357 0.0476707331836224
-9999 -9999 -9999 -9999 -9999 -9999 0.0772765278816223 0.0542254857718945 0.061744961887598 0.0704181790351868 0.0522407814860344 0.0527941659092903 0.0631920695304871 0.0739893391728401 0.0767534226179123 0.0856852978467941 0.0773549750447273 0.0673115774989128 0.0658027157187462 0.0672742873430252 0.0710438266396523 0.0759613215923309 0.0805361866950989 0.0833633914589882 0.0846339464187622 0.0836545005440712 0.0804752856492996 0.076149582862854 0.0730246305465698 0.0678163468837738 0.0641701221466064 0.0611361414194107 0.0576941184699535 0.0577720627188683 0.0582716278731823 0.0604869909584522 0.0656075328588486 0.0716188475489616 0.0801018327474594 0.078084833920002 0.0699820294976234 0.0640157088637352 0.0571947321295738 0.0533575974404812 0.0487546883523464 0.0452983230352402 0.0435314774513245 0.0410781316459179 0.0406058467924595 0.0396121293306351 0.0394036136567593 0.0411328449845314 0.0425816662609577 0.0445166900753975 0.0469434969127178 0.0479654781520367
-9999 -9999 -9999 -9999 -9999 -9999 0.124118492007256 0.0968028903007507 0.0922394543886185 0.0674947798252106 0.0505208112299442 0.0490468293428421 0.0549513809382915 0.0626787766814232 0.0690537691116333 0.0667125955224037 0.0677674189209938 0.0607550553977489 0.0620376653969288 0.0647962242364883 0.0702871307730675 0.07349993288517 0.0753510519862175 0.0767237171530724 0.080259844660759 0.0817700549960136 0.0792003571987152 0.0760735422372818 0.0741246193647385 0.0718171820044518 0.0700411573052406 0.0676751285791397 0.0662273615598679 0.0674097910523415 0.0694909691810608 0.0731678754091263 0.0791094675660133 0.0871100500226021 0.0968274101614952 0.0878770127892494 0.0792522802948952 0.0719140917062759 0.0651766210794449 0.061029464006424 0.0566014498472214 0.0528131201863289 0.050265196710825 0.0479759499430656 0.0464845150709152 0.0447377227246761 0.0434853062033653 0.044490147382021 0.0454964675009251 0.046527162194252 0.0478889532387257 0.0475135482847691
-9999 -9999 -9999 -9999 -9999 -9999 0.193706348538399 0.139466196298599 0.123304039239883 0.0762340575456619 0.0524834059178829 0.0514053516089916 0.0536237135529518 0.0587578006088734 0.0634230002760887 0.0623431988060474 0.0577537417411804 0.0556325167417526 0.0580643713474274 0.0608447976410389 0.0671185404062271 0.0690056532621384 0.0674238055944443 0.0691782087087631 0.0743129551410675 0.0782574936747551 0.0770210549235344 0.0742396786808968 0.0747200921177864 0.0745866894721985 0.0749612078070641 0.0755477547645569 0.0740691646933556 0.0767786800861359 0.0811768472194672 0.0856692045927048 0.094524085521698 0.102443546056747 0.109933897852898 0.0991682261228561 0.0911937654018402 0.084175243973732 0.076809324324131 0.0722915604710579 0.0666981339454651 0.0632989928126335 0.0609497576951981 0.0574378818273544 0.0550123751163483 0.0515916272997856 0.0490297414362431 0.049616739153862 0.0499360151588917 0.0499562360346317 0.0501054562628269 0.048014972358942
-9999 -9999 -9999 -9999 -9999 -9999 -9999 -9999 0.116156443953514 0.0891451314091682 0.0685571059584618 0.0598240792751312 0.0600251592695713 0.0630534365773201 0.0673378631472588 0.0611382834613323 0.053214218467474 0.0527224503457546 0.0585372261703014 0.0598742887377739 0.0653073340654373 0.0659068375825882 0.0610786490142345 0.0614108107984066 0.0679850354790688 0.0728631615638733 0.0735772773623466 0.0716521218419075 0.0724760070443153 0.075122095644474 0.0772122070193291 0.078710600733757 0.0796609818935394 0.0833409205079079 0.0884791016578674 0.0943781584501266 0.102906748652458 0.112712226808071 0.124098964035511 0.116986982524395 0.108650334179401 0.100510038435459 0.0936314836144447 0.0885254517197609 0.0830010920763016 0.0782303735613823 0.0744045525789261 0.0705604553222656 0.0658922344446182 0.0601021088659763 0.0566565617918968 0.0550751015543938 0.0553261935710907 0.0540003515779972 0.051567118614912 0.0493267886340618
-9999 -9999 -9999 -9999 -9999 -9999 -9999 -9999 0.127961739897728 0.0832780376076698 0.0804499685764313 0.074858732521534 0.0696268975734711 0.071711890399456 0.0755902826786041 0.0701510161161423 0.0578830987215042 0.0590899623930454 0.0646399036049843 0.0606236644089222 0.0645205155014992 0.0619464367628098 0.0560387596487999 0.0560776926577091 0.0628327950835228 0.0687257498502731 0.0690744966268539 0.0679364278912544 0.070150338113308 0.0739806219935417 0.0776287391781807 0.0817756354808807 0.0834075510501862 0.0886751264333725 0.0955700352787971 0.102182410657406 0.111341282725334 0.120475582778454 0.132519885897636 0.135644182562828 0.129333332180977 0.122137486934662 0.114838033914566 0.109459832310677 0.102988757193089 0.0975171253085136 0.0927145034074783 0.0863633081316948 0.0789558812975883 0.0705328211188316 0.0639176145195961 0.0601925626397133 0.0587349273264408 0.0565947480499744 0.0540844686329365 0.0516695864498615
-9999 -9999 -9999 -9999 -9999 -9999 -9999 -9999 -9999 0.079180620610714 0.0588317438960075 0.0555084757506847 0.0891422554850578 0.0907818302512169 0.10090970993042 0.0941285789012909 0.067870520055294 0.071600429713726 0.0773817524313927 0.0660385116934776 0.0667825415730476 0.0613208003342152 0.0543158873915672 0.0542110688984394 0.0600985363125801 0.0652900263667107 0.0665185824036598 0.0655556917190552 0.0667945221066475 0.0722798183560371 0.0769400522112846 0.0819366052746773 0.0862400829792023 0.0917066186666489 0.0988849624991417 0.105657361447811 0.115007027983665 0.124179072678089 0.135604903101921 0.14983281493187 0.152229711413383 0.144567504525185 0.139694735407829 0.133443683385849 0.126956835389137 0.120936699211597 0.112772285938263 0.104264102876186 0.0928142890334129 0.08040601760149 0.0706069245934486 0.0658278837800026 0.0620382316410542 0.0594518296420574 0.0576223470270634 0.0566938519477844
-9999 -9999 -9999 -9999 -9999 -9999 -9999 -9999 -9999 -9999 0.0515733994543552 0.0399906300008297 0.0816956236958504 0.128393158316612 0.13601741194725 0.133041813969612 0.0997958481311798 0.0881302878260612 0.0935036391019821 0.0773522481322289 0.0717582106590271 0.0633748844265938 0.0584352873265743 0.0546835884451866 0.0581795684993267 0.0618039667606354 0.0625337809324265 0.0632133111357689 0.0651453211903572 0.0691475868225098 0.0745944753289223 0.0805869251489639 0.0860680267214775 0.0930669903755188 0.101394176483154 0.108953014016151 0.11695658415556 0.12548166513443 0.135428547859192 0.150331556797028 0.164950475096703 0.168444365262985 0.163295581936836 0.159231245517731 0.153672784566879 0.148156180977821 0.138209089636803 0.125138893723488 0.10962650924921 0.0939647033810616 0.081701472401619 0.0759603679180145 0.0718159601092339 0.0679613053798676 0.0651137083768845 0.0629858896136284
-9999 -9999 -9999 -9999 -9999 -9999 -9999 -9999 -9999 -9999 -9999 0.0297728292644024 0.0813147351145744 0.153548315167427 0.189577907323837 0.19465409219265 0.146055087447166 0.119528882205486 0.108797118067741 0.0824256762862206 0.0761736556887627 0.0651762634515762 0.0628292411565781 0.0621279366314411 0.0583652593195438 0.0589238218963146 0.0591757781803608 0.061335276812315 0.0624999925494194 0.0665043815970421 0.0709321051836014 0.0767970755696297 0.0853543505072594 0.0927045196294785 0.10149922221899 0.109576895833015 0.118545338511467 0.126060456037521 0.135001793503761 0.148318842053413 0.159165233373642 0.175066038966179 0.187152996659279 0.182834982872009 0.179119870066643 0.176074340939522 0.164266213774681 0.149516373872757 0.132077842950821 0.112381935119629 0.0977516248822212 0.0920765101909637 0.0867023691534996 0.0823340937495232 0.0789866894483566 0.0762251168489456
