data/03_saidas_enm/CCSM_Maha_0k_B.balansae1.asc
NCOLS 154 
NROWS 168 
XLLCORNER -112 
YLLCORNER -55.5 
CELLSIZE 0.5 
NODATA_value -9999 
[rows 75 to 99 of 168, columns 56 to 111 of 154]
-9999 -9999 -9999 -9999 -9999 -9999 -9999 -9999 -9999 -9999 -9999 -99.1553688845062 -64.2930737917391 -61.5368820108719 -50.2272795421636 -33.2448731855024 -20.9086449491628 -10.309699125327 -6.15603764697075 -8.08298206348673 -12.9557769794018 -15.9791631951889 -18.8215741786182 -20.4051864470482 -20.9285023383686 -21.3653949835295 -21.4676277319382 -21.3350319220132 -20.07472989213 -18.7590975661941 -17.2278002646937 -15.0962351756455 -12.9217338657742 -11.0444995011148 -9.43994832487749 -8.07497831171821 -6.93808176226057 -6.18737058565876 -5.8791101803355 -4.06521801639604 -2.70581418033985 -1.75104714222186 -1.33134676178576 -1.50777774162745 -2.4001993510977 -3.53652323672826 -4.70675107372635 -5.85561718754385 -7.31261597820597 -9.29036229917493 -11.8887876709673 -12.6781962331966 -13.4336978753862 -14.3206251366665 -14.9701335921931 -15.9389600303449
-9999 -9999 -9999 -9999 -9999 -9999 -9999 -9999 -9999 -9999 -9999 -88.6877807467528 -60.3937618447487 -60.8379999097225 -50.5145344045268 -39.6389877284838 -28.9199412861486 -19.121723152053 -11.1078765907892 -7.90275502237258 -9.52783032188288 -13.6383206092562 -17.480560951202 -19.9530093466555 -22.6579183681604 -23.8387410538419 -22.8556599087543 -21.6504638279056 -20.568424537281 -19.6383450981784 -18.5801314389742 -16.2220434506763 -13.7491318666768 -11.8132514797009 -10.357406879413 -8.86738658418724 -7.26114046698458 -5.8173597192721 -4.83273909902302 -4.36030693795534 -4.35065111184349 -3.87150077247911 -2.8101347168849 -2.21320725210111 -2.02521133939747 -2.24097855794299 -2.70219470445321 -3.49678080032597 -4.62965525254446 -6.32036878956164 -8.38285948455762 -9.69246539054368 -9.55631218584527 -9.45768595736565 -9.35208059390979 -9.62638240738093
-9999 -9999 -9999 -9999 -9999 -9999 -9999 -9999 -9999 -9999 -9999 -9999 -59.9546283923804 -56.1434863694447 -52.6069061046356 -45.2223629180019 -41.273350580489 -43.9351695569384 -35.404591380053 -18.2362470418954 -8.7340478693473 -8.25784827651385 -11.8496943999225 -16.2454297586684 -20.8505247450784 -22.244983649251 -22.2169325252005 -21.5834482242485 -21.0097706978676 -20.4915655870436 -19.5768429671113 -17.5364164089803 -15.3131359154785 -13.4178965083926 -11.8997266684953 -10.3257115898407 -8.47346128375469 -6.65684143038647 -4.99522662563582 -3.74243891174406 -2.82621991185936 -2.49382161523946 -3.11128179249265 -3.98324664280806 -3.3429640669042 -3.00396232105352 -2.96760205773447 -3.18031600804705 -3.78417924874802 -4.99693177766315 -6.64306163200398 -7.92404516600687 -7.00453500580036 -6.14268146121313 -5.38960465348788 -5.2285717957063
-9999 -9999 -9999 -9999 -9999 -9999 -9999 -9999 -9999 -9999 -9999 -9999 -61.5923476565962 -60.8652359008862 -54.2901416765965 -52.828788197118 -55.4852767975902 -76.1688625241075 -75.0602363780264 -47.605644401249 -20.283018998736 -9.44464869887554 -5.86724109186006 -8.5996289189684 -17.757813218941 -19.6868336016261 -20.9184366286781 -21.2409640148727 -21.1039287674405 -21.162623916986 -20.7221942338085 -18.9690158694634 -17.3066532255051 -15.5914969735237 -13.866302750583 -12.3417042383308 -10.4117477851708 -8.5686213090508 -6.4215355719428 -4.42726553548547 -2.68894865246299 -1.43493766327198 -1.43010754913307 -2.21577685423053 -2.84887429350176 -3.35816272752529 -4.18799591257361 -4.16947673681633 -4.40714047383639 -5.08624355710491 -6.23031659952481 -6.0226628867979 -5.86164710162937 -5.24737652756388 -4.0798164526806 -3.31458097858361
-9999 -9999 -9999 -9999 -9999 -9999 -9999 -9999 -9999 -9999 -9999 -9999 -9999 -60.6987124935474 -61.2004104244881 -67.9598897011384 -77.4664232148553 -96.311061536983 -98.2981254457376 -79.0288457366486 -59.3839257265318 -31.8103258037126 -10.0463331258599 -2.4686821363516 -2.62037915062076 -9.2778762716445 -15.8140342984378 -18.1671467267258 -20.6350422670528 -20.8245823059478 -21.0412192716707 -19.8288437358828 -18.6823943619952 -17.3382817018623 -15.8785675662103 -14.6913856798572 -12.5852249033675 -10.630171996617 -8.24239589940264 -5.98862040127002 -3.63503553314256 -1.43088511759124 -0.658485406663533 -0.90734351054188 -1.37420438066299 -1.9039104306839 -2.44365860892582 -3.04741169721047 -3.74498865607521 -4.7570621721722 -6.29615129313675 -5.82658554546568 -5.099824633365 -4.06891145394681 -3.3316354786579 -2.81869642382323
-9999 -9999 -9999 -9999 -9999 -9999 -9999 -9999 -9999 -9999 -9999 -9999 -9999 -50.4359237409894 -65.3186435664183 -85.220896899133 -96.6658027120171 -116.138195144764 -117.917269547801 -107.895117471421 -111.786852307788 -89.2199616492548 -61.2102813531907 -39.9088627975524 -27.5742017412611 -2.13023016593683 -1.78576548378523 -7.33338066245565 -16.2030289106157 -18.0814947093236 -19.8262635474594 -17.8799461790336 -18.4395731605608 -17.7016304069978 -16.7271949649991 -16.6821468127986 -13.711554997711 -11.836141893612 -9.58680110199779 -7.45138100263238 -5.47469591327665 -2.36500031068179 -0.691274930744157 -0.27212995020161 -0.462007948222691 -1.29510241686374 -1.15063690120303 -1.45174431036945 -1.80522539075779 -2.11806272411856 -2.84894533913686 -3.97126589288263 -4.70726542331579 -4.52936790350984 -3.3649795542872 -2.37603421345567
-9999 -9999 -9999 -9999 -9999 -9999 -9999 -9999 -9999 -9999 -9999 -9999 -9999 -9999 -60.6630977042652 -80.4647227119431 -98.8155879514487 -112.846113056485 -119.402820301127 -130.441415180963 -160.670448633781 -207.693669733308 -272.726705109512 -271.549585622965 -186.888159602107 -112.081974542329 -55.2939643999377 -10.0888494731573 -0.652112834950247 -2.68439008630649 -11.4892353314443 -12.7873913359388 -13.87459647791 -15.1838986004632 -15.2641876983021 -14.7396653051152 -12.608716954416 -10.5699330691754 -8.73524119782288 -7.20047542200339 -5.69410987755094 -3.21128820798904 -1.26266962796418 -0.0922122789398463 0.293075882082647 0.117258160593904 -0.0421798954058545 -0.325155800842106 -0.593148074516593 -0.685473855979964 -1.0139837969516 -1.71679179906724 -2.62196765775378 -3.49452071438296 -3.56646477609013 -3.3510645018013
-9999 -9999 -9999 -9999 -9999 -9999 -9999 -9999 -9999 -9999 -9999 -9999 -9999 -9999 -47.7591691302319 -89.133042139004 -87.2485427665172 -100.623933865208 -115.003027204135 -142.095831437287 -199.928873676885 -332.836570566673 -601.468094385275 -684.565853413157 -518.373539231018 -425.353863516297 -275.607664384933 -122.422828486206 -55.4008038069414 -20.5632197981727 -0.963822195902462 -3.80963946401003 -10.3755534826956 -11.6062950888258 -12.8669144269957 -12.8027559071545 -10.6518962621328 -8.83356837971897 -7.3508676680628 -5.97852357412217 -5.35475065436027 -3.25845031465998 -2.04335513243656 -0.732134038321529 0.363503952086061 0.581483546340499 0.514962442276702 0.258987537914511 0.0636240422887868 0.0188258369195539 -0.180658904840565 -0.648407769307229 -1.30331851079486 -2.14097634497763 -3.30907946998285 -3.4645291275581
-9999 -9999 -9999 -9999 -9999 -9999 -9999 -9999 -9999 -9999 -9999 -9999 -9999 -9999 -9999 -46.8836538494623 -67.2326868008211 -90.6247318743845 -116.858079992435 -144.313216301423 -216.706350299722 -338.136112523638 -526.153573283492 -651.609766768026 -711.324364558935 -772.088944227489 -680.321493867713 -592.159391661633 -406.895174794088 -162.265137022636 -43.8433740581395 -2.70854780983879 -4.02694979481072 -9.74483526594233 -9.95253411234851 -9.61791527802817 -9.1347423132656 -8.24444519054646 -6.80235918280616 -5.10563655026832 -3.6718445303407 -2.43056802183787 -2.17981183955363 -1.59573560457888 -0.214729787208278 0.538139444114345 0.703401360729103 0.662108262880265 0.592955540214489 0.47329943407189 0.219825116544562 -0.191010913247653 -0.673851210617657 -1.31974346577872 -2.16265519721505 -2.83935512510781
-9999 -9999 -9999 -9999 -9999 -9999 -9999 -9999 -9999 -9999 -9999 -9999 -9999 -9999 -9999 -34.8930930179105 -57.2521454917964 -84.7299239645231 -123.209810265013 -139.435440452238 -194.694863036162 -257.483786325492 -356.591008972315 -454.394192009353 -609.056245988173 -893.06368748066 -861.27728104007 -1034.08125124294 -854.375912281168 -362.938594685938 -127.392401384616 -33.4091934863357 0.216832393420068 -7.0766836112271 -8.14747523290357 -7.99032692457349 -8.04455150498045 -7.70711166273482 -6.86441356134036 -4.90904262387536 -3.04749884515101 -3.05708941197058 -2.06813321281538 -2.69628346080908 -1.21889470267602 0.130565238286515 0.585136301044251 0.862640548783515 0.892825860760208 0.739782507370881 0.34857354076794 -0.0151283169704468 -0.391750937440529 -1.01429945584181 -1.73803241406143 -2.2354678136752
-9999 -9999 -9999 -9999 -9999 -9999 -9999 -9999 -9999 -9999 -9999 -9999 -9999 -9999 -9999 -38.8891659376675 -49.7318796041136 -71.5707258148841 -106.606390076147 -128.761702367244 -155.982407538911 -184.230734231646 -224.222525849007 -259.481690729941 -314.566958162677 -376.902506131801 -489.488793761446 -602.104347619827 -566.156409013031 -390.504589460881 -220.031597712015 -86.0637883543586 -8.36391927110122 0.338997489960051 -6.25537320645939 -6.45833073022793 -6.63403556614422 -6.64162795579808 -5.75898874870644 -3.18071813173454 -2.63445086843076 -2.00368924992622 -1.98139554010944 -3.39507352851941 -2.71970143058224 -0.957929695026087 0.233510458633508 0.840838988556905 1 0.866111447350212 0.513263173085896 -0.0139827885133497 -0.785593800550835 -1.79044631855332 -2.64280996310591 -2.629683127236
-9999 -9999 -9999 -9999 -9999 -9999 -9999 -9999 -9999 -9999 -9999 -9999 -9999 -9999 -9999 -9999 -43.8565933899606 -62.6299940955095 -85.9602862627366 -104.751830542962 -145.990438010981 -169.083153320321 -192.443816890347 -201.094521570256 -204.728756629164 -213.739018722815 -252.603556825127 -300.778793630973 -327.006383644566 -336.53732468048 -282.420139552908 -164.217625733916 -50.462469408241 -7.54205439998769 1 -5.12608391927589 -5.12952642080297 -5.23060664184241 -5.04774654559865 -2.24683568040205 -1.94351320342314 -2.43509229823927 -2.59988446377817 -4.44552271158102 -3.62871977234638 -1.7964863818153 -0.0593275398072801 0.65788684224059 0.758899453982192 0.596238144106537 0.399580726811498 -0.472817289227287 -1.33606467710713 -0.929379919204838 -0.778390685720136 -0.144695578745274
-9999 -9999 -9999 -9999 -9999 -9999 -9999 -9999 -9999 -9999 -9999 -9999 -9999 -9999 -9999 -9999 -9999 -44.1022336615028 -56.8231671489005 -76.9611840045843 -117.36231660575 -128.10211470536 -147.327866082171 -166.63580406127 -170.037516972124 -176.061004508245 -187.514766004738 -204.187032262081 -215.894021908008 -264.408869997651 -317.706234300406 -252.385709682354 -163.903666698328 -82.0213403735202 -18.8922178389463 0.730459122335705 -4.10701556892015 -3.1209618520563 -3.5743319613582 -2.7634379766913 -2.06871836091403 -1.98670546699348 -3.32903845729761 -3.93363835769795 -2.87640518746602 -1.35488526652835 -0.316636555982573 -0.0464630215843862 -0.356483331307855 -0.950700180559255 -0.0814828763243114 0.231940388339305 0.609343359915362 0.617274065794945 0.587436283496197 0.845651233475847
-9999 -9999 -9999 -9999 -9999 -9999 -9999 -9999 -9999 -9999 -9999 -9999 -9999 -9999 -9999 -9999 -9999 -9999 -9999 -63.1730800617377 -87.3258160996334 -85.0574856391449 -97.3477032337862 -120.50222230221 -135.917858909832 -148.379508907232 -165.279183967693 -177.973549805305 -172.412641643717 -199.623532112829 -281.459624691705 -294.369581705226 -286.013168870005 -220.006051525554 -90.9978977334195 -20.0971376002886 -2.24071779695078 -1.41620794315677 -2.72985402550298 -2.50782196501369 -4.44745684641608 -3.35426765331272 -3.46605464460098 -3.1544361808845 -2.0238381102718 -1.30289180853366 -0.70948513846843 -0.773988901630727 -1.40636466765036 -0.157559391441656 0.637789891943234 0.895254954957558 1 0.911453421388291 0.94813461138498 0.794178943360226
-9999 -9999 -9999 -9999 -9999 -9999 -9999 -9999 -9999 -9999 -9999 -9999 -9999 -9999 -9999 -9999 -9999 -9999 -9999 -9999 -9999 -61.8625566375264 -71.3157566010466 -81.2583840665403 -100.146412225201 -127.064286294394 -145.229432181225 -160.174607577217 -160.575098890803 -159.910367766779 -180.738952606035 -240.42843760993 -355.614816029995 -350.27778629924 -221.54618893755 -122.441305903314 -42.6121483975287 -3.47826599134709 -1.12736796453663 -1.90383482182116 -1.72614757864623 -2.40960493404111 -2.47185041024966 -2.10736120833389 -1.74013418796109 -1.27712609923291 -0.868777750406992 -0.681499168266823 -1.22800088512408 0.160990047719217 0.796539580995654 0.942278879169827 1 0.870671554279836 1 0.810325056984463
-9999 -9999 -9999 -9999 -9999 -9999 -9999 -9999 -9999 -9999 -9999 -9999 -9999 -9999 -9999 -9999 -9999 -9999 -9999 -9999 -9999 -9999 -9999 -54.3081090052397 -71.8084206291381 -89.936196942096 -116.166498311027 -143.134552067487 -155.962283044597 -150.239035198037 -143.683143784664 -168.023131584509 -269.687394745687 -335.20115614554 -301.833157475864 -248.610716503068 -129.347076262692 -36.8975008029048 -9.10027647135339 -0.963343657774688 -1.93881310290742 -1.67898360236005 -2.18854789642785 -2.37686316837984 -2.0493323730942 -1.5478657209743 -1.18327072008304 -1.04409037952136 -0.866613646822768 0.506522985600453 0.807117468594767 0.941954860107691 0.971638797818293 0.82485854898415 0.973666720666297 0.82369243020513
-9999 -9999 -9999 -9999 -9999 -9999 -9999 -9999 -9999 -9999 -9999 -9999 -9999 -9999 -9999 -9999 -9999 -9999 -9999 -9999 -9999 -9999 -9999 -9999 -9999 -59.4638116405209 -79.4899550522614 -112.759065208077 -143.494377428731 -148.142331039477 -133.550399814759 -126.251157340204 -152.185851369999 -191.077871789169 -259.459340257957 -327.67131442453 -216.08248203779 -124.321535401891 -48.7014494784566 -5.76096202565663 -3.75222730338868 -1.66723776142684 -2.79550712050253 -3.91218804365922 -3.35525344713605 -2.75130241735667 -1.92618578995203 -0.664274003618768 0.167538888541637 0.577526559503878 0.644796728065135 0.860962035803936 0.89533508430417 0.810055353816121 1 0.611647848145353
-9999 -9999 -9999 -9999 -9999 -9999 -9999 -9999 -9999 -9999 -9999 -9999 -9999 -9999 -9999 -9999 -9999 -9999 -9999 -9999 -9999 -9999 -9999 -9999 -9999 -50.4439016783036 -64.6101936152807 -84.0958228069846 -118.146786326447 -142.271022291934 -147.439512418654 -146.149228415973 -132.974242087605 -121.412694852767 -148.944005869933 -203.062418720929 -179.29597049287 -141.773896495136 -71.0848486458423 -9.81369471435019 -5.50407210894578 -1.54608883863739 -3.66534964566953 -3.35113476879114 -3.02997330177736 -2.50786368126098 -1.74360271281116 -0.749299770903264 -0.0232360394445588 0.343851968009837 0.490358912128192 0.71916604815036 0.805466874136751 0.714929897169043 0.963132846132367 0.423669358833609
-9999 -9999 -9999 -9999 -9999 -9999 -9999 -9999 -9999 -9999 -9999 -9999 -9999 -9999 -9999 -9999 -9999 -9999 -9999 -9999 -9999 -9999 -9999 -9999 -9999 -9999 -9999 -77.7048757008338 -108.257190134312 -154.383500299205 -203.678893875768 -180.245364806699 -155.69498282368 -137.824102264856 -111.216062983972 -103.766495822825 -104.11434333116 -105.994624244732 -61.8979063686076 -11.2600126201907 -5.26226828136782 -1.66321610651043 -2.84040845738716 -3.36612655168658 -3.58607871766108 -3.17892864891686 -2.30245125547564 -1.82505806533714 -1.01161343181274 -0.276126892550636 0.0854629855669592 0.437410854361747 0.646971207274688 0.779598426927366 0.771683864645668 0.474481437422607
-9999 -9999 -9999 -9999 -9999 -9999 -9999 -9999 -9999 -9999 -9999 -9999 -9999 -9999 -9999 -9999 -9999 -9999 -9999 -9999 -9999 -9999 -9999 -9999 -9999 -9999 -9999 -94.2994993723599 -127.203990514634 -172.357278698809 -206.663590878953 -201.65328878095 -173.630649618879 -149.289779077003 -130.758453817161 -112.251330796528 -86.0796359212789 -79.9982855939283 -52.3384809817023 -14.5784233571032 -4.79646719533372 -1.75622468032642 -3.86568930528483 -3.58981527798692 -3.49200559422983 -3.22671856193925 -2.73404455090212 -2.71241100958906 -1.89112626396444 -1.07110944578244 -0.399696341923168 0.0790745447599288 0.429042077401789 0.688453469246945 0.74762566053187 0.431724072831611
-9999 -9999 -9999 -9999 -9999 -9999 -9999 -9999 -9999 -9999 -9999 -9999 -9999 -9999 -9999 -9999 -9999 -9999 -9999 -9999 -9999 -9999 -9999 -9999 -9999 -9999 -9999 -9999 -161.839942982974 -175.257318381132 -188.45631878911 -184.34415569746 -162.833942713388 -149.075038450618 -133.302595852836 -118.324915819869 -88.1838603845916 -75.5754777299054 -50.5739331336262 -17.929884292353 -4.55916373430267 -2.1640024266568 -3.58498529565439 -7.42068544741538 -4.44844294479194 -2.21639884884162 -1.81354921562541 -1.4539103578658 -0.883435116700443 -0.659707761643633 -0.443695586016144 0.0536102445720411 0.733700429090238 1 0.848815402642188 0.370266499632845
-9999 -9999 -9999 -9999 -9999 -9999 -9999 -9999 -9999 -9999 -9999 -9999 -9999 -9999 -9999 -9999 -9999 -9999 -9999 -9999 -9999 -9999 -9999 -9999 -9999 -9999 -9999 -9999 -176.698815978889 -186.386892624737 -178.913511693896 -164.250128891767 -142.706111820038 -137.31231070385 -129.870307349092 -114.800672435007 -92.9264495356864 -75.2096621986382 -51.6803933815854 -20.4108382040616 -6.20131166692236 -2.83519417641632 -4.03241150626025 -10.0225673914028 -8.38234856230551 -5.12146528182405 -2.38581855371068 -1.14035760576969 -0.303330600765787 0.102412092685901 0.00865633922920583 0.314422284416653 0.765731642276852 0.936583678100603 0.779855392754875 0.201345488407692
-9999 -9999 -9999 -9999 -9999 -9999 -9999 -9999 -9999 -9999 -9999 -9999 -9999 -9999 -9999 -9999 -9999 -9999 -9999 -9999 -9999 -9999 -9999 -9999 -9999 -9999 -9999 -9999 -181.540907213889 -176.812987521945 -178.487220687279 -150.791178673829 -127.238884335761 -128.067381987894 -126.860487375968 -116.679707828773 -93.5295847826519 -80.6488438571648 -57.3759299724852 -22.7453820801549 -7.78515428456843 -3.22128057472553 -5.93069351493166 -13.224916050079 -14.5964449575611 -13.7547333290959 -4.75299475198359 -1.81923130133824 -1.24312099315461 0.353270004511677 -0.225240824118327 0.5901972195068 0.615053908242286 0.830422432353982 0.64423442742796 0.421396863301789
-9999 -9999 -9999 -9999 -9999 -9999 -9999 -9999 -9999 -9999 -9999 -9999 -9999 -9999 -9999 -9999 -9999 -9999 -9999 -9999 -9999 -9999 -9999 -9999 -9999 -9999 -9999 -9999 -163.594805082775 -157.470040243716 -142.131535346535 -136.088902180848 -130.748988251423 -134.850074509212 -133.170574440243 -122.65699677333 -96.6914783783645 -82.9023918252332 -58.3881630103126 -21.9630097457148 -7.2378533163089 -4.11382272780941 -8.58586127785411 -17.1121245733483 -19.9888689978184 -17.8755665798683 -9.25606266009571 -3.18176581991956 -0.821435488055179 0.165807849876894 0.581347804133483 0.447446067792052 0.319050259272748 0.620467181749355 0.446189843861654 0.880915227909786
-9999 -9999 -9999 -9999 -9999 -9999 -9999 -9999 -9999 -9999 -9999 -9999 -9999 -9999 -9999 -9999 -9999 -9999 -9999 -9999 -9999 -9999 -9999 -9999 -9999 -9999 -9999 -9999 -151.812564798488 -129.684408302522 -118.339517639615 -130.145107047908 -138.767166304938 -144.933438183064 -140.501989650375 -133.94087533737 -96.9576423948167 -89.2681364385645 -63.8353250410054 -20.1461376582949 -6.17734548817977 -4.99103247880308 -12.798994196233 -20.1458388730914 -24.3189167353458 -23.3350657766493 -13.7493396569067 -6.79535057297483 -2.23368279857211 -0.271207942162395 -1.56894840277551 0.255621646599094 0.655645927794717 0.494088300009202 0.755786065942932 1
