data/03_saidas_enm/CCSM_Maha_21k_B.balansae1.asc
NCOLS 154 
NROWS 168 
XLLCORNER -112 
YLLCORNER -55.5 
CELLSIZE 0.5 
NODATA_value -9999 
[rows 50 to 74 of 168, columns 56 to 111 of 154]
-9999 -9999 -9999 -9999 -9999 -9999 -9999 -9999 -9999 -9999 -9999 -9999 -9999 -2263.49159497001 -1151.32836982542 -478.12100297476 -234.083982820583 -129.516891575287 -87.8147482868192 -73.2613998817731 -81.4021996167609 -72.1083999362319 -67.1891500404371 -75.8479743970194 -116.317203045841 -164.038006899083 -246.248543925336 -387.489932166657 -508.090754294524 -674.936944863273 -761.444357325576 -671.622686571098 -492.856699402312 -316.676202485193 -140.719746366057 -54.3804468356868 -30.1924412141095 -18.1657233923865 -15.6490539409665 -13.9697935261846 -9.36354264896219 -11.4503341691214 -11.2036309105372 -12.0254093617835 -15.1614398894993 -14.4600063876184 -23.3721152168534 -28.2859997062525 -35.866988438894 -47.005570272789 -49.7505917527463 -49.0954788176707 -45.6839263848811 -39.7918315227601 -32.2655590578159 -29.3888494344899
-9999 -9999 -9999 -9999 -9999 -9999 -9999 -9999 -9999 -9999 -9999 -9999 -9999 -1418.44908829138 -820.688989021879 -391.017511475105 -206.767737664216 -126.696664958045 -90.5739872365407 -72.2688345584025 -69.9975650087007 -66.0026378698788 -60.3254155460666 -69.7511604370681 -112.147191627753 -154.330062920075 -231.706942331721 -343.162198366604 -446.634591102411 -566.951823546399 -635.865165951298 -552.188280693304 -424.073770850624 -266.941184878482 -128.37156800454 -53.1174906516958 -26.1427151874617 -15.520349338131 -12.9774846192142 -11.9719520303976 -10.3039723917973 -11.4078680091362 -10.9867963701385 -12.3546946520154 -13.8042188639265 -16.8483546847856 -23.200723005959 -27.6379633976159 -34.3520757364295 -43.2826112741734 -43.1891665959742 -41.9649844012227 -39.8601774865799 -36.2586046580882 -30.905204526903 -27.2748769375847
-9999 -9999 -9999 -9999 -9999 -9999 -9999 -9999 -9999 -9999 -9999 -1388.19294634339 -1026.60919840973 -850.282925121694 -584.580503585077 -323.079026971667 -208.111328151991 -128.748644807663 -88.8483834103145 -68.3302851808501 -65.1552085459582 -59.7663783140962 -60.9917135314525 -73.0141442293681 -107.964793980009 -154.473520211588 -218.40431090338 -335.954634387537 -426.49263536102 -524.547791025401 -595.988029185786 -480.767229828515 -353.103187788504 -213.885667470002 -88.8520065092107 -42.0697178192651 -24.6669368617606 -15.7103286471676 -14.0559185094918 -13.8236973638974 -13.7497041959245 -14.9044193447586 -14.8602394164815 -16.8107780144721 -20.6792891680023 -22.191609436848 -29.6255380165602 -34.4698013786096 -39.8300033099086 -40.2089355904696 -38.9245144911221 -36.6796037480033 -34.3846359959358 -32.1446164353992 -28.3989486923416 -25.4399953720225
-9999 -9999 -9999 -9999 -9999 -9999 -9999 -9999 -9999 -9999 -1176.14029277164 -901.076316823017 -603.358583952097 -513.576322415966 -514.968043107178 -386.655425828104 -240.573730519177 -153.055117118176 -110.775033084508 -87.5825261220152 -71.0513218708942 -74.4816348973682 -82.8214810325563 -105.845804571443 -144.07327897274 -194.958750034893 -276.07169525548 -369.750868288055 -462.022507297266 -558.019352680892 -579.026208523237 -473.390696017021 -318.695731048031 -185.012131928264 -80.0696430683038 -36.5952450911754 -22.8477837221315 -17.5022223796633 -16.1219610629362 -16.5176083401266 -17.3425466006743 -19.9778772368949 -20.8229418416271 -23.0737371742656 -29.2278119916972 -33.8974109589231 -39.6362565386911 -41.2867189230202 -41.9479048918228 -41.5857920381847 -37.8911717358993 -38.0002279745211 -34.4887450865391 -32.9068038221647 -30.0781644813666 -27.2446275645445
-9999 -9999 -9999 -9999 -9999 -9999 -9999 -9999 -9999 -9999 -644.81930911261 -445.033113373732 -323.910489137866 -349.278021080113 -415.225310695749 -481.651843293054 -329.326954276333 -200.209133540984 -144.884398847964 -120.791271895726 -107.393362390552 -128.590496824597 -138.281197777467 -165.637240956121 -224.018652408439 -270.507522946627 -365.969638416652 -467.963920166312 -554.331259623624 -636.795119555288 -651.449743528021 -517.778652684779 -342.317751056713 -205.168879712857 -92.0099997269314 -37.4762481096708 -24.6101470850759 -19.2491981406808 -17.9324131155972 -18.6336375962414 -20.1365206426948 -21.7187475986477 -23.6513394907417 -26.4142829367271 -32.1663831320334 -36.1516479934575 -41.9308864962423 -42.5817272089968 -43.740070663282 -43.0946235721143 -40.4353176638744 -39.9957953028522 -37.9145578745608 -36.1696207598055 -33.174766112828 -31.2008731529648
-9999 -9999 -9999 -9999 -9999 -9999 -9999 -9999 -812.505228323894 -502.444668305458 -282.09374352511 -244.567026156291 -214.846338050757 -246.318216966053 -353.766973300768 -479.349053544017 -390.086748615059 -251.277072865312 -195.53976517126 -193.813020094225 -184.826132185543 -200.754602523091 -225.461232429277 -254.559431060055 -314.723704659864 -395.659619449104 -487.199128853632 -587.158872110656 -681.379420719686 -702.360910476545 -683.119236995199 -529.630483990912 -370.289288417189 -220.716121536632 -115.397676098271 -54.649146310176 -29.9453528028091 -21.4055877670239 -19.7913343227204 -20.5079916507996 -22.4767764495048 -23.6676810294326 -24.0023311372009 -26.5114042133999 -31.3118449225015 -34.868401282752 -39.9409958953902 -43.1169883938702 -44.6469082021401 -45.9280741034152 -45.6727250187736 -45.0745793764435 -46.8691444025844 -45.7222341350132 -40.1390018871336 -38.3042711652092
-9999 -9999 -9999 -9999 -9999 -9999 -9999 -9999 -535.883156465058 -256.79028852498 -132.66392361618 -127.856118884269 -139.607321816625 -199.712671855904 -290.271008308245 -378.359220235251 -377.416961407617 -306.577116428384 -262.967998825387 -263.81054320967 -291.720515668376 -317.362569683138 -320.36766056973 -361.770269179646 -459.713854661146 -552.258535490671 -627.466111133214 -708.310820477738 -750.724793453884 -764.822028540182 -717.518331660075 -551.648170447675 -378.896928860778 -247.467861745582 -133.649922085678 -76.3709984656067 -48.3646375669544 -29.3594100431385 -24.7278744564359 -22.1635120578501 -23.1804575912618 -23.9334539777466 -26.3167902715273 -28.429762804841 -35.517120439637 -41.9425898284469 -48.7937483544044 -57.0859438562868 -60.3371452908203 -72.8698361600453 -79.4198981271683 -79.5826761634572 -76.7748603052089 -68.7431256832148 -58.9825513000214 -52.8812420868724
-9999 -9999 -9999 -9999 -9999 -9999 -9999 -619.538120761008 -346.867190657566 -170.405858844964 -101.850116616386 -98.9507661279481 -109.109672435626 -155.806574450167 -227.98127642208 -295.980879498793 -290.669047026695 -287.340223129971 -264.768087784553 -338.268045333734 -403.051745536232 -430.933060159075 -455.384601523629 -499.896962895561 -579.148300993731 -625.158266670561 -639.965860817584 -633.355308137722 -655.935630244604 -670.938516690974 -681.029332074796 -552.061485190545 -388.553109003426 -262.569306782097 -164.836350768451 -109.642051489919 -72.2809728818215 -49.6896536170086 -40.8901340621065 -41.9570074687516 -42.4573553199919 -48.0299436686682 -60.9994440736926 -66.0960255313115 -79.9137571784919 -86.5031063310794 -98.4923877518284 -118.73141828332 -118.526239256301 -134.901036329607 -136.558433366569 -131.683259045614 -119.895029792338 -101.541286333246 -81.9669805058932 -68.2143544562086
-9999 -9999 -9999 -9999 -9999 -9999 -9999 -466.060131687819 -228.911672144867 -102.888254454283 -83.8248902680071 -92.5232379053666 -99.6302463168606 -121.811176384791 -157.786902159859 -191.616333386485 -197.295216242237 -202.686178308726 -217.310390725626 -266.156516162976 -334.616920677246 -390.733587031129 -439.537598589627 -443.4064912046 -454.860566438125 -474.957723346801 -474.24840253316 -487.521363138992 -481.068106912379 -466.450018174672 -468.230065955418 -461.225022599237 -379.240222021733 -279.931633345715 -195.823906466201 -142.473739956636 -106.84194764451 -81.4117939340084 -77.5395448934247 -83.6801835911299 -90.1531745513817 -109.640436320861 -119.591709308183 -136.72782018507 -165.401035722024 -184.675134654113 -214.162932493423 -214.232766348919 -216.747185290224 -246.501641776505 -250.364113883772 -237.030909016835 -194.995855461482 -161.775403149106 -135.312750546032 -108.277809675092
-9999 -9999 -9999 -9999 -9999 -9999 -584.822129131021 -316.637694153036 -132.31165239194 -75.2766259161083 -85.4191149060294 -93.2376411807261 -94.4812758892639 -106.947996061107 -122.35392452815 -139.609793456128 -140.225875202011 -147.348545472044 -152.751199589033 -202.271777521217 -268.065456911405 -302.00297404242 -335.546974559279 -342.46748723472 -355.902400281274 -364.216728921232 -367.073181055311 -350.880666207175 -349.58297674543 -356.32786161214 -345.957134936699 -354.777928755594 -350.573429074928 -279.207020854675 -217.393672897857 -173.602134727205 -150.741358626374 -133.911321799695 -129.817124100926 -142.968938870578 -159.377490001889 -177.811110872966 -220.062747349922 -236.432716677461 -283.506275382821 -309.088729378312 -327.57582703747 -375.299780654874 -372.548279580538 -400.917667449683 -374.015920604785 -339.879252553498 -280.358908272084 -238.562556420651 -208.203009450976 -166.908967385572
-9999 -9999 -9999 -9999 -9999 -9999 -468.96884116465 -224.825782050145 -91.407826818651 -61.1132871051513 -77.0080234023538 -86.9910058548991 -86.2633331412953 -89.6021284678456 -91.1842990187005 -95.4944978808085 -101.134120335058 -107.454974427262 -116.285561452098 -144.345421718181 -186.600012384102 -216.351923887488 -243.597421540694 -244.532405761857 -246.542213972656 -254.661660305653 -248.031023755168 -244.553871099754 -241.082531176101 -237.214378679742 -241.707711967732 -241.572471298827 -248.706873134035 -260.009448527827 -247.962642164078 -213.474847233395 -197.677425393752 -189.96065824174 -195.144986555303 -219.397142898212 -245.416579851753 -295.557350446538 -340.913520031973 -370.094144386027 -440.143956420589 -435.061674764761 -417.048852984695 -384.951680909963 -338.43466157521 -307.555173500249 -286.725841825945 -253.947573558515 -220.308221510173 -192.163521906292 -165.228104223433 -145.968342597843
-9999 -9999 -9999 -9999 -9999 -9999 -393.600727183022 -190.771969363394 -84.6850964461432 -52.7012626905629 -62.0305421231688 -75.1427979338686 -77.3422042915864 -78.4433140688851 -76.8838457584904 -78.9690697595725 -76.5518537579693 -79.4955982740792 -84.4595877889456 -108.548387781001 -141.321698541471 -157.046206559633 -174.935070843549 -175.644706318521 -181.655802166105 -181.583008036226 -183.659365308344 -174.864160232998 -174.159670904362 -177.530227032103 -173.820607356957 -183.46101618355 -183.369698765336 -195.192668160115 -220.322473992742 -229.68594415996 -237.734732539464 -243.227955856202 -252.486668667448 -292.866822804559 -331.996202774442 -358.657281355405 -372.266451539709 -361.17557986268 -375.472132970655 -347.053149924264 -327.716866828107 -302.189071156709 -267.519205895712 -249.63525567684 -212.768820442908 -201.329859514467 -176.498131598412 -155.025258551355 -139.536596706462 -124.486350008913
-9999 -9999 -9999 -9999 -9999 -9999 -9999 -178.224000060206 -86.2673588152817 -46.3525294804742 -49.3052190144578 -63.182142607618 -68.1322040547797 -66.5785795079063 -62.2479279133473 -60.2311046264538 -59.0250849637489 -61.9753819771148 -67.0916452489836 -79.7365619299223 -97.2531272520865 -109.83814107364 -121.189234179428 -122.093908719264 -121.086513591246 -122.034243893039 -118.467454801353 -117.631355507856 -116.839370709316 -115.726398988555 -119.020514100339 -120.106992880968 -126.013388610103 -134.453047345557 -147.31044567143 -164.845992203342 -184.631617870766 -207.560294821483 -220.194792275698 -242.699449881173 -262.127925637557 -280.644379146825 -289.178183787671 -276.015929819709 -277.583001613857 -266.76118135178 -251.580399519322 -231.107593234984 -200.586347724708 -182.016886935994 -159.497442155068 -141.221060679189 -123.263108998657 -111.792058151956 -98.8663851660963 -92.6660224201471
-9999 -9999 -9999 -9999 -9999 -9999 -9999 -9999 -92.7965961069406 -42.8315666253247 -43.1704666207592 -54.2143598347396 -60.6621535434031 -58.2840956448705 -53.7534738890704 -50.1558635183268 -47.9474847039078 -51.2192719732834 -55.6038326193946 -68.5774347859319 -82.8483745556492 -90.32421170256 -96.5034035629434 -97.288290031237 -95.7723415801782 -92.8594256955328 -87.602730150833 -81.3801949168561 -81.2740739119232 -82.7071624674947 -82.9743833330653 -87.3574893554571 -90.1577464410289 -97.5236027933544 -109.739599807424 -120.230975393578 -136.45599344331 -154.210748496196 -165.250895234031 -188.164438531648 -198.29791063705 -209.213939442041 -217.407839698714 -207.531473669746 -211.770827336447 -193.861113355142 -183.797961043286 -169.816612348876 -150.76780002398 -138.921143653118 -122.887848535143 -113.898793627981 -104.773820773742 -92.4150493984144 -80.0049070484723 -72.0052642826132
-9999 -9999 -9999 -9999 -9999 -9999 -194.835595752814 -136.215423290661 -75.801491122989 -43.5441304818444 -45.0013408987956 -53.4878320225068 -53.807704208827 -49.7951178871482 -44.1451747857513 -38.8434126425273 -38.7080538087834 -42.4963671549788 -47.4752799592428 -54.5614378187538 -63.4191497988914 -69.5840785199023 -74.8559245197536 -74.1786645669787 -69.9542865063717 -66.9053550487148 -60.8973841637389 -56.7627669676991 -54.0006101758012 -53.8563312503307 -55.6535342331288 -57.3672555599337 -61.0036985060805 -65.4955748931596 -72.4177430817783 -81.9104347071806 -93.5111518978349 -107.49047856564 -115.299050542166 -130.740843759324 -142.943498060763 -154.964218021521 -160.123906445906 -150.491441785934 -149.667762326471 -142.739839448023 -133.088075436958 -123.144166894837 -119.092345543777 -117.866723487546 -115.946086050556 -107.703050771947 -98.1975154595223 -88.3895127709628 -79.525465424793 -72.5819055679594
-9999 -9999 -9999 -9999 -9999 -183.584927251904 -136.926981204481 -96.3664341605147 -58.070947565883 -44.5659896995833 -52.7333587686575 -52.9968110566701 -47.3783128846744 -42.436333103986 -38.3892450092177 -31.5873527019543 -31.2530968853379 -35.0400561399743 -39.041041415707 -46.9402435609555 -52.6353736758377 -54.6154335929185 -58.1846763343558 -56.9941994383797 -52.6816086311011 -49.3680237365729 -45.6536410386029 -41.9416726878384 -39.566917011607 -38.6694792056071 -39.2649489939825 -40.8975358930484 -42.8731126994803 -45.4514662519522 -51.4213683024486 -55.9967351947099 -62.6713248521617 -72.6074302326229 -78.3585010831145 -95.1871664413961 -100.317319990649 -104.257963753903 -111.293804030521 -106.427492825915 -111.525343711678 -105.723958626128 -107.649048521528 -115.091694492809 -114.124918238562 -113.597233637148 -110.105253276718 -100.5109842494 -91.2582693360679 -82.191985832541 -75.4285435464577 -72.7486283751225
-9999 -9999 -9999 -9999 -9999 -132.645577006199 -96.4189617585958 -73.3813683277435 -49.1406792171886 -47.9123141077083 -54.2592303902647 -55.4277965387036 -47.5733152384277 -39.194455781531 -32.9619778008984 -28.1519177346711 -28.348795033986 -31.2302003266384 -33.8288335873903 -36.8954092716965 -41.3145004172824 -43.8058331150846 -44.6719858064308 -43.3678643462816 -40.2745408148038 -37.5508233433377 -34.2654724147018 -32.0648209761967 -31.1051384775693 -30.741139437793 -31.3506339198678 -32.2713291691067 -33.4129561307414 -34.4764982422429 -36.5592401905878 -39.8170409849095 -44.0566701453322 -49.7595832816586 -53.3945756004892 -61.1665716335712 -68.1727988590704 -75.2613258267049 -79.8311291782699 -85.472293726286 -92.2862928943504 -99.3261493129854 -102.96182345123 -106.432801531377 -105.630604874184 -103.000404205986 -100.705740775108 -92.5193306450455 -85.0351191092161 -78.6771826997533 -72.881956702821 -69.3961322775596
-9999 -9999 -9999 -9999 -9999 -9999 -72.9232340695107 -52.2756229820052 -41.8915344458438 -52.4345906606497 -68.4759870262026 -67.3683977837326 -54.7018299854057 -42.9654152630876 -36.5618789191396 -29.0565548494636 -28.113794828673 -30.2798153863378 -30.1554553225723 -32.3052055815709 -35.9532296232676 -36.2330755403114 -35.9078974783218 -34.36053640923 -32.171696742783 -30.0896631018766 -28.2441768268935 -26.6173956565944 -25.856824172311 -25.9556018932275 -26.3222656044615 -26.7992811313721 -27.8101866667099 -27.9828203331909 -28.7653049669068 -30.0740762942225 -31.5550198842663 -34.98092850578 -38.8944441862737 -45.8588824491265 -54.552189608956 -61.6191576353787 -71.4975969691195 -77.8321721446897 -85.3967257319033 -91.4032055878973 -92.5927761052291 -95.3250016430273 -93.5228109133399 -91.6249450161267 -90.7339739475867 -83.4102773221495 -78.8571285387565 -74.2826788421572 -68.3225321007895 -66.2776149865163
-9999 -9999 -9999 -9999 -9999 -9999 -63.078439300583 -36.3065657611979 -31.4979755554902 -56.0897166448074 -83.4762614800096 -82.4397747901775 -69.2541998315578 -57.0172419709641 -46.6257047384585 -40.0874536663755 -33.8725013388637 -32.979072102715 -30.3070343184558 -30.1204696507969 -31.5804514087283 -32.4844124755194 -32.0488778249808 -30.5698593700421 -28.4010542503995 -26.8490707845636 -25.4919450331077 -24.8322800583739 -24.472700903447 -24.2475055453788 -24.0355169570891 -24.2886326041159 -24.3801551991543 -23.7982660453005 -23.5821563536452 -23.9023472425993 -24.8589571821565 -27.1088077863786 -30.1869779082 -35.9714750414258 -43.572387246381 -51.3077686924215 -59.8836747048066 -65.6956144437087 -71.9882538930075 -77.183101236351 -79.0036389090938 -79.503597550062 -78.0886760596973 -75.7539459300384 -74.1985747783026 -71.4352024458998 -70.5058112448039 -68.820580583701 -64.7254732462908 -63.3604287781439
-9999 -9999 -9999 -9999 -9999 -9999 -61.8905841607741 -38.3376650319164 -25.2528128299948 -54.448136714185 -98.0218268414641 -100.165517523505 -85.7746193788577 -74.0731146879639 -61.9975609073291 -51.7173125120005 -40.2433948531515 -35.1800472614409 -31.3453969664285 -29.8839823178011 -31.2082483068277 -31.2360174613666 -32.3919172338355 -30.9246448271537 -27.9001461760354 -26.1941538676684 -25.4109138102192 -25.8266681740089 -25.1417395574871 -24.3329566137055 -23.4141313245209 -22.7435524284962 -22.8245981907543 -21.3713212876799 -19.927532385847 -19.3860174754029 -19.0082225120628 -20.4278099346636 -22.5262993682995 -27.2526683579663 -33.318601018449 -38.9212553489888 -46.8807678141964 -52.1834968601777 -58.4505121654006 -62.4014946290644 -62.967685513576 -63.7602889085256 -62.4194272907425 -60.4182375164717 -59.5125543096333 -59.5886770917107 -61.2005711148361 -60.7634237486323 -57.0209904859435 -57.2599284978123
-9999 -9999 -9999 -9999 -9999 -9999 -9999 -9999 -40.6582381081748 -46.0570066894723 -96.2222935771376 -108.419841716386 -96.2093413153136 -86.6900944907976 -72.4947522758896 -60.4101042220987 -45.5642666083391 -34.3297500906864 -29.0418588430086 -29.93681219639 -31.6861870978514 -33.1845279267701 -35.7775914673859 -34.8961819579512 -30.9138631146907 -28.2166635449486 -27.7837856269606 -28.9167652139466 -28.3735575474404 -26.7439960436142 -25.2736072546998 -24.4034348766764 -23.8225668137259 -21.5916599451791 -19.1821980900952 -17.3774690689023 -16.197755245997 -15.9930733125307 -16.7729849794416 -19.3356772483358 -23.4106687444995 -28.316173509318 -33.6800104246771 -38.1903303695406 -43.3262230340205 -47.285107810784 -48.9092165836273 -49.2211523170932 -48.9293397083512 -48.6427755862539 -48.6004115399802 -49.6508903414141 -51.4121530198476 -52.8271833379259 -51.5617162941618 -50.9916076440983
-9999 -9999 -9999 -9999 -9999 -9999 -9999 -9999 -57.8075791994123 -42.5020749410783 -84.9574562745321 -106.141278009143 -104.797241836476 -96.7382878518506 -80.8840931811639 -65.7822498045498 -46.9582631094332 -31.400053741925 -27.1786783910572 -30.6329655273615 -34.172660588516 -36.8558933349005 -40.9657928836801 -40.6029516876695 -35.3557512945443 -31.9075214503353 -31.7944508875475 -33.7065936775591 -32.8583909709841 -30.7351168311054 -28.7927336746266 -26.976750816066 -26.7183582760212 -23.8377325634858 -20.2061378443883 -17.5440990289716 -15.1647695672594 -13.8399001315855 -13.1445707780613 -13.7950409426369 -15.8108520826972 -18.3662776767443 -22.3950782604662 -25.86389625831 -30.3181408155502 -33.9328066315967 -34.9742107386477 -36.214046959582 -36.6202663564164 -36.8519852181132 -38.2881993056347 -39.6715922979795 -41.646566504003 -44.2989357948175 -44.2326340770265 -45.2231249592835
-9999 -9999 -9999 -9999 -9999 -9999 -9999 -9999 -9999 -50.5170316935657 -60.7406314702431 -93.923507798959 -107.411270312377 -104.347287322206 -85.0935688980652 -66.2896896267736 -48.5763641011984 -29.462758192085 -25.4523464834647 -31.6351403664536 -36.9872277863166 -41.2581420236145 -45.2716673718775 -45.1731630061438 -40.3189548702284 -36.7226632964265 -36.6784401232673 -38.2900009729731 -38.0753366374958 -35.4904225978985 -33.5346712643579 -31.7644188104185 -30.7119060722775 -27.6976180258979 -23.7686269508928 -20.520657146307 -17.1262278310972 -14.7238124439461 -12.6062851256975 -11.3904116997682 -11.3167956590361 -12.4687693409559 -14.0340038729482 -16.6194208441475 -20.0729422446783 -23.1319158887489 -24.8405471609883 -25.4676475159081 -26.6636276391827 -28.3506846243197 -29.6918398579003 -31.0566183354987 -32.3559883636508 -35.0364457765119 -39.2901924816696 -39.8921511350451
-9999 -9999 -9999 -9999 -9999 -9999 -9999 -9999 -9999 -9999 -61.6894582598195 -88.8781810366406 -109.063159106942 -105.177781966 -85.9100786807525 -65.431621296209 -45.6297380837055 -28.9710295308809 -24.9194523924219 -32.3038468456092 -39.0694494966447 -44.2675800231538 -47.3468045114499 -49.2053819128021 -45.6454386044081 -42.7024604476316 -42.4439499740377 -43.6896009489739 -42.8660523420332 -41.237842904129 -39.0204034064468 -36.7556848742104 -36.0873564430315 -32.9932512140229 -28.8701045750581 -25.439401058777 -21.6800715170411 -18.4345958085397 -15.3385705993234 -12.2486100257854 -10.5769676854439 -9.86775626703688 -9.92368103890754 -10.7603972463782 -12.5123065668326 -14.4750581623292 -16.0227667083916 -17.4262577144004 -19.008914607815 -20.6043963491399 -22.5601539098165 -24.2709434727945 -26.0842850038595 -29.1912736338345 -33.3737539957759 -34.5086010608148
-9999 -9999 -9999 -9999 -9999 -9999 -9999 -9999 -9999 -9999 -9999 -107.539675543839 -104.021552514597 -101.234940210935 -83.9358246007268 -63.3244553748603 -45.7098603736381 -29.080914027679 -25.832621876096 -34.6666279134326 -38.5710545094412 -45.3424177732316 -49.1834194736096 -49.8276098416651 -50.0476659991803 -49.3867766528292 -48.7281581104072 -48.6746747365109 -48.3402762564862 -46.640614051965 -45.0527642009073 -41.6678970854477 -37.834278362559 -34.7535501859039 -31.69247495434 -29.3215452470623 -26.895151640788 -24.5066239903706 -20.4419425977329 -16.251373347803 -13.6509192034014 -11.27206844753 -9.86962425527779 -9.07635934569742 -9.14431371989257 -9.75246667736834 -10.9382673767929 -12.0754229189094 -13.5952105699796 -15.6837871225984 -17.7822563967148 -19.7782523896542 -22.3922385101573 -25.1472139210299 -27.5692524939587 -28.6722591164013
