data/03_saidas_enm/CCSM_Maha_6k_B.balansae1.asc
NCOLS 154 
NROWS 168 
XLLCORNER -112 
YLLCORNER -55.5 
CELLSIZE 0.5 
NODATA_value -9999 
[rows 100 to 124 of 168, columns 56 to 111 of 154]
-9999 -9999 -9999 -9999 -9999 -9999 -9999 -9999 -9999 -9999 -9999 -9999 -9999 -9999 -9999 -9999 -9999 -9999 -9999 -9999 -9999 -9999 -9999 -9999 -9999 -9999 -9999 -9999 -151.349031688124 -130.933088244742 -127.15251535706 -148.748294145917 -167.174735564405 -173.14233403514 -156.237149164413 -123.479183718541 -91.1796862011013 -72.3726944937272 -43.672146818726 -17.7564767967365 -9.53744234756901 -12.3616349100068 -22.0439779006322 -33.3090202729331 -38.3103203007674 -37.287237645138 -29.7097028059506 -17.4020671260261 -10.6039519568576 -7.06688054024214 -5.05530172694715 -2.44440332441025 -1.00417398540861 -0.266553463072117 0.0474820750706204 0.43289118395777
-9999 -9999 -9999 -9999 -9999 -9999 -9999 -9999 -9999 -9999 -9999 -9999 -9999 -9999 -9999 -9999 -9999 -9999 -9999 -9999 -9999 -9999 -9999 -9999 -9999 -9999 -9999 -9999 -151.946323493111 -129.635234213693 -126.026619238688 -151.723690742604 -169.774328740171 -169.015432309277 -140.233305441173 -107.416117029356 -79.4353518299759 -66.9449606896366 -38.8739761843316 -12.9954306530073 -8.51191523997073 -14.9152323800046 -25.4688380744821 -34.6680000434103 -41.1905650903495 -39.3473583888454 -26.8121016621588 -14.9793174703342 -9.61000145377784 -8.49969881007249 -9.05284441080547 -5.03583130163192 -2.66655864422671 -1.54011643259929 -0.495630253834811 -0.2990604977497
-9999 -9999 -9999 -9999 -9999 -9999 -9999 -9999 -9999 -9999 -9999 -9999 -9999 -9999 -9999 -9999 -9999 -9999 -9999 -9999 -9999 -9999 -9999 -9999 -9999 -9999 -9999 -135.635346653431 -155.831779464932 -141.703417404561 -138.352033376911 -156.273768720782 -162.947382000808 -153.202526210147 -125.733088372208 -89.291786925592 -70.7446014108129 -57.6862775623084 -30.3350184414434 -8.68291132613237 -8.05356599208934 -17.9542176872839 -26.2566074104538 -32.8888442628125 -43.5108768485811 -40.7266633694229 -29.3932067383528 -17.5307318763148 -11.8534984416285 -9.76747914810569 -8.30914348514232 -5.94295687487732 -3.32783633220501 -2.24491900552572 -1.62783965217404 -1.23325358861841
-9999 -9999 -9999 -9999 -9999 -9999 -9999 -9999 -9999 -9999 -9999 -9999 -9999 -9999 -9999 -9999 -9999 -9999 -9999 -9999 -9999 -9999 -9999 -9999 -9999 -9999 -9999 -143.041650965992 -167.586898664189 -155.30133435939 -153.952387313096 -167.24104601906 -161.783592936201 -142.007319191919 -113.394768647442 -79.2933887570051 -65.1166521447492 -51.206527388791 -24.5244764952637 -7.7740955917961 -12.2014670777206 -22.9993016287688 -30.5214263307637 -36.2597267218619 -46.6832019564445 -44.8243536240256 -36.8648864937339 -23.5629869407637 -15.9603832612137 -12.3022618614931 -9.84054889857765 -6.5980887701293 -4.0550906094418 -2.77675696366441 -2.64269774386377 -2.24230681197828
-9999 -9999 -9999 -9999 -9999 -9999 -9999 -9999 -9999 -9999 -9999 -9999 -9999 -9999 -9999 -9999 -9999 -9999 -9999 -9999 -9999 -9999 -9999 -9999 -9999 -9999 -9999 -150.625698349418 -180.098747963084 -175.783849768057 -172.802839674243 -178.823781494457 -164.647397190009 -133.774604758492 -105.200510822876 -74.7586045033913 -64.3764600912601 -44.7076362195099 -20.5929025600402 -6.53146667467247 -15.9508889457061 -27.1258534356702 -37.4959832981489 -44.8028239469846 -47.6316095934172 -48.0212535172976 -40.3070185987389 -29.9399581944935 -21.3996226543453 -15.1363730434273 -12.0949891980877 -7.958257066614 -5.98637693908235 -4.83882340984888 -3.86101963923567 -3.37427419911629
-9999 -9999 -9999 -9999 -9999 -9999 -9999 -9999 -9999 -9999 -9999 -9999 -9999 -9999 -9999 -9999 -9999 -9999 -9999 -9999 -9999 -9999 -9999 -9999 -9999 -9999 -9999 -157.393554036207 -193.633802701442 -192.095637371521 -193.987483956303 -198.23346027721 -171.860258664944 -131.500484630969 -97.986516578374 -77.8162473969586 -66.8081960772816 -44.3803262159226 -19.826404438073 -6.60702443828482 -19.9554774687802 -32.3212264850111 -42.6325248706381 -46.9776618920382 -47.4492925927954 -45.1686164183269 -38.3522254124192 -31.5949967600584 -23.6333732901735 -15.4262575872813 -12.2710653831774 -9.27725016530569 -7.47265413861581 -6.30611139706643 -4.65145561412864 -4.01336083085546
-9999 -9999 -9999 -9999 -9999 -9999 -9999 -9999 -9999 -9999 -9999 -9999 -9999 -9999 -9999 -9999 -9999 -9999 -9999 -9999 -9999 -9999 -9999 -9999 -9999 -9999 -9999 -160.533014544956 -200.738639057905 -210.389219152296 -216.234425386036 -217.262138497423 -184.845392209985 -131.504721075597 -94.1784810800181 -88.1122881489135 -76.5609868122919 -49.851611858056 -20.2786384938463 -5.17237069034214 -21.2439617764689 -38.4113939296958 -45.5286635603848 -47.8185564395122 -45.2189803786929 -38.9326252691571 -34.3642297630667 -26.5565510327332 -21.202737579219 -16.0091146938866 -10.4445219175758 -8.93912077667766 -7.78904140984391 -6.73761035234514 -5.38713009228999 -3.70078287794905
-9999 -9999 -9999 -9999 -9999 -9999 -9999 -9999 -9999 -9999 -9999 -9999 -9999 -9999 -9999 -9999 -9999 -9999 -9999 -9999 -9999 -9999 -9999 -9999 -9999 -9999 -9999 -157.876998944355 -203.572548057848 -232.674038965931 -249.73792320262 -242.482895256073 -197.080456788028 -132.720230943851 -92.0001693313096 -99.1903992270895 -91.7410188882191 -58.9892833844424 -21.8202031419523 -5.21248916575662 -24.4698096899506 -43.9519278311019 -50.0825806910215 -49.82295724949 -46.2315717252009 -40.0116444035657 -35.2191725643665 -28.0424763445021 -21.3226096192675 -15.8846327026865 -11.1526978404486 -9.62621515284789 -8.56943513392911 -7.38816368873901 -5.67657516349106 -3.92713059748835
-9999 -9999 -9999 -9999 -9999 -9999 -9999 -9999 -9999 -9999 -9999 -9999 -9999 -9999 -9999 -9999 -9999 -9999 -9999 -9999 -9999 -9999 -9999 -9999 -9999 -9999 -9999 -151.059615622185 -201.059669322572 -251.535230826318 -294.188838840483 -270.908139916074 -214.536963595922 -132.746074023822 -90.7111958599183 -121.765314953783 -110.45265594847 -69.2166893258613 -25.2828540728483 -5.60227708249396 -31.0538111509416 -50.7906366103758 -55.3205267826616 -54.3413625271869 -50.4993801553854 -46.2328073204232 -40.1050959941892 -33.8060337984422 -25.991818617047 -17.3372731219411 -13.5972319564332 -11.8466254773616 -10.0982264306193 -8.53276271639718 -6.02431581054252 -4.46637863323511
-9999 -9999 -9999 -9999 -9999 -9999 -9999 -9999 -9999 -9999 -9999 -9999 -9999 -9999 -9999 -9999 -9999 -9999 -9999 -9999 -9999 -9999 -9999 -9999 -9999 -9999 -9999 -147.623898696788 -201.818961788142 -264.26131510193 -302.979248847924 -280.766413139829 -210.085442812553 -121.929961360583 -83.3191238355016 -116.37968922811 -110.251217042487 -67.3067039680375 -26.1344690364654 -8.55718472089811 -36.0393941533295 -57.01010393724 -61.2176947240913 -59.4019136415131 -55.3081586162398 -50.7495985797346 -44.4451859259332 -37.1215655287889 -28.8444594086634 -20.5939013218652 -16.1819898076422 -13.3831100097718 -11.7312982118171 -9.46749310776706 -6.85922849338119 -5.37404033254004
-9999 -9999 -9999 -9999 -9999 -9999 -9999 -9999 -9999 -9999 -9999 -9999 -9999 -9999 -9999 -9999 -9999 -9999 -9999 -9999 -9999 -9999 -9999 -9999 -9999 -9999 -120.756992244958 -148.325960221176 -204.785348082192 -271.064320080984 -311.777031696008 -275.105655950709 -204.71867575409 -109.947217951837 -71.1506158756422 -112.998222484238 -94.0626437113154 -57.1249547373925 -23.445196338476 -15.9676404340201 -47.561495251603 -64.8924580926448 -66.5146002509518 -64.4343179785663 -58.7794468377793 -54.2558201053842 -45.5207210352598 -36.1626234061702 -28.7013584752269 -22.6523644383951 -18.6685441823904 -14.8924892940388 -12.4701658612121 -9.85081668803951 -7.55236458438195 -6.23082829505464
-9999 -9999 -9999 -9999 -9999 -9999 -9999 -9999 -9999 -9999 -9999 -9999 -9999 -9999 -9999 -9999 -9999 -9999 -9999 -9999 -9999 -9999 -9999 -9999 -9999 -9999 -121.876150758261 -160.063761679756 -223.059587971461 -283.540454893319 -299.742717884168 -259.518367914088 -180.139004394303 -95.0661999438546 -55.1374125049061 -65.9425055912572 -55.283829417763 -33.1809422715052 -18.8963642258381 -28.2027516269307 -52.0512189090655 -67.7794997685781 -70.4350227562437 -70.1551765428966 -63.6307273334274 -55.4148897919667 -45.8744574767156 -37.8602360013413 -30.8530616935201 -24.1539654255446 -19.5319578188903 -15.6892827571938 -12.9660990810058 -10.7043151254878 -7.75804508408456 -5.43613833792662
-9999 -9999 -9999 -9999 -9999 -9999 -9999 -9999 -9999 -9999 -9999 -9999 -9999 -9999 -9999 -9999 -9999 -9999 -9999 -9999 -9999 -9999 -9999 -9999 -9999 -9999 -128.96622743612 -186.126279209266 -252.848274640185 -291.473182418895 -305.260620097645 -227.323873879743 -156.953885981961 -79.7368338931493 -36.4983888753987 -40.7180322580211 -29.9633644726037 -19.632127027241 -29.0066654752509 -43.1865711359169 -61.7683682225473 -67.3653445624436 -67.9377610225605 -66.5864646401941 -61.4134299561828 -57.5802132777056 -48.8212716567772 -40.5642910325526 -34.3329402039168 -26.5841164984923 -21.2655558945978 -17.1251336110629 -13.7978022006613 -10.8738033688037 -6.98260374086708 -4.7117836944064
-9999 -9999 -9999 -9999 -9999 -9999 -9999 -9999 -9999 -9999 -9999 -9999 -9999 -9999 -9999 -9999 -9999 -9999 -9999 -9999 -9999 -9999 -9999 -9999 -9999 -9999 -147.280647815468 -214.737251195379 -270.370989503781 -279.487544169845 -243.307749567945 -182.331628759135 -108.319580261131 -51.9283504948277 -19.1805201194972 -19.522693096 -21.3230251821756 -28.3641958997654 -47.4261728376693 -58.487399851707 -65.0634230934487 -67.1985367190748 -66.5305427801604 -63.8068720947165 -56.5359065611587 -49.6838314117482 -44.7947477487776 -41.0627411213758 -35.9670157841792 -28.8449501708364 -22.5343220384549 -18.0920274838091 -14.3545464696039 -10.126561760147 -6.47973857430877 -4.03742358844322
-9999 -9999 -9999 -9999 -9999 -9999 -9999 -9999 -9999 -9999 -9999 -9999 -9999 -9999 -9999 -9999 -9999 -9999 -9999 -9999 -9999 -9999 -9999 -9999 -9999 -114.585533019059 -179.31434333447 -251.393493524525 -286.820660977323 -251.323591468684 -208.642545180396 -135.45517330136 -69.8238871088248 -30.3413459629046 -14.0773903239512 -26.8025848169316 -31.5382566733171 -48.2584326611152 -66.4811056827263 -70.3944764933413 -69.6930402428749 -71.0231429309659 -67.1423839751342 -61.3675570575356 -53.0616426252742 -44.6028260635232 -42.1562049970911 -40.7343620269977 -37.7375519185052 -30.7023951467958 -24.373955837055 -19.6077920050598 -14.2361352028514 -9.80885834672095 -6.05983538123874 -3.58826201910371
-9999 -9999 -9999 -9999 -9999 -9999 -9999 -9999 -9999 -9999 -9999 -9999 -9999 -9999 -9999 -9999 -9999 -9999 -9999 -9999 -9999 -9999 -9999 -9999 -9999 -130.291436979208 -203.971260573036 -269.806360295608 -281.509881112923 -223.210487228016 -162.62491874094 -105.391609196458 -56.0966159923372 -27.2997640494087 -23.9565931534499 -36.9398297271545 -48.8693418381499 -62.4867758076733 -76.5360412826336 -78.9381351629032 -76.1140017647859 -74.4706084692505 -69.7786148528982 -64.1114789311116 -54.4498258387042 -46.4191962444894 -42.8206840574083 -41.4299585680469 -38.4811722850169 -32.9280780834376 -25.4596192827511 -21.0985295330508 -15.2354109695706 -10.8103802818541 -6.94523293747462 -4.19299107113264
-9999 -9999 -9999 -9999 -9999 -9999 -9999 -9999 -9999 -9999 -9999 -9999 -9999 -9999 -9999 -9999 -9999 -9999 -9999 -9999 -9999 -9999 -9999 -9999 -9999 -136.971425401619 -216.298701124769 -281.838873473285 -274.571318136857 -189.109124292364 -132.629974463838 -84.8552335236624 -55.9421854003906 -41.487894903884 -45.6299968808668 -59.1423831393923 -64.9102625706843 -75.6255876963975 -83.337828127649 -81.0723808856582 -80.5563130181737 -77.2944960529748 -74.1685313407011 -68.3022410010841 -58.0809032654155 -49.348048265774 -45.9047951563152 -44.3462286814479 -40.5936086854866 -33.7035259663568 -26.8537341755839 -22.649981053285 -16.6285013831203 -11.9982485716312 -7.75305697806179 -5.19065208726454
-9999 -9999 -9999 -9999 -9999 -9999 -9999 -9999 -9999 -9999 -9999 -9999 -9999 -9999 -9999 -9999 -9999 -9999 -9999 -9999 -9999 -9999 -9999 -9999 -9999 -121.106191888274 -202.242679665973 -258.549293477204 -239.806257126941 -161.212777732293 -102.983760333743 -75.010455390308 -63.6557410994726 -60.9743760330748 -65.1821716306207 -72.9001375765203 -77.813472184533 -83.0269145925911 -86.5544311816293 -82.3469493622437 -78.5567706880497 -78.2315285961919 -77.6904339991046 -74.6112666121631 -67.2640970831999 -59.5820701274357 -52.9105475398398 -47.1951996026463 -41.6624742020742 -35.2804006380409 -29.3403169149339 -24.1992563569143 -17.8802768593545 -13.2561438487108 -9.03278519419824 -6.1311181917972
-9999 -9999 -9999 -9999 -9999 -9999 -9999 -9999 -9999 -9999 -9999 -9999 -9999 -9999 -9999 -9999 -9999 -9999 -9999 -9999 -9999 -9999 -9999 -9999 -9999 -103.917907750395 -181.463798677495 -242.086168326631 -217.359419361614 -137.623409111875 -82.913347673648 -67.6974546756235 -70.7807131048436 -74.2268056843806 -75.1554509326929 -82.8269960633359 -84.8469474504639 -88.0666356353483 -90.3892419732441 -81.7955110475351 -78.3702548319049 -79.4754086391335 -82.6940416643652 -80.839314256955 -74.4914939606349 -70.0359486682016 -58.6642847315252 -49.978812582384 -43.3533798266826 -36.4711001692739 -32.1632354148736 -26.6053188629431 -19.7515894266859 -14.753429238543 -10.1976606595113 -7.54182069782836
-9999 -9999 -9999 -9999 -9999 -9999 -9999 -9999 -9999 -9999 -9999 -9999 -9999 -9999 -9999 -9999 -9999 -9999 -9999 -9999 -9999 -9999 -9999 -9999 -9999 -95.8718079810455 -167.63578990919 -222.916662986874 -197.526030615079 -125.374174493767 -80.8846770899104 -68.89702914937 -74.9454295565852 -78.6997950622836 -81.5578002827947 -84.3814091302702 -88.164563669553 -91.2693252723591 -92.4078237528924 -85.9921716595793 -81.7270647412077 -84.6926177476542 -91.6899435574221 -91.0065659331212 -81.8559799186019 -70.8624264291154 -61.8460703298061 -54.1289082996871 -46.7474423361816 -39.6778769798035 -34.4080151512015 -29.0104799509204 -22.2246388975475 -17.1017400937306 -12.4450946496019 -9.48178257830504
-9999 -9999 -9999 -9999 -9999 -9999 -9999 -9999 -9999 -9999 -9999 -9999 -9999 -9999 -9999 -9999 -9999 -9999 -9999 -9999 -9999 -9999 -9999 -9999 -9999 -83.3492020402635 -154.632568220342 -220.532977857411 -194.918102765921 -119.004058404571 -79.6239977525299 -70.3408582477827 -80.2650370415196 -84.9738352564202 -86.5276968775017 -88.2491403822602 -90.598366696894 -94.426051587142 -96.1543536471082 -88.5342683656251 -85.1794183245049 -89.2123293165799 -98.1273098078989 -95.7537021412701 -82.5194548905522 -72.6686780945558 -63.4117394617391 -56.4444439064149 -49.6848625932608 -43.1249220794004 -37.4428067081904 -31.9395710773421 -25.0808977376642 -19.444831233362 -14.3576633886697 -11.6606199369011
-9999 -9999 -9999 -9999 -9999 -9999 -9999 -9999 -9999 -9999 -9999 -9999 -9999 -9999 -9999 -9999 -9999 -9999 -9999 -9999 -9999 -9999 -9999 -9999 -9999 -72.7171739416447 -143.67513378831 -223.008857975638 -201.513696104175 -122.193732431641 -83.8598301391109 -77.7800925868652 -87.9593799538727 -93.5310078280348 -95.3797643237577 -97.7421182605289 -98.6017707104048 -101.130066524885 -100.182951948699 -92.2919562707452 -88.1765948925589 -92.3371135010028 -99.4071430771669 -96.6941115745205 -86.0757613385041 -73.8077101175653 -66.0943777880704 -60.1436572195597 -53.3583491052314 -46.6750111102161 -40.5893943068138 -34.38861728426 -27.6652801344851 -21.7138857305381 -16.843348059628 -13.5937304528614
-9999 -9999 -9999 -9999 -9999 -9999 -9999 -9999 -9999 -9999 -9999 -9999 -9999 -9999 -9999 -9999 -9999 -9999 -9999 -9999 -9999 -9999 -9999 -9999 -9999 -58.738510330203 -127.645365782454 -204.764979995714 -207.021493501503 -130.787888171288 -92.050500103244 -84.917017085583 -97.6233748699055 -100.368776331802 -100.094417669378 -101.458656365685 -100.657450955342 -102.319850397522 -101.375632939639 -90.2770439110759 -87.4384071435331 -91.6488369339614 -99.1617919529898 -97.9185051885035 -86.814044804627 -76.3404190294475 -69.3491061610356 -63.7521341828716 -57.2420338886038 -49.9560631875378 -43.8262306092016 -37.6928865941598 -31.4449714768939 -25.7473971035941 -19.8237929140795 -16.4809425708854
-9999 -9999 -9999 -9999 -9999 -9999 -9999 -9999 -9999 -9999 -9999 -9999 -9999 -9999 -9999 -9999 -9999 -9999 -9999 -9999 -9999 -9999 -9999 -9999 -9999 -45.6431117653734 -114.870215877644 -183.534075273072 -202.583143916811 -139.057082651186 -104.196095192704 -96.7609427809675 -103.263358957483 -105.173318466646 -102.395839739918 -97.022812068709 -99.0310505957262 -99.863296615797 -96.4587557480241 -89.0306136614846 -85.254466166958 -89.5464665473167 -98.3677689153262 -97.5178839791511 -88.9460817919541 -79.9845964050023 -72.9057244051636 -67.4073567444526 -60.3401412204312 -52.6457943988572 -46.7804161672979 -40.1660502752925 -36.3953254474683 -29.046645684624 -21.4301357978907 -19.0817296125004
-9999 -9999 -9999 -9999 -9999 -9999 -9999 -9999 -9999 -9999 -9999 -9999 -9999 -9999 -9999 -9999 -9999 -9999 -9999 -9999 -9999 -9999 -9999 -9999 -23.3488703819543 -41.2310346911529 -100.479325288634 -161.907314258945 -198.011703734994 -145.633620795433 -108.8577536164 -104.051350969088 -109.511607412465 -108.03225916942 -104.297177138064 -100.008430150325 -100.902720453398 -101.616841511631 -98.9337217041856 -90.5917534117953 -85.2659215867141 -89.6067139895843 -97.3035759137931 -97.3987489333175 -90.0383238758405 -81.4619308325708 -75.6197854293992 -69.9428065463667 -62.3626871942288 -53.5622698218565 -46.2418619338853 -40.9591742733266 -36.9534038081787 -28.6341556303674 -17.7833675071191 -12.5395392431924
