data/03_saidas_enm/CCSM_Maha_0k_B.balansae3.asc
NCOLS 154 
NROWS 168 
XLLCORNER -112 
YLLCORNER -55.5 
CELLSIZE 0.5 
NODATA_value -9999 
[rows 75 to 99 of 168, columns 56 to 111 of 154]
-9999 -9999 -9999 -9999 -9999 -9999 -9999 -9999 -9999 -9999 -9999 -58.2463474569364 -64.5621459049279 -63.0943253043145 -51.2202569408826 -34.045131091149 -21.6841899163531 -11.0347968113467 -6.68977328368805 -8.42462693361131 -12.6310526338441 -14.8379180490655 -16.6256438860125 -17.593601610183 -17.9722315969201 -18.3026249178784 -18.2307038036589 -18.2543283303204 -18.0174386603866 -17.7428037672909 -17.077312184571 -15.53105521185 -13.2657009003708 -11.3127098826195 -9.65142978852944 -8.21624551835659 -6.92853980136119 -5.97248518770141 -4.46966504853672 -3.19060676183813 -2.22675352823521 -1.59218977201913 -1.31935386105804 -1.50680577179201 -2.2442516840476 -3.14051570361321 -4.10551425749726 -5.07555080448538 -6.33248459853977 -8.08293771741343 -10.3643948897458 -12.9032851665414 -13.2949035004141 -13.800304479298 -14.1286091794632 -14.7325361582684
-9999 -9999 -9999 -9999 -9999 -9999 -9999 -9999 -9999 -9999 -9999 -50.9286652423108 -61.0765719962738 -62.3394891878257 -51.7619543201708 -40.082806100638 -29.1212581084375 -18.7617188145591 -11.1493838146574 -8.61978317826917 -9.66485779541185 -12.6693200773861 -15.3415757863381 -16.9087479080016 -18.9630824797287 -20.1195460672856 -20.0366049867478 -20.0996209798338 -20.1162194458449 -20.1741530382775 -19.0371046679105 -16.594750593272 -14.0405794664007 -12.0648216774466 -10.6027263081404 -9.10820556408573 -7.46933038146135 -5.96982001421944 -4.85520274585334 -4.18082083526935 -3.82698142928762 -3.04562456037987 -2.40108123354621 -2.06297499475558 -1.99098334912967 -2.23064617926542 -2.66521502743664 -3.38767377804126 -4.41601596709042 -5.94328472436337 -7.81339165431494 -10.3392620363611 -9.99195356835567 -9.59596566678539 -9.09287797429128 -8.84017561935605
-9999 -9999 -9999 -9999 -9999 -9999 -9999 -9999 -9999 -9999 -9999 -9999 -59.0535841133463 -57.8590448263044 -54.0069507477794 -46.8038355945921 -42.723878443785 -40.3742586567245 -31.3167394490695 -17.5027829246388 -9.47110678017423 -8.52282256976112 -10.8682061654506 -13.8721296436921 -17.1753824377906 -19.9684071100555 -21.0901413154246 -21.4298443366226 -21.498992421489 -20.8616948279051 -19.8168491793276 -17.6948712305633 -15.4014851534741 -13.4843028350699 -11.957432696446 -10.384752260419 -8.55658988113392 -6.7711433854868 -5.13825706871447 -3.86335223704771 -2.79899735316238 -2.03638030730509 -2.04075867029526 -2.68775302281804 -2.91470460116464 -2.66675669971994 -2.73920280209338 -3.03760173389589 -3.68715340024959 -4.90266560303962 -6.49361192744298 -7.20113582100965 -7.5382126721724 -6.5594084597052 -5.6043287664508 -5.15760352508143
-9999 -9999 -9999 -9999 -9999 -9999 -9999 -9999 -9999 -9999 -9999 -9999 -54.4241313499143 -60.3504504311542 -55.2268612378234 -54.2364320418672 -61.1505874530514 -64.8174963929561 -59.9694952420692 -42.8539692033007 -19.6406245291243 -10.0903659781034 -6.15572371005714 -7.68603546336444 -14.4830980649667 -17.5053004655279 -20.7328310204284 -21.7672056351671 -21.47176355953 -21.3383361900153 -20.690911034967 -18.8788347568733 -17.0928726758011 -15.3304231529913 -13.5999628949397 -12.0387700142115 -10.1484137180608 -8.31537562659097 -6.3048328812923 -4.45245190270565 -2.75665911623659 -1.31634920913022 -0.774498710083777 -1.09376785832329 -1.61092756178755 -2.16767555027175 -3.24486089792096 -3.49801521562714 -3.87312060019405 -4.75205862314718 -5.59700635266388 -5.31643862261732 -5.17127592160214 -5.01556420194732 -4.24644524319755 -3.45782329866466
-9999 -9999 -9999 -9999 -9999 -9999 -9999 -9999 -9999 -9999 -9999 -9999 -9999 -55.9703563419523 -61.1138090433025 -71.1576105812943 -85.5497178081855 -92.6056190931957 -87.1180210765587 -70.6313890170336 -52.4578205371211 -28.3121991515062 -9.43029859299801 -2.65719480082812 -2.72226846308058 -7.76357404499965 -12.6608933785384 -17.387310365909 -20.9752125755831 -20.9337049651535 -20.8878538494004 -19.5243086100479 -18.2193952467898 -16.7716211901841 -15.2343703068565 -13.9088378991939 -11.8370283142683 -9.90458077995466 -7.70308264682806 -5.66183592075686 -3.52759404570252 -1.43851839594248 -0.433093430062427 -0.32712736065535 -0.550981188358042 -1.0260913378744 -1.6776135339828 -2.3857697537402 -3.01175062308845 -3.69268362359248 -4.77282495657578 -4.81917456666231 -4.22843153261506 -3.68836983629232 -3.44227363250172 -3.01937272514345
-9999 -9999 -9999 -9999 -9999 -9999 -9999 -9999 -9999 -9999 -9999 -9999 -9999 -40.9108830589983 -65.0857815042545 -90.7297573655226 -106.547867382187 -121.464538971581 -117.187044304633 -95.8322703165328 -84.9156694919586 -64.3359013046266 -43.3452038178766 -31.0077120511096 -20.9609714269937 -2.22865632042437 -1.95663047020628 -6.36483154301678 -13.2013100089265 -18.3698641507165 -19.8586065075474 -17.8207479457519 -17.9642641422082 -17.0419093620807 -15.8796404857523 -15.4682563940701 -12.7205832743068 -10.8284333870136 -8.72488623457009 -6.76146534165168 -4.94858980158537 -2.26211437478903 -0.656029801193844 -0.0537482000836478 0.0260057082970404 -0.505882183140874 -0.728326238260754 -1.30830153583049 -1.69117896273037 -1.82522780241616 -2.32739818580737 -3.21038154093034 -4.25379397848049 -3.60591652809947 -2.98599464589999 -2.48382101972031
-9999 -9999 -9999 -9999 -9999 -9999 -9999 -9999 -9999 -9999 -9999 -9999 -9999 -9999 -50.8375738021014 -79.4613882808481 -106.938494516811 -123.360773012662 -126.321058992753 -118.794262866102 -119.620939050674 -136.572602506435 -167.514293736386 -165.069418100601 -109.749684861366 -63.17729162364 -36.2120513895752 -7.1821995945015 -0.645934452419221 -2.39248282070254 -9.35352358549392 -12.9658752098715 -13.8855540420748 -14.8673572371113 -14.6382232647034 -13.9211125262674 -11.8708600937363 -9.89253898227498 -8.11862544717991 -6.58962924598297 -5.10570687626817 -2.94082162743464 -1.20866790746298 -0.0875021106621547 0.420996060685866 0.34223177176731 0.0722297588133576 -0.35162514638649 -0.63452366282721 -0.673818912170585 -0.919362542560571 -1.4976526335092 -2.26377665990506 -3.32500597463004 -3.1892456057957 -2.58433278651024
-9999 -9999 -9999 -9999 -9999 -9999 -9999 -9999 -9999 -9999 -9999 -9999 -9999 -9999 -41.2608032921798 -59.2299367351242 -89.7884100299431 -114.208328186264 -131.619746410657 -134.453627110619 -154.136732848416 -226.580532345453 -390.289280100548 -442.470808249405 -326.618825339717 -262.292127494374 -162.846245894569 -68.3496590935959 -35.0981585997767 -13.9682345311634 -0.695489508481141 -3.4161072670626 -10.2170086178507 -11.5955878286982 -12.5806944068079 -12.3909564494503 -10.3846278336731 -8.61501032055023 -7.14055906365819 -5.7284689128238 -4.87964722531583 -3.01437528070296 -1.84832212708778 -0.654116682817401 0.356088854146889 0.603925659176301 0.509241471916852 0.231550493656587 0.0468803648508408 0.00907809282759053 -0.172290943753336 -0.591338597159463 -1.18293333239449 -1.90053255930975 -2.82282131782152 -3.2784422227145
-9999 -9999 -9999 -9999 -9999 -9999 -9999 -9999 -9999 -9999 -9999 -9999 -9999 -9999 -9999 -45.5673366132114 -67.9555142726213 -98.2112471295569 -130.689577890113 -150.64013540552 -181.679654209162 -251.474020396645 -368.120455373741 -440.068819455581 -464.342179793039 -492.436927387109 -428.642276617296 -368.647184222405 -244.548165982782 -88.3427929917018 -24.7647717774929 -1.44255895669109 -3.48795097802137 -9.52481513926998 -9.91400163931427 -9.56925444580551 -9.06293705594373 -8.16485168219179 -6.73057720918361 -4.99816557963828 -3.55337000177457 -2.39525674370648 -1.97163381516221 -1.30602314528995 -0.119916234484248 0.542430346262129 0.699989321574799 0.667983185562037 0.592570769070261 0.468682026671183 0.235432492440781 -0.133843041397716 -0.587047297152573 -1.15091402197494 -1.8332911446528 -2.42230871016366
-9999 -9999 -9999 -9999 -9999 -9999 -9999 -9999 -9999 -9999 -9999 -9999 -9999 -9999 -9999 -36.0002392124784 -57.5508106475632 -87.0915272176142 -126.152479929297 -153.209023410508 -190.969396184115 -234.022665159962 -305.673186826502 -357.913866327631 -431.960871103758 -590.850543234814 -562.977314172368 -675.435692580121 -545.086533957613 -214.634557648515 -67.120893586434 -22.6988694225904 0.392490027264086 -5.8796451330199 -7.8967757221655 -7.7656489597896 -7.92464667359327 -7.58781572603551 -6.55743899253264 -6.07899707383129 -4.01727780298792 -2.7298861680422 -1.9137556102757 -2.10050724670614 -0.852311548400179 0.246338283566981 0.652335931299168 0.885948767517277 0.893655160128947 0.744534606366079 0.426977416868373 0.112636325644653 -0.242914803897774 -0.755365100279882 -1.33990166169942 -1.83631492569029
-9999 -9999 -9999 -9999 -9999 -9999 -9999 -9999 -9999 -9999 -9999 -9999 -9999 -9999 -9999 -39.4804602756828 -51.9044808318025 -75.5450254510487 -111.187337917854 -131.467695063665 -166.849186761046 -200.856951811527 -242.383723671247 -265.784455111698 -282.586202540354 -308.201725226952 -358.895558605633 -415.467632680638 -371.901695976898 -240.383481371187 -124.523380871726 -46.6228624136474 -5.81742103260151 0.417150632999164 -4.78554065517813 -6.26986344998105 -6.53089422791271 -6.3474196168049 -6.4198577725282 -3.84470709124163 -2.62828585234275 -2.78086584473513 -1.84115186133847 -2.59998519433852 -1.92239740171291 -0.541712739428324 0.404418590841472 0.882071255917364 1 0.895570813841253 0.600228115679316 0.242025388114313 -0.310333558579946 -1.03715060202513 -1.86678656901741 -1.65086759852782
-9999 -9999 -9999 -9999 -9999 -9999 -9999 -9999 -9999 -9999 -9999 -9999 -9999 -9999 -9999 -9999 -46.1803091439677 -65.1272933057144 -89.9734263748073 -109.030369791667 -147.655030017018 -167.824907441386 -195.271155796383 -210.769102310451 -215.650881824742 -223.654170095283 -242.900517407529 -258.671539545527 -247.569131640282 -220.349660070119 -166.726597073237 -91.3908778768668 -32.9906557534235 -5.44309920400885 1 -4.66224221442707 -4.93147827950991 -4.89337361912601 -5.01301872316622 -2.96377412304241 -1.80292266659604 -2.75314220498258 -2.23468825757343 -3.32148860145285 -2.58313253567677 -1.18361417998038 0.116094870369122 0.673618581827704 0.775066788845584 0.71576290769849 0.609630325002254 0.0391839050826535 -0.90255544077856 -1.45321241266375 -0.460255113261101 0.262816938014849
-9999 -9999 -9999 -9999 -9999 -9999 -9999 -9999 -9999 -9999 -9999 -9999 -9999 -9999 -9999 -9999 -9999 -46.1679958090835 -57.9378383149883 -78.844874676194 -117.072582797907 -132.449961473662 -148.326308883329 -170.259251933213 -175.602112771788 -182.159610696717 -195.259972845633 -207.765073893791 -198.611585144913 -191.893256738494 -196.430131017088 -146.688229426339 -91.2174314564471 -43.2245130223667 -14.0237997132577 0.799668373555734 -2.6881096561245 -2.95154741286508 -3.47664068580935 -2.66502125899643 -2.03537551861709 -1.86647900809688 -2.66805745626008 -2.97070673817519 -2.15174627384546 -1.03227229643626 -0.240581618509172 -0.037021244589259 -0.216984857687124 -0.586086182103113 -0.559603434932376 -0.232182381089284 0.268149692841098 0.490978453387425 0.566987274497419 0.866787490831221
-9999 -9999 -9999 -9999 -9999 -9999 -9999 -9999 -9999 -9999 -9999 -9999 -9999 -9999 -9999 -9999 -9999 -9999 -9999 -64.0132664914423 -88.2383676902079 -89.1245782854312 -99.718324342056 -123.840393811011 -140.726735487683 -154.698480289739 -172.797823914206 -183.692667002967 -176.228214398907 -173.765058334575 -191.963155381467 -182.966770110103 -168.594284571246 -122.551433833609 -48.3004245484128 -15.4518625375499 -1.6661254816957 -0.71149865294402 -2.63587894669984 -2.44751045323415 -3.67409527107034 -2.82913604633285 -2.80802034672034 -2.50207892936424 -1.69484859800914 -1.16311036301346 -0.681019363771319 -0.734531134498791 -1.17169291628262 -0.537369720538732 0.339248759877255 0.674272004204047 0.927351398659964 0.930866535063926 0.95241961146507 1
-9999 -9999 -9999 -9999 -9999 -9999 -9999 -9999 -9999 -9999 -9999 -9999 -9999 -9999 -9999 -9999 -9999 -9999 -9999 -9999 -9999 -62.6770450572721 -69.7627825830558 -83.993849538048 -104.171378671055 -138.560786548811 -153.870280563068 -165.924503893944 -167.388347552712 -164.290655417242 -167.066925644427 -173.753529370045 -222.544546236257 -208.713031649773 -125.369582623274 -64.6103737066897 -22.0714945330897 -2.89927400901036 -0.53238593750744 -1.64369010340656 -1.69079942213792 -2.28669786420441 -2.23161233823386 -1.96446856187724 -1.62141641066897 -1.23083555568211 -0.862419214830429 -0.665870191236417 -1.08183517830179 -0.126946117218063 0.623673728878655 0.90437700346437 1 0.883444359509859 1 0.88899987928796
-9999 -9999 -9999 -9999 -9999 -9999 -9999 -9999 -9999 -9999 -9999 -9999 -9999 -9999 -9999 -9999 -9999 -9999 -9999 -9999 -9999 -9999 -9999 -58.8883171839168 -73.0102854340998 -95.5720633600345 -119.085614579806 -144.075576749428 -156.845900426817 -153.969951586635 -151.829979710118 -152.941129493047 -190.059739849954 -214.192676001951 -182.733576097444 -142.053297353281 -68.2655334931663 -19.7661791113221 -7.43220437947493 -0.996332022312352 -1.17390226009582 -1.55068714408481 -2.15135133332226 -2.35884497500872 -2.04253424047899 -1.54407460578249 -1.16264424671819 -0.979695872849842 -1.0004099687409 0.332138699290577 0.794374920489767 0.941073694216122 0.972224688880695 0.826653020939437 0.977725401951995 0.849114329891528
-9999 -9999 -9999 -9999 -9999 -9999 -9999 -9999 -9999 -9999 -9999 -9999 -9999 -9999 -9999 -9999 -9999 -9999 -9999 -9999 -9999 -9999 -9999 -9999 -9999 -60.7234165251719 -81.6014661621871 -115.76374809357 -145.490807567279 -147.729077113408 -137.18129483764 -139.266559922462 -151.248455338872 -155.217342580899 -175.095763959218 -199.716650725709 -125.467001976685 -67.1426648423611 -22.2521958121235 -8.11413668045145 -2.01786831227298 -1.23963598116993 -2.64636190634978 -3.77626798362425 -3.2844339675822 -2.64356528380384 -1.99651603996816 -0.841992157131188 0.00798218880910795 0.55043134238926 0.644162452271414 0.849164816905431 0.912503385631564 0.809276442567352 1 0.707896903409078
-9999 -9999 -9999 -9999 -9999 -9999 -9999 -9999 -9999 -9999 -9999 -9999 -9999 -9999 -9999 -9999 -9999 -9999 -9999 -9999 -9999 -9999 -9999 -9999 -9999 -54.1172438047806 -65.926339787214 -88.1265085892164 -120.43913587069 -141.380496007677 -147.273786871719 -148.902866944412 -144.765697235144 -138.389774220369 -134.595902113366 -147.243652003156 -120.21634944898 -87.7691511779626 -39.8414868660271 -9.83467568054435 -4.33199590904074 -0.970267889184285 -3.40254585469517 -3.47886138086192 -3.08131462091465 -2.5162740088817 -1.75612158111525 -0.810208695042752 -0.0620402608969466 0.359840468466403 0.456100613147421 0.698535955671939 0.816953032959183 0.735528070218339 0.966913519901577 0.519508995098065
-9999 -9999 -9999 -9999 -9999 -9999 -9999 -9999 -9999 -9999 -9999 -9999 -9999 -9999 -9999 -9999 -9999 -9999 -9999 -9999 -9999 -9999 -9999 -9999 -9999 -9999 -9999 -80.7985872961517 -108.206458841944 -144.709861381021 -182.127569827225 -168.857843368911 -152.448456423798 -139.728271694658 -125.195573764113 -120.181802986827 -100.03938547526 -84.0902893376871 -46.6830587152133 -17.272830676133 -5.50259832562648 -1.22662013017776 -2.821059391488 -3.34047613780178 -3.48844178038813 -3.00496325974276 -2.14605082794311 -1.60114718034191 -0.80516517438305 -0.166380306670595 0.0780977591206995 0.410597102330234 0.628771633023542 0.823519142079903 0.798849254050429 0.469756243966292
-9999 -9999 -9999 -9999 -9999 -9999 -9999 -9999 -9999 -9999 -9999 -9999 -9999 -9999 -9999 -9999 -9999 -9999 -9999 -9999 -9999 -9999 -9999 -9999 -9999 -9999 -9999 -94.2931654779512 -119.720314768989 -153.466947256504 -179.825005436308 -177.903091842175 -158.96752176251 -142.988015330585 -131.733480836792 -119.769109153797 -100.639612087486 -84.5582852057959 -52.9226676858425 -21.4328613959759 -5.07941712000624 -1.54810192991364 -3.44095109822772 -3.21504121325701 -3.18484210057481 -2.96458826165735 -2.50925664523853 -2.40308602854349 -1.57800637594041 -0.872424339180798 -0.374649086738797 -0.00492164226766256 0.431916281974327 0.677412415835981 0.751952479195297 0.540889475964446
-9999 -9999 -9999 -9999 -9999 -9999 -9999 -9999 -9999 -9999 -9999 -9999 -9999 -9999 -9999 -9999 -9999 -9999 -9999 -9999 -9999 -9999 -9999 -9999 -9999 -9999 -9999 -9999 -143.621884488569 -153.219501541644 -165.138815863188 -162.340395633074 -147.121670973192 -139.346410454483 -130.244666287716 -119.913915104063 -98.7378359992457 -89.2102654832217 -61.3604790022122 -24.6819151048046 -4.75829442256159 -2.11455748053124 -3.84361000927445 -5.69043976970377 -3.58559218800782 -2.04931911241205 -1.57871807147474 -1.16162440784345 -0.655317720940999 -0.46668381105264 -0.366193741930723 -0.0247748232366973 0.798325209692922 1 0.85070036998943 0.715219394794182
-9999 -9999 -9999 -9999 -9999 -9999 -9999 -9999 -9999 -9999 -9999 -9999 -9999 -9999 -9999 -9999 -9999 -9999 -9999 -9999 -9999 -9999 -9999 -9999 -9999 -9999 -9999 -9999 -153.292596528954 -159.680467366093 -155.410216374245 -145.382049083579 -130.172061209558 -128.364974159922 -125.313901320088 -115.365453168672 -100.152957505578 -88.0043138797344 -62.7750434431519 -26.9244619663439 -6.12399471723227 -2.89111074431416 -4.09207135602024 -7.46544069478865 -5.94799159729986 -3.75308405260598 -1.95442593496425 -1.0734084917281 -0.290120755076891 0.177146001580171 0.0659122739556471 0.260901915866584 0.791053877584053 0.93889868758077 0.791308612703289 0.920354768183235
-9999 -9999 -9999 -9999 -9999 -9999 -9999 -9999 -9999 -9999 -9999 -9999 -9999 -9999 -9999 -9999 -9999 -9999 -9999 -9999 -9999 -9999 -9999 -9999 -9999 -9999 -9999 -9999 -155.575731644777 -151.222745755676 -153.316013975123 -133.893690919239 -118.033328861651 -121.439625174622 -123.115581986992 -116.896923314895 -100.182692230743 -93.9346037443637 -68.852103992989 -28.5815745121695 -6.54424287789627 -2.74606902476983 -5.64932116775231 -9.78207537697081 -9.69435902893115 -9.0641054761231 -3.46555344963553 -1.87228149738486 -1.22861969832302 0.366923593289577 -0.0722907387973799 0.590832663138683 0.6083554445643 0.821143727772127 0.690763606729263 1
-9999 -9999 -9999 -9999 -9999 -9999 -9999 -9999 -9999 -9999 -9999 -9999 -9999 -9999 -9999 -9999 -9999 -9999 -9999 -9999 -9999 -9999 -9999 -9999 -9999 -9999 -9999 -9999 -141.363743893363 -135.160762139292 -124.935020597705 -122.277534019346 -121.050339813345 -127.509499431922 -129.587363105628 -121.481558870449 -105.514391305372 -96.0554030662636 -69.4657201699878 -27.6282157068881 -5.36738658558014 -3.05332955505252 -8.09228004976286 -11.2808135985305 -13.0053731014036 -11.592679111497 -6.23174802279643 -2.41325440078099 -0.754505965153326 0.154890644962928 0.61217119093521 0.585499636934314 0.329176671641712 0.637686741247969 0.69474294656332 0.865233386518733
-9999 -9999 -9999 -9999 -9999 -9999 -9999 -9999 -9999 -9999 -9999 -9999 -9999 -9999 -9999 -9999 -9999 -9999 -9999 -9999 -9999 -9999 -9999 -9999 -9999 -9999 -9999 -9999 -132.036240185008 -113.044475013616 -106.41773929753 -117.501183530415 -127.340009328022 -135.812170844067 -137.012771242645 -133.557491895337 -107.506661889886 -102.272071014483 -71.5664305378352 -25.2786497103083 -3.91372970775068 -3.50863896744344 -10.1856900321764 -12.9349355209921 -15.7349646875789 -15.0562667833973 -9.07152249108311 -4.59719450363921 -1.57442905944438 -0.323529870183896 -1.25010588885982 0.41170978168799 0.762686114675717 0.575172566386032 0.825461280239603 0.550513701431631
