data/03_saidas_enm/CCSM_Maha_21k_B.balansae3.asc
NCOLS 154 
NROWS 168 
XLLCORNER -112 
YLLCORNER -55.5 
CELLSIZE 0.5 
NODATA_value -9999 
[rows 100 to 124 of 168, columns 56 to 111 of 154]
-9999 -9999 -9999 -9999 -9999 -9999 -9999 -9999 -9999 -9999 -9999 -9999 -9999 -9999 -9999 -9999 -9999 -9999 -9999 -9999 -9999 -9999 -9999 -9999 -9999 -9999 -9999 -9999 -142.628017727542 -127.660880376546 -135.380867728495 -163.080043655608 -184.05832422356 -197.812313850054 -202.322240636358 -190.971297770616 -151.688931718415 -113.975050101648 -71.5455969788384 -29.850092577987 -14.3882163320877 -12.8964324345567 -17.5914644339817 -24.6676490777101 -27.7507311579556 -25.7861657254673 -17.9982550759454 -7.99790286199614 -3.71094363071639 -2.1146850417964 -1.84319799095014 -1.3231723339688 -1.39804411952927 -2.27174764201037 -1.52096830211157 -1.42885543430723
-9999 -9999 -9999 -9999 -9999 -9999 -9999 -9999 -9999 -9999 -9999 -9999 -9999 -9999 -9999 -9999 -9999 -9999 -9999 -9999 -9999 -9999 -9999 -9999 -9999 -9999 -9999 -9999 -140.787230138054 -121.152695545385 -130.573624804474 -158.402734034374 -179.778140749736 -190.973236952193 -190.454137493395 -179.609234315355 -137.834484836448 -102.492547285428 -60.5680673253071 -20.4311537576365 -10.6734360548903 -14.9784303422542 -22.7258284211087 -27.9998400110744 -30.7250621602699 -28.8144421896995 -16.0074606633977 -6.74977743191588 -3.69077786641258 -2.98248226813573 -4.42090252425286 -2.75579741915967 -2.58526384350739 -3.15413982590272 -2.45883892729346 -2.28575639185878
-9999 -9999 -9999 -9999 -9999 -9999 -9999 -9999 -9999 -9999 -9999 -9999 -9999 -9999 -9999 -9999 -9999 -9999 -9999 -9999 -9999 -9999 -9999 -9999 -9999 -9999 -9999 -138.488090610048 -144.545326131829 -125.255755612238 -130.023650233645 -153.884222579183 -168.299932426239 -172.992206207608 -171.398679687299 -153.392616277113 -122.403098078944 -87.0425910272245 -46.8478656261457 -12.7502285384756 -9.00097548865796 -17.0867822540154 -22.5793196021411 -25.5019682008095 -29.4454422002583 -27.4257719081974 -16.8852215288995 -8.58152958519368 -5.26703539182999 -4.1800656181002 -3.94730317962058 -3.59788086920503 -2.70853998416809 -2.7092872521257 -3.29452260180235 -3.14898839885464
-9999 -9999 -9999 -9999 -9999 -9999 -9999 -9999 -9999 -9999 -9999 -9999 -9999 -9999 -9999 -9999 -9999 -9999 -9999 -9999 -9999 -9999 -9999 -9999 -9999 -9999 -9999 -145.229042772353 -151.088552359362 -127.728086277702 -129.528383928054 -148.256079293824 -158.868223621656 -159.937784232525 -152.406769796857 -139.618933787276 -111.570958770042 -74.822710346892 -36.5080556390188 -9.83709812449231 -11.723118616962 -21.7978235870857 -25.665323084983 -27.6761165880213 -31.216474654572 -30.0355992339611 -20.1170516868602 -11.2379363976812 -7.22918079652734 -5.67965917663295 -4.88679726886256 -4.19547104013482 -3.32231470276151 -2.97822706196774 -3.63554295803802 -3.37787897063892
-9999 -9999 -9999 -9999 -9999 -9999 -9999 -9999 -9999 -9999 -9999 -9999 -9999 -9999 -9999 -9999 -9999 -9999 -9999 -9999 -9999 -9999 -9999 -9999 -9999 -9999 -9999 -152.17760154675 -157.299628179751 -137.725301240638 -133.978916949775 -148.181648134522 -154.715406901955 -145.783735426891 -138.344375272787 -131.062196854447 -103.623364133413 -62.9226407809392 -28.1390637165531 -9.97506791879697 -15.9291905535015 -27.3826386866342 -33.2707719311333 -34.8371515693722 -35.163480448386 -33.3605415034253 -23.4148523926397 -14.79452484045 -10.1042968513021 -7.91408783619508 -6.88555670548554 -5.53368976833076 -4.93309716652125 -4.53399750027473 -4.07716763814343 -3.56974412300342
-9999 -9999 -9999 -9999 -9999 -9999 -9999 -9999 -9999 -9999 -9999 -9999 -9999 -9999 -9999 -9999 -9999 -9999 -9999 -9999 -9999 -9999 -9999 -9999 -9999 -9999 -9999 -158.603806549081 -165.485235227527 -142.615816341284 -139.716174777895 -150.057765104258 -153.481386309199 -138.6295212838 -132.149096882934 -130.201812464258 -101.70877143132 -56.0507625152172 -23.3273044014898 -11.0002158548502 -20.7662944754442 -32.3939465053013 -40.8018537950192 -39.1574926812816 -36.2830745190827 -32.6372458635844 -23.3011799493279 -16.3602217885139 -11.7531539616496 -8.81414510894004 -7.60620539778411 -6.35671150914519 -6.08940168505999 -5.58284985388094 -4.18036939434533 -2.9077106023622
-9999 -9999 -9999 -9999 -9999 -9999 -9999 -9999 -9999 -9999 -9999 -9999 -9999 -9999 -9999 -9999 -9999 -9999 -9999 -9999 -9999 -9999 -9999 -9999 -9999 -9999 -9999 -160.090878521773 -168.056589335044 -153.049465717072 -149.931721188547 -157.48070963744 -158.986666750097 -132.618655571388 -129.938918497369 -135.265658664885 -104.737225484783 -52.6312065818337 -18.8228583223985 -9.15419817727611 -22.2248054872175 -37.4597397428271 -43.727563739844 -41.2642260728005 -35.4640617378202 -27.4860010091142 -22.3557171489239 -15.9744150277286 -12.1309129285269 -9.43753905608388 -7.59525618001583 -6.92029732397309 -6.56406708545512 -6.19636923546775 -4.40350145064025 -2.59963126943708
-9999 -9999 -9999 -9999 -9999 -9999 -9999 -9999 -9999 -9999 -9999 -9999 -9999 -9999 -9999 -9999 -9999 -9999 -9999 -9999 -9999 -9999 -9999 -9999 -9999 -9999 -9999 -155.866609820479 -168.328343489743 -167.763410350312 -169.85184594392 -171.673733339017 -163.710389150528 -129.789983799029 -129.686845195006 -140.475449459219 -105.774469617724 -50.2915030893258 -15.7123278628581 -8.88342295276966 -25.3067394850046 -43.2394774841957 -48.2662534136623 -44.8436402578329 -38.6834907779527 -30.0091552550666 -24.0314833484108 -18.1239656385659 -13.7987843772699 -10.9267277500412 -9.11879317285366 -8.15761270790166 -7.69327046234525 -6.86522572961616 -4.67744604280451 -2.42439118457787
-9999 -9999 -9999 -9999 -9999 -9999 -9999 -9999 -9999 -9999 -9999 -9999 -9999 -9999 -9999 -9999 -9999 -9999 -9999 -9999 -9999 -9999 -9999 -9999 -9999 -9999 -9999 -149.149205166594 -165.801819738324 -179.789849261784 -195.242534363099 -184.192892467396 -170.628954006796 -127.332737838415 -128.000301634273 -151.962687024617 -112.041115396524 -49.7838404676767 -14.5434103077189 -10.0012489408482 -31.7068291785437 -49.1464255973899 -53.5929876258858 -51.6188841580042 -45.3840052437405 -39.7615606102093 -30.2627960313419 -22.8724151912823 -17.561041665412 -13.5474281979733 -11.6899542119193 -10.3223659875307 -8.51557843069521 -6.76878173158522 -4.84559986372782 -2.76009886677416
-9999 -9999 -9999 -9999 -9999 -9999 -9999 -9999 -9999 -9999 -9999 -9999 -9999 -9999 -9999 -9999 -9999 -9999 -9999 -9999 -9999 -9999 -9999 -9999 -9999 -9999 -9999 -146.222089839546 -167.169351991235 -189.673383789611 -201.786560329258 -188.533077783019 -162.588630614667 -115.456249694034 -119.235678446696 -138.980576739816 -100.13102556978 -44.0378070893045 -15.3500014297888 -13.7145320223476 -35.9398430179724 -53.0997227301319 -56.6852138073844 -54.9502369675958 -49.5566082015631 -43.3256703781221 -34.3965480696522 -26.8221017658407 -21.1422480963949 -16.6881395664071 -14.1165616583832 -11.8128263147887 -8.79378692354436 -6.5356130933682 -4.26720788511568 -3.1856573843046
-9999 -9999 -9999 -9999 -9999 -9999 -9999 -9999 -9999 -9999 -9999 -9999 -9999 -9999 -9999 -9999 -9999 -9999 -9999 -9999 -9999 -9999 -9999 -9999 -9999 -9999 -130.56310190008 -145.504285228387 -168.857113039066 -191.810799900778 -204.02805485009 -179.025275200044 -151.448766733315 -103.237159651558 -99.8280779853253 -125.820512194549 -84.0753771163813 -41.1346661755386 -21.6354676486934 -23.0999960852926 -45.3789272501994 -55.4802842269732 -57.705484995087 -56.054545817688 -49.8712253967869 -44.0152221963707 -36.7316172046209 -29.4335066605016 -24.2243474889883 -19.5885590872696 -16.513752776146 -12.9796123363388 -9.0491306196772 -6.47872472799397 -3.98396938995412 -2.64752174545705
-9999 -9999 -9999 -9999 -9999 -9999 -9999 -9999 -9999 -9999 -9999 -9999 -9999 -9999 -9999 -9999 -9999 -9999 -9999 -9999 -9999 -9999 -9999 -9999 -9999 -9999 -129.188865490203 -150.370446743929 -176.451858526462 -197.215155090704 -191.75928971562 -166.429687998104 -133.360923884627 -87.9349808525509 -74.7956818771346 -78.2084695390095 -52.3632643632965 -29.5901229383175 -26.578708224502 -37.1348033715131 -51.370419459374 -59.5107433994478 -59.7682078405026 -57.4268705458215 -51.9748323050159 -46.0302353400219 -38.9466618130648 -32.32801921049 -27.0373864187573 -22.167600928061 -17.8651704729684 -13.0025873694445 -8.97371308638516 -6.2455002207884 -3.81451708085788 -2.54143226354428
-9999 -9999 -9999 -9999 -9999 -9999 -9999 -9999 -9999 -9999 -9999 -9999 -9999 -9999 -9999 -9999 -9999 -9999 -9999 -9999 -9999 -9999 -9999 -9999 -9999 -9999 -130.514291107359 -162.449476337983 -190.437387440901 -198.200876368112 -188.597388599902 -145.096768439243 -115.953226094928 -74.6087230044458 -45.7784970166687 -46.9853084427364 -30.536009810052 -27.3290419579446 -40.8326962946991 -51.9377941923738 -64.6360404588361 -66.3263101797233 -64.030094564285 -60.570204604557 -54.6139125658077 -50.6170070428693 -42.188076335359 -34.8136889872252 -29.5611308814274 -24.468708490124 -19.1461382504008 -13.9446453212405 -9.17983911811396 -6.37601410195583 -3.92121504851093 -2.69050592962939
-9999 -9999 -9999 -9999 -9999 -9999 -9999 -9999 -9999 -9999 -9999 -9999 -9999 -9999 -9999 -9999 -9999 -9999 -9999 -9999 -9999 -9999 -9999 -9999 -9999 -9999 -139.776271357248 -179.46891677814 -201.879836633181 -190.949203632293 -154.200866167725 -118.064208267249 -83.4773065376327 -44.2360111481613 -23.7101751766657 -25.9753093103004 -31.0784803284663 -39.7092912945729 -56.1656693218353 -67.8772086323501 -74.6882810819983 -73.3951395216978 -69.2772207201965 -64.2077152987474 -57.5714796648369 -50.9570566448459 -43.4516178499497 -37.3386556218106 -32.5589767420688 -27.3333455671836 -20.8673077215022 -15.142040011382 -10.2160797272307 -7.13797555324382 -4.62614695638679 -3.03788451662432
-9999 -9999 -9999 -9999 -9999 -9999 -9999 -9999 -9999 -9999 -9999 -9999 -9999 -9999 -9999 -9999 -9999 -9999 -9999 -9999 -9999 -9999 -9999 -9999 -9999 -110.30083471567 -155.787307441792 -200.975617415493 -216.153927915484 -177.538795054224 -139.543144161635 -91.8330330116799 -58.1130956954184 -25.5649440481655 -20.439200074595 -42.7302430888575 -47.6091206638427 -58.8159296932749 -75.8867183014132 -83.4855732887677 -88.3834627054362 -82.1964417765594 -75.5445533485025 -68.8406359436695 -60.8476117749195 -54.6634396288175 -46.4525630835835 -40.1566856822645 -35.9455717815008 -29.4499362618566 -23.4483886877729 -17.5484437634115 -11.9314584356523 -8.44966659290068 -5.49663247050582 -3.77422955595847
-9999 -9999 -9999 -9999 -9999 -9999 -9999 -9999 -9999 -9999 -9999 -9999 -9999 -9999 -9999 -9999 -9999 -9999 -9999 -9999 -9999 -9999 -9999 -9999 -9999 -122.871583994515 -172.169931172227 -213.218437866309 -212.457946982854 -164.346703790756 -117.795118021859 -77.8842049700203 -43.3346929270548 -25.1957567510981 -32.5206487620108 -55.4793666779273 -66.8351300736358 -77.7399560992519 -90.7719309988441 -94.3224439394058 -94.8461975684659 -88.5322271661673 -80.8509178924035 -73.7501682848648 -66.334259959955 -58.8445074989466 -49.8554089552698 -43.6979610456225 -39.3976012040768 -33.1627267101247 -25.7167912998409 -19.4761722323031 -14.1955232469189 -10.5815864178841 -7.43690580385659 -5.26648637396267
-9999 -9999 -9999 -9999 -9999 -9999 -9999 -9999 -9999 -9999 -9999 -9999 -9999 -9999 -9999 -9999 -9999 -9999 -9999 -9999 -9999 -9999 -9999 -9999 -9999 -127.74837123149 -176.884383317107 -220.621902336484 -211.745635332344 -149.566312177077 -106.030259465507 -70.7130964543245 -46.1383040864315 -39.619104725486 -55.4183280902733 -77.767818800555 -84.1602756089865 -92.0495814500277 -99.2916689788628 -100.174411259513 -100.22695681895 -92.8550311913688 -85.39309590766 -78.8144029099646 -71.0663185531126 -64.2728512615178 -55.5171805231143 -48.8224460787534 -43.7656605339682 -36.3688668026027 -29.0401884995298 -22.8730936745356 -17.3114164605419 -13.300696303131 -9.68613763476133 -7.34931698979538
-9999 -9999 -9999 -9999 -9999 -9999 -9999 -9999 -9999 -9999 -9999 -9999 -9999 -9999 -9999 -9999 -9999 -9999 -9999 -9999 -9999 -9999 -9999 -9999 -9999 -108.541227506304 -164.798600151614 -208.964942486151 -194.621142264998 -136.034744705095 -94.1223710100308 -67.9227923584736 -57.3750643572597 -60.1317239296034 -74.299282072113 -89.3109012499975 -94.1322655463743 -95.5653181727322 -98.8443914317273 -99.3552262549534 -98.4068524724082 -93.8182674215832 -88.3017882106637 -83.3780576730993 -77.6874502609479 -70.931974524299 -61.6640377427976 -53.1989965366319 -47.2560856196564 -40.3270865279153 -32.8885628837763 -26.066806818041 -20.2241336910617 -16.0634778499194 -12.2415406357098 -9.51041968617192
-9999 -9999 -9999 -9999 -9999 -9999 -9999 -9999 -9999 -9999 -9999 -9999 -9999 -9999 -9999 -9999 -9999 -9999 -9999 -9999 -9999 -9999 -9999 -9999 -9999 -90.9820918383818 -147.818836427794 -197.04184686418 -186.190174691229 -128.223579275916 -86.5656785650041 -69.2845846490916 -70.8674677779978 -79.5882199791072 -89.9243486522453 -101.609125255602 -102.084494420726 -98.8440100058015 -100.493311734951 -100.07987234726 -99.3385362004919 -97.0806668882811 -93.776079087605 -90.4943785069218 -85.5450068557405 -80.3916346808171 -69.2980034826094 -58.7876078787227 -51.9455470437131 -44.8299642447634 -38.0632063222773 -31.2976903183101 -24.3634476663561 -19.6596567364721 -15.4830969818164 -12.5100890030027
-9999 -9999 -9999 -9999 -9999 -9999 -9999 -9999 -9999 -9999 -9999 -9999 -9999 -9999 -9999 -9999 -9999 -9999 -9999 -9999 -9999 -9999 -9999 -9999 -9999 -88.4076505656715 -137.753624420947 -183.521088217983 -172.300602569151 -125.659843365234 -88.0689705888111 -75.8892698955172 -80.9736753245976 -90.9370170925646 -100.612835408387 -107.48847112457 -106.773624271868 -103.13299243305 -103.337716172627 -103.689868765729 -102.504488347973 -102.793629063994 -104.230478214835 -101.736522365928 -93.6273439580066 -84.3509544031518 -74.4976286100173 -65.2946721066014 -57.9711738039679 -50.6782231057331 -42.9790681643024 -35.5541210453918 -28.9978073123631 -24.0518495233619 -19.3606795671139 -16.0896788068658
-9999 -9999 -9999 -9999 -9999 -9999 -9999 -9999 -9999 -9999 -9999 -9999 -9999 -9999 -9999 -9999 -9999 -9999 -9999 -9999 -9999 -9999 -9999 -9999 -9999 -80.2828261810723 -129.715044324564 -182.851259007433 -173.455026206514 -128.579036945525 -92.9490675134384 -83.6005391242634 -92.738155756951 -102.201778559167 -109.174586541697 -112.979872659114 -112.46507573691 -108.941630974325 -108.397268394632 -106.853442238447 -106.520844786694 -108.594923614839 -112.826822973597 -110.247835534682 -99.5200413559477 -89.2976813822384 -80.3133370266142 -71.2965402596706 -64.1455066091129 -57.0052847290459 -49.234679089317 -42.0249106221956 -34.482115479158 -29.0946921811705 -24.0678504408513 -20.5647625470429
-9999 -9999 -9999 -9999 -9999 -9999 -9999 -9999 -9999 -9999 -9999 -9999 -9999 -9999 -9999 -9999 -9999 -9999 -9999 -9999 -9999 -9999 -9999 -9999 -9999 -73.4506216581009 -122.342613558795 -180.996903635299 -181.275818906193 -135.054391213217 -101.100654433068 -94.4335707170415 -105.686397707388 -112.534694136231 -116.800044200444 -119.105469938218 -118.409449609117 -116.691730025255 -115.022257473379 -109.892343843382 -109.097914765515 -112.011667006959 -116.785846164849 -114.552752572402 -104.751804811259 -93.6631339147359 -84.7406957509266 -77.3647755215388 -69.8634656332405 -63.0191795819219 -55.4222505927557 -47.0491367132881 -40.0585696589829 -34.1377924717878 -28.8920609764917 -25.0640199937058
-9999 -9999 -9999 -9999 -9999 -9999 -9999 -9999 -9999 -9999 -9999 -9999 -9999 -9999 -9999 -9999 -9999 -9999 -9999 -9999 -9999 -9999 -9999 -9999 -9999 -63.2687652490895 -110.482089991368 -169.503088646854 -186.636547638616 -146.767746704027 -112.563078276689 -105.94888982313 -117.279197895429 -122.281247582807 -124.331646082915 -125.248534779053 -122.758281530769 -120.724068794327 -118.630536338967 -111.805615886893 -110.559303157 -114.564802118235 -119.572836387256 -118.111076221973 -108.953123208078 -99.186630643452 -90.8388614230072 -82.5735766467833 -75.7796550468256 -68.8875056949224 -62.742386190419 -54.8770826023034 -46.5195983944672 -42.1736206011418 -37.047152043564 -33.90606979871
-9999 -9999 -9999 -9999 -9999 -9999 -9999 -9999 -9999 -9999 -9999 -9999 -9999 -9999 -9999 -9999 -9999 -9999 -9999 -9999 -9999 -9999 -9999 -9999 -9999 -55.4908109792576 -98.5031210880843 -154.783747873137 -184.610201320935 -155.251561792692 -127.497515899452 -118.824836808655 -127.106694717216 -130.298135053635 -128.802765981515 -125.319327716221 -124.670139680771 -121.753255116048 -118.846136879982 -114.068110777323 -111.899148363682 -116.077290570869 -121.83536776528 -121.018657847747 -113.660882872241 -105.838805264204 -96.3548632832818 -88.5396711037238 -80.8340423405549 -73.5608170144628 -68.0204895385418 -60.5596036799207 -56.222976996166 -50.5067324623771 -44.7153092320825 -44.0404819328822
-9999 -9999 -9999 -9999 -9999 -9999 -9999 -9999 -9999 -9999 -9999 -9999 -9999 -9999 -9999 -9999 -9999 -9999 -9999 -9999 -9999 -9999 -9999 -9999 -41.8823444547279 -53.9088290838808 -88.2659802396236 -140.298761426779 -180.469812427419 -158.574523537479 -135.801967287093 -127.937419575275 -135.201639552942 -137.809450173899 -135.617901167336 -132.787087252847 -131.77604525037 -129.104533078012 -126.584599111177 -121.842562012792 -118.81680130932 -120.942909762963 -125.12785648468 -124.057043811502 -118.087030774466 -110.275598631088 -102.242289138977 -94.3158327783067 -86.6461232638664 -78.5974424155345 -71.6426727656257 -67.5331536077968 -63.7098158411436 -59.0664135921112 -51.6846642680622 -47.3429793119942
