data/03_saidas_enm/CCSM_Maha_6k_B.balansae4.asc
NCOLS 154 
NROWS 168 
XLLCORNER -112 
YLLCORNER -55.5 
CELLSIZE 0.5 
NODATA_value -9999 
[rows 75 to 99 of 168, columns 56 to 111 of 154]
-9999 -9999 -9999 -9999 -9999 -9999 -9999 -9999 -9999 -9999 -9999 -50.0286915169143 -63.9513049193269 -85.9931043203297 -70.9089305861011 -41.6147278827457 -19.6155334679441 -5.56964214514833 -1.7931760371552 -3.45742138377726 -7.56540905937173 -10.1598779443717 -12.6441342133707 -14.071440885646 -14.7913474238737 -15.3742462064538 -15.4235573545221 -15.6610035108217 -15.545916988042 -15.4388161212468 -14.9918854228034 -13.9294212484588 -12.9325940432334 -11.6931453231798 -10.5268815211943 -9.3173668503754 -7.82903151402484 -6.53359357401652 -5.00134788992182 -3.58722623301266 -2.7490577592361 -2.11190118181417 -2.15512068219971 -1.63881976585811 -1.22703972930715 -1.39770214122689 -1.74417629103081 -2.34671015408824 -2.52530016003626 -2.34880428740531 -2.55709273974946 -2.98514172919021 -4.06763774099452 -5.51577500395074 -7.20480169620954 -9.49502575978147
-9999 -9999 -9999 -9999 -9999 -9999 -9999 -9999 -9999 -9999 -9999 -47.9910996009224 -59.7337847407434 -82.937150011874 -66.4356063609428 -44.7099744754216 -26.0873112295522 -9.88431612860366 -3.28855710333808 -2.17680684783345 -4.4395642675382 -8.14664496507806 -11.1617370365248 -13.137003124825 -15.7475528216461 -17.3326706719721 -17.4269006322822 -17.5541745097098 -17.7062776153134 -18.1392002944935 -18.0777541757219 -16.8367351145726 -15.6779716449861 -14.5368100331111 -13.5651722991048 -12.4178636422438 -10.799903565636 -8.89274169512468 -6.55576968472094 -4.88022205216331 -3.49270024355604 -1.91074957863344 -1.39682368463204 -1.60335883365958 -1.21644426787108 -1.20459337853971 -0.947081654837864 -0.989161258688102 -1.35687638358629 -2.11171096348512 -1.70224129006955 -1.67595400352728 -2.08470972414519 -2.98822424635286 -4.6443885755697 -7.47824689012769
-9999 -9999 -9999 -9999 -9999 -9999 -9999 -9999 -9999 -9999 -9999 -9999 -52.2993928461479 -63.298104384859 -62.4937235350498 -50.0919592207755 -35.6494598433124 -24.5059220387909 -15.9230134015731 -6.41163958558302 -2.33193011095607 -3.4450553509972 -6.62816603224453 -10.1287494514941 -14.0196012873384 -17.2541628766347 -18.5324415204795 -18.9051183304867 -19.454533749234 -20.3392424192427 -20.7016537625146 -19.8633089239705 -18.8374693965612 -17.7641217166803 -16.9436620424165 -15.9103461448651 -13.9583797457461 -11.2096328968741 -8.3942700746275 -6.1254914574052 -3.91610967434781 -1.58710704721906 -0.484093471743003 -0.46865059851357 -1.00789183745618 -1.28186294750067 -1.01906936348421 -0.805452495433795 -0.767626044196354 -0.921141404182319 -1.55769203198598 -1.14772475951206 -0.972542433981777 -1.2705864821341 -2.31414902047439 -4.47550646493027
-9999 -9999 -9999 -9999 -9999 -9999 -9999 -9999 -9999 -9999 -9999 -9999 -53.8326540788876 -51.109211371562 -55.3693553199424 -61.5692372358058 -53.2830396067694 -53.4959129175892 -46.6495038465993 -24.3551544405463 -7.869681293704 -2.61135919096138 -1.49958775578761 -4.63941894584791 -11.7222292769359 -14.9372231881396 -18.1779267929233 -19.3796936849882 -20.5034771410724 -22.1332166177078 -23.0680171394184 -22.3119688593099 -21.9922059620251 -21.2439864319725 -20.391467839967 -19.1031730919334 -16.6093649778881 -14.0917432643945 -10.8653918409952 -7.87262757159072 -4.76144297617959 -1.67975154663788 0.0536326235841745 0.12091400752924 -0.322542220685114 -1.03717604153163 -1.49711716300031 -1.50161737727684 -1.28192132386401 -0.886284400345847 -0.912326637379588 -1.40782486657091 -1.13523443060071 -0.861014248293653 -1.23865146112241 -2.3447743622729
-9999 -9999 -9999 -9999 -9999 -9999 -9999 -9999 -9999 -9999 -9999 -9999 -9999 -52.9287300913703 -56.6817935618207 -71.6891186973843 -77.6406548459775 -83.1468584168702 -77.2850835162207 -56.6491055618995 -32.3086149708323 -12.8401524175839 -1.19461917660594 0.73222292322601 0.194147660189753 -4.70988135422186 -9.67862365106223 -14.4232290884447 -19.9475714285423 -22.2416812005747 -24.052315709253 -24.2178440242401 -24.3641957132911 -24.0856150757517 -22.936687808525 -21.9656603588389 -19.2302970208174 -16.624194990417 -13.2583746396864 -10.2031344537687 -6.62352157088261 -2.60922260214268 -0.377886736477607 0.00494141472795095 -0.258854784157018 -0.901530355625376 -1.70613407194401 -1.85970150852465 -1.48272325504223 -0.591358467342574 0.0166370141498731 0.0910363939480829 -0.135599715057518 -0.578510524697832 -0.513046291470395 -1.01464254091212
-9999 -9999 -9999 -9999 -9999 -9999 -9999 -9999 -9999 -9999 -9999 -9999 -9999 -45.2293781900517 -58.0398143268826 -89.5878258996509 -98.5504313743612 -116.750908273011 -115.672898373938 -93.5380323053561 -76.2742642903309 -44.089966488068 -22.7838723792912 -16.0220240215919 -16.1709756448001 -0.0271956637097752 0.201158354232499 -3.589109662508 -10.5298748286192 -18.4487437145041 -22.0475934745189 -21.5766182729105 -24.4428657863465 -23.9005148934715 -23.8131605384966 -24.6347018636568 -20.4711056901326 -17.9677179381409 -14.903545020796 -12.7488132782889 -9.98196580397309 -5.02373556204917 -1.17680957365759 -0.340280901860445 -0.466631946562805 -0.75653642066634 -1.38490260145194 -2.42906942113148 -2.38402536387554 -1.03351939239209 -0.0157140067596022 0.461294438928728 0.582372897281388 0.369532517099579 -0.149145377286416 -0.495379998927747
-9999 -9999 -9999 -9999 -9999 -9999 -9999 -9999 -9999 -9999 -9999 -9999 -9999 -9999 -56.0174020831852 -68.8641447286505 -94.3366782794387 -122.445547238234 -131.113830675985 -119.264142563759 -99.5699851241708 -90.1836195289711 -109.523285234066 -119.829151885267 -81.1062056084353 -44.8616535135521 -21.250865993917 -12.7271694940398 -4.30680109440626 -4.09083823237861 -9.03086558260049 -12.8435510804709 -15.8737795818158 -18.937575507183 -20.5907782295447 -20.8646854013162 -18.1714610518454 -15.8879725363367 -13.7903818580815 -12.1944757138129 -10.5893417625509 -6.67188930893779 -3.49684853771139 -1.73737912313691 -0.90412783105836 -1.2552348784744 -1.82128994211278 -2.78510993332336 -2.80631472729682 -1.89835915522485 -0.82505727127486 -0.0775389886465792 0.317500635546937 0.514281105795746 0.425697010144456 0.153125160525797
-9999 -9999 -9999 -9999 -9999 -9999 -9999 -9999 -9999 -9999 -9999 -9999 -9999 -9999 -44.4961336330426 -45.6436423227908 -79.93693107869 -117.22592809225 -139.485237143223 -136.568348469492 -133.034812872415 -164.776794952515 -304.190530423782 -373.380619771267 -280.991797736078 -241.585728292051 -148.70808239573 -56.8062678842258 -24.3482567973328 -11.0476596504321 -6.24980839060458 -4.21759050488526 -7.42468919037778 -12.2077366027163 -16.4562314541027 -17.3745846758034 -14.0716078064556 -12.210491015243 -12.049848514707 -11.3983382879581 -11.8687377651804 -8.60439420491271 -6.3434988939766 -3.5202150280028 -1.76307271827496 -1.78012192199859 -2.51901813787044 -3.01794833877895 -2.96560143583461 -2.10494262968094 -1.64292206263341 -0.852789972078259 -0.353122788758157 0.0807934199581535 0.398766406299211 0.373467739801121
-9999 -9999 -9999 -9999 -9999 -9999 -9999 -9999 -9999 -9999 -9999 -9999 -9999 -9999 -9999 -47.3387730109277 -62.5654331802327 -105.627736210001 -143.591487418059 -155.997761375456 -173.112116138481 -204.498437525807 -287.746476043378 -356.146035415151 -396.43407385874 -453.806549086042 -408.20119226617 -364.505680724161 -243.230441954094 -74.7619848229462 -12.3259997553646 -6.70438468551469 -2.75801967192413 -7.1942215872224 -10.5853768404181 -11.3199033813371 -11.8444471686444 -11.8515768514669 -10.7063645901432 -8.24575753931769 -6.34755497150375 -6.57833548512611 -7.43040191004571 -6.26366738545912 -3.51523145113067 -2.49890792708653 -2.78681029150246 -2.87915870947927 -2.39155965442362 -1.74306739548825 -1.19987276981042 -0.794706269777817 -0.605727823995123 -0.208412330708805 0.171172664918964 0.269387762487369
-9999 -9999 -9999 -9999 -9999 -9999 -9999 -9999 -9999 -9999 -9999 -9999 -9999 -9999 -9999 -54.7656062174625 -67.5454396747642 -103.228026095467 -149.872493395556 -166.614508606953 -200.10243861399 -234.647035553314 -277.199853700102 -303.699258441536 -368.119552254123 -536.317309496795 -519.335107048838 -649.780885181748 -528.547754709236 -188.735823483104 -47.4259072715168 -10.4545189052694 -5.21199455028461 -4.11638226275445 -6.78178128858445 -7.86431917373257 -9.24199551130533 -10.2083983935149 -8.39613997391868 -4.75611461164566 -2.64973025202432 -3.9453810781611 -7.44044558147167 -8.52169782159956 -5.23641354334784 -3.21915910978751 -3.23311274854866 -2.56644891985741 -2.12915220358264 -1.541001088639 -0.960521168381546 -0.732663889309111 -0.550010712235296 -0.271188456798435 0.0507109338658622 0.184740079696074
-9999 -9999 -9999 -9999 -9999 -9999 -9999 -9999 -9999 -9999 -9999 -9999 -9999 -9999 -9999 -54.1551371833995 -78.0333369079461 -98.8834554651864 -135.590921883715 -165.485503546545 -207.826432341982 -228.263817058469 -257.140743764505 -272.774373763949 -276.894634506426 -285.398797126882 -318.118175003965 -365.220532229572 -323.616719270833 -201.412668321536 -96.2469691287705 -28.2971842402858 -7.7478630521904 -4.43442473480473 -3.94118266644021 -6.34075948780647 -9.18923000105536 -8.11106718475632 -6.26710206884078 -3.27471472334085 -1.77281834977506 -3.18610111881291 -8.27786192071729 -10.1830427552867 -8.80010210122126 -4.93836203544525 -3.91899943944464 -2.47820474517026 -1.7689012772334 -1.6984940286948 -1.37684587562575 -1.17900733683639 -0.958007784788311 -0.522585652973061 -0.290299511659796 0.143991206535026
-9999 -9999 -9999 -9999 -9999 -9999 -9999 -9999 -9999 -9999 -9999 -9999 -9999 -9999 -9999 -9999 -71.2224733890954 -106.764313644505 -129.185647521633 -160.176149828341 -220.412493068522 -231.78635446893 -255.292009220626 -259.461737025269 -245.040220916962 -251.993148989287 -253.62782019079 -259.662555036964 -225.653159606206 -184.131145016639 -133.120537403718 -66.261870502267 -17.8611538738116 -7.3245415939684 -3.32027850346499 -3.55929597284779 -6.5001298021135 -6.66741394631594 -6.26766977448262 -3.59155913389367 -1.90555154226632 -4.58614006747283 -10.8568432843496 -12.3504630987842 -10.0926912104881 -5.80158559433119 -3.60468451173355 -2.16380736844316 -1.19929464966691 -0.96519984850695 -1.22740227491697 -0.610177630779538 -0.387689721780413 -0.0172582450236394 0.436175241192194 0.700349842241784
-9999 -9999 -9999 -9999 -9999 -9999 -9999 -9999 -9999 -9999 -9999 -9999 -9999 -9999 -9999 -9999 -9999 -72.2822610890718 -106.34618361421 -139.874277085172 -181.05491220815 -184.95643228537 -194.140404080905 -215.562510403991 -222.773507098141 -233.089221605433 -230.836254876612 -228.293742102353 -204.310562103317 -174.95552061905 -159.946591153921 -113.916823547567 -67.4834922420085 -29.4553736999473 -10.2416323764992 -2.28023054919579 -2.933103619711 -5.30131670410271 -7.69229367277123 -7.54662619005132 -9.57085604178348 -10.3220249722177 -12.6586380264425 -11.4912265596506 -8.27607508594636 -4.55639305754791 -3.04769854766796 -2.02617607198467 -0.921485091756948 -0.420494129325811 -0.158507885356972 -0.0256456282634381 0.0199115594865905 -0.0057218201449678 0.125572081037398 -0.264331848783725
-9999 -9999 -9999 -9999 -9999 -9999 -9999 -9999 -9999 -9999 -9999 -9999 -9999 -9999 -9999 -9999 -9999 -9999 -9999 -115.861246375957 -152.504652106968 -133.12746037996 -123.073187859398 -153.316710857154 -182.366810657369 -206.617699365879 -230.947491002514 -239.172283873253 -204.151726822796 -179.739160058048 -164.349251407598 -145.569187004984 -133.682011067945 -100.297368095823 -34.9588165465099 -9.83911172760646 -3.87133909323124 -2.5585951702904 -5.11057212034113 -8.19605592633423 -15.1999160176524 -12.1137063838365 -11.3792348050304 -9.99477574516986 -6.05153473613261 -4.32660993617994 -3.26054702199618 -2.28598230122881 -1.14405150808638 -0.146115722944361 0.333713412330268 0.338553806774734 0.294682510350281 0.0902569111623779 -0.714402546481452 -1.29109074900113
-9999 -9999 -9999 -9999 -9999 -9999 -9999 -9999 -9999 -9999 -9999 -9999 -9999 -9999 -9999 -9999 -9999 -9999 -9999 -9999 -9999 -89.982091786027 -83.7730920196158 -96.0982019029172 -126.783621116502 -174.707059932894 -206.261748108536 -232.364461275808 -226.312904160982 -186.024306107574 -169.26029991228 -150.528681197034 -177.297955275759 -172.517376492103 -103.489666204566 -52.2408841297526 -14.0198955241285 -3.76133759298805 -2.73255566218956 -3.06159784067623 -5.33547756708637 -7.27616687827424 -8.89447412062032 -6.41819278365447 -5.65310511085282 -4.56747277467521 -3.42336029559696 -2.88464924896605 -2.07000915991951 -0.309928354818133 0.26954828429338 0.366622360454723 0.307074978328573 0.0957941766751017 -0.603346375932313 -0.800043990666055
-9999 -9999 -9999 -9999 -9999 -9999 -9999 -9999 -9999 -9999 -9999 -9999 -9999 -9999 -9999 -9999 -9999 -9999 -9999 -9999 -9999 -9999 -9999 -75.0500039878279 -83.4054292291547 -116.676647329217 -163.831764505482 -212.455970966884 -233.732846093464 -216.346267578085 -185.66035420187 -160.591594132947 -159.224922278546 -171.963681678757 -147.797194149809 -118.352302474067 -53.4294166111815 -10.9926863595924 -4.24904894416223 -1.14257114158358 -1.10137406376674 -3.67523046653096 -5.38047777879672 -5.85880714852953 -5.3793018470302 -4.71024361243751 -3.72778062440887 -3.07949915086505 -2.35764989229662 -0.53272138815488 0.244077650820211 0.351691482982995 0.295916529751797 0.120835072715081 -0.400890324577949 -1.1091674356941
-9999 -9999 -9999 -9999 -9999 -9999 -9999 -9999 -9999 -9999 -9999 -9999 -9999 -9999 -9999 -9999 -9999 -9999 -9999 -9999 -9999 -9999 -9999 -9999 -9999 -67.6776937794881 -109.213611851748 -174.681794836267 -229.708108914664 -234.484937584303 -206.782659733734 -174.170596853114 -164.043168999407 -151.255086681153 -144.434520424468 -163.087301694537 -100.218988223656 -51.0453132380446 -14.3980223030254 -4.23498971793208 -1.4048464436292 -2.8930173636057 -5.04047952063898 -5.32769179056064 -5.35094583760217 -4.71094313742251 -3.89307227469804 -2.79746432725943 -1.98309384462612 -0.503634881628798 0.265900013238331 0.297521913335252 0.175764025425609 0.155614812628277 -0.534270234511685 -2.02689010087172
-9999 -9999 -9999 -9999 -9999 -9999 -9999 -9999 -9999 -9999 -9999 -9999 -9999 -9999 -9999 -9999 -9999 -9999 -9999 -9999 -9999 -9999 -9999 -9999 -9999 -79.3258725173252 -95.6764701603471 -137.054892447362 -204.410610929482 -262.401845110023 -270.716356076877 -245.982685715824 -210.515719549841 -164.747182130665 -138.610144082844 -128.786323878137 -99.3462151841262 -69.6692353064286 -30.1365137312946 -6.56990968157886 -3.40136840979487 -3.69295064553641 -5.04721944539327 -5.77719422416146 -5.79543307758945 -5.32241347169587 -4.86870060296135 -3.64476307596524 -2.67039106390334 -1.02400950722436 -0.105858547855906 0.00829035551631729 0.0995272866576702 0.183873924301515 -0.596075095093016 -2.51460204870158
-9999 -9999 -9999 -9999 -9999 -9999 -9999 -9999 -9999 -9999 -9999 -9999 -9999 -9999 -9999 -9999 -9999 -9999 -9999 -9999 -9999 -9999 -9999 -9999 -9999 -9999 -9999 -126.436778773955 -181.465459294342 -280.224359080531 -376.206106946893 -339.55923719966 -292.19188827244 -235.592060537272 -174.611262767284 -144.324215488016 -102.443461160422 -83.665678049582 -47.4806493204525 -12.0283888315483 -7.80059135017907 -7.20721253696937 -5.38443914380438 -5.8413913697711 -7.00735412030153 -6.74287751368835 -5.9126853266515 -5.56726321202156 -4.90456673483872 -2.15895591457542 -0.998241967647973 -0.337061706505017 0.0349204910564777 0.21832071738959 -0.875207368924773 -2.97504556564855
-9999 -9999 -9999 -9999 -9999 -9999 -9999 -9999 -9999 -9999 -9999 -9999 -9999 -9999 -9999 -9999 -9999 -9999 -9999 -9999 -9999 -9999 -9999 -9999 -9999 -9999 -9999 -171.003900752468 -219.230142117288 -300.872526093073 -374.454822003971 -384.681119513383 -344.169082811879 -297.895790318075 -240.838386144051 -188.744105473635 -124.207130137276 -88.1636871952108 -53.4015271046559 -22.1920085069365 -12.0691056580163 -10.590476931965 -8.14089173479326 -8.32633127929647 -8.16560247232789 -8.27210742496759 -7.48312770662701 -6.80042064102712 -5.37645243717518 -3.73671080278727 -1.92892555215075 -0.338133471127662 0.24302450736282 0.0529516819352785 -1.09256105043567 -2.75794980412801
-9999 -9999 -9999 -9999 -9999 -9999 -9999 -9999 -9999 -9999 -9999 -9999 -9999 -9999 -9999 -9999 -9999 -9999 -9999 -9999 -9999 -9999 -9999 -9999 -9999 -9999 -9999 -9999 -277.567536227102 -297.563919874456 -326.127532832335 -359.528975734614 -332.215415923857 -306.630428863981 -271.084063035922 -216.135760003096 -144.07939065102 -101.477883554178 -62.5252111882115 -30.7330107402969 -15.2310177672896 -14.2395949042609 -14.7911039629341 -13.2078014538989 -11.286456727077 -7.36357643551988 -7.21404044398764 -6.36682415038072 -4.92311754294907 -4.16419442757889 -2.62368118707603 -0.410592641429954 -0.103467735879149 -0.829049331195561 -1.4890629361511 -2.45918459903221
-9999 -9999 -9999 -9999 -9999 -9999 -9999 -9999 -9999 -9999 -9999 -9999 -9999 -9999 -9999 -9999 -9999 -9999 -9999 -9999 -9999 -9999 -9999 -9999 -9999 -9999 -9999 -9999 -307.404352167153 -313.310736971223 -310.026492157192 -323.173389912838 -291.341707943498 -274.275977754204 -263.744224654616 -211.547813027668 -151.204757744282 -107.261053115816 -67.4661131848766 -34.7984041398446 -18.8704176508973 -17.4554522424912 -20.0059151390414 -17.581313863464 -17.289781299756 -13.9850690631726 -8.26802388856293 -5.58837711568065 -3.73223815057877 -3.48864823643282 -2.38668595171271 -0.525637758127827 -0.166534391388655 -0.798877864253629 -1.41787703657849 -1.63106373842512
-9999 -9999 -9999 -9999 -9999 -9999 -9999 -9999 -9999 -9999 -9999 -9999 -9999 -9999 -9999 -9999 -9999 -9999 -9999 -9999 -9999 -9999 -9999 -9999 -9999 -9999 -9999 -9999 -320.12237925007 -298.815308796293 -304.827490243923 -297.295939503944 -248.079039135272 -239.834260693934 -246.79923584245 -205.188428779925 -146.30850033409 -108.191056060234 -70.7886253734201 -39.026317807192 -23.016005321464 -16.5853602341648 -23.1325490541807 -23.0629033313784 -23.7496295707875 -24.5302701885746 -12.8031466312625 -5.89554699446077 -3.37908748822937 -2.84742153456879 -3.25542943276354 -0.444802302247356 -0.119236515944129 -0.405152909896818 -0.629299385503893 -1.02406327036285
-9999 -9999 -9999 -9999 -9999 -9999 -9999 -9999 -9999 -9999 -9999 -9999 -9999 -9999 -9999 -9999 -9999 -9999 -9999 -9999 -9999 -9999 -9999 -9999 -9999 -9999 -9999 -9999 -297.790858404657 -276.711801668718 -254.358750255437 -270.621425897333 -248.975687948649 -248.046958617088 -247.103916482869 -199.819912898998 -143.644268233577 -105.035142296522 -66.910220956891 -34.2648850011309 -20.829625055335 -18.7134288064462 -24.2036902033921 -25.4510127510238 -29.3756245524109 -29.0248615521027 -20.96006390137 -11.6748995529007 -6.11368931002066 -3.128004075331 -1.38828663303415 -0.194538844273849 0.285013962360436 0.549210478531608 0.529740186653752 0.0130804757331302
-9999 -9999 -9999 -9999 -9999 -9999 -9999 -9999 -9999 -9999 -9999 -9999 -9999 -9999 -9999 -9999 -9999 -9999 -9999 -9999 -9999 -9999 -9999 -9999 -9999 -9999 -9999 -9999 -278.651005901021 -240.517660085822 -214.740624176879 -252.899215133468 -254.366911464531 -260.168112824534 -252.658093519247 -206.722957756997 -134.868203199227 -99.3212387885851 -63.1352493088224 -28.8887382014592 -20.5538050715468 -19.0195074717414 -25.1634403671094 -27.3434710307635 -32.9222559119141 -34.1282466411185 -26.7041629628282 -18.206321977256 -10.516179257644 -3.77271153527746 -0.903854738930904 -0.277871475211259 0.281727990451862 0.724199029632588 0.761139865321456 0.569702322170636
