data/03_saidas_enm/CCSM_SVM_0k_B.balansae4.asc
NCOLS 154 
NROWS 168 
XLLCORNER -112 
YLLCORNER -55.5 
CELLSIZE 0.5 
NODATA_value -9999 
[rows 100 to 124 of 168, columns 56 to 111 of 154]
-9999 -9999 -9999 -9999 -9999 -9999 -9999 -9999 -9999 -9999 -9999 -9999 -9999 -9999 -9999 -9999 -9999 -9999 -9999 -9999 -9999 -9999 -9999 -9999 -9999 -9999 -9999 -9999 0.0977704819603227 0.144997719660784 0.206739238601912 0.205875341635622 0.205870521437912 0.20420519744249 0.186180765203036 0.137971005538231 0.165264633416025 0.200701676172801 0.205782164851542 0.226639379448048 0.517981974004804 0.670008615142797 0.450618582448032 0.327911386508839 0.292697308632392 0.304495067532328 0.382100414799244 0.489746786359735 0.565483586071693 0.646045169546438 0.728272855442663 0.793034076843019 0.855166627571631 0.923765764475246 0.991762298954262 1.03932056408914
-9999 -9999 -9999 -9999 -9999 -9999 -9999 -9999 -9999 -9999 -9999 -9999 -9999 -9999 -9999 -9999 -9999 -9999 -9999 -9999 -9999 -9999 -9999 -9999 -9999 -9999 -9999 -9999 0.106603707617276 0.149940375988842 0.207113250142112 0.206737199845346 0.20668722507331 0.20529028109144 0.184065623418776 0.138073616881884 0.176483199543064 0.203878269460844 0.206628102137261 0.242589148847209 0.586009383550981 0.614908809629406 0.410683284103177 0.311415363239345 0.28504179942167 0.294141083864358 0.380094281596283 0.468454378997031 0.520179186601984 0.610298610180379 0.667805691801747 0.742575573919114 0.807092067600879 0.875579184937242 0.949725840828772 1.01250566716366
-9999 -9999 -9999 -9999 -9999 -9999 -9999 -9999 -9999 -9999 -9999 -9999 -9999 -9999 -9999 -9999 -9999 -9999 -9999 -9999 -9999 -9999 -9999 -9999 -9999 -9999 -9999 0.199471106070465 0.116111841664722 0.149464486790979 0.206837316834667 0.207265360690342 0.207056764125823 0.205660626211446 0.185625904473862 0.150991477473373 0.186356767766155 0.20484112138096 0.207370975980876 0.280162011420307 0.647446683002763 0.547714989320054 0.391146448163203 0.308588578134332 0.27970576079167 0.292518003725286 0.360682595370454 0.448712625903551 0.510479143402521 0.575965460880029 0.635162780842985 0.690336866519305 0.740815076684856 0.807119822645204 0.884635912477278 0.946469723536169
-9999 -9999 -9999 -9999 -9999 -9999 -9999 -9999 -9999 -9999 -9999 -9999 -9999 -9999 -9999 -9999 -9999 -9999 -9999 -9999 -9999 -9999 -9999 -9999 -9999 -9999 -9999 0.200273520768295 0.126625135915261 0.156035526643531 0.206646075782781 0.207367664988722 0.207271928340062 0.206223730828462 0.185076234245158 0.164064577436648 0.194545918042053 0.20597224783885 0.208603165022496 0.329645062232209 0.63261943497377 0.479273201568042 0.354362935911823 0.292367368746267 0.269203215198811 0.276353816456171 0.329953054968974 0.414742345017881 0.480939767515012 0.535646450167685 0.590658533904772 0.637594333424326 0.676358168176777 0.736368279566977 0.8096660815031 0.876391602864307
-9999 -9999 -9999 -9999 -9999 -9999 -9999 -9999 -9999 -9999 -9999 -9999 -9999 -9999 -9999 -9999 -9999 -9999 -9999 -9999 -9999 -9999 -9999 -9999 -9999 -9999 -9999 0.199842322275684 0.136059353678468 0.174795931328922 0.20664083067032 0.207321488836615 0.20732556907208 0.206535853407553 0.186846509125805 0.177735246202256 0.201191130258995 0.206810219279008 0.210571598698265 0.363086522653812 0.625225782322201 0.4275883567835 0.315174634332826 0.27251388453083 0.259749906892849 0.2642240413723 0.309663879442833 0.376188171232828 0.437930140871179 0.494354386067191 0.537361294042093 0.586192150764274 0.624360351202974 0.677816721278059 0.745974671012384 0.810735277365265
-9999 -9999 -9999 -9999 -9999 -9999 -9999 -9999 -9999 -9999 -9999 -9999 -9999 -9999 -9999 -9999 -9999 -9999 -9999 -9999 -9999 -9999 -9999 -9999 -9999 -9999 -9999 0.199032439754749 0.149311708439686 0.19120168742058 0.206949331319548 0.207235915163363 0.207307988944955 0.206829876577215 0.188993645074964 0.192863033898143 0.205463253187884 0.207206923521684 0.210690226055924 0.373748328769937 0.579086656246848 0.383985192888479 0.289737337158943 0.263086387573784 0.259789092655301 0.269480150839105 0.3121095873873 0.361687752931884 0.41345808156659 0.465159718082247 0.505739798978013 0.54842672625985 0.578209030855214 0.625343775887318 0.690745741641002 0.757213508680981
-9999 -9999 -9999 -9999 -9999 -9999 -9999 -9999 -9999 -9999 -9999 -9999 -9999 -9999 -9999 -9999 -9999 -9999 -9999 -9999 -9999 -9999 -9999 -9999 -9999 -9999 -9999 0.198374593642113 0.166678524261209 0.201846281484676 0.207039141951707 0.207169806297742 0.207279205314649 0.206981012050898 0.194108380434998 0.203721065914982 0.20703673124796 0.207276049654864 0.209864336602865 0.389400331366249 0.54507946293357 0.350473214732418 0.279120187880643 0.262108832271763 0.270138624768833 0.297997199295691 0.32229669691977 0.361990065676063 0.401593037586752 0.441973418166331 0.481851925237614 0.516791140039759 0.543851739882359 0.5887970861466 0.646857900432093 0.725359998157014
-9999 -9999 -9999 -9999 -9999 -9999 -9999 -9999 -9999 -9999 -9999 -9999 -9999 -9999 -9999 -9999 -9999 -9999 -9999 -9999 -9999 -9999 -9999 -9999 -9999 -9999 -9999 0.198465583342936 0.182234531221665 0.205591297626459 0.207054731232592 0.207154459155619 0.207268051608239 0.207030326175536 0.199865481054751 0.206763395492464 0.207278165353695 0.207280271551943 0.209780267907115 0.400725183108582 0.493698373045022 0.320038099984092 0.265313271317216 0.255512225019722 0.265956908618248 0.29202928931836 0.314851803649949 0.348273315787636 0.383796748161958 0.41592978929585 0.444366450882746 0.477517676285335 0.508353480793323 0.553162318801821 0.611996512974037 0.685257146714294
-9999 -9999 -9999 -9999 -9999 -9999 -9999 -9999 -9999 -9999 -9999 -9999 -9999 -9999 -9999 -9999 -9999 -9999 -9999 -9999 -9999 -9999 -9999 -9999 -9999 -9999 -9999 0.199618183513134 0.19312342505339 0.206712770385417 0.207101116399888 0.207156619363412 0.207264688669875 0.207027029878293 0.203167956633323 0.207270482662332 0.207304448638108 0.207263792525742 0.210553236491175 0.415972429484355 0.417336560094839 0.287418840897778 0.250157445533003 0.243798626894429 0.248758409601719 0.259428108112843 0.288360544827909 0.321185864226947 0.357951806147788 0.388392674893264 0.411974952396371 0.44335745972376 0.475031813028614 0.520303669097632 0.579370367373363 0.649956722285735
-9999 -9999 -9999 -9999 -9999 -9999 -9999 -9999 -9999 -9999 -9999 -9999 -9999 -9999 -9999 -9999 -9999 -9999 -9999 -9999 -9999 -9999 -9999 -9999 -9999 -9999 -9999 0.201520527776417 0.198969531580784 0.206940687592925 0.207040592669483 0.207105411587618 0.207245072003529 0.206897635498936 0.204442832054347 0.207290054492929 0.207297189755088 0.207217293528246 0.220260953239705 0.445403524368923 0.362742835187886 0.260711575041667 0.239683510742996 0.235786609140676 0.239116335571312 0.24769769955383 0.269283003678053 0.297230644619919 0.32999809831629 0.361316923247656 0.388662891524174 0.418322808436542 0.449636756444491 0.494674080490654 0.548868390981398 0.610346011219228
-9999 -9999 -9999 -9999 -9999 -9999 -9999 -9999 -9999 -9999 -9999 -9999 -9999 -9999 -9999 -9999 -9999 -9999 -9999 -9999 -9999 -9999 -9999 -9999 -9999 -9999 0.207242756486383 0.202568381613954 0.202521700445029 0.206958758094493 0.206910089646977 0.206954181570629 0.207221077292799 0.207054347256285 0.205033849263882 0.207299596281999 0.207258941327455 0.207567146010119 0.251303444204595 0.407757851175953 0.284611943527358 0.240486105017659 0.231939432440859 0.230567268845946 0.23458710532405 0.243411103807673 0.259438729541414 0.282516713208627 0.309300098992373 0.339719620975751 0.370306406443984 0.402527003974181 0.434778704101288 0.477900782152169 0.526858911889088 0.575557269721899
-9999 -9999 -9999 -9999 -9999 -9999 -9999 -9999 -9999 -9999 -9999 -9999 -9999 -9999 -9999 -9999 -9999 -9999 -9999 -9999 -9999 -9999 -9999 -9999 -9999 -9999 0.207048389135549 0.202916160688545 0.206042930806283 0.206693941869089 0.20653863020446 0.206690615021952 0.207352092415832 0.207902822530451 0.205627704949286 0.207261046081097 0.207314849910292 0.217499945989636 0.302941088270697 0.317556449695777 0.247992013699335 0.224171270085098 0.222552121677112 0.223823066831141 0.227555521778272 0.234766400993611 0.249900527816774 0.271553698078964 0.298307988570362 0.329784743788365 0.363178060392129 0.400268525437706 0.4372359147404 0.47907569009476 0.519677109649907 0.560475730889137
-9999 -9999 -9999 -9999 -9999 -9999 -9999 -9999 -9999 -9999 -9999 -9999 -9999 -9999 -9999 -9999 -9999 -9999 -9999 -9999 -9999 -9999 -9999 -9999 -9999 -9999 0.205922593563329 0.205542447240974 0.206831660424102 0.206191069334757 0.206383175976102 0.206195384587064 0.208058716601293 0.211694902250037 0.20871819735194 0.207449466023729 0.213094253940041 0.273382710860519 0.284938565693898 0.245432800441678 0.213601792416792 0.210641956210476 0.211396503947947 0.214101153857586 0.218533042937082 0.221666216839274 0.240052862795412 0.264661814838155 0.290916694239164 0.322623085659387 0.358698567853931 0.397441863424953 0.441787250695346 0.482112514011838 0.513358787259899 0.546634409149156
-9999 -9999 -9999 -9999 -9999 -9999 -9999 -9999 -9999 -9999 -9999 -9999 -9999 -9999 -9999 -9999 -9999 -9999 -9999 -9999 -9999 -9999 -9999 -9999 -9999 -9999 0.204042911605911 0.206979177257465 0.206282022379282 0.205513892992567 0.204948429537576 0.205853208367765 0.21602177654448 0.242741486949581 0.237412082244942 0.226973554048127 0.255752274165196 0.277423683453727 0.232455094312567 0.210713269080381 0.202065146172887 0.200466016742127 0.201718962457383 0.205505233116126 0.211457048311454 0.22011442225292 0.236813943361341 0.258065456516876 0.282089571248609 0.313164809061202 0.349934110925852 0.391393522292311 0.433727730946706 0.470955646620423 0.497738638837009 0.518621288866675
-9999 -9999 -9999 -9999 -9999 -9999 -9999 -9999 -9999 -9999 -9999 -9999 -9999 -9999 -9999 -9999 -9999 -9999 -9999 -9999 -9999 -9999 -9999 -9999 -9999 0.195066398473526 0.205699363726249 0.206732710642256 0.205897506649286 0.204582261680276 0.204650187699062 0.208196656646757 0.255814434033544 0.322718981020899 0.284152106389192 0.233254037795047 0.239242016551597 0.224134068418509 0.201367408394492 0.195628705371332 0.195522268461948 0.193282065320634 0.192955049287561 0.196819324379638 0.204237897280139 0.21280334143743 0.229025225573011 0.25112416167952 0.271987484889128 0.302982825506637 0.336000029409595 0.378045188092788 0.418584013636575 0.45092855074869 0.471438041841986 0.48476029914931
-9999 -9999 -9999 -9999 -9999 -9999 -9999 -9999 -9999 -9999 -9999 -9999 -9999 -9999 -9999 -9999 -9999 -9999 -9999 -9999 -9999 -9999 -9999 -9999 -9999 0.198159238481945 0.206702286835016 0.205877053819556 0.205027302526492 0.203011263022961 0.202627837054261 0.21572529474048 0.285662973489415 0.321988802028891 0.251296534016727 0.21887983679736 0.210351101366241 0.197937912688156 0.190063018433144 0.188346899667863 0.188460737851366 0.185295446953028 0.184725987854843 0.188091921921608 0.195500358000961 0.204509406364188 0.219127820521482 0.238891865095294 0.259479335699645 0.289720864117921 0.327608904396805 0.365117467383641 0.397806360093295 0.426185433959765 0.44409574711461 0.451298436149086
-9999 -9999 -9999 -9999 -9999 -9999 -9999 -9999 -9999 -9999 -9999 -9999 -9999 -9999 -9999 -9999 -9999 -9999 -9999 -9999 -9999 -9999 -9999 -9999 -9999 0.199911815590831 0.206718129142815 0.205055252683354 0.204134104079601 0.199692030475489 0.20274274421338 0.218559372394427 0.255893323792855 0.2430072963181 0.211609337633977 0.199492969128854 0.191030340336443 0.17993172496947 0.177785109190703 0.176181542933365 0.178529410343915 0.174816581540506 0.172880432634874 0.175593460957567 0.182940189224234 0.193938122868263 0.20421999929268 0.221884283414301 0.2441057116173 0.277603197423375 0.313980084762967 0.347661240736846 0.375299942810575 0.39863490393038 0.410541892955169 0.41459795190227
-9999 -9999 -9999 -9999 -9999 -9999 -9999 -9999 -9999 -9999 -9999 -9999 -9999 -9999 -9999 -9999 -9999 -9999 -9999 -9999 -9999 -9999 -9999 -9999 -9999 0.202707412355423 0.206398052020542 0.203414685699673 0.200396724947551 0.191351113624913 0.191316677339825 0.199896861567139 0.197416586306099 0.192791204716968 0.186932665780595 0.181726350090217 0.167577445350927 0.146069468801927 0.141783251906155 0.151369916959001 0.158027389356509 0.155920789089023 0.155846652413189 0.159215133879531 0.161605223385631 0.167667819333751 0.182903502633098 0.207019867727124 0.232198069901553 0.261990812187733 0.294298172644458 0.327149624365433 0.35355014820448 0.373605082785087 0.380748906629683 0.378044860016603
-9999 -9999 -9999 -9999 -9999 -9999 -9999 -9999 -9999 -9999 -9999 -9999 -9999 -9999 -9999 -9999 -9999 -9999 -9999 -9999 -9999 -9999 -9999 -9999 -9999 0.205073159186867 0.205874063663604 0.201503865532922 0.195537272313904 0.178544791998407 0.180981127389694 0.169994354790884 0.15392378064337 0.162793079422678 0.167347688063083 0.165379429954393 0.146227812147667 0.113605650992955 0.105403102796811 0.122910713870638 0.134474969630632 0.131051906640854 0.13532328582859 0.143112824709548 0.144690300076203 0.146766873969373 0.163150431804774 0.190211141094798 0.217258689253517 0.247079469166341 0.273118104036164 0.305962239005805 0.331112452658434 0.347538609801099 0.349309215844934 0.34542233352496
-9999 -9999 -9999 -9999 -9999 -9999 -9999 -9999 -9999 -9999 -9999 -9999 -9999 -9999 -9999 -9999 -9999 -9999 -9999 -9999 -9999 -9999 -9999 -9999 -9999 0.207212818441805 0.205487650240505 0.199982317851651 0.189887684832948 0.165039118913615 0.149410048644373 0.132558200042627 0.132105389399397 0.147736994140314 0.155777674176961 0.157156396684881 0.131583037380818 0.101647646877242 0.091737292599587 0.0986877960345395 0.104940051837091 0.103856778014745 0.119141303243809 0.134895918261985 0.135904819509829 0.137222054730791 0.149498376219005 0.170624190718111 0.19566806948316 0.22594963861404 0.255784117071672 0.285654800959628 0.308143310088647 0.324063346475185 0.327079364434472 0.319853294877758
-9999 -9999 -9999 -9999 -9999 -9999 -9999 -9999 -9999 -9999 -9999 -9999 -9999 -9999 -9999 -9999 -9999 -9999 -9999 -9999 -9999 -9999 -9999 -9999 -9999 0.210011528095673 0.204766690566412 0.200069253646386 0.18967156687971 0.158683680176604 0.125410506875049 0.0983356689279029 0.105838569971393 0.12518722461333 0.13048601197161 0.133427750269685 0.104446355249734 0.0791117442809436 0.0717286950045497 0.0753840416135254 0.0791108698448388 0.0817607397450051 0.112359086818467 0.132045023332619 0.128416034015691 0.127324544769463 0.137035534940296 0.15478744947259 0.176618882325722 0.207275647167109 0.236134078001278 0.266354467608547 0.289372255133371 0.304795868154859 0.306651153386571 0.300665608225917
-9999 -9999 -9999 -9999 -9999 -9999 -9999 -9999 -9999 -9999 -9999 -9999 -9999 -9999 -9999 -9999 -9999 -9999 -9999 -9999 -9999 -9999 -9999 -9999 -9999 0.213124428767215 0.204184208394466 0.201167666771443 0.193222303666567 0.160988098625215 0.106376990263883 0.0669151906339064 0.0720142386720466 0.0897601414546672 0.0883671019053265 0.0737983923069762 0.061688407565444 0.0492247976624207 0.0485848520228461 0.0566254255418096 0.0575360340771202 0.0646952903436035 0.102407990329516 0.123897181595826 0.120118982471134 0.116665295547892 0.125839062585896 0.14159633493683 0.162366532976929 0.188083865482494 0.216841111216818 0.249597298920629 0.275142669709686 0.29126441408412 0.293210068417476 0.285627595263217
-9999 -9999 -9999 -9999 -9999 -9999 -9999 -9999 -9999 -9999 -9999 -9999 -9999 -9999 -9999 -9999 -9999 -9999 -9999 -9999 -9999 -9999 -9999 -9999 -9999 0.21957907986572 0.202946337098335 0.199685387430397 0.195279103330657 0.166287732243945 0.103446323143122 0.0501952464684037 0.0526795728656394 0.0683694409301149 0.0606301085702311 0.0470986817773902 0.0404057082760828 0.0356396070672622 0.0380942750557224 0.0487641842650105 0.049247440863691 0.0538698811594955 0.0908910564078722 0.113836676096939 0.108209804061427 0.104203058409681 0.112925438677716 0.129754724568441 0.149267829640751 0.176372602920996 0.202719272210514 0.233298426658623 0.259641443275841 0.274685039913774 0.279731557327833 0.275657090063595
-9999 -9999 -9999 -9999 -9999 -9999 -9999 -9999 -9999 -9999 -9999 -9999 -9999 -9999 -9999 -9999 -9999 -9999 -9999 -9999 -9999 -9999 -9999 -9999 -9999 0.228642483978939 0.202232360926669 0.196971433264458 0.194891288532431 0.171651119013862 0.117984468538783 0.0564450072752458 0.0481043883335806 0.0604581383178455 0.0484195773820327 0.037330622066604 0.0326065537450296 0.0309670724209785 0.0362820711297841 0.0466454091605536 0.0523101657131913 0.0477251564724206 0.0795727942340442 0.100750901122995 0.0947645818461799 0.0884644359421562 0.0981018080214393 0.118080162244402 0.138740280754454 0.166108223550275 0.194647624573673 0.221787947171811 0.240375196409366 0.260645575252738 0.269015754377173 0.267796146424307
-9999 -9999 -9999 -9999 -9999 -9999 -9999 -9999 -9999 -9999 -9999 -9999 -9999 -9999 -9999 -9999 -9999 -9999 -9999 -9999 -9999 -9999 -9999 -9999 0.219022483108411 0.228509439176647 0.199662651857341 0.195289548555132 0.19652310413385 0.177641225912658 0.130310349294326 0.064828024478801 0.0519417447024009 0.0632594826299132 0.048457248959474 0.0328515073557377 0.0282284707492647 0.0260912897227866 0.0297754447055102 0.0419473311512519 0.0507399951385116 0.0468698872915058 0.0674616236064345 0.0846432087076714 0.0803227827789567 0.075471424824553 0.0848867721350691 0.102388728634095 0.12148707707849 0.150480085871989 0.183806309662611 0.209199445624832 0.228593652423364 0.251960814658623 0.252500317415937 0.230901135772774
