data/03_saidas_enm/CCSM_Maxent_21k_B.balansae5.asc
NCOLS 154 
NROWS 168 
XLLCORNER -112 
YLLCORNER -55.5 
CELLSIZE 0.5 
NODATA_value -9999 
[rows 50 to 74 of 168, columns 56 to 111 of 154]
-9999 -9999 -9999 -9999 -9999 -9999 -9999 -9999 -9999 -9999 -9999 -9999 -9999 0.00410369504243135 0.00539773562923074 0.00785062648355961 0.0202782992273569 0.0374014228582382 0.0554431974887848 0.0645406022667885 0.0545565858483315 0.0619570724666119 0.0705311596393585 0.0692287310957909 0.0437387228012085 0.0273362286388874 0.0163753759115934 0.0106782084330916 0.00950882583856583 0.0091280210763216 0.00908247195184231 0.0102347014471889 0.0119724040850997 0.0141090331599116 0.0231817085295916 0.0610091164708138 0.0955590605735779 0.156506836414337 0.187204018235207 0.201375350356102 0.263032883405685 0.222238004207611 0.224587485194206 0.208542928099632 0.177203014492989 0.167602226138115 0.128741189837456 0.117550499737263 0.104537889361382 0.0903749912977219 0.0937664434313774 0.0872416421771049 0.0899408012628555 0.0998366922140121 0.118634402751923 0.133608177304268
-9999 -9999 -9999 -9999 -9999 -9999 -9999 -9999 -9999 -9999 -9999 -9999 -9999 0.00489418255165219 0.00655191158875823 0.014820952899754 0.0284892451018095 0.0431649461388588 0.0568116344511509 0.0646182149648666 0.0617905892431736 0.0656336173415184 0.0735284686088562 0.0716309994459152 0.0515770651400089 0.0365954302251339 0.0229650586843491 0.0131042022258043 0.00881756097078323 0.00815015845000744 0.00818285904824734 0.00935253500938416 0.0111206509172916 0.0143761225044727 0.0313511379063129 0.064504086971283 0.10244906693697 0.152700960636139 0.182423621416092 0.197631865739822 0.222756668925285 0.212356761097908 0.208879008889198 0.195219814777374 0.173011809587479 0.159153401851654 0.133935853838921 0.126141473650932 0.113033249974251 0.0971396714448929 0.0931490883231163 0.0903813987970352 0.0931873843073845 0.101445995271206 0.117770969867706 0.136171609163284
-9999 -9999 -9999 -9999 -9999 -9999 -9999 -9999 -9999 -9999 -9999 0.00494387885555625 0.00686748791486025 0.00932204350829124 0.0156729184091091 0.0251258257776499 0.0364188253879547 0.0506399422883987 0.0646626576781273 0.0750072374939919 0.0730806291103363 0.077879786491394 0.0771532878279686 0.0737070068717003 0.0608290247619152 0.0461525805294514 0.0360558331012726 0.0217757876962423 0.016550350934267 0.012832410633564 0.00950736738741398 0.0126600861549377 0.0170877184718847 0.0273404009640217 0.052073635160923 0.0766493380069733 0.103440597653389 0.141302093863487 0.157853841781616 0.166464552283287 0.176387578248978 0.168356046080589 0.170066714286804 0.159817695617676 0.140330970287323 0.141410678625107 0.116382479667664 0.114564277231693 0.106951408088207 0.0942495316267014 0.0912847816944122 0.0937271788716316 0.0989553853869438 0.107676781713963 0.123913586139679 0.129366666078568
-9999 -9999 -9999 -9999 -9999 -9999 -9999 -9999 -9999 -9999 0.00797381903976202 0.00917316600680351 0.0136209558695555 0.0189443826675415 0.0241281688213348 0.0304549001157284 0.039584506303072 0.052435427904129 0.0627089068293571 0.0702455118298531 0.0792671144008636 0.0780747979879379 0.0757919400930405 0.0664965808391571 0.0556755177676678 0.0455650798976421 0.0345080532133579 0.0267534982413054 0.0227944832295179 0.0182381216436625 0.0165482573211193 0.0181615781039 0.0258005894720554 0.040234912186861 0.0653365328907967 0.0895665884017944 0.109728500247002 0.128811657428741 0.13783472776413 0.140154898166656 0.141625106334686 0.138158410787582 0.135992750525475 0.127565532922745 0.111411370337009 0.102546714246273 0.0950251296162605 0.0927957221865654 0.089984118938446 0.0870897322893143 0.0912463143467903 0.0920008942484856 0.10179041326046 0.110036998987198 0.116707071661949 0.108168430626392
-9999 -9999 -9999 -9999 -9999 -9999 -9999 -9999 -9999 -9999 0.0161526761949062 0.0192877221852541 0.0241332687437534 0.0291735157370567 0.0341940633952618 0.0304763056337833 0.0372869893908501 0.0498930923640728 0.0617248266935349 0.0658597573637962 0.0702027082443237 0.0636487826704979 0.0616254769265652 0.056382030248642 0.0462797954678535 0.0408384203910828 0.034818597137928 0.0301089901477098 0.0271735414862633 0.0232673641294241 0.0207199957221746 0.0239644199609756 0.0286731831729412 0.0422978922724724 0.06800776720047 0.0971622243523598 0.115557618439198 0.124600552022457 0.128370150923729 0.12646210193634 0.12269327044487 0.121841318905354 0.115738518536091 0.107981137931347 0.0962196961045265 0.0871442705392838 0.0814281180500984 0.0822644308209419 0.0823739245533943 0.0851331949234009 0.0901800021529198 0.0938642174005508 0.102750770747662 0.0985224917531013 0.0869893878698349 0.082454115152359
-9999 -9999 -9999 -9999 -9999 -9999 -9999 -9999 0.0220942795276642 0.0296091549098492 0.0350771211087704 0.0357716418802738 0.0391426607966423 0.039618119597435 0.0379995703697205 0.0358505472540855 0.039742648601532 0.0491463765501976 0.0575906671583652 0.0550851263105869 0.0553256683051586 0.051419910043478 0.0473051890730858 0.0435965396463871 0.0393256023526192 0.0358465313911438 0.0329835005104542 0.0309781674295664 0.0276750810444355 0.0261231046169996 0.0250639226287603 0.0280481390655041 0.0328688584268093 0.0452519804239273 0.0637835115194321 0.0856120735406876 0.108567401766777 0.123816512525082 0.124115191400051 0.118623018264771 0.112732902169228 0.11054939031601 0.108482643961906 0.101662032306194 0.092107854783535 0.0866318792104721 0.0831217840313911 0.0834918618202209 0.0856063887476921 0.0871616452932358 0.0925249010324478 0.0938344746828079 0.085424929857254 0.0787471979856491 0.0701223909854889 0.0636506602168083
-9999 -9999 -9999 -9999 -9999 -9999 -9999 -9999 0.027314243838191 0.0434341914951801 0.0672042146325111 0.0662408322095871 0.0491667166352272 0.0415861494839191 0.0425549298524857 0.0403803512454033 0.0452586822211742 0.053344588726759 0.0564615502953529 0.0524437204003334 0.0461191236972809 0.0429085083305836 0.0421932153403759 0.0404234528541565 0.0364174693822861 0.0338603146374226 0.0329525507986546 0.0318387970328331 0.0312744155526161 0.0299041867256165 0.0301043223589659 0.0335023254156113 0.0377570390701294 0.0450081862509251 0.0648685768246651 0.0792472660541534 0.093166820704937 0.109409138560295 0.115050479769707 0.119591273367405 0.11477056145668 0.112083822488785 0.105442017316818 0.101152271032333 0.0922742411494255 0.0876380726695061 0.0852974280714989 0.0821386426687241 0.0841759815812111 0.0773758292198181 0.0752745047211647 0.0772523730993271 0.0810453370213509 0.0887206196784973 0.0891915187239647 0.0780427157878876
-9999 -9999 -9999 -9999 -9999 -9999 -9999 0.0194551683962345 0.0312280338257551 0.0549898967146873 0.078426755964756 0.0577224008738995 0.0398541018366814 0.0409555025398731 0.0484171360731125 0.0456486381590366 0.0508136712014675 0.0566990412771702 0.0616769976913929 0.0535837486386299 0.0463836975395679 0.043449591845274 0.0414135605096817 0.039950355887413 0.0376746915280819 0.0361390598118305 0.0351644828915596 0.0357715263962746 0.0346192084252834 0.0350137837231159 0.035587090998888 0.0376662947237492 0.0424144491553307 0.0476160682737827 0.0599303841590881 0.0696879178285599 0.0804916694760323 0.0909670516848564 0.0963519215583801 0.0913842916488647 0.0881207138299942 0.082319863140583 0.0735284388065338 0.072473980486393 0.0665285736322403 0.0658209174871445 0.0634549111127853 0.0588059276342392 0.0624359771609306 0.0581535957753658 0.0586981847882271 0.0614791288971901 0.0680204257369041 0.0769825056195259 0.088695652782917 0.0914396569132805
-9999 -9999 -9999 -9999 -9999 -9999 -9999 0.0209331884980202 0.0392061993479729 0.0725453197956085 0.0761488676071167 0.0519611500203609 0.037772536277771 0.0388264283537865 0.0497852154076099 0.0571701675653458 0.0602969527244568 0.0651010796427727 0.0645561963319778 0.0563135035336018 0.0484915226697922 0.0444222018122673 0.0429862886667252 0.0420482344925404 0.0397451370954514 0.0386162772774696 0.0386098772287369 0.0395940318703651 0.0403843559324741 0.0410592146217823 0.0425617434084415 0.0451993979513645 0.0480567179620266 0.0500565133988857 0.0580171495676041 0.0653005465865135 0.0715378895401955 0.0767941921949387 0.0751585438847542 0.0698509588837624 0.0652849450707436 0.0575272031128407 0.0551833771169186 0.0511331409215927 0.0450744368135929 0.0427622124552727 0.0392442457377911 0.0429836921393871 0.0461154356598854 0.0415398702025414 0.0421370714902878 0.0452442206442356 0.0549694299697876 0.0645173117518425 0.074104942381382 0.0870295464992523
-9999 -9999 -9999 -9999 -9999 -9999 0.014749119989574 0.0275317002087831 0.0545839220285416 0.0900864899158478 0.0806973651051521 0.0525281429290771 0.0348735153675079 0.0372869446873665 0.0502183027565479 0.0666540935635567 0.0758473128080368 0.0783244967460632 0.0786410495638847 0.063490018248558 0.0529307425022125 0.0490674339234829 0.0463096052408218 0.0453424528241158 0.043801236897707 0.0425671562552452 0.0430711023509502 0.0453786738216877 0.0458679385483265 0.0471919216215611 0.0491580851376057 0.0507327876985073 0.0540617853403091 0.0557630397379398 0.0563729666173458 0.0614731796085835 0.0629090815782547 0.0629775151610374 0.0620923116803169 0.0552776977419853 0.0501914098858833 0.0460795946419239 0.0381992012262344 0.0372192896902561 0.031432569026947 0.0305578038096428 0.0308131631463766 0.0299038793891668 0.0350551195442677 0.0348761342465878 0.0363155864179134 0.0399476028978825 0.0466992035508156 0.0535954274237156 0.0620601586997509 0.0737109631299973
-9999 -9999 -9999 -9999 -9999 -9999 0.0186627674847841 0.0344026647508144 0.0634210258722305 0.0962138026952744 0.0875314176082611 0.0560827180743217 0.0387088134884834 0.0373961478471756 0.0483220927417278 0.0640678554773331 0.0786504372954369 0.0863249227404594 0.0895370617508888 0.0770192965865135 0.0640979111194611 0.057082761079073 0.0520173870027065 0.0512661300599575 0.0502876043319702 0.0490173287689686 0.0504198297858238 0.0521003603935242 0.0532517284154892 0.0548755638301373 0.0564548969268799 0.0585343055427074 0.0607227347791195 0.059974554926157 0.057058185338974 0.0574798062443733 0.0566439740359783 0.0546726994216442 0.0521450638771057 0.0455384105443954 0.0401878580451012 0.0329498387873173 0.0284190364181995 0.0270969774574041 0.0241658389568329 0.0244029629975557 0.0239090602844954 0.0264220498502254 0.0322205238044262 0.0354397632181644 0.0380956903100014 0.0429285168647766 0.0499383397400379 0.0574984140694141 0.0662168487906456 0.0744790360331535
-9999 -9999 -9999 -9999 -9999 -9999 0.022276071831584 0.0370349772274494 0.0581999570131302 0.0945317596197128 0.092500165104866 0.0621479451656342 0.0427803993225098 0.0424241460859776 0.0546667613089085 0.071786031126976 0.0795445218682289 0.0836146771907806 0.0895832553505898 0.0890338271856308 0.0761280134320259 0.0703782960772514 0.0652530193328857 0.0644834861159325 0.0623188577592373 0.0621320828795433 0.0621471144258976 0.0652536004781723 0.0661471858620644 0.0668248012661934 0.068766787648201 0.0680612176656723 0.0698859915137291 0.0672731399536133 0.0611040554940701 0.0585831627249718 0.0544955544173717 0.0505913384258747 0.0480572618544102 0.0397172868251801 0.0359345115721226 0.0324407741427422 0.0281039960682392 0.0282642673701048 0.0249991342425346 0.0271693971008062 0.0291091948747635 0.0311661250889301 0.0367704033851624 0.0394829250872135 0.0471126921474934 0.0499808639287949 0.0559745468199253 0.062545582652092 0.0696538388729095 0.0765547603368759
-9999 -9999 -9999 -9999 -9999 -9999 -9999 0.0322417691349983 0.0520056188106537 0.088044174015522 0.110321596264839 0.0717892348766327 0.0495049059391022 0.048402264714241 0.0591263324022293 0.0773444175720215 0.0859171822667122 0.089117519557476 0.094972550868988 0.0974647253751755 0.0915719121694565 0.0845332071185112 0.0796849131584167 0.0780221372842789 0.077322356402874 0.0775020569562912 0.0790086910128593 0.0805035904049873 0.0814629420638084 0.0829587876796722 0.0834943726658821 0.0844944566488266 0.0843845009803772 0.0809230655431747 0.0756115019321442 0.0699272304773331 0.0627992451190948 0.0563697591423988 0.0526490993797779 0.045769177377224 0.0411350540816784 0.0356833152472973 0.03305808827281 0.0342125967144966 0.0318951942026615 0.0327115282416344 0.0336077064275742 0.0366726480424404 0.0433026552200317 0.0469397641718388 0.0533244162797928 0.0589751154184341 0.0665709003806114 0.0720268115401268 0.0785876512527466 0.0830167755484581
-9999 -9999 -9999 -9999 -9999 -9999 -9999 -9999 0.046008013188839 0.0851521492004395 0.140383169054985 0.0883443206548691 0.0552069023251534 0.0544168017804623 0.0654482468962669 0.081465482711792 0.0920715630054474 0.0992757007479668 0.103515788912773 0.10574571788311 0.0981543958187103 0.0924597084522247 0.0874979048967361 0.0854956805706024 0.085268996655941 0.0858760103583336 0.0901100337505341 0.0952358767390251 0.09611676633358 0.0960714668035507 0.0942313969135284 0.0928660929203033 0.0909558236598969 0.0915532857179642 0.0869265198707581 0.0814996659755707 0.074361152946949 0.0669422298669815 0.0626304894685745 0.0543905086815357 0.0500761792063713 0.0460414923727512 0.0419569909572601 0.0429102182388306 0.0399741902947426 0.0424046814441681 0.0439780466258526 0.0460977740585804 0.0514558255672455 0.0545087531208992 0.0595431998372078 0.0628524646162987 0.0658376067876816 0.0719070136547089 0.0804053843021393 0.0864442437887192
-9999 -9999 -9999 -9999 -9999 -9999 0.0310588404536247 0.0325431264936924 0.050926748663187 0.0865158066153526 0.120860941708088 0.0875977501273155 0.0650451257824898 0.0661540403962135 0.0761628225445747 0.0911308750510216 0.0999524295330048 0.104552254080772 0.110539279878139 0.112755484879017 0.109999261796474 0.103059589862823 0.0980977863073349 0.0963751301169395 0.0971318855881691 0.0986199527978897 0.103403866291046 0.10203991830349 0.0945188924670219 0.0927803665399551 0.0906304493546486 0.0894288122653961 0.0879310891032219 0.091222420334816 0.094198003411293 0.0949060767889023 0.0867869630455971 0.0791649371385574 0.0747973099350929 0.066433496773243 0.0608754642307758 0.0543992184102535 0.0511540174484253 0.0529178641736507 0.050684005022049 0.051398228853941 0.0527490079402924 0.055346954613924 0.0561869479715824 0.0548503659665585 0.0548716150224209 0.0571840107440948 0.0610110759735107 0.0659634247422218 0.0705378130078316 0.0747604668140411
-9999 -9999 -9999 -9999 -9999 0.0532574951648712 0.0384338386356831 0.0417907387018204 0.0602383837103844 0.0900917798280716 0.108088217675686 0.0897550731897354 0.0811719447374344 0.0833803489804268 0.0884557217359543 0.105736531317234 0.11189030110836 0.109448939561844 0.111458398401737 0.116963721811771 0.117681562900543 0.11680369079113 0.110969386994839 0.109096571803093 0.110498823225498 0.112050883471966 0.113522365689278 0.107821471989155 0.0980100259184837 0.0844323337078094 0.0827846974134445 0.0832072719931602 0.0817878246307373 0.0844523310661316 0.0895036309957504 0.0933085978031158 0.09696064889431 0.0933212116360664 0.0886457115411758 0.0771531611680984 0.0741993561387062 0.071084089577198 0.0659161135554314 0.067303478717804 0.0623570010066032 0.0634534806013107 0.0606103166937828 0.0548650734126568 0.0542495436966419 0.0527467131614685 0.0534911341965199 0.0568743050098419 0.0597125515341759 0.0636624023318291 0.0664788410067558 0.0673984959721565
-9999 -9999 -9999 -9999 -9999 0.0619384162127972 0.0494845770299435 0.0512164011597633 0.072663314640522 0.103542283177376 0.100212074816227 0.085455060005188 0.0882085487246513 0.0985003709793091 0.11131264269352 0.118898339569569 0.112547494471073 0.109119363129139 0.111366972327232 0.112391367554665 0.11926107108593 0.123662307858467 0.126835450530052 0.125273317098618 0.125301748514175 0.122467592358589 0.117485590279102 0.10942555218935 0.10106635838747 0.0907880961894989 0.0823974385857582 0.0774650126695633 0.0768473893404007 0.0778672620654106 0.0816735029220581 0.085809737443924 0.0939179211854935 0.100504979491234 0.103082664310932 0.0973251461982727 0.0917066410183907 0.0851284042000771 0.0811218917369843 0.0757728889584541 0.0693619698286057 0.0639194399118423 0.0598303936421871 0.0564600042998791 0.0556325763463974 0.0548752211034298 0.0547702312469482 0.0570501536130905 0.059591855853796 0.0624185502529144 0.0647449418902397 0.0659409165382385
-9999 -9999 -9999 -9999 -9999 -9999 0.0689891055226326 0.0644350275397301 0.0892150551080704 0.108520068228245 0.0878088399767876 0.0787253305315971 0.0880403071641922 0.10416329652071 0.110193803906441 0.124862350523472 0.116372346878052 0.105200476944447 0.102673545479774 0.105630032718182 0.11415158957243 0.120060928165913 0.126606285572052 0.128254488110542 0.127138584852219 0.124634198844433 0.118538729846478 0.110991515219212 0.105250246822834 0.0966682359576225 0.0909845754504204 0.0860647112131119 0.0812720358371735 0.0810760632157326 0.0817370191216469 0.085085317492485 0.0926587730646133 0.102460637688637 0.111235223710537 0.107451431453228 0.0983859375119209 0.090814508497715 0.0826107189059258 0.0775148794054985 0.0709854513406754 0.0662929266691208 0.0635065883398056 0.0600106306374073 0.0592379756271839 0.0576847493648529 0.0570809990167618 0.0591162517666817 0.0605199001729488 0.0624811612069607 0.0648276284337044 0.0657913982868195
-9999 -9999 -9999 -9999 -9999 -9999 0.0944725424051285 0.0967701077461243 0.108589418232441 0.10865143686533 0.0849321857094765 0.0722402930259705 0.0728886500000954 0.0837563574314117 0.0965488851070404 0.0983218476176262 0.103025980293751 0.096425324678421 0.0988421514630318 0.101180642843246 0.108027093112469 0.114207841455936 0.118043810129166 0.118477985262871 0.12029580026865 0.11986530572176 0.115002185106277 0.109763391315937 0.105861686170101 0.100805036723614 0.0967866182327271 0.0929829701781273 0.0906465649604797 0.0917345136404037 0.094213142991066 0.0989097431302071 0.107461951673031 0.118605762720108 0.125274613499641 0.115632995963097 0.106169059872627 0.0978142470121384 0.0900664031505585 0.0847891196608543 0.0789654031395912 0.0741491988301277 0.0706620216369629 0.0677376389503479 0.0661261826753616 0.0641596466302872 0.0626639872789383 0.0632521882653236 0.0636296048760414 0.0645758211612701 0.0660342052578926 0.0655636563897133
-9999 -9999 -9999 -9999 -9999 -9999 0.121685214340687 0.120436370372772 0.130349844694138 0.107571832835674 0.0851398184895515 0.0700182467699051 0.0645836368203163 0.0724470317363739 0.0835686400532722 0.0886463522911072 0.0876204520463943 0.0877637267112732 0.0902888178825378 0.0931140556931496 0.100976571440697 0.104546144604683 0.105877481400967 0.107106655836105 0.110472954809666 0.113472275435925 0.110757037997246 0.106776237487793 0.105975061655045 0.103116378188133 0.102000378072262 0.101732186973095 0.0994708761572838 0.102165453135967 0.107070572674274 0.112301841378212 0.123381093144417 0.132688105106354 0.136665567755699 0.124984107911587 0.116802640259266 0.108505889773369 0.100969955325127 0.095762588083744 0.0886636078357697 0.0849215611815453 0.0818268060684204 0.0781898498535156 0.075838640332222 0.072233259677887 0.0700212642550468 0.0694728046655655 0.0686818286776543 0.0683574602007866 0.0685448348522186 0.0667182505130768
-9999 -9999 -9999 -9999 -9999 -9999 -9999 -9999 0.103561244904995 0.103921502828598 0.099207304418087 0.0773873180150986 0.067397378385067 0.0710936263203621 0.0823408290743828 0.0838911831378937 0.0805229619145393 0.0805104374885559 0.0882077068090439 0.0906770527362823 0.0956857055425644 0.0997732505202293 0.0970617383718491 0.0965155214071274 0.102308206260204 0.105851024389267 0.105869092047215 0.102950625121593 0.102801099419594 0.103938989341259 0.104510352015495 0.10551530867815 0.106130093336105 0.109940655529499 0.115485936403275 0.121830113232136 0.132365822792053 0.143794879317284 0.150510087609291 0.142470940947533 0.13336555659771 0.124985158443451 0.117722250521183 0.111888885498047 0.1055868268013 0.100264355540276 0.0961794480681419 0.0923308283090591 0.0880802795290947 0.0825335681438446 0.0787607505917549 0.0762900859117508 0.0752651765942574 0.0735583454370499 0.0711898431181908 0.0690481141209602
-9999 -9999 -9999 -9999 -9999 -9999 -9999 -9999 0.0935245007276535 0.0897135511040688 0.105799846351147 0.0933285728096962 0.0738956406712532 0.0754974782466888 0.0871649384498596 0.092550665140152 0.0850797668099403 0.0866974517703056 0.092571921646595 0.0889129489660263 0.0931648090481758 0.0925193503499031 0.0893534794449806 0.0887977927923203 0.0946952253580093 0.100053831934929 0.0996051803231239 0.0978275984525681 0.099427230656147 0.101853124797344 0.104825764894485 0.10888734459877 0.110375516116619 0.115825533866882 0.123058952391148 0.130017340183258 0.140526682138443 0.151513546705246 0.160890534520149 0.16012354195118 0.153121575713158 0.145074650645256 0.137955829501152 0.13203139603138 0.124476864933968 0.118997812271118 0.114329636096954 0.108720242977142 0.102269552648067 0.0942040756344795 0.0878268927335739 0.0833649933338165 0.0807735621929169 0.0779873952269554 0.0750786066055298 0.0724689811468124
-9999 -9999 -9999 -9999 -9999 -9999 -9999 -9999 -9999 0.0761794596910477 0.076800063252449 0.0740188583731651 0.0852313116192818 0.0893935412168503 0.107808865606785 0.116831205785275 0.0966070741415024 0.102248683571815 0.109093196690083 0.0965314283967018 0.0953012034296989 0.0917309448122978 0.0860267728567123 0.0851545035839081 0.0911334007978439 0.0953784435987473 0.0960851237177849 0.0942545533180237 0.0945341661572456 0.0996526926755905 0.103519186377525 0.10866753757 0.113037951290607 0.118717715144157 0.12646521627903 0.133420690894127 0.144272580742836 0.154590666294098 0.167162865400314 0.177040800452232 0.175873294472694 0.167904019355774 0.162023276090622 0.154778957366943 0.147703438997269 0.141111046075821 0.13415539264679 0.12703911960125 0.117263533174992 0.106344632804394 0.0970014557242393 0.0918883085250854 0.0875612124800682 0.0841916874051094 0.0806263387203217 0.0783868357539177
-9999 -9999 -9999 -9999 -9999 -9999 -9999 -9999 -9999 -9999 0.0568024888634682 0.05245166644454 0.0755122303962708 0.116172827780247 0.136761546134949 0.155172720551491 0.133330598473549 0.12488879263401 0.130825608968735 0.111072175204754 0.101881109178066 0.093056358397007 0.090260311961174 0.0847628116607666 0.0873336717486382 0.0901272743940353 0.0904186517000198 0.0906279012560844 0.0919771492481232 0.0949590057134628 0.100082725286484 0.106363080441952 0.111979745328426 0.119339697062969 0.128228157758713 0.136265963315964 0.145369827747345 0.155348867177963 0.166230484843254 0.182250425219536 0.19135445356369 0.191329464316368 0.185597136616707 0.179880052804947 0.172385901212692 0.165982067584991 0.157827854156494 0.147763252258301 0.135093286633492 0.121275566518307 0.110070541501045 0.104335404932499 0.0999150946736336 0.0952050387859344 0.0902832746505737 0.0867033451795578
-9999 -9999 -9999 -9999 -9999 -9999 -9999 -9999 -9999 -9999 -9999 0.0321421325206757 0.0749914348125458 0.139134645462036 0.17847253382206 0.199513956904411 0.179356083273888 0.167435228824615 0.155391812324524 0.118661902844906 0.110864534974098 0.0963629633188248 0.0940711572766304 0.0926897451281548 0.0867791995406151 0.0862927138805389 0.0859527587890625 0.0876346156001091 0.0878310054540634 0.0914194285869598 0.0953233763575554 0.101223185658455 0.110045433044434 0.117670804262161 0.127234533429146 0.136130526661873 0.14607959985733 0.154758736491203 0.164782166481018 0.179480105638504 0.191404610872269 0.202568843960762 0.209536522626877 0.203111946582794 0.196554526686668 0.192091330885887 0.182509735226631 0.171144127845764 0.157126441597939 0.140310361981392 0.127233192324638 0.121340103447437 0.115144997835159 0.110202550888062 0.106468290090561 0.103523924946785
