data/03_saidas_enm/CCSM_Gower_6k_B.balansae2.asc
NCOLS 154 
NROWS 168 
XLLCORNER -112 
YLLCORNER -55.5 
CELLSIZE 0.5 
NODATA_value -9999 
[rows 84 to 111 of 168, columns 63 to 125 of 154]
-9999 -9999 -9999 -9999 -9999 -9999 -9999 -9999 0 0 0 0 0 0 0 0 0 0 0 0 0 0 0 0 0.473825974329726 0.652634406586826 0.504596333610334 0.403101409829312 0.343657994172844 0.342033699503234 0.351958666772935 0.385251513318735 0.440591254178119 0.494482924891146 0.55506269356855 0.615522141423112 0.654542333207144 0.666695514911977 0.680467543334754 0.697081336300278 0.706876288990041 0.718633630293277 0.727333836319304 0.730391042389753 0.72953586005026 0.728875713087033 0.723766848127439 0.718217684611514 0.721454988684586 0.710934015921754 0.712476954588083 0.697266849985762 0.664440130776352 0.637651455500166 0.613904641859653 0.598303316114648 0.588461781472949 0.593378460484187 0.597365535762356 0.583851336319746 0.569076380065544 0.584612345951697 0.621660059002626
-9999 -9999 -9999 -9999 -9999 -9999 -9999 -9999 0 0 0 0 0 0 0 0 0 0 0 0 0 0 0 0 0.120132474146857 0.530479747644336 0.6638246566765 0.562046124461725 0.432287997737881 0.379066171019874 0.379174785059282 0.404081997040774 0.449348835844197 0.491257477314749 0.547430029774451 0.597015472498566 0.645665222234531 0.654833083111336 0.676707537373964 0.686598521093819 0.697586587654331 0.707118295681064 0.716058419997533 0.726182773633129 0.714976770083201 0.705938101576619 0.69723403731901 0.685990849619761 0.68284309899532 0.682244347469504 0.683081831498992 0.674114681863144 0.657245696965642 0.637263119182012 0.618423869923085 0.607609229102322 0.603480195679595 0.609110488248588 0.613637839836312 0.609475409702603 0.603912034443743 0.621356940047152 0.654077628681315
-9999 -9999 -9999 -9999 -9999 -9999 -9999 -9999 -9999 0 0 0 0 0 0 0 0 0 0 0 0 0 0 0 0 0.302905773378801 0.508643437908005 0.661378038187324 0.597363429638356 0.492870091871418 0.440325032514978 0.431204076796234 0.464353109449547 0.484787594617378 0.538088241851148 0.575053348017496 0.614488260852311 0.653383902781151 0.663508491737632 0.66344332656019 0.670542862032647 0.676582162545881 0.683558057624636 0.69720249893058 0.673880904886273 0.657565576220692 0.645364821458564 0.629190406737251 0.63049670130049 0.645114585053388 0.654811789976987 0.655178127295803 0.650221839466771 0.633240222524391 0.616470241973064 0.608136143187823 0.60769094219962 0.619331156087236 0.634671555647823 0.642891606523385 0.645465011591508 0.663830724867913 0.690261027064787
-9999 -9999 -9999 -9999 -9999 -9999 -9999 -9999 -9999 -9999 0 0.0148013228996543 0 0 0 0 0 0 0 0 0 0 0 0 0 0 0 0.51602807460039 0.692714925332588 0.652428181585369 0.552329335205094 0.483590488367651 0.48452428819676 0.505915986901388 0.523947573750914 0.547531316308212 0.57596578810139 0.605739205858718 0.626119077415417 0.625570978452838 0.61785649750091 0.61316587900338 0.613058998909253 0.59705735509022 0.586073819297069 0.559087577786285 0.548317961466178 0.557126852813952 0.570518190588499 0.61200182575766 0.647642275386766 0.657726630841748 0.649873678312332 0.632793747257868 0.614251086278022 0.595866099542021 0.603283036506127 0.630449234433053 0.657525932006279 0.673128655917775 0.690546589296735 0.708902391519536 0.700076642136553
-9999 -9999 -9999 -9999 -9999 -9999 -9999 -9999 -9999 -9999 -9999 -9999 0 0 0 0 0 0 0 0 0 0 0 0 0 0 0 0 0.461039175455533 0.655827248893831 0.666121417131999 0.611196276249083 0.5402993199929 0.503609823442228 0.50409954727808 0.513025164681714 0.530869509248591 0.5555119372421 0.582120323075422 0.595450065368708 0.576796471381744 0.561182721423114 0.542166913823566 0.494585467528291 0.487930283525156 0.46119964100748 0.460988323186007 0.491120226920652 0.517297089318238 0.587989484372127 0.640702714938453 0.654721971053706 0.645172724001758 0.625686141356048 0.608958211989295 0.59510645267994 0.608509347450921 0.644219245248491 0.674111832435233 0.694632279558257 0.714351099427867 0.733544190998746 0.71975629911757
-9999 -9999 -9999 -9999 -9999 -9999 -9999 -9999 -9999 -9999 -9999 -9999 -9999 -9999 0 0 0 0 0 0 0 0 0 0 0 0 0 0 0 0.184386019622742 0.694292394372338 0.669332350723162 0.65502586873482 0.533169471491398 0.480857819028234 0.47325478326782 0.485314082001678 0.511957521932993 0.545746227278687 0.581883691308201 0.581806792151224 0.559562918996428 0.517009580272189 0.471312897802702 0.451524682859558 0.445766803173732 0.450758257544745 0.460699221292058 0.498651211794437 0.565896453913512 0.619485184479219 0.642922029918285 0.62828535056016 0.613290280424412 0.623822190742828 0.623580874285895 0.643999750807795 0.673340752464888 0.691619673229023 0.70955492820946 0.722128975726237 0.735483677999072 0.742871625131388
-9999 -9999 -9999 -9999 -9999 -9999 -9999 -9999 -9999 -9999 -9999 -9999 -9999 -9999 -9999 -9999 0 0 0 0 0 0 0 0 0 0 0 0 0 0 0.19710030195816 0.662613886895246 0.727892041016895 0.613686236870697 0.488077154526825 0.439117345630292 0.440063720148116 0.471455224733472 0.513326784954869 0.55838706230162 0.583311874132451 0.56376410842905 0.51701090764544 0.468834160994801 0.451138417243676 0.444915160496239 0.441394435686731 0.444327399620938 0.465322727798045 0.516247668026428 0.578965027608479 0.613936976672035 0.625221507623459 0.638431950971434 0.647811861721091 0.643844673310846 0.655398215149479 0.678930439909385 0.711261753408499 0.731509929548337 0.733522032714618 0.737753114592841 0.742385912711581
-9999 -9999 -9999 -9999 -9999 -9999 -9999 -9999 -9999 -9999 -9999 -9999 -9999 -9999 -9999 -9999 -9999 -9999 0 0 0 0 0 0 0 0 0 0 0 0 0 0.109157314987273 0.690799763621372 0.705145234010783 0.510319022767806 0.409713788026922 0.398001094885699 0.435663440377855 0.484267626742163 0.532492160860877 0.580656836016188 0.561235816353132 0.515003919290751 0.467129017317265 0.447115148921545 0.441842556896085 0.432162023780511 0.417170670289865 0.418017268949005 0.454632329113525 0.497094733920953 0.567572855535598 0.635380532248356 0.597735449617668 0.591855623227875 0.597003825342211 0.623925253347183 0.667612822551863 0.710831007380309 0.744480861667 0.740566349459856 0.74025517777333 0.741542800619512
-9999 -9999 -9999 -9999 -9999 -9999 -9999 -9999 -9999 -9999 -9999 -9999 -9999 -9999 -9999 -9999 -9999 -9999 0 0 0 0 0 0 0 0 0 0 0 0 0 0 0.412173729442749 0.698196241339111 0.556477604433022 0.410744276479376 0.372222466251569 0.401936336431358 0.450819557655842 0.498135871962903 0.545037566054383 0.565418121688978 0.517788748370207 0.470197107848369 0.44619899590408 0.434677130615475 0.420370170772763 0.405537836597521 0.400250643466306 0.422970760445056 0.467567315964566 0.557593220980922 0.643913418451585 0.591593860345295 0.587022848368401 0.6049000408313 0.641417453628185 0.692596767960488 0.739603432214246 0.745347494813068 0.742113181754387 0.740909413501014 0.741314952576493
-9999 -9999 -9999 -9999 -9999 -9999 -9999 -9999 -9999 -9999 -9999 -9999 -9999 -9999 -9999 -9999 -9999 -9999 -9999 -9999 0 0 0 0 0 0 0 0 0 0 0 0 0.063620911402791 0.505623691099361 0.60578881558954 0.421889333066469 0.356858263713748 0.37222033292714 0.415630331447726 0.458097287941755 0.501519152251323 0.54121572196502 0.514498986506277 0.467652798801895 0.439701238368449 0.426317599358755 0.414202929176496 0.40116653100912 0.40483592162268 0.43614892207558 0.476364614919286 0.566030005360818 0.651576698192666 0.618579288083137 0.628672363967938 0.658173855738109 0.698675947555465 0.742989852862229 0.744812758074544 0.741760100469766 0.73935408601768 0.738354308485437 0.738850002752087
-9999 -9999 -9999 -9999 -9999 -9999 -9999 -9999 -9999 -9999 -9999 -9999 -9999 -9999 -9999 -9999 -9999 -9999 -9999 -9999 0 0 0 0 0 0 0 0 0 0 0 0 0 0.294215378167754 0.663456854805343 0.45416709482223 0.353980223552524 0.34371670697126 0.372515473724234 0.411212958581109 0.449801869149962 0.493263438469789 0.494565822404184 0.45283984427611 0.420222566867312 0.405590666052889 0.401926319457681 0.408991927269857 0.431421084032107 0.473489789933449 0.526242257653059 0.592462873812643 0.650868057860023 0.6898861208894 0.699296267947668 0.728155827821638 0.740629886392778 0.7379550346117 0.733711404631683 0.728085218070612 0.723512948172092 0.726576631824004 0.731994420784754
-9999 -9999 -9999 -9999 -9999 -9999 -9999 -9999 -9999 -9999 -9999 -9999 -9999 -9999 -9999 -9999 -9999 -9999 -9999 -9999 -9999 0 0 0 0 0 0 0 0 0 0 0 0 0.169959437243297 0.606918641045885 0.472923190448961 0.345172747270686 0.317054974776751 0.328850867570706 0.364508086856515 0.400301931659018 0.447791555387628 0.462988674674444 0.428716162822328 0.406298155995382 0.3830473551911 0.391337066614846 0.424346450081828 0.465081411341112 0.531533167429375 0.583761782871115 0.623272498932349 0.649032088274923 0.664684933800356 0.689354661212755 0.701216900399398 0.708424430959512 0.710373014891181 0.707453112309759 0.706336525931475 0.700393928984115 0.711414418848558 0.727748507722746
-9999 -9999 -9999 -9999 -9999 -9999 -9999 -9999 -9999 -9999 -9999 -9999 -9999 -9999 -9999 -9999 -9999 -9999 -9999 -9999 -9999 0 0 0 0 0 0 0 0 0 0 0 0 0.124130282923414 0.570256768851399 0.49935131036803 0.347965639961221 0.298601161946289 0.304150124292649 0.334925091492786 0.373242566341586 0.427095340322555 0.441583188162946 0.433620541508112 0.41491493218804 0.38965847040232 0.407562346279116 0.455246902928486 0.522241023726885 0.592058131161113 0.634875440179093 0.657947275672593 0.658130382387916 0.652888054472566 0.662004117688806 0.669489317034606 0.676908112321263 0.68328054812374 0.684924048587524 0.692832573810359 0.699523278321676 0.721406566108409 0.740006009593022
-9999 -9999 -9999 -9999 -9999 -9999 -9999 -9999 -9999 -9999 -9999 -9999 -9999 -9999 -9999 -9999 -9999 -9999 -9999 -9999 -9999 0 0 0 0 0 0 0 0 0 0 0 0 0.107425290566429 0.581259100249776 0.491222463137711 0.327759161982463 0.27865979921707 0.278225316558513 0.311952062742529 0.355854209933567 0.41261659330217 0.442534914783522 0.46361784959516 0.436864907206876 0.410928299367622 0.441165596538352 0.507477712960667 0.57532623737292 0.63836393636608 0.680099967134238 0.691774604234816 0.669886006955082 0.644327877475308 0.65281149158348 0.652658613581648 0.65758948663751 0.666718310335264 0.668313989965412 0.69228028034831 0.710745741299909 0.733416242327204 0.727315896742381
-9999 -9999 -9999 -9999 -9999 -9999 -9999 -9999 -9999 -9999 -9999 -9999 -9999 -9999 -9999 -9999 -9999 -9999 -9999 -9999 -9999 0 0 0 0 0 0 0 0 0 0 0 0 0.170002444136612 0.591451751026189 0.472459132758568 0.304514087990887 0.249472442781688 0.257927662148723 0.291965284053804 0.336510244296786 0.394616622055673 0.459822087367851 0.474671683075655 0.468732749678466 0.467740670911075 0.510339264213999 0.574956148012382 0.629407352621306 0.672757858624838 0.698434513686722 0.705867060560254 0.692648228213336 0.670186064102925 0.66323779608609 0.658296516423943 0.661865610714699 0.67308591449911 0.68694962016772 0.710009633190136 0.734335500137427 0.74617011226215 0.734426575640719
-9999 -9999 -9999 -9999 -9999 -9999 -9999 -9999 -9999 -9999 -9999 -9999 -9999 -9999 -9999 -9999 -9999 -9999 -9999 -9999 -9999 0 0 0 0 0 0 0 0 0 0 0 0 0.24150857208796 0.55610964499163 0.420687675142126 0.252992428089576 0.213935796077505 0.23013190238941 0.264777720513697 0.311225619397829 0.367793962996626 0.434861674780256 0.497426521714559 0.515927771073068 0.533118051090419 0.576149545056092 0.628596115185557 0.672113887916957 0.699686173566972 0.717741635468971 0.724041455105493 0.713503491965056 0.698775064567859 0.693100597017091 0.682188721681155 0.683495865763274 0.695349485872943 0.709446614552223 0.733641319324059 0.745306186957514 0.739956801964937 0.716019182844249
-9999 -9999 -9999 -9999 -9999 -9999 -9999 -9999 -9999 -9999 -9999 -9999 -9999 -9999 -9999 -9999 -9999 -9999 -9999 -9999 -9999 0 0 0 0 0 0 0 0 0 0 0 0 0.335212628381328 0.559111838068833 0.400892491512913 0.221429429396005 0.184788986056737 0.203390548166987 0.238403768484478 0.280793951799986 0.33647332850884 0.403240075917199 0.462210330815679 0.507409791018346 0.550947497494503 0.606813566591822 0.662182764430007 0.699703694893878 0.722636457067351 0.715131429613339 0.712808287337753 0.72188716902718 0.729554176441226 0.73140170438265 0.727232425002969 0.728178753638994 0.730813589541148 0.73777913110855 0.74617011226215 0.739837975511556 0.716905514209354 0.671086536417724
-9999 -9999 -9999 -9999 -9999 -9999 -9999 -9999 -9999 -9999 -9999 -9999 -9999 -9999 -9999 -9999 -9999 -9999 -9999 -9999 -9999 0 0 0 0 0 0 0 0 0 0 0 0.0106807531055667 0.428624397084947 0.504510371000006 0.375984351999061 0.195388494610341 0.153038658952513 0.177078111408959 0.210385699094059 0.249051674351604 0.303891528270557 0.370796849013566 0.431352905988699 0.471306395541007 0.509613462151678 0.559753052459309 0.628343500744312 0.697361634200715 0.705153963593721 0.683112732629193 0.673076962128135 0.674928671632754 0.664659725732913 0.689793380038583 0.699510102548482 0.709301732490572 0.739898076132852 0.745716734654725 0.731844516099002 0.700596415348895 0.650126180101188 0.610365386919568
-9999 -9999 -9999 -9999 -9999 -9999 -9999 -9999 -9999 -9999 -9999 -9999 -9999 -9999 -9999 -9999 -9999 -9999 -9999 -9999 0 0 0 0 0 0 0 0 0 0 0 0 0.128645475772164 0.464368926284275 0.434095408734722 0.358322744557654 0.1983718361954 0.131045011621649 0.154792688898425 0.188262660998914 0.225966255180185 0.28059678492108 0.345229512251146 0.40365134376582 0.444672171306217 0.477367912269749 0.522709742064513 0.583272199012933 0.642858653409844 0.686476786385415 0.655101075985602 0.641038904739047 0.64021515725146 0.639657745570683 0.654306214945148 0.663973361635035 0.670396408701188 0.698685444716086 0.705199042186227 0.669028435343737 0.620787921682146 0.578307730073163 0.547662292175382
-9999 -9999 -9999 -9999 -9999 -9999 -9999 -9999 -9999 -9999 -9999 -9999 -9999 -9999 -9999 -9999 -9999 -9999 -9999 -9999 0 0 0 0 0 0 0 0 0 0 0 0 0.212785011372049 0.415707329896091 0.388913103570724 0.311551368762817 0.185571790242797 0.125963591837265 0.133918142486594 0.165489687728343 0.203892806940168 0.257360012344131 0.3236242227196 0.383651519996968 0.424347684710285 0.456772553098412 0.498445932780537 0.553086228112141 0.605410713648036 0.666192969264956 0.633735056420005 0.6194965470755 0.621236835908076 0.623406987394473 0.644656897689137 0.647298694581372 0.66334477043142 0.678518671202168 0.646127016877285 0.597656407487305 0.538076321130172 0.484175427772577 0.469195118027375
-9999 -9999 -9999 -9999 -9999 -9999 -9999 -9999 -9999 -9999 -9999 -9999 -9999 -9999 -9999 -9999 -9999 -9999 -9999 -9999 0 0 0 0 0 0 0 0 0 0 0 0 0.306288899779249 0.453551658844361 0.3919629255156 0.289000625620577 0.176503505111664 0.143370724150352 0.127345350045081 0.145546814446422 0.183402855196364 0.238051471818287 0.306699910751511 0.368087155975763 0.414755019159175 0.453726205565154 0.494743203721949 0.543112949656922 0.594338269594303 0.633218279262944 0.612976268885299 0.6096111944817 0.619590765586535 0.63108745459581 0.644431334618711 0.654412224059742 0.661206065494012 0.620627398010391 0.575192296562794 0.512881060100452 0.450067580996758 0.416396634701749 0.406606991504988
-9999 -9999 -9999 -9999 -9999 -9999 -9999 -9999 -9999 -9999 -9999 -9999 -9999 -9999 -9999 -9999 -9999 -9999 -9999 -9999 0 0 0 0 0 0 0 0 0 0 0 0 0.374991880900285 0.435657318174593 0.365599444278766 0.250113930787403 0.180131713570322 0.153064795489384 0.150229925334307 0.158105867616089 0.168274570514422 0.216406146014927 0.285639844617129 0.349188591378467 0.398106926328026 0.444112339274377 0.486997884497443 0.531943697725684 0.580242732568636 0.598410503843641 0.598869837690488 0.609237595014563 0.625372775507015 0.63888983600004 0.64830184210904 0.634631185802699 0.590317803243286 0.539422277606134 0.478748878148375 0.418974659028784 0.366249535198133 0.356619176791427 0.388798155552924
-9999 -9999 -9999 -9999 -9999 -9999 -9999 -9999 -9999 -9999 -9999 -9999 -9999 -9999 -9999 -9999 -9999 -9999 -9999 -9999 0 0 0 0 0 0 0 0 0 0 0 0 0.475568421047043 0.355023464257939 0.310925915884835 0.236085666358792 0.176602088551117 0.162274496179329 0.166283224788859 0.177086359821736 0.193281869862837 0.212184846864076 0.262893007883429 0.326301359371552 0.377842292070267 0.42582736383444 0.456445991540322 0.491151734117105 0.530076184416097 0.565872074077736 0.593489558830487 0.61980852495722 0.633504241268282 0.647457224508933 0.604248850981469 0.54841395709965 0.479321489270311 0.431474267453675 0.368012817824039 0.315748557985946 0.283342067449321 0.318478699287484 0.416241066556796
-9999 -9999 -9999 -9999 -9999 -9999 -9999 -9999 -9999 -9999 -9999 -9999 -9999 -9999 -9999 -9999 -9999 -9999 -9999 -9999 0 0 0 0 0 0 0 0 0 0 0 0 0.415664909239464 0.282292929518451 0.255824194020814 0.205751681168966 0.176327704603204 0.168216533489583 0.172460292174019 0.188099580934254 0.204523363314492 0.22781996172869 0.257330993831711 0.299793319289168 0.33703630846728 0.352218757159815 0.384008892921864 0.424997453697428 0.475765889539374 0.528153114649001 0.576871527074532 0.607683510537918 0.615049483358744 0.600440101554492 0.563096191907731 0.481389926157341 0.405940119183959 0.359949290802171 0.305879537868808 0.256716021943781 0.236867013305766 0.302451198237532 0.351030098028961
-9999 -9999 -9999 -9999 -9999 -9999 -9999 -9999 -9999 -9999 -9999 -9999 -9999 -9999 -9999 -9999 -9999 -9999 -9999 -9999 0 0 0 0 0 0 0 0 0 0 0 0 0.317891196331623 0.213935390363069 0.188198809882631 0.180254942869638 0.157540006623906 0.159398582717303 0.165964915558448 0.183568817236572 0.20484495203432 0.229009025088624 0.262146178702492 0.248706613848165 0.25691612723858 0.274900571934642 0.311915624888699 0.360966821518011 0.421399990644066 0.490723211062967 0.542225013940874 0.575027948090263 0.551604380033742 0.522543948848462 0.511941133543043 0.462732580128656 0.382852054340183 0.331859418076027 0.287102515867862 0.227969630407962 0.204254248966021 0.258704754770325 0.0361516378661206
-9999 -9999 -9999 -9999 -9999 -9999 -9999 -9999 -9999 -9999 -9999 -9999 -9999 -9999 -9999 -9999 -9999 -9999 -9999 -9999 0 0 0 0 0 0 0 0 0 0 0 0 0.187081679432733 0.111916422269463 0.114829094722987 0.126965426165012 0.125060142192036 0.129994183709577 0.142355573108001 0.165107080629659 0.190233832895637 0.205407403095645 0.185408774590558 0.173597492290657 0.184796545640214 0.206426296235459 0.247200042633292 0.298698719778605 0.360866670494094 0.438999778859735 0.504662489986227 0.491745525027369 0.458806612114972 0.42906849321178 0.401239328541707 0.37662405480211 0.358798209457847 0.318776827319536 0.273127930287065 0.210226101219821 0.184871941378101 0.136716533084778 0
-9999 -9999 -9999 -9999 -9999 -9999 -9999 -9999 -9999 -9999 -9999 -9999 -9999 -9999 -9999 -9999 -9999 -9999 -9999 0 0 0 0 0 0 0 0 0 0 0 0 0.135480140168907 0.0264726081102129 0 0 0.0648285426618178 0.0689411217695621 0.0883990281315927 0.103930988147263 0.116066629668199 0.100296351876689 0.100391080711412 0.10305305665284 0.108900090316661 0.129423873792699 0.150495138901071 0.195016734364293 0.242239536902516 0.29752226419989 0.390697322767507 0.449856503541375 0.42007628739124 0.384062404463278 0.342217896918033 0.324925517241971 0.28749490603866 0.267344746958111 0.234023684592913 0.195324086404714 0.152555288141808 0.0889674801612482 0.0399901732371404 0
-9999 -9999 -9999 -9999 -9999 -9999 -9999 -9999 -9999 -9999 -9999 -9999 -9999 -9999 -9999 -9999 -9999 -9999 -9999 0 0 0 0 0 0 0 0 0 0 0 0.0125165258109399 0 0 0 0 0 0 0 0 0 0.010574589920363 0.0267870950834034 0.0419181924547579 0.0565021271460839 0.0863295898964415 0.12137224179349 0.167711705921722 0.209720116694017 0.267124993155815 0.349120773416814 0.373929830997781 0.338615230116256 0.293729742184458 0.257307593919017 0.22098351664738 0.191033675320478 0.168476901272186 0.126641843333827 0.0904990180976373 0.0380458484071194 0 0 0
