data/03_saidas_enm/CCSM_Gower_0k_B.balansae1.asc
NCOLS 154 
NROWS 168 
XLLCORNER -112 
YLLCORNER -55.5 
CELLSIZE 0.5 
NODATA_value -9999 
[rows 84 to 111 of 168, columns 63 to 125 of 154]
-9999 -9999 -9999 -9999 -9999 -9999 -9999 -9999 0 0 0 0 0 0 0 0 0 0 0 0 0 0 0 0 0.373193319887554 0.524650810471613 0.527609400681124 0.457200396423999 0.385078344058556 0.378877186033068 0.383705453777044 0.413985792104156 0.467189698226671 0.513463146621285 0.567730109692235 0.613445683065679 0.644269850372873 0.653699571751828 0.663898427678837 0.677388764563243 0.690068043876217 0.690993001747485 0.678847476327912 0.666265241666199 0.66201799639698 0.668957931526005 0.668309097104909 0.665232400994882 0.679079964593164 0.673706470266777 0.670650573594895 0.669449068388802 0.664348884082092 0.651430434086975 0.67862346575573 0.693755852828911 0.693279201458651 0.6851912458812 0.676468038990702 0.681422155010483 0.69173702922398 0.693525132591756 0.679457101652682
-9999 -9999 -9999 -9999 -9999 -9999 -9999 -9999 0 0 0 0 0 0 0 0 0 0 0 0 0 0 0 0 0 0.525411838319094 0.590667416776274 0.57177107527485 0.484851652435864 0.42826033772998 0.4275664155621 0.453097580480352 0.497370634561522 0.542628319650586 0.581366379734142 0.613157823956035 0.647151915431606 0.663356615821287 0.672530572680634 0.686172302878052 0.698075316407037 0.695178397258879 0.675724294200884 0.653405732416579 0.635020936577298 0.621853795118262 0.620398000677384 0.627334336942587 0.632629670263453 0.655087299459963 0.671481254532345 0.680396899408432 0.684089832378554 0.691337815290184 0.701102231004669 0.710179716703757 0.716684766956944 0.719297544240579 0.716374309758434 0.715564744620273 0.723028404427517 0.716370789406158 0.677827929436808
-9999 -9999 -9999 -9999 -9999 -9999 -9999 -9999 -9999 0 0 0 0 0 0 0 0 0 0 0 0 0 0 0 0 0.152160687104046 0.500799716563832 0.624479199522922 0.604114284705036 0.554368353360441 0.503235506535771 0.496722346710649 0.530995610560393 0.560966655887837 0.592406178109221 0.612069395305405 0.633581613102325 0.657888257180906 0.675383091989203 0.682303582448682 0.693252826417156 0.688831688702435 0.665458601637774 0.64212916638096 0.62313710590675 0.601492745131041 0.604033746620871 0.61718869516252 0.622140353611227 0.657453951373781 0.68495734972354 0.699324820316542 0.706400793329219 0.713459087858406 0.715563218032552 0.721598886679425 0.727684569559679 0.730679223210594 0.732396304830031 0.729090287740713 0.740561771826356 0.712864314536723 0.674206775861796
-9999 -9999 -9999 -9999 -9999 -9999 -9999 -9999 -9999 -9999 0 0.0134168234397208 0 0 0 0 0 0 0 0 0 0 0 0 0 0 0 0.410410576299909 0.660349935482262 0.637670930447593 0.620905002118276 0.557768560400738 0.558722840117223 0.578443775844647 0.590588681402459 0.605191662844503 0.61904719895893 0.628656967636956 0.64107753226704 0.659634252402815 0.663632681091212 0.657876098931354 0.654475958052042 0.642186415743575 0.627882336684931 0.623858831865321 0.632359190297197 0.646426068490617 0.666124291707445 0.6832297454822 0.700369085094844 0.710046001874235 0.714386381251 0.718472429835662 0.719993577316353 0.724191456646366 0.73215188161151 0.721858072126415 0.715407482535158 0.722912397297048 0.741243275179822 0.711605705540291 0.675744735655263
-9999 -9999 -9999 -9999 -9999 -9999 -9999 -9999 -9999 -9999 -9999 -9999 0 0 0 0 0 0 0 0 0 0 0 0 0 0 0 0 0.352839912602433 0.639762584923687 0.661476886858121 0.659871872552014 0.615053617105173 0.578854561913131 0.579285269561628 0.58540335665754 0.592687242261341 0.598826177522384 0.608634080984569 0.627887747559092 0.640927888770664 0.644520898136778 0.648290396311372 0.645535968898503 0.64254364245745 0.6360336177286 0.637220441024312 0.656523430425711 0.672949144435877 0.699591992320207 0.709182008589898 0.714867315791989 0.715402374585206 0.718975073920081 0.714291925531384 0.71373515083004 0.706393353656434 0.69235687605946 0.692716738554229 0.712801950924964 0.744934944716328 0.728878114280878 0.690537268401421
-9999 -9999 -9999 -9999 -9999 -9999 -9999 -9999 -9999 -9999 -9999 -9999 -9999 -9999 0 0 0 0 0 0 0 0 0 0 0 0 0 0 0 0.0600874683481097 0.64754474891345 0.685260551922753 0.687566717158809 0.608923021110183 0.559281455119563 0.550426930527222 0.555902662490856 0.570740842121736 0.591595879424508 0.616879298647134 0.642585395113911 0.66329616238938 0.662223397601727 0.643580281986394 0.629059409677992 0.62604287355735 0.631124965034263 0.639293013529395 0.663601324705033 0.70433096041042 0.711553867635783 0.715504971294282 0.695570376198705 0.676334353349116 0.656667249643136 0.646038662021387 0.64484047164212 0.650390330415105 0.668425460345503 0.707892864368015 0.759080875180234 0.751595864595211 0.721081594738781
-9999 -9999 -9999 -9999 -9999 -9999 -9999 -9999 -9999 -9999 -9999 -9999 -9999 -9999 -9999 -9999 0 0 0 0 0 0 0 0 0 0 0 0 0 0 0.0685491208508934 0.556233260339017 0.71022167297299 0.685977684999153 0.567424452426804 0.516051446322152 0.513038538991474 0.53735878585434 0.572394719339942 0.607017807679023 0.643777138005073 0.674675508605145 0.675411605089877 0.641685651807156 0.629292127657996 0.627226572301725 0.627441276108659 0.630261750996824 0.645382746628997 0.678434704513886 0.714155488786796 0.713977234061063 0.656630495100166 0.608725272403155 0.5812522167262 0.573596886313669 0.585463932159556 0.611678183347515 0.648790233741391 0.704536489951442 0.755614578737603 0.747402332678312 0.732975057265258
-9999 -9999 -9999 -9999 -9999 -9999 -9999 -9999 -9999 -9999 -9999 -9999 -9999 -9999 -9999 -9999 -9999 -9999 0 0 0 0 0 0 0 0 0 0 0 0 0 0 0.545833214417099 0.732402112301437 0.588514520618321 0.48465967558196 0.470027191412409 0.503070883246672 0.548758781324368 0.594323591577753 0.639923470503964 0.676032955801375 0.672639482197258 0.63915591729365 0.626939392868255 0.627829837632428 0.623268289425968 0.611998399322025 0.613596389135813 0.641667672545274 0.669430794897206 0.715150007695804 0.615608834628751 0.527221494252341 0.51581214284648 0.515726433723168 0.54302034961086 0.592638210465573 0.642282903680962 0.708457669473705 0.743581372961023 0.742799641636654 0.735733110949065
-9999 -9999 -9999 -9999 -9999 -9999 -9999 -9999 -9999 -9999 -9999 -9999 -9999 -9999 -9999 -9999 -9999 -9999 0 0 0 0 0 0 0 0 0 0 0 0 0 0 0.293391111349671 0.581300817052719 0.631706668118317 0.484985576158347 0.444998428666073 0.472725825522993 0.520718031397851 0.571883669040269 0.620533904778966 0.661930948045858 0.676937747678515 0.643879819980459 0.629087059338983 0.625702489473186 0.61780694025692 0.606463963580649 0.603379909222183 0.622770420972198 0.654041419506365 0.700345288083034 0.597543127389496 0.514471490005493 0.504255503014748 0.517571303298592 0.555106880306308 0.611781072903202 0.666687547004891 0.723285701381043 0.737801040266128 0.740007130610173 0.735611899303914
-9999 -9999 -9999 -9999 -9999 -9999 -9999 -9999 -9999 -9999 -9999 -9999 -9999 -9999 -9999 -9999 -9999 -9999 -9999 -9999 0 0 0 0 0 0 0 0 0 0 0 0 0.026525800022605 0.418853630043521 0.679256699853857 0.497987804595553 0.43215983258666 0.447789701984488 0.490788212498913 0.540033747002111 0.591026338439332 0.635203600349425 0.678753872997096 0.646945545965161 0.628546424679766 0.622248271787091 0.615951620075504 0.607663861116311 0.61388639637552 0.637657267265655 0.663630475547113 0.683483111956706 0.603485819644325 0.53810076175592 0.544198463979261 0.570281062865197 0.611548268392586 0.662300423861214 0.709994320805388 0.736712945810417 0.743862512758948 0.74457086076589 0.741241729866827
-9999 -9999 -9999 -9999 -9999 -9999 -9999 -9999 -9999 -9999 -9999 -9999 -9999 -9999 -9999 -9999 -9999 -9999 -9999 -9999 0 0 0 0 0 0 0 0 0 0 0 0 0 0.281471646223984 0.66657703219117 0.536339761002812 0.437302135469833 0.428425823258007 0.461178174853818 0.505046028115681 0.552613040810412 0.602135321836471 0.653936834949967 0.641761059973494 0.618205416558115 0.606977646802637 0.607394800589475 0.617964878471972 0.63919470362365 0.66691090533875 0.698333191506632 0.68406447977136 0.636981678581007 0.607653522284629 0.615271596253919 0.644980231563916 0.678570254713101 0.711491489315701 0.747301443104843 0.756344397125238 0.76037128048565 0.75728088974654 0.750833055134803
-9999 -9999 -9999 -9999 -9999 -9999 -9999 -9999 -9999 -9999 -9999 -9999 -9999 -9999 -9999 -9999 -9999 -9999 -9999 -9999 -9999 0 0 0 0 0 0 0 0 0 0 0 0 0.186542714493249 0.606468711502233 0.565491801780794 0.439909275734743 0.413846250959402 0.430048428228519 0.473862044087949 0.515541599296207 0.569677315446122 0.627891420968271 0.620911470027218 0.609763559614563 0.587643342065494 0.599198596221126 0.633742885208959 0.66519728966991 0.706140921629183 0.733795937387555 0.693521786589945 0.679487316594058 0.683198804756676 0.68909318589305 0.712971091316508 0.734685304668908 0.7501910888765 0.768861279957618 0.769611538845897 0.772395304619754 0.766630228114067 0.754429082067039
-9999 -9999 -9999 -9999 -9999 -9999 -9999 -9999 -9999 -9999 -9999 -9999 -9999 -9999 -9999 -9999 -9999 -9999 -9999 -9999 -9999 0 0 0 0 0 0 0 0 0 0 0 0 0.139965603751905 0.571187115676913 0.602884311472617 0.45671096644372 0.410744365719028 0.42249618041024 0.46063982890091 0.504031938616825 0.549233092838886 0.58599850143725 0.611455635080333 0.616887903229678 0.597712950610706 0.617181314310227 0.658172111284649 0.703370771218693 0.747171115879398 0.746450837967546 0.716184256855572 0.713957325350288 0.723701719124254 0.731288443630422 0.744779741709251 0.756466090588109 0.765188126377974 0.776367942059603 0.774872148683259 0.772619888292926 0.760061338957526 0.735978466779168
-9999 -9999 -9999 -9999 -9999 -9999 -9999 -9999 -9999 -9999 -9999 -9999 -9999 -9999 -9999 -9999 -9999 -9999 -9999 -9999 -9999 0 0 0 0 0 0 0 0 0 0 0 0 0.119885037457523 0.574223970109041 0.609581823128285 0.45157523974103 0.407774904934941 0.415059331046727 0.452981731602266 0.485595669965338 0.491481172614442 0.559592289689548 0.626497626693793 0.612846636459761 0.60298548261881 0.644765865934928 0.69543107680505 0.738986641670256 0.771667336525089 0.760964494030475 0.739219137122758 0.739664991864068 0.752159644695789 0.752671531495915 0.756536588272418 0.762662242480118 0.769515806512555 0.773796256544651 0.775140580808709 0.76759028578735 0.747443876992174 0.70680870283553
-9999 -9999 -9999 -9999 -9999 -9999 -9999 -9999 -9999 -9999 -9999 -9999 -9999 -9999 -9999 -9999 -9999 -9999 -9999 -9999 -9999 0 0 0 0 0 0 0 0 0 0 0 0 0.176285371033925 0.602578487987715 0.609972378755051 0.446047284410669 0.395559964985378 0.408909251025807 0.445709827258796 0.493121128611559 0.511527962334319 0.545282804625209 0.582230187791645 0.604687333217254 0.625479197513974 0.670392249018014 0.723847893698923 0.76426146908898 0.778241200525937 0.773749858718786 0.766110734900395 0.757905347528617 0.75704139699179 0.757924033661808 0.761091616360816 0.765755930016056 0.768643529578913 0.771352568468206 0.771600691066969 0.758378148389132 0.729828319868524 0.68390549715932
-9999 -9999 -9999 -9999 -9999 -9999 -9999 -9999 -9999 -9999 -9999 -9999 -9999 -9999 -9999 -9999 -9999 -9999 -9999 -9999 -9999 0 0 0 0 0 0 0 0 0 0 0 0 0.243310139212726 0.612292816362482 0.577632396143965 0.41302720119303 0.376110956251284 0.394804695161218 0.431199980490236 0.477978881066108 0.534145961059188 0.540887922430831 0.552947992366669 0.61331001265967 0.65055396636918 0.698630268261933 0.747306990223558 0.773364177368037 0.777340579150428 0.771028583971663 0.767232306464374 0.77185639912551 0.759308364695666 0.75969256291899 0.762628975500575 0.766540696133103 0.768199926954207 0.769360603505477 0.763741225110251 0.745855941600565 0.71140301519204 0.664359298965887
-9999 -9999 -9999 -9999 -9999 -9999 -9999 -9999 -9999 -9999 -9999 -9999 -9999 -9999 -9999 -9999 -9999 -9999 -9999 -9999 -9999 0 0 0 0 0 0 0 0 0 0 0 0 0.335384557646881 0.6130956928736 0.552733162275425 0.395684822329878 0.359782119944384 0.380029098633441 0.414897448905265 0.456588541385152 0.510955652864152 0.555838638742953 0.60973447859486 0.641841006594287 0.677406954046839 0.723095452861386 0.762369980916672 0.777701456102017 0.774937362782666 0.768070489179932 0.76252334576608 0.764908059204138 0.768726226026378 0.763015721832971 0.761375305837435 0.763372315541355 0.766956629896681 0.766104686358659 0.753731469250444 0.727949539368692 0.687575378710023 0.636895505140891
-9999 -9999 -9999 -9999 -9999 -9999 -9999 -9999 -9999 -9999 -9999 -9999 -9999 -9999 -9999 -9999 -9999 -9999 -9999 -9999 -9999 0 0 0 0 0 0 0 0 0 0 0 0 0.425156146834712 0.575826196902733 0.50453576283951 0.360924753824351 0.339301410159594 0.364385356197336 0.396956097110238 0.433909096594954 0.486370068057677 0.552469162732541 0.609121619186901 0.649264375067242 0.685277838508699 0.725897861209699 0.761619041260224 0.778682809600053 0.774356929368993 0.767050698463777 0.759331747492613 0.759016674019836 0.757496728167088 0.760060431266635 0.741810783196619 0.739954765011269 0.760517139429612 0.756624472131926 0.726831875136645 0.689678638149463 0.638781826457357 0.592454313255473
-9999 -9999 -9999 -9999 -9999 -9999 -9999 -9999 -9999 -9999 -9999 -9999 -9999 -9999 -9999 -9999 -9999 -9999 -9999 -9999 0 0 0 0 0 0 0 0 0 0 0 0 0.0713732750717203 0.508267379553128 0.518201338976817 0.470831235647583 0.34256443756026 0.323157787922169 0.349430220933926 0.382825686947041 0.420024077056877 0.472610555760605 0.533808176032641 0.589114793343207 0.627950137623628 0.659243851206903 0.69797940152623 0.745437496099766 0.77204778119762 0.767627818884892 0.746231601016492 0.735024963481506 0.734096498172517 0.735056837945157 0.737789996464753 0.706549074688745 0.706337674085583 0.72688624931214 0.706056663476657 0.660081665996808 0.602299268305136 0.552742906592061 0.521612949257897
-9999 -9999 -9999 -9999 -9999 -9999 -9999 -9999 -9999 -9999 -9999 -9999 -9999 -9999 -9999 -9999 -9999 -9999 -9999 -9999 0 0 0 0 0 0 0 0 0 0 0 0 0.180866873140717 0.498558291412388 0.489041166680173 0.425739228319324 0.315559500405896 0.305516475970302 0.334905246376409 0.367547417993356 0.405578550738514 0.457747570673993 0.519166741308245 0.576320660480167 0.612661328764239 0.642455055474136 0.680267604216374 0.728924763604972 0.755381999031714 0.741526182149885 0.716709464471609 0.70789828222822 0.712268865464413 0.714785003210303 0.73130310661738 0.716528413764411 0.705454812049073 0.675348503117351 0.630093688537217 0.573611697691803 0.5111812767807 0.463171149045026 0.449272865409951
-9999 -9999 -9999 -9999 -9999 -9999 -9999 -9999 -9999 -9999 -9999 -9999 -9999 -9999 -9999 -9999 -9999 -9999 -9999 -9999 0 0 0 0 0 0 0 0 0 0 0 0 0.25792169146054 0.536961675840445 0.496561196268984 0.400053297948077 0.302874453636512 0.294427085987614 0.318867119715312 0.35233959524703 0.389607260463591 0.442761896709439 0.506693934007578 0.566151466037824 0.606678214233686 0.642300161328764 0.672361538285719 0.697615796352514 0.711485834148896 0.707819514485842 0.696089171617182 0.697021742789286 0.706186785603714 0.718378173680503 0.708581772257737 0.689558770585055 0.647874916704087 0.599966432892623 0.547388717314946 0.487860446016612 0.43053442483163 0.400801403778874 0.392125537141358
-9999 -9999 -9999 -9999 -9999 -9999 -9999 -9999 -9999 -9999 -9999 -9999 -9999 -9999 -9999 -9999 -9999 -9999 -9999 -9999 0 0 0 0 0 0 0 0 0 0 0 0 0.304346115317636 0.527472710347565 0.485772484067963 0.373904602657137 0.291485660837931 0.280484779037762 0.30203029598732 0.334228453163954 0.372561350230128 0.424936483877162 0.490507315646883 0.537024859588209 0.558199443963072 0.580937680644471 0.609059917342493 0.641196474692632 0.666267739261069 0.678356663612204 0.682352482945915 0.693179411257462 0.698130969553619 0.693244700602716 0.652557309988222 0.616759255501458 0.565441222869097 0.512650898155773 0.457248396158198 0.40174934726988 0.351803376697393 0.343214962586116 0.375671108678965
-9999 -9999 -9999 -9999 -9999 -9999 -9999 -9999 -9999 -9999 -9999 -9999 -9999 -9999 -9999 -9999 -9999 -9999 -9999 -9999 0 0 0 0 0 0 0 0 0 0 0 0 0.306329779622025 0.466398229242639 0.448391675653437 0.357819715620732 0.284354912728551 0.269500208996421 0.284505868887176 0.317412670639658 0.356371514559998 0.407731394042161 0.471582747654324 0.487841606356608 0.499644749336641 0.520953730081058 0.550381066069904 0.580803284274918 0.614542591057281 0.64789976998024 0.651399832092373 0.644446499524995 0.636697948846869 0.629395944883312 0.583099930221263 0.522099960332163 0.459401857886154 0.414752717508703 0.353286142134793 0.303001463215172 0.271219015775057 0.307126394647417 0.403865174737042
-9999 -9999 -9999 -9999 -9999 -9999 -9999 -9999 -9999 -9999 -9999 -9999 -9999 -9999 -9999 -9999 -9999 -9999 -9999 -9999 0 0 0 0 0 0 0 0 0 0 0 0 0.326503081925053 0.417575111737241 0.406365989074581 0.338208908395222 0.277480133757709 0.263638979016451 0.274826046513543 0.306468156100765 0.346109069621032 0.39497333365249 0.438794029459983 0.434049197632064 0.441683027783146 0.460564728641096 0.491571774684528 0.528170407864307 0.568576240018452 0.601544045102742 0.591807336040672 0.572351223298329 0.547442369493724 0.531681722862705 0.513843890982486 0.463613473798499 0.39291863205746 0.347849946476785 0.294175303912802 0.246332488046191 0.226352727807503 0.291004757085771 0.281975788421921
-9999 -9999 -9999 -9999 -9999 -9999 -9999 -9999 -9999 -9999 -9999 -9999 -9999 -9999 -9999 -9999 -9999 -9999 -9999 -9999 0 0 0 0 0 0 0 0 0 0 0 0 0.383401392297092 0.367802982984356 0.358938557503901 0.316311192581965 0.26580873249848 0.256511802120541 0.270085501928584 0.299930036389057 0.340185526791951 0.386750315425017 0.384300781485383 0.370396533704025 0.381870708947083 0.401963373456925 0.435048152465492 0.474460266008399 0.522915684355539 0.552301939375613 0.514269689800062 0.495639743003081 0.471063432686466 0.443386144121209 0.43434412128543 0.403758635322664 0.372353411194011 0.321576746355817 0.276948203579357 0.217802279613306 0.193789229811187 0.183531785081155 0.00936198747018202
-9999 -9999 -9999 -9999 -9999 -9999 -9999 -9999 -9999 -9999 -9999 -9999 -9999 -9999 -9999 -9999 -9999 -9999 -9999 -9999 0 0 0 0 0 0 0 0 0 0 0 0 0.346977529957632 0.296534009470913 0.301950133295101 0.289753718823628 0.252739056386308 0.245680215142769 0.259156913071388 0.288584001632849 0.328692879244854 0.35145213116321 0.328896106702572 0.318601569204364 0.329688022972886 0.350954814727083 0.38627821170545 0.426395469836659 0.474796198752034 0.470074679677446 0.435329788501551 0.407740526239002 0.373640484574 0.344341530635045 0.317006602671466 0.294705658592759 0.279374627417901 0.245308204654487 0.215280516360821 0.159322347698536 0.10099598959577 0.0489907506393968 0
-9999 -9999 -9999 -9999 -9999 -9999 -9999 -9999 -9999 -9999 -9999 -9999 -9999 -9999 -9999 -9999 -9999 -9999 -9999 0 0 0 0 0 0 0 0 0 0 0 0 0.0047158999946979 0.225280245936214 0.197287651450454 0.217363701344171 0.259917388502211 0.231856047795319 0.229547210026475 0.241088020695793 0.273319090947933 0.27614316288599 0.271003062774408 0.270197681932748 0.275664297899485 0.288873042390543 0.307945233687194 0.343542692872712 0.381398750786992 0.424961908561431 0.415238353343873 0.365355617869636 0.334399999169098 0.296372311578726 0.255127197660298 0.238399276762939 0.202150513976881 0.183563716077229 0.147853899781844 0.110820643755472 0.0673299310599625 0.0011584665431692 0 0
-9999 -9999 -9999 -9999 -9999 -9999 -9999 -9999 -9999 -9999 -9999 -9999 -9999 -9999 -9999 -9999 -9999 -9999 -9999 0 0 0 0 0 0 0 0 0 0 0 0 0.160131543459605 0.0990659722438667 0.0900541845103405 0.117000282589769 0.166395935278631 0.190180851218565 0.190890733341229 0.190164020504381 0.199661654853999 0.209481192196367 0.219707534134143 0.226458645272959 0.236476535698776 0.259281156041499 0.287276867326181 0.324169418800116 0.357902533541951 0.380510515234001 0.335300482260181 0.29046659119978 0.254930600170578 0.208959994651776 0.16959055558571 0.130677460046633 0.102070245749771 0.0819039511124704 0.0407619502398548 0.00648754967531351 0 0 0 0
