data/03_saidas_enm/CCSM_Maha_21k_B.balansae4.asc
NCOLS 154 
NROWS 168 
XLLCORNER -112 
YLLCORNER -55.5 
CELLSIZE 0.5 
NODATA_value -9999 
[rows 100 to 124 of 168, columns 56 to 111 of 154]
-9999 -9999 -9999 -9999 -9999 -9999 -9999 -9999 -9999 -9999 -9999 -9999 -9999 -9999 -9999 -9999 -9999 -9999 -9999 -9999 -9999 -9999 -9999 -9999 -9999 -9999 -9999 -9999 -277.640567672437 -248.404310378288 -242.888783191309 -269.377902453414 -291.582903522447 -303.572190857705 -303.858563664253 -265.891500043181 -191.164131743403 -128.041563851052 -77.4297496866856 -37.0656331305998 -23.1176971069599 -25.6884184492636 -32.9924399570963 -38.1649452399102 -41.106272617355 -36.7147836593196 -21.8519699598585 -9.41320671404647 -4.3018191278657 -2.22348779527541 -1.54285402303842 -1.09894312503502 -1.21005799301924 -2.27323027543918 -2.37027663228221 -3.15128679751545
-9999 -9999 -9999 -9999 -9999 -9999 -9999 -9999 -9999 -9999 -9999 -9999 -9999 -9999 -9999 -9999 -9999 -9999 -9999 -9999 -9999 -9999 -9999 -9999 -9999 -9999 -9999 -9999 -274.347650959044 -237.17278332231 -223.205585111439 -257.053048645711 -288.740135376764 -297.976186305873 -280.470607077492 -244.749206199697 -167.700435660947 -111.90699167618 -64.462126652581 -25.8112438052688 -16.8136055121953 -21.0810348522216 -30.3633303507585 -33.7514587522391 -37.1013864804637 -34.5878182731454 -18.4595175352141 -7.01844951701022 -3.60592051686857 -3.0160433327207 -4.06088813628309 -2.3573312999175 -2.32933689368279 -3.04442115401939 -3.19239896747595 -4.08727153254134
-9999 -9999 -9999 -9999 -9999 -9999 -9999 -9999 -9999 -9999 -9999 -9999 -9999 -9999 -9999 -9999 -9999 -9999 -9999 -9999 -9999 -9999 -9999 -9999 -9999 -9999 -9999 -254.421721396643 -281.038859609766 -248.404555954823 -234.907428879203 -256.320383074312 -271.653870879645 -263.348514515083 -243.156641066626 -200.652860079263 -144.526733624723 -94.1575865575835 -50.1249130621172 -16.9050601512362 -13.6308843501429 -20.2691360442045 -25.1201708678176 -28.7725910886958 -34.1871767743544 -31.6724895311218 -18.6896578102439 -8.8276849706765 -5.14671959131035 -4.14312599134743 -3.59449976488308 -2.83301845894219 -2.00200575553542 -2.087004167503 -3.67744781098586 -4.21487943860518
-9999 -9999 -9999 -9999 -9999 -9999 -9999 -9999 -9999 -9999 -9999 -9999 -9999 -9999 -9999 -9999 -9999 -9999 -9999 -9999 -9999 -9999 -9999 -9999 -9999 -9999 -9999 -266.472767923216 -293.245902754058 -255.758280596876 -238.261017804363 -247.81561946447 -256.043444220745 -238.223601510027 -209.788246053707 -176.44816597285 -127.765992319477 -80.8271180667903 -40.1368185774885 -14.4840299682548 -17.6133977499511 -24.0747551089004 -28.1772683225993 -30.1608787017728 -35.3990561684957 -34.0873035003048 -22.0821848270613 -11.5501468136758 -7.23294742206476 -5.4649599427774 -4.35877470458815 -3.40715570320445 -2.32694265103218 -1.88588860606305 -3.09810858622658 -4.58679392653368
-9999 -9999 -9999 -9999 -9999 -9999 -9999 -9999 -9999 -9999 -9999 -9999 -9999 -9999 -9999 -9999 -9999 -9999 -9999 -9999 -9999 -9999 -9999 -9999 -9999 -9999 -9999 -279.30700328377 -305.741593506308 -277.170529892004 -250.957842708273 -250.862241773408 -247.761809267542 -213.126450160334 -183.219989877153 -157.085995246654 -116.722338700351 -70.9480558028425 -33.9246202244903 -15.8193107643199 -24.6588763827948 -31.988732107032 -37.7781314422395 -39.3475963856743 -39.83690731692 -37.7716796530477 -25.5950543863065 -15.2936930958736 -10.006998786548 -7.50172825503233 -6.13949135951279 -4.53451371500797 -3.43005972582323 -2.99494851066314 -3.39440394789078 -4.23651303574095
-9999 -9999 -9999 -9999 -9999 -9999 -9999 -9999 -9999 -9999 -9999 -9999 -9999 -9999 -9999 -9999 -9999 -9999 -9999 -9999 -9999 -9999 -9999 -9999 -9999 -9999 -9999 -292.198705216902 -322.358754821028 -287.099029456162 -258.194788976768 -249.468195208416 -240.462865755475 -200.802199826138 -169.958754466785 -150.092966388455 -112.063295383045 -63.9095222212409 -29.3766993437274 -17.5041326047215 -30.9050269674894 -39.2743755305857 -46.4543147352693 -44.582226713028 -40.7653339542098 -36.3110728276403 -24.9930802913187 -16.6977529121743 -11.4946805522544 -8.26058623305512 -6.72042927642945 -5.24141402862026 -4.35357935830867 -3.63816639589478 -3.26496126915346 -3.37626365614892
-9999 -9999 -9999 -9999 -9999 -9999 -9999 -9999 -9999 -9999 -9999 -9999 -9999 -9999 -9999 -9999 -9999 -9999 -9999 -9999 -9999 -9999 -9999 -9999 -9999 -9999 -9999 -294.435201185603 -328.208455974081 -297.166920541481 -268.764914586242 -257.660314329377 -245.032738680153 -188.796454435566 -163.263453704012 -151.593796370674 -113.185345849407 -59.0678427562924 -23.4569650166518 -13.4830932318241 -29.7619112579024 -44.5880019195197 -49.4250394100894 -46.8063420395298 -39.34425009957 -29.3679291570231 -23.2601055514949 -15.8902848564174 -11.7724329042996 -9.01041998958991 -7.25661745888308 -6.02349536761042 -5.03016288232119 -4.04520196891027 -3.29934185278522 -2.56508589500268
-9999 -9999 -9999 -9999 -9999 -9999 -9999 -9999 -9999 -9999 -9999 -9999 -9999 -9999 -9999 -9999 -9999 -9999 -9999 -9999 -9999 -9999 -9999 -9999 -9999 -9999 -9999 -282.188801943692 -321.68117922268 -312.763132048163 -297.585212974781 -280.739480412557 -249.8096398466 -183.210709052583 -157.100876796027 -154.447582415664 -114.3736497167 -56.6043916669786 -19.346170158771 -11.6794290006833 -30.9651552158613 -49.0263008454446 -54.3710643300384 -50.8923942601553 -42.989243115802 -32.2438249694742 -25.0707238713387 -18.0242887867909 -13.2529648604274 -10.4646121378259 -9.01787674218267 -7.54000705868071 -6.30744225991658 -4.95006481759206 -3.76046043040031 -2.18604461123955
-9999 -9999 -9999 -9999 -9999 -9999 -9999 -9999 -9999 -9999 -9999 -9999 -9999 -9999 -9999 -9999 -9999 -9999 -9999 -9999 -9999 -9999 -9999 -9999 -9999 -9999 -9999 -263.356183011967 -306.788032268127 -323.705858858284 -336.246871777419 -304.409554539515 -264.774692064105 -179.48102116524 -152.257373248626 -165.212652310193 -122.860180643569 -57.9636715667328 -18.2631591255796 -11.5139896493757 -36.1370247601775 -53.9389200530479 -60.7154222575964 -58.6669651948184 -51.0777978164164 -44.2783135006906 -32.0954226662091 -23.1424226851379 -16.9138692317583 -12.7091332412562 -11.2402989150406 -9.55878802929453 -7.84594728823129 -6.24475047351746 -4.73705636895891 -2.46152763155178
-9999 -9999 -9999 -9999 -9999 -9999 -9999 -9999 -9999 -9999 -9999 -9999 -9999 -9999 -9999 -9999 -9999 -9999 -9999 -9999 -9999 -9999 -9999 -9999 -9999 -9999 -9999 -250.749377266908 -300.580179477263 -334.438210177814 -347.059709759943 -318.892123121852 -258.335492605887 -162.681611103715 -139.393061427474 -151.920965548534 -113.590254002755 -54.9800018586952 -20.0505111502981 -15.1833389937896 -36.6994022688003 -56.861067080013 -62.7683939835331 -61.7954941831247 -55.1431278821669 -47.4441096319663 -36.0623897971477 -26.8214529531026 -20.3261796857936 -15.5291688518097 -13.1428254700588 -11.1272614834192 -9.11398758944727 -7.31717645203731 -5.28169980081118 -3.15249636042292
-9999 -9999 -9999 -9999 -9999 -9999 -9999 -9999 -9999 -9999 -9999 -9999 -9999 -9999 -9999 -9999 -9999 -9999 -9999 -9999 -9999 -9999 -9999 -9999 -9999 -9999 -195.964322152517 -243.795963168953 -295.97429379463 -331.744235037556 -349.953658584835 -309.793795988436 -250.990793665181 -148.75602774823 -116.922745186182 -138.323491808971 -100.776861971157 -56.2179410067861 -28.2810179959563 -22.0436072243497 -45.2642623861144 -57.9921077125872 -62.1557981618158 -60.7384850405977 -53.0996339614756 -46.1987126184873 -37.3208251177498 -28.8045466289087 -23.0300524402429 -18.1770077055994 -15.1031840975012 -12.7152383522703 -9.36469090642862 -7.10716605728727 -4.84605626457811 -3.83185541222443
-9999 -9999 -9999 -9999 -9999 -9999 -9999 -9999 -9999 -9999 -9999 -9999 -9999 -9999 -9999 -9999 -9999 -9999 -9999 -9999 -9999 -9999 -9999 -9999 -9999 -9999 -196.496829817754 -246.21389175443 -298.845112671432 -332.75033044303 -329.74100510293 -293.361930789441 -227.435981339751 -129.036285960896 -88.607140031265 -88.7848602482779 -65.611892658506 -40.0936115905242 -30.0034729724985 -34.5953447043787 -50.0305742713008 -59.5446910746918 -60.9772711787401 -58.9853834673523 -52.8677528196317 -46.2000126710627 -38.4553667209174 -31.2701114340336 -25.6556940806231 -20.6008555428077 -16.8541348956705 -13.3782777118165 -9.54005604082265 -7.08987368951317 -4.79821199059989 -3.90301810423808
-9999 -9999 -9999 -9999 -9999 -9999 -9999 -9999 -9999 -9999 -9999 -9999 -9999 -9999 -9999 -9999 -9999 -9999 -9999 -9999 -9999 -9999 -9999 -9999 -9999 -9999 -200.52390674975 -256.939523387126 -307.824370120943 -324.574348005503 -315.913883157596 -256.860686275333 -202.284576039284 -112.208463858825 -56.1129505506903 -55.9659780170213 -40.3156187884132 -31.8781642014523 -39.2820864744697 -50.8033481104117 -61.3987316156006 -63.5915349140853 -62.3796093520466 -59.329858150004 -53.1939978636436 -49.0075464528333 -40.731498067805 -33.405341618462 -28.0499654427009 -22.7112927231745 -18.7159344325065 -14.5417659228782 -10.0973277865351 -7.51789201065344 -5.06238075276353 -4.20207348886626
-9999 -9999 -9999 -9999 -9999 -9999 -9999 -9999 -9999 -9999 -9999 -9999 -9999 -9999 -9999 -9999 -9999 -9999 -9999 -9999 -9999 -9999 -9999 -9999 -9999 -9999 -213.189490560305 -268.28209024174 -309.433274193135 -308.960935381803 -266.065005772685 -212.140667460348 -141.823117267707 -65.3274235321945 -28.9106531767322 -32.9562131597116 -37.9740121399178 -40.3164662152694 -55.576065466126 -64.4061377228611 -69.6565535471089 -68.3109854812 -65.1396063810237 -60.7449148923936 -54.1550670175744 -47.8881591793373 -41.3977116910811 -35.6117386635051 -30.8700432473118 -25.5076292299525 -21.0005080061836 -15.7838609815883 -11.0782383092442 -8.21687970871964 -5.77486295175065 -4.36819679837741
-9999 -9999 -9999 -9999 -9999 -9999 -9999 -9999 -9999 -9999 -9999 -9999 -9999 -9999 -9999 -9999 -9999 -9999 -9999 -9999 -9999 -9999 -9999 -9999 -9999 -168.488385704521 -233.003608878538 -290.052535245976 -316.923532362117 -289.09979206006 -246.043438362198 -161.784251694448 -92.1635898048107 -35.1021754305949 -22.1391876611104 -51.6024990460777 -51.8613120382766 -59.0227817251777 -71.9136930040806 -78.265508653746 -82.8323519219318 -76.2164297807851 -70.3081496732752 -64.2365166223953 -56.8611814181445 -51.5674673591247 -43.72967760903 -38.2158248889793 -34.0673287692345 -28.31613278866 -23.9485999272596 -18.2219379555509 -12.6653307783934 -9.37336990669839 -6.50318342299469 -4.82982517485456
-9999 -9999 -9999 -9999 -9999 -9999 -9999 -9999 -9999 -9999 -9999 -9999 -9999 -9999 -9999 -9999 -9999 -9999 -9999 -9999 -9999 -9999 -9999 -9999 -9999 -187.66513656663 -254.893656573439 -308.214788221256 -315.574619321658 -268.477533002215 -204.527515216763 -131.005221399263 -63.7959902702036 -28.6456897644479 -35.0129287487341 -59.0298924474219 -70.1114101005355 -75.53497182066 -85.2445853608918 -88.0521602666104 -88.4580252437859 -82.2634044661457 -75.2802271647048 -68.8400744468624 -62.3264366724411 -55.9175479729526 -47.0440588714083 -41.6020505239889 -37.3029542777619 -31.9174221099847 -26.3014406198323 -20.2578263721145 -15.0897112158176 -11.6800731082929 -8.6656594617351 -6.548097088951
-9999 -9999 -9999 -9999 -9999 -9999 -9999 -9999 -9999 -9999 -9999 -9999 -9999 -9999 -9999 -9999 -9999 -9999 -9999 -9999 -9999 -9999 -9999 -9999 -9999 -194.934520775226 -259.877711566244 -317.97717383478 -312.853645046482 -242.184119639496 -182.172034084179 -105.729223352085 -55.7572613334829 -39.4145798864876 -54.0816159552233 -78.9025971424806 -82.9739473635576 -87.4469480391427 -92.8662363126133 -93.4769580421684 -93.25854021215 -86.4234615613167 -79.7671959863607 -73.7709679969383 -66.8368895073128 -61.3342971349134 -52.4656119987615 -46.4969527749119 -41.5011968084382 -35.2934359012405 -29.8214934001411 -24.0053870865293 -18.5841673253743 -14.7968167870201 -11.2797461970633 -9.05156413107159
-9999 -9999 -9999 -9999 -9999 -9999 -9999 -9999 -9999 -9999 -9999 -9999 -9999 -9999 -9999 -9999 -9999 -9999 -9999 -9999 -9999 -9999 -9999 -9999 -9999 -159.899238162058 -235.173739204578 -291.66286014412 -277.585209513729 -207.582376919362 -142.394259995909 -89.9138769352902 -60.5212729750504 -57.2581948568796 -73.0461102119041 -87.0843763217627 -90.6364748051588 -91.2072827913621 -93.8942686180846 -93.6820945057847 -92.5320057820418 -88.0762857675001 -83.1809490035604 -78.6718524222227 -73.1563040469616 -66.932529195158 -58.5465753265586 -50.6825528547948 -44.9398948085423 -39.0321573120322 -33.6612558628445 -27.711589032053 -22.0527227389737 -18.1462451755108 -14.3947314584152 -11.6690238254768
-9999 -9999 -9999 -9999 -9999 -9999 -9999 -9999 -9999 -9999 -9999 -9999 -9999 -9999 -9999 -9999 -9999 -9999 -9999 -9999 -9999 -9999 -9999 -9999 -9999 -129.359551732527 -205.364914970499 -267.933801845573 -252.026907608271 -182.089326613512 -119.167133750949 -82.2728241288869 -70.5572168410406 -75.8523232758786 -86.3758431505072 -97.5386888824299 -97.2452664289582 -92.8441472943276 -94.4847436339768 -95.6023426552284 -94.5235297719932 -91.9797246133332 -89.1740640112778 -86.1698442746406 -81.1119461459651 -76.5468524187313 -66.2226082603927 -56.1458226496512 -49.5881044800252 -43.3369013664691 -38.3394612621475 -33.2764402545208 -26.9322777501574 -22.487108514373 -18.3465598717062 -15.4251566644973
-9999 -9999 -9999 -9999 -9999 -9999 -9999 -9999 -9999 -9999 -9999 -9999 -9999 -9999 -9999 -9999 -9999 -9999 -9999 -9999 -9999 -9999 -9999 -9999 -9999 -125.443329164657 -188.315738537335 -243.787088638484 -226.278486159992 -166.98707239094 -112.808883976389 -84.2514958294931 -78.9471079495942 -87.0413648912438 -95.8795643818175 -102.819102743823 -100.286145918848 -96.8163880024673 -97.4074988713195 -97.2373271459859 -98.5786807685536 -98.1275828139149 -99.2077787395622 -96.7710338932847 -89.251263281694 -80.6518393719535 -71.2850702468455 -62.5244243586634 -55.432359090651 -48.5706248401206 -42.8690680768611 -37.3781086091304 -32.3549826463269 -27.7669960554491 -23.242473880412 -20.1483886648701
-9999 -9999 -9999 -9999 -9999 -9999 -9999 -9999 -9999 -9999 -9999 -9999 -9999 -9999 -9999 -9999 -9999 -9999 -9999 -9999 -9999 -9999 -9999 -9999 -9999 -113.740928629952 -176.379350824108 -240.720454883001 -224.160951621855 -167.643928173318 -114.594515632048 -90.4050583879997 -89.0258156205542 -97.8683873058088 -103.67304344645 -107.639843847502 -105.032641013238 -102.223185859218 -102.401141121241 -100.60566592965 -101.417071747199 -104.33398691606 -107.403844797077 -104.596751685881 -94.7443042498682 -85.4799640955888 -77.016784036102 -68.4430317439348 -61.4778357099705 -54.4638532610045 -48.493517213078 -43.0189932343005 -37.5277179975222 -33.4343888667755 -28.9177304685512 -25.8490500776571
-9999 -9999 -9999 -9999 -9999 -9999 -9999 -9999 -9999 -9999 -9999 -9999 -9999 -9999 -9999 -9999 -9999 -9999 -9999 -9999 -9999 -9999 -9999 -9999 -9999 -103.168633221437 -165.711425121563 -239.796676343058 -235.73683386058 -174.121417459131 -121.45544855201 -100.817507500913 -101.81205784665 -107.826443131037 -111.680330804 -112.51529985198 -110.618517997134 -109.849388719363 -109.125776152723 -104.267897181844 -103.047718863151 -108.088105450272 -111.389539242291 -108.620278841541 -99.8962108445174 -89.742841343746 -81.4100812854385 -74.4198000378489 -67.165137423152 -60.358152268432 -54.1634673203945 -47.7536314316185 -42.4350255214678 -37.866341673177 -34.2181166361821 -31.2332539201051
-9999 -9999 -9999 -9999 -9999 -9999 -9999 -9999 -9999 -9999 -9999 -9999 -9999 -9999 -9999 -9999 -9999 -9999 -9999 -9999 -9999 -9999 -9999 -9999 -9999 -88.1477798425533 -148.738186091301 -223.140207358967 -241.825257435529 -188.96022495091 -135.885981455504 -114.106460877172 -114.056814223871 -117.567406447777 -118.51265499122 -118.074737348811 -115.371352851444 -114.371879876919 -113.04884401754 -106.308726876606 -104.709233215624 -110.020893352156 -114.18796678849 -111.995700186777 -103.64279760942 -95.0142048241216 -87.3433941660313 -79.5410817984191 -73.1748363661243 -66.4275504681591 -60.8644622406007 -54.7371301780288 -48.3673353246197 -45.5427838271153 -42.0338782994686 -40.2146066813683
-9999 -9999 -9999 -9999 -9999 -9999 -9999 -9999 -9999 -9999 -9999 -9999 -9999 -9999 -9999 -9999 -9999 -9999 -9999 -9999 -9999 -9999 -9999 -9999 -9999 -76.2313662475315 -130.237994183995 -199.039100766862 -235.556808180403 -198.79302176814 -155.984581205564 -129.975686795214 -124.948823370368 -125.611988271526 -122.60485113062 -117.823688335741 -117.586258761584 -115.652396014484 -113.122274068345 -107.890593230331 -105.368789748979 -110.793733836485 -116.101704168469 -114.687360188093 -108.01083726815 -101.284390222001 -92.5825967883727 -85.4621622118112 -78.3469264187133 -71.4184303959159 -66.2982022366694 -60.0219928190529 -57.7285522655467 -53.4323979289761 -49.3790309702723 -50.5137751921583
-9999 -9999 -9999 -9999 -9999 -9999 -9999 -9999 -9999 -9999 -9999 -9999 -9999 -9999 -9999 -9999 -9999 -9999 -9999 -9999 -9999 -9999 -9999 -9999 -54.2488340568673 -72.3453122704649 -114.236044401364 -176.937397128126 -227.817846486111 -202.322581899549 -168.672299621572 -142.991571337826 -134.580292925282 -133.272542676322 -129.554851313493 -125.093520179781 -123.834437934803 -121.795720014055 -119.289170780764 -113.867958167377 -111.256292370209 -115.48520158152 -118.611174691886 -117.327779678465 -111.995501471616 -105.211578610259 -98.1263835144599 -90.9746823683598 -83.9245575515477 -76.2825477858065 -69.6548090238349 -66.0604291709089 -64.3206003522043 -61.1944130576958 -55.2088603269451 -52.5761711313262
