data/03_saidas_enm/CCSM_Maha_21k_B.balansae4.asc
NCOLS 154 
NROWS 168 
XLLCORNER -112 
YLLCORNER -55.5 
CELLSIZE 0.5 
NODATA_value -9999 
[rows 75 to 99 of 168, columns 56 to 111 of 154]
-9999 -9999 -9999 -9999 -9999 -9999 -9999 -9999 -9999 -9999 -9999 -74.3576316696329 -109.126537096878 -121.980968349129 -101.136572235379 -72.1323153842701 -54.4940091312119 -39.7141590500367 -33.0930255811892 -42.1928326446205 -54.4915766253249 -61.0821519992546 -67.2705213483679 -71.621671587837 -77.0321016146853 -79.71691077404 -81.0347147141259 -79.3577883506719 -78.2007544365591 -76.6351437748353 -74.1716497345789 -70.4968503620466 -66.4756850656165 -62.1949379722006 -58.1962838589019 -54.6206140275479 -49.3890671087418 -44.561513603617 -39.3451728376377 -33.484500088084 -28.771561568084 -23.669311827771 -19.6547213806784 -16.2727240278898 -13.1718598947356 -11.3025777415022 -10.9092769973164 -11.2394142818123 -12.0247797797217 -13.3330735804839 -14.8844572430855 -16.5506556748205 -18.6976740776596 -20.8553373077166 -22.7830035066268 -24.7393514525335
-9999 -9999 -9999 -9999 -9999 -9999 -9999 -9999 -9999 -9999 -9999 -64.2863672126622 -103.476452603325 -119.949876674071 -96.6667367145634 -75.9005071028755 -59.9403815242931 -45.2613929365242 -36.5376826440928 -40.00608056902 -48.7927619345605 -54.4558297501957 -60.8219189387609 -65.2565144354979 -79.3208365192516 -83.6009445929418 -85.4348091293946 -84.2177257016817 -83.6063903570821 -83.2538946244713 -82.6946921299137 -78.439932407659 -74.0029558035102 -70.1149347264586 -66.3953243492739 -63.2429713904863 -57.7410463517235 -53.3437409299637 -47.817629349741 -41.9704306123625 -37.0957814018351 -30.7606353472605 -26.0838247344153 -22.0881850928667 -18.2380224836103 -16.3881530840615 -14.5341650734149 -13.6578578809371 -13.4776445671047 -13.7475971938371 -14.304608419236 -15.3854892693256 -16.8846862476195 -18.2923744081475 -19.8057339518186 -21.4558887797852
-9999 -9999 -9999 -9999 -9999 -9999 -9999 -9999 -9999 -9999 -9999 -9999 -91.0003937586751 -105.296324427629 -99.1845909761035 -85.3351965746427 -75.9217850119397 -72.2215141152699 -62.050048937417 -47.6623026092557 -43.4538837051285 -44.0276007133778 -50.1877659739216 -57.5459997121698 -67.8919032070091 -80.1492425270872 -84.306420743291 -85.7431299334092 -87.4675298787763 -90.3691561069534 -89.8523982212941 -87.6563500322366 -83.1456904805052 -79.017136970194 -75.2939342068412 -71.5285867131824 -66.5685966242178 -61.8151904884862 -56.3324250074645 -50.9396706458877 -44.7540870968804 -37.4984189418573 -31.25267699584 -27.2541616183091 -24.4460751306964 -22.3562657619408 -20.5691501705796 -18.7783375382588 -17.6241715979081 -16.6699824155739 -15.8608780527039 -16.017474296387 -16.3867309397211 -16.9127819020236 -17.8828420290349 -18.9787065911222
-9999 -9999 -9999 -9999 -9999 -9999 -9999 -9999 -9999 -9999 -9999 -9999 -79.8999056299148 -93.6571083213021 -98.0081449812575 -101.695043606962 -100.743579276169 -108.884668906281 -102.035077199671 -80.2782664572685 -53.3452201510281 -43.5719759967685 -41.6205256942072 -45.505074542776 -60.4421375140523 -68.5838661440003 -79.498047912889 -83.8926980026528 -86.6531258537079 -94.8162032913727 -94.4422866181383 -92.5277876018794 -91.1652912588525 -87.7547035599975 -82.8329061920376 -79.1313936625963 -74.5950939291533 -70.5690897230344 -64.6271017961072 -58.419638198918 -51.8923487364392 -42.9459262312959 -34.0853594677455 -29.9323867386975 -28.5142739369285 -27.7551787390169 -26.3064132842525 -25.2042728109232 -23.6767263055347 -20.9328493795548 -18.8421368119329 -18.047484333465 -17.6542473164625 -17.4509629964801 -17.8909561117825 -18.3161312931876
-9999 -9999 -9999 -9999 -9999 -9999 -9999 -9999 -9999 -9999 -9999 -9999 -9999 -79.7217354207522 -101.062593462079 -124.446944048562 -133.709810892643 -146.96727320185 -142.114788536815 -121.6035933162 -88.957335918142 -59.0514612554811 -36.8848008767194 -27.8249117590313 -31.5422763432116 -47.216992275219 -58.4835537818886 -71.4587583555516 -82.7204186977894 -87.550762824138 -91.5728905690585 -93.9778816487296 -94.1475195171403 -92.166538968891 -90.3798717927121 -87.4540546005217 -82.5079391144925 -78.2820783930339 -72.7291074514325 -66.8376229113774 -59.3301314066174 -49.2508251018329 -39.5687173570291 -34.4745503144849 -32.4599033068517 -31.9027828572203 -32.6945442121343 -32.4914166427268 -31.3112020037992 -28.3031938957913 -24.8732680429268 -22.8531344004 -21.3014199609513 -20.1280765972495 -19.7892570598882 -19.1571432399926
-9999 -9999 -9999 -9999 -9999 -9999 -9999 -9999 -9999 -9999 -9999 -9999 -9999 -51.1738761189372 -94.8706059442829 -154.98982664978 -163.359489982395 -180.914666908882 -179.50371483852 -156.51327321569 -133.110772689002 -103.618067154 -69.3499168592583 -44.2709460230597 -32.8124154019824 -26.623818804145 -30.5691372366323 -45.529512838457 -61.1212793977725 -74.5520597925781 -81.5057841761083 -83.5542717996819 -92.3006203244878 -91.3669814526873 -92.5086778617707 -93.4415660774109 -84.7409946912094 -81.0340597074117 -76.5736075844519 -71.4920638327014 -66.6506543807106 -56.3231262251862 -44.7224880124571 -38.9513350306193 -35.8417659254249 -34.5196980850111 -37.2964710769092 -39.9582571142223 -39.7422811361702 -35.9589035799829 -32.5039154265168 -28.8507248028467 -25.9974859034903 -24.0933774360548 -22.9016545035539 -21.9653648716246
-9999 -9999 -9999 -9999 -9999 -9999 -9999 -9999 -9999 -9999 -9999 -9999 -9999 -9999 -76.5983046257722 -118.76971545316 -157.867047214229 -185.004485613234 -191.453054106104 -179.324889301507 -156.80500554749 -147.534797728921 -171.126961041309 -169.865443400247 -117.49797318512 -76.656675363634 -49.1828404169974 -21.3499370246306 -23.5793033347967 -33.0151366563637 -51.47605291966 -65.5589198903674 -75.7935936399189 -81.3365728490976 -83.508508244308 -82.0572008486938 -78.0106315003208 -74.1292636480792 -71.5914983300165 -70.1536478680281 -68.6498612412696 -61.3714981037631 -53.2131755134827 -47.2801422185436 -42.2732938448903 -40.591257649642 -42.4890878863772 -45.5966488550482 -46.1522337942585 -43.6465247180559 -40.2157260443333 -35.9980228959998 -32.0437687529527 -28.9626910271479 -26.5983946253636 -24.8888724102892
-9999 -9999 -9999 -9999 -9999 -9999 -9999 -9999 -9999 -9999 -9999 -9999 -9999 -9999 -52.0702721325349 -88.9022736986553 -134.935043862328 -179.078035258827 -202.208612931832 -193.38171254998 -188.753017216597 -214.527213369191 -341.251737205529 -403.788827903036 -317.432604765378 -273.285476158815 -173.920486490976 -83.8134666897665 -43.701504399074 -22.1996578097912 -22.4157452209933 -35.868597098963 -54.3979236872773 -66.0369549066387 -73.372110248912 -70.7368425211651 -66.8983223536197 -64.2156037866752 -63.7747270405832 -64.1367742417557 -68.724054900498 -62.4505937326799 -59.2776752853714 -54.4890897487726 -48.070126633682 -45.4794654147692 -46.532442179478 -49.647065121036 -50.6583586871595 -48.4240377793481 -47.5248696341337 -41.7457315079492 -37.3584093636177 -34.1626915938995 -30.8529035718815 -28.0908844639016
-9999 -9999 -9999 -9999 -9999 -9999 -9999 -9999 -9999 -9999 -9999 -9999 -9999 -9999 -9999 -65.8106396311406 -108.773070147948 -172.635870741116 -219.013441907291 -220.343851905434 -236.99542764078 -251.090202425703 -325.251123354398 -393.469360409111 -432.409178423607 -480.055414256003 -427.300907632805 -376.227806340029 -242.857459511323 -91.6797172312961 -32.0017765567015 -17.004780009595 -35.615197010957 -50.9015318438743 -57.418398375041 -59.3993062090212 -61.3317055249529 -61.886564425669 -59.26746094445 -53.5783305572028 -50.4510670214361 -53.6392523638417 -59.8056395727416 -60.8165754585998 -55.2139757922176 -50.7103402458629 -49.6872094524395 -50.4012062274197 -50.4115057115782 -49.2357534343882 -47.6248993343807 -43.778075637595 -40.6982059552054 -37.4969672830394 -34.2593816360514 -33.0878130865728
-9999 -9999 -9999 -9999 -9999 -9999 -9999 -9999 -9999 -9999 -9999 -9999 -9999 -9999 -9999 -58.8613355218116 -102.60774649405 -175.337273728834 -232.252318836583 -243.944656579417 -272.19128351302 -297.856617303831 -343.364402054909 -358.733179986724 -396.690656312703 -541.421694460282 -524.148837799168 -660.710580150329 -535.462060403607 -206.895762222427 -74.690596468672 -29.3803377364511 -19.7497937663643 -33.3173343952265 -42.1941956762119 -48.5427795373988 -51.1400452988955 -55.1793527252963 -51.7864457232989 -40.0927748928102 -34.5968596083992 -42.4459042810421 -57.7821994404518 -66.2194511059073 -61.6142014921034 -55.5095893383729 -53.9665180575886 -51.3400276508323 -50.4095083001987 -50.033050882245 -47.4087817478796 -43.9211848399279 -40.7288777351019 -36.676888637936 -33.5960093971619 -33.4638208565707
-9999 -9999 -9999 -9999 -9999 -9999 -9999 -9999 -9999 -9999 -9999 -9999 -9999 -9999 -9999 -58.3213409358902 -103.19585664107 -159.792238303418 -221.375959883516 -236.091268204591 -268.55815892624 -290.999499008159 -325.239994412172 -341.968624617085 -345.446232843544 -348.772840957638 -357.125968579918 -402.20552827188 -355.444190696576 -229.265737648384 -133.637248217051 -68.0763458260061 -20.2778411537207 -19.1464813125415 -27.2484300779569 -35.0276016190069 -44.9968374917097 -45.9930230955678 -40.0604067119276 -29.9140430536394 -23.6249326420634 -33.8942729286004 -54.9302830454134 -67.7619740257253 -68.533665381164 -62.7390151558157 -57.360212116377 -53.2468083658071 -50.6246438656349 -49.2128242874067 -48.1330825977659 -41.1762495636714 -34.6029261883995 -29.7166094966522 -26.1471203987097 -23.2091947113605
-9999 -9999 -9999 -9999 -9999 -9999 -9999 -9999 -9999 -9999 -9999 -9999 -9999 -9999 -9999 -9999 -84.3545094340916 -140.98333873218 -191.211775928407 -208.215214068787 -254.099421691034 -277.745278536596 -319.110477146164 -331.917945192579 -324.293430926492 -337.073143319882 -317.612142970083 -333.248641543542 -289.319776348427 -227.876932155407 -174.632404610676 -107.531855969451 -47.3864611298763 -16.6028475196518 -11.6330218897482 -20.5294378442119 -31.5028679776949 -37.8458458656136 -36.6100709548567 -27.7321047945861 -21.1208052726395 -34.9708604216627 -57.8217636803641 -71.2725784939797 -72.7432610941611 -67.2753066743606 -59.1331517162383 -53.0046581467301 -47.9854850817986 -44.8444693017303 -43.990697675033 -34.7634125217968 -26.6818288913529 -21.4106504256211 -18.0420307528176 -15.9535803908199
-9999 -9999 -9999 -9999 -9999 -9999 -9999 -9999 -9999 -9999 -9999 -9999 -9999 -9999 -9999 -9999 -9999 -84.7961733160184 -127.202875910518 -170.639202486638 -224.652608937156 -231.021808179208 -255.514693179533 -284.988670913206 -297.69549049898 -319.626211710285 -323.676757899232 -318.252517497532 -275.413769762026 -240.980159463651 -212.61466287635 -159.329520618001 -109.54924165056 -59.2352892937758 -19.2582108939004 -12.18570750669 -21.9129643436497 -35.8339174258399 -40.5317106466008 -40.1806204855086 -44.4633270026205 -51.2607215638197 -62.8262541734281 -68.9342873607042 -69.2695531005553 -64.0395916310127 -57.3320965654216 -49.4299969554431 -42.6866827570408 -36.9016016523512 -30.481320156732 -25.5767638082063 -20.0880739480894 -16.4542929965465 -14.0799645810371 -12.8591471895757
-9999 -9999 -9999 -9999 -9999 -9999 -9999 -9999 -9999 -9999 -9999 -9999 -9999 -9999 -9999 -9999 -9999 -9999 -9999 -133.524439624055 -184.655281606627 -173.085229366899 -177.053070263957 -213.85207797964 -250.340228248768 -287.219739172156 -316.05582818604 -334.116015897203 -290.664881789712 -245.481808247153 -230.977281407785 -197.880615223127 -182.040595431303 -132.143033989971 -60.2978704121319 -20.7384491942426 -8.87350564620626 -20.9986791207108 -35.7276067067898 -45.5981338086137 -62.7484727716575 -59.3239342491199 -62.6275802693888 -64.8561600918815 -62.796682081155 -60.1978340754898 -55.6368903677704 -47.5403484954594 -39.8535669428015 -31.7766947747256 -24.3857073381952 -20.0367024226654 -16.2171348425294 -13.6227223397838 -12.2291512288188 -11.5279959435874
-9999 -9999 -9999 -9999 -9999 -9999 -9999 -9999 -9999 -9999 -9999 -9999 -9999 -9999 -9999 -9999 -9999 -9999 -9999 -9999 -9999 -114.450661106036 -121.324209162452 -148.35846927078 -186.977836054188 -243.734834079034 -286.039819232059 -318.267364118497 -309.931589040941 -264.978744278077 -237.351143501777 -219.015944471482 -232.107509095871 -211.467711124308 -130.720842080402 -70.0679710713031 -37.4714942499196 -11.5852735758529 -20.6127039395368 -32.7819091090762 -43.5803417771304 -50.0236057537651 -56.3887308863698 -53.7814956599322 -56.0189505692778 -55.4259114516639 -51.4670396948042 -47.4435216647603 -39.6564340626243 -28.8458207662248 -21.4480402018319 -17.0134743366567 -13.870414515154 -12.380009976705 -11.1584994839177 -11.3473043426847
-9999 -9999 -9999 -9999 -9999 -9999 -9999 -9999 -9999 -9999 -9999 -9999 -9999 -9999 -9999 -9999 -9999 -9999 -9999 -9999 -9999 -9999 -9999 -106.181920597258 -127.937737811277 -171.205164837972 -229.688097662612 -289.50508451021 -309.574320511868 -292.685309536004 -259.634269704843 -225.334154172448 -223.178037508647 -214.637685951306 -185.793615666814 -142.282688988032 -69.8956000369669 -35.9200561476276 -11.8144773104634 -13.867721254068 -28.867927197122 -38.4376377653518 -45.2833072875046 -45.8024882973929 -46.4060052561667 -47.159886907863 -45.0467321820992 -41.57934998982 -35.5069198555903 -26.028632619191 -19.3726229287749 -15.6871971674408 -13.1895152309383 -11.0701845821606 -10.3608405417493 -10.1199877299297
-9999 -9999 -9999 -9999 -9999 -9999 -9999 -9999 -9999 -9999 -9999 -9999 -9999 -9999 -9999 -9999 -9999 -9999 -9999 -9999 -9999 -9999 -9999 -9999 -9999 -107.186906973061 -170.812507072574 -235.752825427422 -289.691289986462 -304.276469692395 -274.74833823664 -243.864917351659 -232.951170503688 -217.257584000315 -189.64499265137 -184.673224652395 -120.385005314519 -68.0656740195542 -31.7502182324119 -12.8489225432727 -20.667125661089 -29.2391835510783 -36.1873907116424 -35.1252848947332 -37.1499885450566 -37.4376097833046 -36.7379540099357 -32.8811533291194 -28.5197604197489 -22.9942514718404 -17.9698271548262 -14.8533872891421 -12.3368657266106 -9.98902182197071 -7.60821499379318 -6.98392854159555
-9999 -9999 -9999 -9999 -9999 -9999 -9999 -9999 -9999 -9999 -9999 -9999 -9999 -9999 -9999 -9999 -9999 -9999 -9999 -9999 -9999 -9999 -9999 -9999 -9999 -98.4832940848885 -140.207418753284 -195.892928687771 -262.88257979788 -313.482639959986 -320.023618327696 -310.46104967456 -283.246710613251 -235.071717123916 -201.049142572724 -175.076640441227 -131.389695944898 -93.28948959725 -50.9086692886004 -23.3651717990125 -18.9354199397803 -22.5573714475858 -26.7010746334846 -26.6065127196229 -28.7257438367853 -30.5988616286658 -30.3690030460071 -28.4520125671811 -25.7498376633908 -21.4826920451927 -16.7960178229671 -13.9368711322625 -10.9452708847208 -8.16740415004992 -5.82501271846534 -5.04923897736782
-9999 -9999 -9999 -9999 -9999 -9999 -9999 -9999 -9999 -9999 -9999 -9999 -9999 -9999 -9999 -9999 -9999 -9999 -9999 -9999 -9999 -9999 -9999 -9999 -9999 -9999 -9999 -173.628136031489 -243.2411909682 -325.326686104418 -401.290086204661 -379.778720210033 -355.506337564482 -299.195051150947 -239.305103115898 -205.576197147572 -153.116213931968 -120.581450396537 -74.8463633919431 -36.7977289389849 -25.1228260990826 -20.6684250871315 -19.0112122490244 -14.9740930873584 -19.7279977074694 -23.4561734981794 -24.5716686496107 -26.9062238004607 -25.5911965014526 -19.8112958466397 -16.0786868810347 -12.7305985078162 -9.54634185801393 -6.55195692554625 -4.60162289366225 -3.85518520179774
-9999 -9999 -9999 -9999 -9999 -9999 -9999 -9999 -9999 -9999 -9999 -9999 -9999 -9999 -9999 -9999 -9999 -9999 -9999 -9999 -9999 -9999 -9999 -9999 -9999 -9999 -9999 -202.357607260391 -266.297703923017 -333.868435599525 -387.630094871267 -402.954767006095 -383.603591977767 -346.574440543193 -301.569698158057 -253.37411718928 -179.389630757098 -132.621124756497 -87.8947453317788 -48.625543549244 -29.3203511603017 -22.335549844257 -21.6388980520921 -16.4586996053736 -15.6498128181626 -15.3501229527131 -16.1052409774831 -18.6161650047073 -18.435584631484 -16.1315152741718 -13.0571398175766 -9.08993804968828 -6.00325498576841 -4.6067806245432 -3.38430633076907 -3.05114906059939
-9999 -9999 -9999 -9999 -9999 -9999 -9999 -9999 -9999 -9999 -9999 -9999 -9999 -9999 -9999 -9999 -9999 -9999 -9999 -9999 -9999 -9999 -9999 -9999 -9999 -9999 -9999 -9999 -308.071205112588 -331.063430294715 -355.64967678449 -369.531165070471 -360.63623314693 -342.920080085928 -323.187813592812 -282.619987436915 -205.198489976433 -151.507450403769 -101.846673350648 -59.6302830126478 -34.7713050747419 -25.4511601539764 -28.1431025436076 -24.853446034135 -17.4940146803342 -9.25973055888601 -10.6355880493994 -11.853592674366 -11.6478931582792 -11.359684265981 -10.2240823068075 -6.12991734423226 -2.77340354265345 -2.25454788761974 -1.94077096900166 -2.18779187936491
-9999 -9999 -9999 -9999 -9999 -9999 -9999 -9999 -9999 -9999 -9999 -9999 -9999 -9999 -9999 -9999 -9999 -9999 -9999 -9999 -9999 -9999 -9999 -9999 -9999 -9999 -9999 -9999 -331.479256994939 -345.425327976125 -339.006340595799 -332.729285632958 -313.85475959727 -304.772383147652 -308.526094948531 -282.064308649897 -219.43812324804 -162.601514507263 -108.082916590966 -64.0259285425255 -40.1170556468271 -30.8908348244169 -32.1255911716239 -30.8938726412477 -24.0243109034892 -17.4016727490339 -10.9231658230693 -7.48391565684473 -6.17247574692735 -7.03017310634428 -7.29593322665417 -4.27594418022865 -1.7808007130393 -1.46406329413375 -1.2749489232167 -2.17857233934377
-9999 -9999 -9999 -9999 -9999 -9999 -9999 -9999 -9999 -9999 -9999 -9999 -9999 -9999 -9999 -9999 -9999 -9999 -9999 -9999 -9999 -9999 -9999 -9999 -9999 -9999 -9999 -9999 -336.818440733044 -332.181706336073 -343.962322831824 -310.985190078055 -273.318426362414 -272.7805073025 -295.670410650283 -286.906047147495 -219.98851469531 -161.902179332418 -108.779288578923 -66.3151216475913 -41.9816778236231 -33.8987414693982 -37.880507001136 -37.7522900067928 -33.5556244293625 -29.4636712397786 -14.6722054282244 -5.33926482599243 -3.34222809176535 -4.61683485148538 -7.43527935779354 -3.07673029649158 -1.65260240811722 -0.927285344939695 -0.967438919400322 -2.17171286150211
-9999 -9999 -9999 -9999 -9999 -9999 -9999 -9999 -9999 -9999 -9999 -9999 -9999 -9999 -9999 -9999 -9999 -9999 -9999 -9999 -9999 -9999 -9999 -9999 -9999 -9999 -9999 -9999 -312.991118709172 -305.731624500582 -287.673981445752 -292.414585898215 -276.493583165485 -281.940282929675 -297.747372074918 -281.184000033228 -216.946645113857 -153.186036450057 -100.536879046139 -59.1827935751549 -38.799708399154 -35.3603370906884 -39.641164490297 -40.8576439938096 -39.8329542152729 -34.9399802951746 -20.9131703335878 -10.3050505532418 -5.10262313444276 -2.92400604974458 -1.84607803037707 -1.07781209101831 -0.624743072480118 -0.815538691086233 -0.982429524149894 -1.85976010216273
-9999 -9999 -9999 -9999 -9999 -9999 -9999 -9999 -9999 -9999 -9999 -9999 -9999 -9999 -9999 -9999 -9999 -9999 -9999 -9999 -9999 -9999 -9999 -9999 -9999 -9999 -9999 -9999 -292.361451950953 -260.556448399971 -250.459711180946 -274.12290356922 -285.606611558668 -301.073341910694 -313.662200315521 -301.165723469861 -207.964067236782 -142.552517043091 -90.9527148291066 -49.2089662107738 -34.1704727697389 -31.98015144811 -37.7681010466436 -40.7226395978149 -43.1996527128495 -40.4744729617208 -24.9141181706283 -14.9714192727233 -7.5445307097061 -1.66143987007747 -0.377459376782186 -0.271826929231403 -0.311484514187777 -1.1161918033601 -1.42024260296483 -1.91696409221633
