data/03_saidas_enm/CCSM_SVM_6k_B.balansae1.asc
NCOLS 154 
NROWS 168 
XLLCORNER -112 
YLLCORNER -55.5 
CELLSIZE 0.5 
NODATA_value -9999 
[rows 100 to 124 of 168, columns 56 to 111 of 154]
-9999 -9999 -9999 -9999 -9999 -9999 -9999 -9999 -9999 -9999 -9999 -9999 -9999 -9999 -9999 -9999 -9999 -9999 -9999 -9999 -9999 -9999 -9999 -9999 -9999 -9999 -9999 -9999 0.0754275910337898 0.116067980347775 0.154944992889399 0.142092660657054 0.138150228834444 0.134424534530107 0.119810646799829 0.0966431797763398 0.0962627186827557 0.119437437468235 0.151811055238624 0.338613432778426 0.669507014433166 0.70039857087884 0.51440670624499 0.372388010001093 0.3286819812087 0.335929535973455 0.397591995997671 0.488201694948589 0.568807724606609 0.646010650335873 0.708668611713638 0.766849112551944 0.816955636675759 0.878792359960226 0.94704207000322 0.996500450573194
-9999 -9999 -9999 -9999 -9999 -9999 -9999 -9999 -9999 -9999 -9999 -9999 -9999 -9999 -9999 -9999 -9999 -9999 -9999 -9999 -9999 -9999 -9999 -9999 -9999 -9999 -9999 -9999 0.0795153858743762 0.120350401912388 0.154350278041215 0.144064189555077 0.140739375086644 0.136461344291341 0.118600709375509 0.096059001990955 0.100942849015115 0.125893073137013 0.161291081824966 0.397906487799634 0.696659697062361 0.673537887424128 0.488660889073381 0.35518516505597 0.314072881894342 0.324453288981742 0.395994316367347 0.471577491208392 0.535515832994087 0.600480761216873 0.650990857123957 0.718016823442442 0.767017935120459 0.825224314649178 0.89916817527365 0.95438536115463
-9999 -9999 -9999 -9999 -9999 -9999 -9999 -9999 -9999 -9999 -9999 -9999 -9999 -9999 -9999 -9999 -9999 -9999 -9999 -9999 -9999 -9999 -9999 -9999 -9999 -9999 -9999 0.137718655360664 0.0850715027503824 0.117670247725128 0.1546373581622 0.147306870960469 0.143593217058232 0.138680636289425 0.120463319531584 0.100347813202838 0.107507736500794 0.132603280890095 0.186282559916852 0.480884938127177 0.714552619104739 0.623267982340449 0.470839160592902 0.354537263572268 0.301521342277335 0.318740686263426 0.375054201183139 0.445436631522004 0.50586945040792 0.563064095246722 0.615832010608266 0.669429206681653 0.718460295791667 0.777423346786772 0.848317235252686 0.903505202993656
-9999 -9999 -9999 -9999 -9999 -9999 -9999 -9999 -9999 -9999 -9999 -9999 -9999 -9999 -9999 -9999 -9999 -9999 -9999 -9999 -9999 -9999 -9999 -9999 -9999 -9999 -9999 0.137015511891382 0.0877138360984653 0.115833001376831 0.1515110789781 0.147712361984685 0.145677810081294 0.141594558844631 0.120878524462386 0.104111574415641 0.115589903614548 0.141460711641238 0.209608005589142 0.53807027194457 0.67037876016289 0.557976466930838 0.426961488271391 0.334824869108573 0.288779882229916 0.294073225994289 0.33814973081854 0.405788158156315 0.46715646754406 0.520846972374377 0.571157389796105 0.622326946188577 0.664992941347783 0.72354508597199 0.793244156374757 0.851649395869205
-9999 -9999 -9999 -9999 -9999 -9999 -9999 -9999 -9999 -9999 -9999 -9999 -9999 -9999 -9999 -9999 -9999 -9999 -9999 -9999 -9999 -9999 -9999 -9999 -9999 -9999 -9999 0.135220813065119 0.0911128914294358 0.11800292988419 0.146101093136593 0.14592067928652 0.14565344481564 0.143270515284544 0.120381032778431 0.106376373215067 0.122816733836735 0.150182026686542 0.228089686273132 0.55452639630017 0.643573516373071 0.496712199183678 0.376551447654704 0.31007529928134 0.28613403946801 0.277316558161142 0.315795169840974 0.368158397417284 0.424400045045402 0.486161606424083 0.531390506967441 0.58636176435875 0.626287261966882 0.679725758118773 0.746974472353114 0.802514606742665
-9999 -9999 -9999 -9999 -9999 -9999 -9999 -9999 -9999 -9999 -9999 -9999 -9999 -9999 -9999 -9999 -9999 -9999 -9999 -9999 -9999 -9999 -9999 -9999 -9999 -9999 -9999 0.134166128135151 0.0967776197363978 0.124371329339164 0.141922163489407 0.142745352548875 0.144330350310353 0.143813830839582 0.119393954336218 0.111553425980677 0.131089316799883 0.150835040390432 0.22511410533513 0.54415721896822 0.594051117828061 0.436815875455532 0.337434684861946 0.298999856104434 0.28731179681838 0.292486717544685 0.328721172997047 0.354039100850993 0.400852212844963 0.463613730390707 0.507429779200374 0.551648631040413 0.590129740909052 0.63810103799351 0.700335916839363 0.755574379494505
-9999 -9999 -9999 -9999 -9999 -9999 -9999 -9999 -9999 -9999 -9999 -9999 -9999 -9999 -9999 -9999 -9999 -9999 -9999 -9999 -9999 -9999 -9999 -9999 -9999 -9999 -9999 0.135310755050648 0.107457075748465 0.131352050009143 0.139268378969635 0.140645283455597 0.142772990973398 0.14345458222458 0.120252400927097 0.124494538980784 0.137560611868993 0.147767648185954 0.212984828403185 0.554226974605704 0.563821660508851 0.382859535556059 0.318543101539046 0.295225464943938 0.300913604606403 0.329346422516991 0.345422154111827 0.376369202899448 0.404586076319821 0.444938018537008 0.500976202042573 0.531702232962837 0.559902088331929 0.604109739141543 0.658113112019036 0.726614911798645
-9999 -9999 -9999 -9999 -9999 -9999 -9999 -9999 -9999 -9999 -9999 -9999 -9999 -9999 -9999 -9999 -9999 -9999 -9999 -9999 -9999 -9999 -9999 -9999 -9999 -9999 -9999 0.140543647690417 0.119098899263784 0.134637619875947 0.138195192147613 0.139840978223179 0.142092968163687 0.143133521550718 0.124665942950024 0.135102559344094 0.140873875814739 0.146066628104337 0.213040414038784 0.547170911144477 0.508918505846082 0.340416119145389 0.294005829229084 0.284067451790999 0.293428372198632 0.324739276290601 0.341371538011844 0.370816946860987 0.403294721589294 0.432975259499774 0.470566900340737 0.497786016609474 0.52784205808909 0.569775425487114 0.620477083463849 0.685005661393325
-9999 -9999 -9999 -9999 -9999 -9999 -9999 -9999 -9999 -9999 -9999 -9999 -9999 -9999 -9999 -9999 -9999 -9999 -9999 -9999 -9999 -9999 -9999 -9999 -9999 -9999 -9999 0.148632108025432 0.130080737789759 0.136318030379337 0.138284815765386 0.139609971581317 0.141790684559303 0.143179639451877 0.128805540281246 0.140391107856591 0.14214667264651 0.145907221830049 0.221692006874716 0.548166128640961 0.438369257510007 0.29578645994246 0.266845848525667 0.262754893015569 0.270638133776812 0.283698396211191 0.314510922612052 0.342145827375429 0.375374908410021 0.41441989029265 0.436338543011699 0.458749787164749 0.48784424213841 0.530204313067252 0.586525973237174 0.644173307460716
-9999 -9999 -9999 -9999 -9999 -9999 -9999 -9999 -9999 -9999 -9999 -9999 -9999 -9999 -9999 -9999 -9999 -9999 -9999 -9999 -9999 -9999 -9999 -9999 -9999 -9999 -9999 0.154997969504529 0.136123317044418 0.136670637375106 0.137630272010941 0.139105105651405 0.142131334513958 0.145199211400361 0.131512922607895 0.140965821190509 0.142588644380869 0.152753803057233 0.297899604497746 0.549574963415337 0.376734964597565 0.261448312233411 0.240729922136747 0.240848038130481 0.24866097631649 0.26074663851631 0.285526802176007 0.312456902838369 0.34379812353904 0.378125482392358 0.402186149094313 0.423987606484543 0.446853475410454 0.489429206294629 0.539612949388002 0.590361248769558
-9999 -9999 -9999 -9999 -9999 -9999 -9999 -9999 -9999 -9999 -9999 -9999 -9999 -9999 -9999 -9999 -9999 -9999 -9999 -9999 -9999 -9999 -9999 -9999 -9999 -9999 0.149189860427085 0.158811836666581 0.139871569156265 0.136344578382028 0.136300327461347 0.138012518420211 0.143309046525493 0.152119141221747 0.13493234538242 0.141436954010506 0.144443745025 0.190210507711144 0.431014257177793 0.493567450211003 0.288987634604572 0.228033734367029 0.219644443710692 0.221704226497344 0.233734598424733 0.245213613341635 0.267748867314824 0.290980990793175 0.31898916347595 0.346908562772609 0.368880691786999 0.398234294131028 0.418070416226093 0.45744504826768 0.500567227812267 0.536859525091948
-9999 -9999 -9999 -9999 -9999 -9999 -9999 -9999 -9999 -9999 -9999 -9999 -9999 -9999 -9999 -9999 -9999 -9999 -9999 -9999 -9999 -9999 -9999 -9999 -9999 -9999 0.155339610593628 0.159346597592857 0.139963121111762 0.134549603344749 0.133959371536009 0.137273270495733 0.147991591379056 0.164497529962615 0.147360456401996 0.144925520872157 0.166393547519798 0.31472263217767 0.478860152295657 0.37226918107405 0.239500990095428 0.198381631569478 0.198931451454034 0.19949469603398 0.206794636362531 0.219421945643176 0.240860417328967 0.264145822849146 0.290801322058403 0.320059215109845 0.345340595630393 0.372857107958798 0.398235907037295 0.431522251605178 0.463138636064312 0.492565682165988
-9999 -9999 -9999 -9999 -9999 -9999 -9999 -9999 -9999 -9999 -9999 -9999 -9999 -9999 -9999 -9999 -9999 -9999 -9999 -9999 -9999 -9999 -9999 -9999 -9999 -9999 0.165358883463295 0.151874462543877 0.136416715780844 0.131778803523226 0.13188442448884 0.13718970275103 0.1563131035648 0.186931513115384 0.190240573734654 0.171110547211637 0.278486944226527 0.428921526576102 0.352612529726817 0.25195628863188 0.182627478230669 0.175738949258995 0.179381297402822 0.183133080198084 0.188232923355584 0.190631230691942 0.213222288677524 0.239354100264896 0.263957026324471 0.291968411099478 0.31771715375603 0.347059363456955 0.378681353714734 0.411122092175112 0.431638566760603 0.453401554666651
-9999 -9999 -9999 -9999 -9999 -9999 -9999 -9999 -9999 -9999 -9999 -9999 -9999 -9999 -9999 -9999 -9999 -9999 -9999 -9999 -9999 -9999 -9999 -9999 -9999 -9999 0.168658769994364 0.142859696133386 0.132541233053654 0.129738752366831 0.130579325012915 0.143294856438562 0.186834224024427 0.266572738278675 0.337541588376156 0.367911978112437 0.429840300491606 0.350789671083202 0.223652503144088 0.177222202158728 0.161985300585094 0.160048756419073 0.163250193673933 0.168932319425213 0.178660847659463 0.190145281786856 0.206351285365471 0.223770534593526 0.24469531307438 0.268076908545308 0.29451105776033 0.321340128549963 0.349560829068851 0.376087329303858 0.390962882934222 0.402644315674968
-9999 -9999 -9999 -9999 -9999 -9999 -9999 -9999 -9999 -9999 -9999 -9999 -9999 -9999 -9999 -9999 -9999 -9999 -9999 -9999 -9999 -9999 -9999 -9999 -9999 0.181754096231747 0.155511568743834 0.135365950184253 0.130824791500836 0.128576023704975 0.133693133155191 0.15825259631682 0.251878788650547 0.386631061176531 0.451422319400868 0.397612833966167 0.33678318975173 0.207962783266458 0.150594899302207 0.144352820834845 0.147993528435735 0.145054919680667 0.149875096953632 0.159396367276365 0.171227702733663 0.188941368061129 0.199385725482061 0.211728632663717 0.225844166409848 0.245069249530397 0.268735311831492 0.295522855325477 0.317438084827353 0.337722564191561 0.347626183137238 0.354750038700307
-9999 -9999 -9999 -9999 -9999 -9999 -9999 -9999 -9999 -9999 -9999 -9999 -9999 -9999 -9999 -9999 -9999 -9999 -9999 -9999 -9999 -9999 -9999 -9999 -9999 0.180067249112819 0.14556101599276 0.130763151251115 0.127566877939595 0.126228258411168 0.136837877905044 0.174318980246382 0.274423504015225 0.380243345592055 0.349760154548651 0.258217871276822 0.190298155681098 0.145399115679475 0.128238433044078 0.127759773116051 0.133494333429716 0.133064104173738 0.137708922129579 0.14541855032862 0.159402534764899 0.174925165923289 0.184244031024285 0.193567954809638 0.207666840220164 0.223557379358757 0.24876274957191 0.269143205713823 0.286228231952772 0.30350251113085 0.311834704237918 0.313919509966646
-9999 -9999 -9999 -9999 -9999 -9999 -9999 -9999 -9999 -9999 -9999 -9999 -9999 -9999 -9999 -9999 -9999 -9999 -9999 -9999 -9999 -9999 -9999 -9999 -9999 0.178405886669539 0.140390313742102 0.127488824181446 0.124343296278288 0.122254523797268 0.14374989681045 0.179962304078947 0.232521206389954 0.243759501666595 0.186496045045513 0.125408239437836 0.116219120115831 0.109130662942541 0.11046041810536 0.116210763854316 0.121119566881536 0.121892412819063 0.123558418866267 0.130544691929733 0.143057862821566 0.1589217652339 0.165393753214006 0.172965195206427 0.187084306815188 0.20630095897448 0.228644478571581 0.246036610439856 0.259276722786311 0.272781033433108 0.278433189434562 0.279532472200621
-9999 -9999 -9999 -9999 -9999 -9999 -9999 -9999 -9999 -9999 -9999 -9999 -9999 -9999 -9999 -9999 -9999 -9999 -9999 -9999 -9999 -9999 -9999 -9999 -9999 0.190537850888359 0.139179159957145 0.12327198729662 0.117007002840858 0.11323076432974 0.134659481693338 0.160326032358302 0.156188548230363 0.137265892930554 0.10642845738864 0.0846869971043371 0.0794492850448949 0.0785486710687519 0.0827850533992928 0.094400274342709 0.104509138313993 0.107098538079288 0.110076513009074 0.114853404914014 0.11977994097817 0.127911909297412 0.140282593906956 0.156577461292513 0.174181531129687 0.190629138577556 0.207919607382558 0.2247351847782 0.238331402224591 0.250791930217581 0.254572544558562 0.252345256615427
-9999 -9999 -9999 -9999 -9999 -9999 -9999 -9999 -9999 -9999 -9999 -9999 -9999 -9999 -9999 -9999 -9999 -9999 -9999 -9999 -9999 -9999 -9999 -9999 -9999 0.203765483321579 0.138288421013719 0.119356880013881 0.110166537108348 0.102402037758981 0.127274470482769 0.134065504777426 0.106425620341559 0.0927106355881215 0.0802916686909447 0.0665591999556098 0.063327829183761 0.0595148284378525 0.0610423267489569 0.0758002599187727 0.0860609454556192 0.0917618784658935 0.0955792013306961 0.101165711971617 0.104013197216668 0.10643251126807 0.122958024941319 0.142220493897398 0.160346178103958 0.175986322030424 0.188700893821917 0.206482442801901 0.219814762099354 0.230671529994749 0.232137231049429 0.230354135665778
-9999 -9999 -9999 -9999 -9999 -9999 -9999 -9999 -9999 -9999 -9999 -9999 -9999 -9999 -9999 -9999 -9999 -9999 -9999 -9999 -9999 -9999 -9999 -9999 -9999 0.208437643046345 0.137460019959559 0.116788509723455 0.103923812369196 0.0906099112846816 0.102369836879466 0.0992204420251301 0.0796105637487612 0.073769612894158 0.0684204664196817 0.0631962703592467 0.0543659138219704 0.0505824201898686 0.0515752553291778 0.0593382508977695 0.0689390430872948 0.0748673181885288 0.0812188643310757 0.0882968616530897 0.0923956933098233 0.099105566014216 0.110232319272696 0.124069460696409 0.141210573150997 0.158566840494146 0.173313020958552 0.189331772250877 0.201960809437566 0.21354602260595 0.217068640458038 0.213909360418614
-9999 -9999 -9999 -9999 -9999 -9999 -9999 -9999 -9999 -9999 -9999 -9999 -9999 -9999 -9999 -9999 -9999 -9999 -9999 -9999 -9999 -9999 -9999 -9999 -9999 0.221236666253956 0.135066647049268 0.116960485677602 0.103720522592566 0.0845537570247786 0.0843947382206809 0.0733253410920336 0.0598508085019041 0.0611878101502529 0.0581798297036824 0.0533249377046207 0.0474803379045071 0.0437543872955463 0.0437378363787476 0.0491245234003517 0.0553379050024422 0.0626685669225328 0.0736580023193245 0.0816617099543692 0.0852844315238158 0.0907615138584182 0.101201283687967 0.111720331593974 0.125685960023089 0.140888479552586 0.15695084439567 0.173985053878107 0.187132840047393 0.19895606139086 0.202554270077046 0.201025753923244
-9999 -9999 -9999 -9999 -9999 -9999 -9999 -9999 -9999 -9999 -9999 -9999 -9999 -9999 -9999 -9999 -9999 -9999 -9999 -9999 -9999 -9999 -9999 -9999 -9999 0.230645804097157 0.133603224304625 0.118499413532109 0.107798626877524 0.0831489906270201 0.0664790676283354 0.0523725657404279 0.0467583286412609 0.050947457713533 0.0473950808803659 0.0407607718416284 0.0380692764004184 0.0375369334474038 0.0386882422610368 0.041775395923874 0.0463361838187462 0.0538532639919819 0.0673351477522525 0.0757464228154125 0.0779990672822367 0.0830946705206 0.0912018272272354 0.10032588930109 0.11307142042797 0.126609211814478 0.141192403430721 0.160122836397459 0.175877731362386 0.18842719629848 0.192566597140185 0.190213525279987
-9999 -9999 -9999 -9999 -9999 -9999 -9999 -9999 -9999 -9999 -9999 -9999 -9999 -9999 -9999 -9999 -9999 -9999 -9999 -9999 -9999 -9999 -9999 -9999 -9999 0.248433365821713 0.131173011875625 0.114493556242756 0.110331013674024 0.0853319830067439 0.0588310585882257 0.0410182959954221 0.0408755000300649 0.0467730013478314 0.0421136284070679 0.0360302681060212 0.033903292460137 0.0341562615105384 0.0354629047056931 0.0388286011690424 0.0421980308095136 0.0488134074557818 0.0615166264598505 0.0697664879372042 0.0705902670284835 0.0737667074324601 0.0811354502774331 0.090212033581172 0.102719713030699 0.116568923154141 0.130898914091455 0.148917140594192 0.164193674584717 0.175515817900043 0.18150265456924 0.181497678921907
-9999 -9999 -9999 -9999 -9999 -9999 -9999 -9999 -9999 -9999 -9999 -9999 -9999 -9999 -9999 -9999 -9999 -9999 -9999 -9999 -9999 -9999 -9999 -9999 -9999 0.267092777685957 0.129652113867783 0.108973438165568 0.109834732574108 0.0873599833765488 0.0599299305403065 0.0397824776175179 0.0383848966082285 0.0454429023697666 0.0389765615424481 0.0318249937756508 0.0311436184470354 0.0309837277174209 0.0327229744836429 0.0369585123487796 0.0410378927650387 0.0460465547610615 0.0567400421746959 0.0634162408563322 0.0631067179299263 0.063658090203911 0.0703979777117863 0.0811861995866586 0.0942429164009209 0.109481837510735 0.126475305459596 0.140912133355839 0.150330955498723 0.164771990002519 0.173181232852999 0.174653780010738
-9999 -9999 -9999 -9999 -9999 -9999 -9999 -9999 -9999 -9999 -9999 -9999 -9999 -9999 -9999 -9999 -9999 -9999 -9999 -9999 -9999 -9999 -9999 -9999 0.277355632830189 0.259982536243874 0.122260379349642 0.105001614307827 0.111653707979337 0.091041294218394 0.0626169358069404 0.0388680215696005 0.0384924676432214 0.0461616649558785 0.0408770500067214 0.0328464523298259 0.0320507948139304 0.0320600994854381 0.0331272893328421 0.0364313466416762 0.0415777493962653 0.0454616729450078 0.0527766844674236 0.0575141288407451 0.0565878240483392 0.056517628758791 0.0616281308133132 0.0707695676446512 0.0830345062423494 0.099812067758866 0.118468514228377 0.13150792111028 0.141719168716387 0.159455196423051 0.172403352492693 0.168860992173059
