data/03_saidas_enm/CCSM_Maha_6k_B.balansae5.asc
NCOLS 154 
NROWS 168 
XLLCORNER -112 
YLLCORNER -55.5 
CELLSIZE 0.5 
NODATA_value -9999 
[rows 50 to 74 of 168, columns 56 to 111 of 154]
-9999 -9999 -9999 -9999 -9999 -9999 -9999 -9999 -9999 -9999 -9999 -9999 -9999 -1337.9700756439 -721.072412940709 -338.014323210501 -151.413183001514 -75.8906126620785 -55.9576542037434 -42.9310356760061 -40.5441038738937 -31.8872312483871 -38.7360353235354 -54.5450283412494 -87.0063272691238 -122.617489867728 -157.079219047821 -220.667280550858 -274.029423142392 -345.926232001552 -402.301693886869 -369.514949725689 -300.369322552051 -204.218975899707 -94.9024481902749 -49.3049870017415 -32.9416074645603 -18.673509300704 -15.9526409031654 -14.6988232546334 -11.9387819498979 -14.1531237883103 -14.7694813185147 -17.181906306217 -12.8817686076994 -11.862093754853 -11.525846679875 -12.1797463813891 -13.5876049654242 -14.8134526005074 -15.5654794426174 -16.3361887542595 -17.8968339147449 -20.0392623902658 -20.9364362819885 -19.0433881582379
-9999 -9999 -9999 -9999 -9999 -9999 -9999 -9999 -9999 -9999 -9999 -9999 -9999 -745.227601718263 -413.277883985683 -197.803838244753 -103.527757233969 -68.6539856316198 -48.0590095460533 -38.9224274013018 -38.011775627253 -35.6786313343634 -39.4364663822139 -51.4507374671892 -75.0497850868622 -106.69523420809 -138.927464336694 -187.417042575952 -234.914354015927 -282.811840047728 -315.702820843665 -287.215203552272 -220.939922264595 -140.108570428833 -71.499148759563 -39.3869368449294 -23.9801799589877 -14.6900962240373 -12.2125658958382 -12.3089458976722 -11.4700102533465 -13.4596587712424 -14.2480455903217 -17.2918125364044 -13.9769044093348 -11.8051881975371 -12.0990648218951 -12.0213151876594 -12.857081024736 -13.7108906112378 -14.714530568869 -16.786511684846 -17.6411757750278 -17.3624131494933 -19.2475931800652 -18.1595702816787
-9999 -9999 -9999 -9999 -9999 -9999 -9999 -9999 -9999 -9999 -9999 -849.950425000179 -609.96715077104 -377.695307895389 -214.342364511548 -123.240672396673 -84.1707162766421 -53.1777877984028 -40.8077254079535 -36.8050750777583 -38.3824980263937 -43.8095822835679 -51.1400456687389 -66.9007556410234 -95.9731160453761 -129.899482106345 -175.268928595861 -229.512501649805 -286.971209424406 -352.349880579462 -383.882061382887 -329.541684330677 -248.86445816642 -158.363654150689 -79.9109888218925 -41.1697622626101 -22.4724179149242 -11.7543654786025 -10.7896947786296 -11.0876100822732 -11.6045909366392 -13.0505343683302 -13.8052821162951 -15.5657105557598 -16.737836920964 -15.3761227990485 -14.1980762541033 -14.5383838880481 -15.1416072832115 -17.1508590727652 -15.3468580639621 -13.1491319068188 -11.9951928043998 -13.5263804156657 -18.0540505890126 -17.6995107074292
-9999 -9999 -9999 -9999 -9999 -9999 -9999 -9999 -9999 -9999 -773.904867607772 -516.571869653262 -301.554207218966 -210.640932609372 -163.787613358869 -120.203795601562 -76.2744632403728 -49.5695465221974 -42.0234455585739 -44.8534732202649 -51.7275258785014 -61.5500993122345 -79.1398080259562 -103.164381725437 -138.297276469746 -182.929877693514 -237.791016677977 -299.235723536044 -359.958206342771 -410.121076304759 -423.465531674718 -356.231992256941 -259.623486111572 -163.070738013115 -86.9865923127108 -45.3175021819631 -28.4108266722981 -15.3581489535256 -11.8015226372145 -12.3634231469946 -13.439488404135 -13.9741198377801 -14.6401531151809 -15.8554583144385 -17.796069991662 -17.505934574233 -17.7182544587684 -18.9549328775439 -19.6123160914558 -16.3499852277073 -12.9196104095184 -12.5705609305212 -12.753327784283 -14.9977001251721 -19.9957780918339 -19.2268944379706
-9999 -9999 -9999 -9999 -9999 -9999 -9999 -9999 -9999 -9999 -457.645118145407 -244.011885470201 -150.161973789379 -134.671383456477 -130.438256566058 -120.669771283957 -88.5417165217553 -65.5358845365501 -60.3606609455377 -68.3346436899201 -74.2858093199836 -92.7978664663259 -117.011066298064 -146.610192979337 -191.546737899484 -243.660374948482 -302.151387565057 -368.252411228537 -423.735294377348 -462.87203810682 -468.798649352225 -376.016574503847 -269.433335410057 -172.046232577458 -93.6436704389839 -50.7926996836782 -35.0591368493093 -26.0433403504884 -19.5826854197608 -15.9235737806424 -14.984606881773 -14.6850740127353 -15.4358390606619 -16.104936502563 -17.1072757623509 -19.5318127570157 -20.2802459620782 -19.6719099949609 -19.1555102904847 -18.9369017148311 -17.8921530748078 -20.2501329872708 -21.7375736951509 -23.8875341164506 -29.5862555923569 -22.2754383403112
-9999 -9999 -9999 -9999 -9999 -9999 -9999 -9999 -504.790332787235 -351.682289567374 -213.954430733998 -144.684003723659 -100.861525794413 -93.5781034601387 -107.752061879981 -127.309480024565 -111.457930359471 -91.3268867415314 -89.5973921471188 -101.992818430068 -123.482234727836 -141.927276029515 -162.715122179432 -194.890429390313 -248.299627921831 -311.613160447448 -373.029860073119 -432.000569641192 -481.382674273766 -505.418863159434 -489.379757922603 -394.915000050039 -283.37569235302 -183.484577410098 -109.183173295542 -65.4649774022691 -43.8772759379685 -32.9464860767683 -27.3221369377732 -24.2476299849745 -22.668242119698 -21.8980336683881 -21.8970817579845 -22.1508954087243 -22.9545595454799 -24.3508947915148 -26.9543332986018 -30.6008893357906 -34.0987778649504 -37.511007129592 -39.2002565615333 -39.1175702492376 -41.5088757666162 -42.3801579234287 -41.2826994846188 -26.0793874674142
-9999 -9999 -9999 -9999 -9999 -9999 -9999 -9999 -336.600860623279 -201.093227605032 -103.576770334467 -71.7888093531147 -70.2937809786366 -82.4022767334099 -91.1655554725072 -110.713266737897 -133.689890534773 -125.085479796185 -124.377849552474 -150.27202532569 -186.227408258399 -205.070592671288 -222.534364950305 -253.905671829229 -315.522888099781 -382.056992616724 -401.799828255937 -421.943403683833 -424.144923116642 -414.933330228936 -403.802108315615 -384.184383064191 -296.283268089712 -203.247703658194 -130.321365935426 -87.6038800821545 -63.2445786807165 -46.9105971447309 -40.3498639791156 -37.7685583985158 -37.4621493726709 -38.7439637118485 -40.0327682735646 -42.3865406198073 -45.6337391890324 -47.1998827005021 -49.9182829534873 -52.6363201764404 -57.9198759056602 -63.0176924474687 -64.2903453676233 -64.6447964978981 -62.3313736800053 -59.1480098867033 -57.3694887888322 -32.6651423976533
-9999 -9999 -9999 -9999 -9999 -9999 -9999 -355.320618279668 -242.592473470508 -135.817641704626 -63.1385497508989 -56.1585984582475 -66.455454213073 -71.9425383664301 -74.3513715618154 -98.4727489681557 -115.71550693301 -143.080949369741 -159.008316270193 -197.284751282011 -236.17750107838 -251.445899443118 -269.962148069273 -281.013943213641 -299.790021182682 -322.01556104494 -326.387011572873 -326.52385419251 -327.461511724429 -324.350896206374 -320.748970952774 -306.976858548832 -292.005004862603 -220.86979376122 -157.629302331609 -117.569114978827 -89.724794968571 -71.6117312134049 -63.5194762720537 -63.2145782895867 -64.5458799942364 -70.9800554980418 -78.1945300760352 -83.8732050677485 -88.4464550351489 -91.4773244848326 -93.5839538058621 -97.8796151154611 -105.551251701607 -108.643252061879 -105.50566644507 -101.437171932704 -90.8860527397415 -83.2524442515731 -75.9547030363525 -40.277845396249
-9999 -9999 -9999 -9999 -9999 -9999 -9999 -287.528760377998 -164.168010674406 -71.6203044708942 -49.6460506043612 -62.0942561838689 -73.4909610556152 -65.4494812024979 -61.7562621848828 -78.1267584116214 -95.9577968299314 -119.750660215613 -132.964474301613 -156.561988185518 -187.015693735551 -205.016821834768 -223.064047819778 -226.268597982513 -230.586010156268 -244.425645426741 -246.060436572745 -254.834075868537 -250.826694358282 -237.456004837467 -235.242550147016 -228.654046307538 -231.122681759177 -228.341479876429 -183.938745085113 -149.124971475781 -124.620229123604 -106.559862519646 -101.323250859129 -105.752520412355 -110.755125693003 -124.115422561729 -134.52654748863 -146.036486084373 -158.100001924257 -162.018138753959 -166.629995139748 -175.069305981504 -184.027948256471 -179.593043206927 -163.052480458089 -142.342781630118 -123.172242263285 -109.740910655326 -96.5946094905812 -56.5572753882104
-9999 -9999 -9999 -9999 -9999 -9999 -336.894334406327 -203.007573571855 -106.421089838854 -47.409198140501 -58.1232944984685 -71.1545945353653 -77.5976395803197 -62.4106000042346 -52.825617000157 -64.609056940021 -75.8352766625174 -93.6524652728493 -107.101852027769 -126.337473918918 -152.487223133895 -163.43347216237 -171.748176565976 -174.148950485304 -183.794065954145 -190.97888006111 -194.31764694667 -191.802527413157 -187.245849884111 -188.573243235138 -183.952858555034 -184.018040642947 -182.028873426977 -181.418126578478 -188.893568736748 -176.845842106213 -160.449461927388 -152.299993046748 -150.852657043102 -158.709155618185 -173.351861430371 -189.419546425913 -209.31926830874 -227.264287896161 -219.430502508531 -199.40491615823 -188.278278719421 -177.578840440445 -169.478637892827 -158.370807069731 -144.372348849098 -127.332171248079 -107.449401320211 -92.8018730316745 -86.0061250574881 -71.4421062957154
-9999 -9999 -9999 -9999 -9999 -9999 -272.396777413086 -146.7185882007 -73.8711349302328 -33.672233371272 -57.8250259579064 -73.8976880300772 -71.9254469070687 -55.0255936387689 -44.1685209033054 -48.8054151771086 -61.5302639602198 -76.0102724469126 -85.9885881418014 -96.7325032455683 -111.471892813625 -120.496841732738 -127.578373521958 -128.796216397644 -132.131848312323 -138.377147255 -139.161040865759 -140.089896043495 -138.41436226444 -137.276193974031 -138.734715944223 -138.696633502287 -141.603839896358 -144.119531907724 -148.619950597759 -155.090590891787 -161.485965081723 -171.38435029079 -178.077159978175 -181.486532834034 -188.322740295786 -186.840298980921 -185.239222513369 -180.159835985295 -167.153899673277 -156.076337573187 -148.319833434756 -143.463833981643 -137.672808960982 -126.76605616683 -117.245554070526 -103.134512829976 -90.6880137534054 -81.1667009660854 -73.4796619349377 -69.0892632332584
-9999 -9999 -9999 -9999 -9999 -9999 -234.533335102623 -121.932701621588 -52.1128388425018 -24.0445665377373 -40.6362727986038 -58.6251472816211 -60.9857600543075 -47.6605003944477 -37.011347046493 -40.9133794531069 -47.2810920248747 -59.6530201479762 -69.4492993958439 -78.8662829188022 -88.6102494291673 -93.8693784456664 -98.5670054423681 -100.868671996998 -106.346439683011 -110.224540929781 -110.169110519328 -106.353865572095 -105.692626015425 -108.824558139878 -108.315425427459 -111.902781711099 -113.03292791248 -116.159952389031 -122.650063177899 -125.323376876594 -131.425901352875 -134.139492762854 -139.601593772633 -143.972959430461 -145.010028297451 -147.225382397499 -141.371682941349 -137.03638671422 -130.253088640146 -125.267934533085 -121.818851509621 -114.394503253372 -109.277182154031 -103.196105271072 -94.6457495840805 -87.9434174181765 -79.0672283058289 -70.2590510089002 -65.9108145833651 -62.1122721838854
-9999 -9999 -9999 -9999 -9999 -9999 -9999 -97.011473241321 -40.2706700696607 -18.6037339882669 -28.9827883803172 -44.2289227199388 -46.7405119349609 -39.1540700543618 -29.9236687811134 -30.163488509563 -36.3830343249268 -45.8531933545613 -54.7619061445463 -62.8317878247788 -69.64921920906 -74.1532117846072 -78.1891169143008 -80.0917845549455 -81.7688390730101 -83.9591603030908 -82.2348439865695 -80.405573631353 -78.3910251858325 -79.45330288473 -81.8255489571826 -83.3632741251154 -86.692483491036 -89.0615630788523 -91.8254794474219 -96.3955007954687 -99.0640023547165 -102.95263353297 -105.016685959941 -104.312788182819 -105.881969452706 -103.410160223155 -101.041437915778 -97.4862506736306 -93.0668152019634 -91.6709609076807 -86.6363777153688 -84.0114358968797 -80.784130611427 -75.0215892874521 -70.854909607679 -65.2417511966852 -61.3577700150964 -56.9789391604858 -52.8402750539244 -51.7169713641575
-9999 -9999 -9999 -9999 -9999 -9999 -9999 -9999 -33.0262995820988 -16.0228000342754 -26.6079191747585 -36.4077584994962 -37.6614169182598 -31.7486471841093 -24.1929556003906 -24.0766160770985 -29.2501260882437 -38.3571439178738 -46.5903169896426 -53.7474203696942 -58.2175731845886 -60.5652303492345 -62.8001398642336 -64.0146505240583 -65.1116023893156 -64.9359909443205 -63.8561956463704 -61.7668670104582 -60.1306009092423 -61.9069336278477 -62.5957824808068 -65.2722919792694 -67.1789589120731 -69.4014348629925 -72.5439460531097 -74.8039740275483 -77.8278506186249 -79.4419858816403 -81.2241112293648 -81.4619257696072 -79.7080588227385 -78.3951768698667 -74.4814047766589 -71.9490703603806 -69.632821651015 -65.7900589927169 -64.9412219261257 -61.9999997697749 -62.690065949589 -61.3529841668981 -60.2836834749325 -55.0713826415401 -50.4365313967387 -45.1650802294854 -43.06759649642 -41.8286131607812
-9999 -9999 -9999 -9999 -9999 -9999 -84.8488276897053 -46.680328063698 -31.8052183026767 -17.7226342460437 -28.6973935653527 -34.8651616577139 -31.7556157829525 -25.8063660819208 -18.9338269598395 -17.8954379480027 -22.7131922380776 -30.8808488411594 -37.7773210151336 -42.2846508613294 -46.7571330807247 -47.7102662073012 -49.0129923755694 -49.4426442737572 -48.7574250910009 -48.3612402249178 -47.2094699887727 -46.5185890192947 -45.9864424372418 -46.1719691775062 -47.1907536858108 -48.2694237306234 -50.0831865710519 -51.386609188065 -52.6933820582904 -54.7131788834637 -55.5886634439387 -57.1192578112607 -57.7854623296573 -56.7963246517285 -56.3772778383957 -53.7776447309115 -51.6673285408361 -51.7008098705891 -53.59662423202 -56.9450479389837 -58.5391213152937 -60.6926214487988 -61.3126499962324 -59.4766109795722 -57.8748695586664 -52.8685752664694 -48.1657556939654 -43.3157997378389 -38.6886021921327 -36.3126964761851
-9999 -9999 -9999 -9999 -9999 -85.5422832233964 -45.2254056433831 -39.3875394419034 -22.1304146470524 -25.6646011411586 -41.3907353715617 -37.1114603172926 -28.9283115082237 -22.228470444227 -15.7973618865941 -13.462202309917 -17.0254110422123 -23.675407619098 -28.7971975909353 -31.8228404858618 -33.6272135490747 -37.2135325524545 -39.8726926436846 -39.3958361365148 -39.0386051654458 -37.8170060844653 -37.4549842950558 -34.8202950318766 -32.3493105905381 -31.5646752750537 -33.0000776197948 -35.3998479803754 -37.9126640682975 -38.3480424046382 -39.5746467014803 -40.0413788769543 -40.4944859299166 -40.4164536074391 -40.4520410045934 -40.2505192208135 -40.930342758455 -42.7726483743025 -45.2894377148357 -48.629097751453 -51.4669245576535 -55.7226313587593 -56.6263822491653 -57.5169869281918 -57.8483473062805 -56.8005649100116 -55.2850670674869 -50.3245755000758 -45.12235502734 -40.9749393253113 -37.7918111119809 -35.8219403012922
-9999 -9999 -9999 -9999 -9999 -47.9210472597227 -32.2444879449986 -27.3510053278635 -26.2661940927052 -35.6787920120065 -43.9038648732351 -42.7482313095893 -32.0777913500967 -22.6446322541555 -14.9669664981989 -10.8872658154333 -12.246014506756 -16.4616902463409 -20.0510613446959 -20.9681568317786 -22.1507295859413 -24.2669915324151 -26.3350314015173 -27.3490312985891 -26.3865223464146 -25.3285727347511 -23.5988408160834 -22.0777197400316 -20.8508910474306 -19.9015791099971 -20.5033750082581 -22.0985640650404 -24.3948019986412 -26.7070545189202 -29.5248642289026 -30.2525607959818 -29.7205302489801 -29.4198745745267 -29.5298623834453 -30.4740240770485 -33.1850742196796 -35.6109308509605 -39.316346542484 -43.0215158047347 -45.6899413125561 -49.0694961266359 -50.0544711138991 -51.1958215673933 -51.4122230982007 -50.2040963563453 -49.1597623922233 -45.5318643057968 -42.2850755417271 -39.2526524812189 -36.6990444801337 -35.8946901828615
-9999 -9999 -9999 -9999 -9999 -9999 -32.8522947691867 -24.1858464784757 -34.4095155319732 -49.2876324032693 -57.4519843385372 -56.2990266380043 -43.8048211000669 -30.6771102157012 -19.4851556146901 -12.3853742443173 -10.6587729506434 -12.0816578030869 -13.3194542349147 -13.632723427219 -14.3230378266531 -15.2533823301388 -15.8235371095303 -15.9030538841549 -15.5045829854429 -14.986018085973 -13.8496234741605 -12.7123994068422 -12.0642753930037 -11.8977771941601 -12.2836449952625 -12.7625471164084 -14.2026618568856 -15.6703300097769 -17.6893512356225 -20.7776509036019 -22.6548244317704 -21.916962510802 -21.9904290606565 -22.7947669143501 -25.7445236866091 -27.8244307603881 -31.481042503355 -35.0303709536175 -37.3432804372641 -41.062608286164 -41.1264529361302 -42.3013647390253 -42.6235688297725 -41.9964358754256 -42.4939386117012 -39.8669531070011 -38.5144862709344 -37.0718193530763 -35.6899835925225 -35.8871328095808
-9999 -9999 -9999 -9999 -9999 -9999 -35.0036344435832 -24.7958496221179 -35.3336579917938 -64.2270745864161 -83.3345781824608 -77.8679892219114 -65.1503339021745 -47.5601818743341 -30.0049028518878 -18.1916086020783 -13.0820976785832 -11.4364253987331 -10.6854627895756 -10.5086883557329 -10.732164328508 -10.567364987964 -9.610181658975 -9.20804823333448 -9.17871515988397 -9.14064265999042 -8.12409192015146 -7.02593384903349 -6.77090918244345 -7.03112656936552 -7.66260780490792 -7.93305317285226 -8.46006511160192 -9.57004391190875 -11.3609931629208 -14.2250464134845 -17.1689986211138 -17.1725072587947 -16.604435272833 -16.9466552401373 -18.5645335267078 -20.4586083011914 -23.2293915426745 -26.0144409997926 -28.1476040905036 -30.4542757215287 -31.3411280468955 -32.2435202110808 -32.7689609270525 -32.9608668791226 -33.5897654719954 -33.4402207118019 -34.049230205331 -34.2823096914485 -34.6844507051559 -36.2940124914778
-9999 -9999 -9999 -9999 -9999 -9999 -38.1834542282031 -32.5782670011543 -31.6714635001163 -67.9940261436636 -108.803220899485 -97.9776194281496 -82.8352530902963 -68.4191099299294 -45.2368969148039 -27.3154274298418 -16.6138770987789 -12.6352971169859 -10.6331727133492 -8.97508154742964 -8.90221685066005 -7.82883914053994 -6.94116972593804 -6.21813522494404 -5.73732321828358 -5.88293572264757 -4.9707370621586 -4.20977678769716 -3.99829722132069 -4.10928911583133 -4.60782580918966 -4.52506669586387 -4.66857166415263 -5.23317980520485 -6.3491686907322 -8.72874918445983 -10.6651356546461 -14.11322955245 -13.0271858398287 -12.1228914807187 -13.0866469103636 -13.7042136600491 -15.8105583699046 -17.8196798307414 -19.0068793678523 -21.3268706028445 -21.8314554448953 -23.1420468278068 -24.0500512634563 -24.5857899102058 -26.211316372828 -26.9037565787564 -29.0888870276087 -30.6878424069252 -32.3119999029891 -35.7127682281722
-9999 -9999 -9999 -9999 -9999 -9999 -9999 -9999 -45.6242165958496 -57.0598245050031 -104.959006082609 -111.996265189623 -99.1945847228175 -83.8293254137837 -61.4765159071355 -37.6479730108982 -20.1116056183553 -12.3314641333054 -10.5035722602417 -8.71059558875164 -7.74960907136141 -7.1686682073948 -7.02745523460574 -6.51509786901498 -5.48585133692244 -4.87493501918976 -4.38423135574942 -4.04958161961467 -3.82403517047168 -3.46341087344442 -3.24641905642629 -3.00312161786419 -2.68719204462738 -2.71265382306528 -3.27595224322053 -4.52436534328231 -6.00347806866156 -8.19464969941377 -11.4708937730513 -10.6249914425793 -9.92021135346094 -10.0468059805964 -10.7823264641928 -11.8835163277576 -13.0737952415179 -14.4099005528203 -15.4282138896603 -16.4314320318974 -17.5430218874075 -18.973576370432 -20.5191920035347 -22.0958965890936 -24.2500346049142 -26.5384540201137 -29.301971706647 -32.8901335817309
-9999 -9999 -9999 -9999 -9999 -9999 -9999 -9999 -44.5061045055311 -45.5026996446406 -86.1117987650281 -106.239738722931 -108.91545907591 -93.249044786935 -71.8312548892469 -45.2246457783791 -21.9326740009068 -11.3014831324284 -9.99646779296454 -7.92603603929266 -7.33642562501638 -7.39850355001839 -8.53433291499086 -8.46893905587064 -6.7686883978519 -5.73609448777683 -5.51316696346751 -5.67966891657148 -5.43765963402893 -4.6432781727058 -3.79274205043035 -3.35635320065627 -2.77237435043268 -2.2788802118234 -2.06209228764461 -2.2765840969789 -2.90415606120897 -4.0520623098207 -6.08913256454348 -7.84635436255498 -9.1933062948855 -8.34618371427092 -8.19383423126416 -8.45632923607574 -8.80999713197138 -9.86848993847206 -10.6039051232905 -11.7354599267446 -12.2912062865716 -12.8901747467249 -14.3884625809052 -15.7796527238607 -18.6103001561626 -21.4256389725726 -24.4373458156824 -28.7173158586868
-9999 -9999 -9999 -9999 -9999 -9999 -9999 -9999 -9999 -40.3361602953207 -43.6691817044694 -75.8014896161231 -105.310624812365 -99.6045353398618 -76.7142655437027 -47.4431014727955 -22.5735624360603 -9.8539626463028 -8.58000919288071 -7.53150657124106 -7.39689831527578 -8.40384711051356 -10.0549961551713 -10.3411584830948 -8.77462750855097 -7.61011590068538 -7.56967941832954 -8.06562746478325 -7.84510680569208 -6.79792126191 -5.80650042652441 -5.04112411328095 -4.46226072051632 -3.55382614474364 -2.57434883151732 -1.99639710847214 -1.77802824111983 -2.02112137191834 -2.90490354414222 -4.58484898749889 -5.20718323912169 -5.70817390114766 -6.11712252151258 -5.84951936553371 -6.28923368290152 -6.86718069085775 -7.16497652912377 -7.30448228263996 -7.77810114607916 -8.81432148578243 -9.94747113827462 -11.3831010690495 -12.9126112601366 -15.581842225587 -19.7693803949206 -24.0730685245194
-9999 -9999 -9999 -9999 -9999 -9999 -9999 -9999 -9999 -9999 -31.8405333162225 -56.8676881151131 -94.0257852853487 -99.1405037221176 -76.4753149275668 -46.8727530255841 -21.3384707311662 -7.92931991346003 -6.67939578393497 -6.83719490825847 -7.9160879358016 -9.47645362874761 -11.5413165017598 -12.1749740496153 -11.0138011704672 -10.0197407606984 -10.1537060346384 -10.7882489952241 -10.5853610450156 -9.78965642258722 -8.73518916686399 -7.82991986042302 -7.05016571706467 -5.95789237881975 -4.73887996407903 -3.62760454353364 -2.73051850409556 -2.09259761146659 -1.9903484526369 -2.55570961100997 -3.49415046520784 -3.02669743619418 -3.19347558691603 -3.86025376177251 -3.97428083657464 -3.97737982568589 -4.08755046445732 -4.33476768181787 -4.79484144454394 -5.4497663615518 -6.50301977202607 -7.73679403000625 -9.36734632070326 -11.6782323234016 -14.9820892595351 -18.6767885880111
-9999 -9999 -9999 -9999 -9999 -9999 -9999 -9999 -9999 -9999 -9999 -63.3582960912097 -83.1546593453483 -96.6673209948494 -75.3509199358385 -44.2462101988789 -21.1438572627802 -6.58194621259479 -4.55077094206844 -6.27023330966615 -8.68590304393228 -10.4490921865724 -12.4371434319492 -13.2486572865513 -13.0062344578485 -12.7679358462705 -12.8400803652664 -13.2699385088143 -13.149680691029 -12.6984926771501 -11.9563081441838 -10.8875345525775 -10.1059948946428 -8.87611156838265 -7.52578972269083 -6.29272880505817 -4.86212204609022 -3.73301098698194 -2.6599099196362 -2.1484322689365 -2.08595643791888 -2.62240774804462 -1.95764002257676 -1.71729722107277 -2.22051179971462 -3.01226984407131 -2.76131162132947 -2.73566723558292 -2.93265970589122 -3.45875390440977 -4.28717524123845 -5.38081899468114 -6.97143351234964 -8.96054889457267 -11.277614914085 -13.7828609751669
