data/03_saidas_enm/CCSM_Gower_21k_B.balansae5.asc
NCOLS 154 
NROWS 168 
XLLCORNER -112 
YLLCORNER -55.5 
CELLSIZE 0.5 
NODATA_value -9999 
[rows 56 to 83 of 168, columns 63 to 125 of 154]
-9999 0 0 0 0 0 0 0 0 0 0 0 0 0 0 0 0 0 0 0 0 0 0 0 0 0 0 0 0.16406990939094 0.208835295877722 0.221569912916638 0.233447815435635 0.237855795064237 0.236552630266611 0.232885918925826 0.220629855193522 0.206145794503213 0.195644940500309 0.184910217490229 0.179177130799584 0.177817661029416 0.174826921039016 0.173560830564577 0.170256602938518 0.168935064611242 0.167146722375982 0.172508116059951 0.178611540883052 0.183830605095343 0.190562111568934 0.185654241379619 0.152608776857272 0.0921379329894693 0.00939138621130398 0 0 0 0 0.0677029973186377 0.0636010797312478 0.14934390032071 0.186979750918444 -9999
0 0 0 0 0 0 0 0 0 0 0 0 0 0 0 0 0 0 0 0 0 0 0 0 0 0 0 0 0.000743294622084778 0.194307709090456 0.206703904102331 0.211992472930601 0.21038373716658 0.203187921157454 0.195155119965591 0.183167661964456 0.173768160028924 0.167083467875153 0.162204882777192 0.161777148877017 0.110750477740876 0.0397848048490281 0 0 0 0 0 0.0150189672782026 0.0532530035760141 0.0654930423691189 0.0567807359888362 0.0217387828068482 0 0 0 0 0 0 0 0.0820547949021643 0.128191581459458 0.149760838380455 0.151426924866103
0 0 0 0 0 0 0 0 0 0 0 0 0 0 0 0 0 0 0 0 0 0 0 0 0 0 0 0 0 0.0213974699485107 0.187102636188529 0.189892888088218 0.186288419221922 0.177175927715199 0.169269247791748 0.157908235206114 0.151102782678078 0.0608181889221624 0 0 0 0 0 0 0 0 0 0 0 0 0 0 0 0 0 0 0 0 0 0 0.00580893380142777 0.101438167009333 0.151462988425805
0 0 0 0 0 0 0 0 0 0 0 0 0 0 0 0 0 0 0 0 0 0 0 0 0 0 0 0 0 0 0 0.00265599588897625 0.0268779649959305 0.0090195900669362 0 0 0 0 0 0 0 0 0 0 0 0 0 0 0 0 0 0 0 0 0 0 0 0 0 0 0 0 0.0669710653032473
0 0.00379358934580365 0 0 0 0 0 0 0 0 0 0 0 0 0 0 0 0 0 0 0 0 0 0 0 0 0 0 0 0 0 0 0 0 0 0 0 0 0 0 0 0 0 0 0 0 0 0 0 0 0 0 0 0 0 0 0 0 0 0 0 0 0.0963914341303425
0 0.0241407025614775 0 0 0 0 0 0 0 0 0 0 0 0 0 0 0 0 0 0 0 0 0 0 0 0 0 0 0 0 0 0 0 0 0 0 0 0 0 0 0 0 0 0 0 0 0 0 0 0 0 0 0 0 0 0 0 0 0 0 0 0 0
0 0.0469317735014482 0 0 0 0 0 0.0281187451697098 0.100867313341436 0.0612298798589028 0.0127076512382502 0 0 0 0 0 0 0 0 0 0 0 0 0 0 0 0 0 0 0 0 0 0 0 0 0 0 0 0 0 0 0 0 0 0 0 0 0.0120108666182278 0.0149166067357681 0.0111404272130337 0 0 0 0 0 0 0 0 0 0 0 0 0
-9999 0.048572686621029 0.00500457118369435 0.0479042246465133 0 0 0 0.08725576678279 0.188964676269893 0.164882463867743 0.105635615550485 0.0716516655992094 0 0 0 0 0 0 0 0 0 0 0 0 0 0 0 0 0 0 0 0 0 0 0 0 0 0 0 0 0.0063849513046641 0.0315818025509158 0.0601863686822042 0.0980407797949736 0.114859308204606 0.147993557379708 0.167326207297827 0.175431763025843 0.189338887756596 0.167595226461426 0.170758908482888 0.147748358488798 0.122362027800693 0.105777454446958 0.0712571319218193 0.0540878791475065 0.0284207024471229 0.00574363627069652 0.0223287926380984 0.020698436561486 0.0590702306601003 0 0
0 0.00458746976363822 0 0 0 0 0.0287351021959573 0.166270957077131 0.238706275986311 0.235906104975648 0.185148518667119 0.146659039095388 0.102714050776262 0.0616387390149739 0.0477694268849245 0.0380521715176479 0.057638349093351 0.0876271562460084 0.100502679936408 0.120621065702638 0.12575000350871 0.129593312890844 0.131905878245798 0.116448770036845 0.100625196094196 0.0687387627423287 0.0483812580848628 0.0189928717217993 0 0 0 0 0 0 0 0 0 0.0529512523593824 0.0927138672050388 0.144827293440576 0.180345402213369 0.198290744353919 0.200145099457054 0.202743060447198 0.204779265183486 0.2067760424134 0.208499445209792 0.209622848629544 0.208819135275307 0.205749026000337 0.201516553319079 0.197987448650738 0.196338739940532 0.192950327575567 0.18843729623927 0.183602299574245 0.180238322912836 0.179730331440398 0.181077505438814 0.168773476706937 0.0653204414457405 0 0
0.0540801608234943 0 0 0 0 0.0124945920387654 0.116736170478314 0.249622038261824 0.270078368792116 0.26106374477157 0.244013607944097 0.219119142591714 0.141954701814402 0.119256980296622 0.125399612294697 0.12982168767307 0.155508603550473 0.186050190947344 0.212404824049074 0.213311034714906 0.209526601878806 0.20410983911084 0.197520505420113 0.193536613036947 0.189381561640932 0.1859655656055 0.184103371753075 0.162641525906194 0.143586223918349 0.11703070096442 0.0850238336464338 0.0761047239896133 0.0530307087934609 0.0619804683116452 0.0793938372371994 0.109493167123633 0.139275254287419 0.183023767000684 0.211998550688501 0.212381013084322 0.213935874978962 0.198154718608969 0.148150201506524 0.127709154712432 0.168914587898695 0.19457655574928 0.22438388365613 0.222400555413568 0.220397341993879 0.220178573877485 0.217879903503905 0.215668612588128 0.215423663360782 0.213855461566753 0.208929984228997 0.204496493601212 0.176778399962525 0.0890286659696687 0.0108656132423427 0 0 0 0
0.134962952683558 0 0 0 0 0.0842043543852161 0.205546043711426 0.28482011083337 0.292278610655712 0.272045692272209 0.252345185480704 0.245164018426515 0.229454642309268 0.191160222453064 0.181517676122861 0.194776822806307 0.222562254735119 0.231753165109306 0.226212868016033 0.220309417096266 0.216376094775622 0.211642643419502 0.206556245753362 0.201773128206407 0.198204144095848 0.195439527867299 0.193863393820011 0.194447980625978 0.195769207273362 0.197974311343278 0.200665900973065 0.203276547334825 0.197949583183445 0.189476728845066 0.202517245403295 0.218099201824705 0.22343955591849 0.226430716676744 0.229103465257042 0.230253080955735 0.164788002472953 0.134696185609412 0.103188430864138 0.0825363929173892 0.097737793914086 0.121836535457066 0.159211697416423 0.197148794641455 0.227251228626126 0.237621505289208 0.236430280324895 0.226527140964997 0.195779379054132 0.157511027649815 0.0995506190875505 0.04257142555635 0 0 0 0 0 0 0
0.179754408712076 0.0313893125507031 0 0 0 0.0524137900938632 0.172679342046293 0.284283117546955 0.310721956601692 0.276048129608966 0.25080523746891 0.242335679243989 0.240301484843007 0.221313772610551 0.233839488100605 0.245339932412978 0.243300157086666 0.238663435585117 0.232574722137376 0.227735112609945 0.222807173001041 0.218830246663467 0.214813877235524 0.212356328036853 0.209131859295229 0.206761518130419 0.205526611229203 0.206352173343889 0.208480744416255 0.210774646087482 0.214415082813347 0.217879700911975 0.22279247729412 0.227657925084621 0.232040035282164 0.236850331315726 0.240952350378068 0.244827341806871 0.247436881705014 0.206235506021002 0.137961046876456 0.113615795084672 0.079192192799713 0.0577322884541832 0.0700303894179861 0.0724869982091169 0.0883082460412937 0.116762709787879 0.123696269002073 0.120610161447161 0.111212271899196 0.0770946357413737 0.050408019182371 0 0 0 0 0 0 0 0 0 0
0.242663944087766 0.1444421257597 0 0 0 0 0 0.0499242732690706 0.245676803566527 0.255922117428516 0.244313631008409 0.240597128804832 0.24444808971394 0.260698300097868 0.258899377263575 0.252675659670492 0.244984210296657 0.243629929996696 0.241352126591905 0.233545838761758 0.226573232307491 0.223609218867854 0.223142322389213 0.222642948865797 0.220849121997743 0.219323152829118 0.218959515898791 0.220298508300036 0.222927824287344 0.226053771015017 0.230237746305035 0.233945770815542 0.239015353351494 0.24439762873938 0.250129733638364 0.255335224191347 0.259425118905879 0.263759495327918 0.265760916588227 0.225787031102889 0.173901546213175 0.145137641645265 0.113311566304629 0.0853786927634217 0.0770909680086193 0.0612851632617237 0.0545073861703053 0.0576332596698166 0.0392538647607841 0.0316780662374518 0.00296994981512055 0 0 0 0 0 0 0 0 0 0 0 0
0.0901952130613377 0.220440727566616 0 0 0 0 0 0 0 0.232597334513561 0.239982527225239 0.243414154007268 0.245765591786612 0.271017616147512 0.264771800450066 0.249795550457858 0.242914079204094 0.24449456118588 0.24679641069436 0.238594881592809 0.229692088317614 0.228257534861396 0.230060977054126 0.232301082775946 0.231264980894023 0.230849979117447 0.231684424109063 0.233724961195853 0.23779487722929 0.240805424476845 0.24635211100791 0.251423766215146 0.257107498394849 0.263063607632417 0.269013327432194 0.275148216255976 0.279488421092002 0.284084857967473 0.285911707320114 0.285962199462664 0.233612621530647 0.202359484653949 0.159834825907526 0.12933955844101 0.105278459418403 0.0718737146848812 0.0435935647634094 0.0230951855152096 0 0 0 0 0 0 0 0 0 0 0 0 0 0 0
-9999 0.0987799970278176 0 0 0 0 0 0 0 0.229425820052899 0.242261281253701 0.25739985413381 0.251900324770448 0.278373355109368 0.271389325587049 0.246434488003441 0.235797835071468 0.244540845649884 0.249644136366186 0.243855586238709 0.234015852039322 0.233083820073432 0.237918411554597 0.241595096651935 0.243562170788114 0.243821737802407 0.245626769562588 0.248612164242836 0.252029765429713 0.256912012766408 0.262825390690745 0.268361106089602 0.275003129266119 0.282778514034946 0.289296021094495 0.295721800761746 0.300522574974598 0.305172932471435 0.306822654141291 0.306508324969923 0.301930713559945 0.276638987510147 0.228493045721313 0.186568929953769 0.143721510724965 0.10311951609607 0.0557333741030784 0.00527695371758818 0 0 0 0 0 0 0 0 0 0 0 0 0 0 0
-9999 0 0 0 0 0 0 0 0 0.157042620887626 0.270316648069766 0.284157884566235 0.25833090430804 0.287351512582517 0.270104581071057 0.242029874517675 0.233380305570966 0.243884447796735 0.253888530803324 0.246323810473691 0.237428107916046 0.238104141602409 0.244301943012448 0.250836218450203 0.254545240336365 0.257379563772823 0.260684336838693 0.264011582024797 0.268608735764021 0.270997419290492 0.277352790470076 0.284210558468031 0.291786187593894 0.301986067908815 0.308881330997812 0.316992987202424 0.322315794066862 0.328111045312023 0.329908534418811 0.326785844746012 0.320547602869948 0.305337437118582 0.285134284164791 0.248175064873827 0.192746550143441 0.140767634587775 0.0793379369170557 0.0165789756807441 0 0 0 0 0 0 0 0 0 0 0 0 0 0 0
-9999 -9999 0.0322593866366081 0 0 0 0 0 0 0.0711946128545613 0.293479669120626 0.309385317383634 0.274644416878089 0.293188061413406 0.275393820011096 0.244220407552627 0.234496368929255 0.246939347092962 0.256017397971587 0.250921774580635 0.241869063277252 0.24196426590035 0.251200011220476 0.260023793642977 0.267142094862892 0.271983636805655 0.277280387231098 0.281165290080476 0.284277444972915 0.28792656198378 0.290798910367097 0.295756490733757 0.304833980588576 0.316477032308738 0.324801597047768 0.334399405314766 0.342432954538371 0.349252261237619 0.353037738201358 0.348000554790208 0.336497260333747 0.317341476489986 0.293894951409105 0.273095367813441 0.239576548027738 0.180925640514831 0.117971517288277 0.0359492375491411 0 0 0 0 0 0 0 0 0 0 0 0 0 0 0
-9999 -9999 -9999 0 0 0 0 0 0 0 0.309785140349455 0.319468255402971 0.289983929784754 0.295208401643176 0.274840120682454 0.25792858790308 0.244514820378878 0.249396101507907 0.25631860541949 0.251566983125651 0.247328728782391 0.248001614501842 0.25504670211506 0.265932278193005 0.275470368592641 0.285708211518442 0.292957231285181 0.29809458861371 0.301531763297823 0.302807219753025 0.305922616116344 0.308777136409822 0.315536943417632 0.325209367850842 0.333577785950717 0.345426608735764 0.356469146807463 0.366588489038218 0.372882895630871 0.36783365020789 0.354509428316742 0.332086865185979 0.305159499068077 0.28485888381197 0.282796310956795 0.227856597569155 0.154471635427879 0.0831799834964895 0.011612865531394 0 0 0 0 0 0 0 0 0 0 0 0 0 0
-9999 -9999 -9999 -9999 0 0 0 0 0 0 0.320214372150647 0.310393165483322 0.277601261680204 0.28282317776351 0.268122546300048 0.272252367208782 0.267735720385735 0.255453943062317 0.253930482916825 0.249239825209916 0.252251525673073 0.2528885993729 0.258601473622531 0.269412090686382 0.280673272202517 0.29671926992102 0.307453837091154 0.314591213120477 0.32027852961894 0.322807157417046 0.322165346182856 0.322621926057062 0.328179209704465 0.331026312016507 0.34128506866308 0.353227800599672 0.365457839060971 0.380913452727511 0.39068165639162 0.387419209455121 0.373886847731905 0.354218007617457 0.328912218475137 0.309714763029778 0.31373315837702 0.274716516431185 0.203930818581326 0.144643269877696 0.0852026415912144 0.0390971174451783 0.00207135529031199 0 0 0 0 0 0 0 0 0 0 0 0
-9999 -9999 -9999 -9999 0 0 0 0 0 0 0.0787356913222569 0.305930158769737 0.261982982277881 0.254023145348801 0.260104362895132 0.275038504933893 0.274793929722418 0.263996901901871 0.254334357721246 0.243644547783644 0.251257173312721 0.254485397797046 0.260864986504261 0.272453463075283 0.284493781986149 0.302627099943274 0.315276628371597 0.325549597621259 0.334703137369796 0.337416217328155 0.339665143590926 0.340445029017398 0.343830683015316 0.34849812057025 0.356244830788986 0.364973332668416 0.376182744154444 0.393324733046172 0.408680110459354 0.408122608636026 0.398554815142656 0.384138124061064 0.36463793393633 0.352305726806341 0.355299755019605 0.349926658214151 0.280778313481247 0.230135031763853 0.176556019534473 0.137027126294066 0.101606865892762 0.061207561758185 0.0154962223639554 0 0 0 0 0 0 0 0 0 0
-9999 -9999 -9999 -9999 0 0 0 0 0 0 0 0.052168975387176 0.203349257199014 0.219790688251538 0.247502677330275 0.283602907350035 0.292089109281204 0.272981604652757 0.253564913571166 0.251286595894552 0.25895170831749 0.261277775353601 0.26475185293696 0.272887321485342 0.285225325861327 0.304274172334046 0.319172066001334 0.331023257553562 0.344620199350459 0.351862486831525 0.355445434201258 0.359517874841822 0.367050647982496 0.37287569582536 0.375691224964313 0.38205494916501 0.390375212721527 0.406547160284501 0.42662193229066 0.427423728813559 0.423670230206768 0.418080563018557 0.407035438003753 0.404365369870528 0.405415263587685 0.412202997113844 0.368155096964559 0.315303067974799 0.268214977527737 0.228440925308488 0.191882316483383 0.156192767282485 0.111953539992701 0.0765284536272461 0.0210202139690943 0 0 0 0 0 0 0 0
-9999 -9999 -9999 -9999 -9999 0 0 0 0 0 0 0 0 0.134291872369933 0.24034638233149 0.268244631313855 0.282538458181909 0.287697383758984 0.284253570293166 0.279543183249076 0.269566715080943 0.264674743331609 0.259300836191591 0.260604232589337 0.262807092185439 0.283369849795405 0.304161744183233 0.327081784803735 0.345477973582012 0.359330337050636 0.368922722087507 0.376500844652508 0.382913783108197 0.390763472363344 0.394909562962455 0.400985419614639 0.405477724238098 0.416170713310602 0.431695706921164 0.436370001433728 0.439954663042868 0.442339450570686 0.442161637192138 0.447654216093903 0.452375262590309 0.461238815367065 0.469765386074558 0.41464032796995 0.366658082885098 0.327334582678933 0.287689094144651 0.251050953430347 0.213432948954941 0.175412266030823 0.122633205619018 0.0701325068194091 0.0217869631533133 0 0 0 0 0 0
-9999 -9999 -9999 -9999 -9999 0 0 0 0 0 0 0 0 0 0.0634008646628518 0.253189744484824 0.273707195441993 0.307482449305265 0.340970271971874 0.30666921413032 0.281341763235487 0.271726002206694 0.223940321226469 0.231572390491795 0.225645720437945 0.235338862472634 0.251727064573202 0.280356517779881 0.301644328243807 0.343025246355818 0.378823171529912 0.391866195822243 0.400404697639337 0.407147954444867 0.414799664632436 0.428822111818278 0.430684773190542 0.432032040692927 0.44139453064125 0.447851883481589 0.452133149649984 0.462760935289021 0.471540547817636 0.475867754673844 0.478360902262201 0.484927836392208 0.490622339931111 0.489153870625246 0.456466187107392 0.423027081509119 0.382204057722135 0.346342704197482 0.311148491956984 0.271295100887102 0.233973796687664 0.189754259331613 0.148563110999235 0.0637355948187419 0.00763627107144638 0 0 0 0
-9999 -9999 -9999 -9999 -9999 -9999 0 0 0 0 0 0 0 0 0 0.103672491162014 0.300161462651399 0.318994346126754 0.334081897008496 0.314094925227994 0.28593449112024 0.279750201033531 0.26034478875661 0.225348537565562 0.202080440972152 0.205052366215265 0.21136868461462 0.219795976252653 0.247172319608034 0.278276816788899 0.318392495793046 0.362143193949193 0.409786137725111 0.422733850306381 0.431168936735216 0.443316535865005 0.447110459353825 0.448306904956334 0.45625923040001 0.462412165489556 0.469259031851659 0.457082149080374 0.454265688978843 0.459435512271501 0.469394173060869 0.482478921279198 0.491735483164298 0.493910694562452 0.504521845457771 0.517983717325649 0.481631080650483 0.448677274007177 0.415692195116176 0.379055405671833 0.34012145729189 0.297979207944747 0.261834087728049 0.193687806191339 0.129376042729987 0.0514896142677636 0 0 0
-9999 -9999 -9999 -9999 -9999 -9999 0 0 0 0 0 0 0 0 0 0 0.141858348726985 0.25656569041893 0.327757195130313 0.311113894066238 0.283604902101346 0.280280649042208 0.297950374327551 0.242189318584157 0.216321571622198 0.184857829669976 0.184318383397242 0.177374110542634 0.197238454620751 0.225948308390177 0.266566035662202 0.312141186348107 0.371673610907348 0.430103154661984 0.445098222801254 0.450159997755905 0.456525186852095 0.463223779929062 0.473825914312964 0.478676150290919 0.455974870926792 0.440426789274759 0.440773806484666 0.438482759764332 0.457906925899694 0.477290769612778 0.491128203046961 0.496856186415271 0.508313863800109 0.537151761989484 0.577181837978049 0.556402059695761 0.522717216002949 0.491036112625391 0.459362151674777 0.412411311648153 0.377656841261041 0.311654252999948 0.25838970059461 0.187264447907127 0.111551247621121 0.0658431898825141 0.0289361464457482
-9999 -9999 -9999 -9999 -9999 -9999 -9999 0 0 0 0 0 0 0 0 0 0 0 0 0.107237414786342 0.293526732784361 0.290244244830789 0.286502558891916 0.293136260215308 0.300675734473666 0.223009103184004 0.171235001546882 0.162007372014144 0.166419075401893 0.181979817689231 0.215785117447237 0.261324555998429 0.327041073973923 0.39434269596117 0.448281129029242 0.457133804177757 0.464858353956153 0.4716796865747 0.485828925140724 0.488316386133451 0.467264660407963 0.448857841205588 0.438604215787799 0.437651873487091 0.450216829025511 0.470128285524643 0.485906571551135 0.495849347749909 0.512107348412348 0.530964260107553 0.555947090348846 0.584772403054904 0.6107037702774 0.596507173055728 0.558601155039825 0.526638601433015 0.495919795307052 0.43327279643903 0.377594103727086 0.308767940360864 0.242310939315367 0.202410060758245 0.166081939980964
-9999 -9999 -9999 -9999 -9999 -9999 -9999 0 0 0 0 0 0 0 0 0 0 0 0 0 0 0.210925184943816 0.288036242137875 0.269978600058596 0.303558742309299 0.31701293471553 0.203192825708825 0.151573154924517 0.13428346272065 0.157542776059306 0.176118684228543 0.215568045579751 0.292781831158689 0.360234209831377 0.428709454823056 0.464774699073064 0.476486912561323 0.484260022066936 0.496563398806889 0.505148675840454 0.485604519951526 0.4637742049086 0.445060202161963 0.434706137255954 0.444878384694237 0.461646647282229 0.473805934814702 0.485534138996277 0.506027460267795 0.509735412469142 0.518338995491656 0.552804664483845 0.600534909224365 0.61006480656107 0.597951434039184 0.579798636088791 0.578777635097649 0.52865739875642 0.497498271661372 0.441254748105262 0.369738592321595 0.340861567153999 0.307509135871868
-9999 -9999 -9999 -9999 -9999 -9999 -9999 -9999 0 0 0 0 0 0 0 0 0 0 0 0 0 0 0 0.236335616961426 0.367580285623453 0.347125482324633 0.270928707254183 0.196784910509895 0.152145514272757 0.148193242672127 0.158568872556968 0.198627753180375 0.265644276509472 0.33805446467317 0.409661142675061 0.469810604596655 0.489555681612756 0.500533172090936 0.513832210246788 0.519896174126533 0.49822934817757 0.474348210299761 0.452839008365157 0.439103725067411 0.443174823447576 0.450110768836004 0.461055740512121 0.473862630584208 0.476846978589405 0.490584705670319 0.500788966668107 0.537674138097314 0.593254355726495 0.586253776001895 0.598103970178468 0.606628103552527 0.615266411504728 0.622603863756984 0.57308927853509 0.528660680412042 0.49316571408569 0.472781034552874 0.45260367843996
