data/03_saidas_enm/CCSM_SVM_6k_B.balansae5.asc
NCOLS 154 
NROWS 168 
XLLCORNER -112 
YLLCORNER -55.5 
CELLSIZE 0.5 
NODATA_value -9999 
[rows 50 to 74 of 168, columns 56 to 111 of 154]
-9999 -9999 -9999 -9999 -9999 -9999 -9999 -9999 -9999 -9999 -9999 -9999 -9999 0.126764196678571 0.126730879511822 0.126983849347688 0.117814251128936 0.119945726905902 0.136319958544918 0.13814929726482 0.123364606899369 0.0873438458847159 0.0226550105158116 0.00187064657159364 0.0288147942133815 0.0613271683633378 0.086391755645528 0.105259693641674 0.112168322025971 0.117690784388584 0.120795579985032 0.120819973775123 0.11654737421335 0.0940136977727468 0.00934044855184629 -0.0672003294768616 -0.0056887240967709 0.062583518899383 0.0824953824945676 0.0945741888842803 0.122552435720238 0.0809804411391604 0.0651707443522292 0.0491773808182902 0.0418002669860653 0.061567694565937 0.0354327356043903 0.0815501190453661 0.089598506539579 0.0945526484985547 0.150889690862623 0.192449113541156 0.220790472737314 0.233575548613859 0.194099619997762 0.179922423832029
-9999 -9999 -9999 -9999 -9999 -9999 -9999 -9999 -9999 -9999 -9999 -9999 -9999 0.126637246327015 0.12478066795996 0.119104413924718 0.121133452640684 0.134969445849999 0.136897855147572 0.123355835294632 0.116088109783751 0.103319701986889 0.0864588148486035 0.0743522965849036 0.0732301373149977 0.0791268545187204 0.0802399233162762 0.0858473511740543 0.0926741813127248 0.101461991683197 0.107130078827441 0.103088086837784 0.0942201270740016 0.0863541144120719 0.0736601727255075 0.0699886929764602 0.108085543969757 0.136837194700836 0.146648777748919 0.125601911520887 0.129088476687998 0.0893465992234419 0.0829214884613478 0.0691326704488262 0.0499783814000701 0.0671905572444405 0.0580164229280752 0.0932775163494311 0.113786100129775 0.14908084856573 0.210759306056284 0.24481256030978 0.265079963405129 0.254704129458184 0.197586332781553 0.172722273528762
-9999 -9999 -9999 -9999 -9999 -9999 -9999 -9999 -9999 -9999 -9999 0.126738547687782 0.126409164656356 0.123149942853669 0.110945000067942 0.106807222097936 0.11984949142386 0.12894307934294 0.121102107510739 0.112303767535155 0.101249082502661 0.0932851351493247 0.0835299211991784 0.0704734592814794 0.06377900231194 0.065327935819548 0.0728949990437289 0.0875937070406691 0.101895179685798 0.113327207278372 0.116787814413113 0.10906591328533 0.0939505639883267 0.0839265531551102 0.093601195196591 0.108778031386701 0.163029083696115 0.199214211063072 0.185909836772572 0.161682106457633 0.140819783572162 0.112485045223167 0.107831465503188 0.0984716401068887 0.0743708108800176 0.0793392071978942 0.0689725945141189 0.0941569496520103 0.126653385693506 0.181035526852772 0.241364132014464 0.267300762318283 0.267340854248037 0.244925084936934 0.166942699430386 0.16033098357183
-9999 -9999 -9999 -9999 -9999 -9999 -9999 -9999 -9999 -9999 0.126721019844702 0.126009584160928 0.120300402929387 0.110615264540568 0.0979923193607302 0.0805687140404707 0.0716097892648966 0.0854540912308842 0.10193989979831 0.100016184595958 0.090361515019358 0.0739877203813066 0.0594824929827069 0.0537131552673026 0.0586398447172828 0.0721544910987795 0.0898517926131437 0.105788414489158 0.115901169970453 0.120773192363365 0.121462025972614 0.114272906222227 0.0943752662505268 0.0749989290366807 0.0904848613344266 0.119311160987302 0.147613839171927 0.167362854462142 0.17305755001224 0.149873560148293 0.128168647484461 0.119852696447885 0.116576778299001 0.108304142375875 0.0843901326955664 0.0802124439728567 0.0847065086035856 0.108249851850284 0.140505640393031 0.186279482885484 0.231474644665598 0.236037057579815 0.21260178146834 0.180101146436125 0.120582253968941 0.124264841476213
-9999 -9999 -9999 -9999 -9999 -9999 -9999 -9999 -9999 -9999 0.125143831236453 0.11356002612982 0.103543912420745 0.0943856665505953 0.0830243691591103 0.071113091124383 0.041334632667865 0.0480683206580153 0.066263898275658 0.0659212295481077 0.0593935560599221 0.0472407028841889 0.0478114800713306 0.0562206828175904 0.0748992506399904 0.0938256624257972 0.109195562871026 0.118815093498219 0.123024168173934 0.124646596782 0.124656834242269 0.118916821356374 0.0977103165159022 0.0678865647087138 0.0749703859630352 0.112608524390511 0.124133570675997 0.12036350002063 0.117882493547822 0.119453539748404 0.114202862468519 0.119439728918039 0.120003531289665 0.117528863255994 0.106432002421646 0.0961646279149665 0.10065396997101 0.112993165690155 0.129952957228021 0.16550528381336 0.195696799428403 0.194459148362417 0.17899222182349 0.156423454644884 0.114960850228282 0.15469879413486
-9999 -9999 -9999 -9999 -9999 -9999 -9999 -9999 0.126458075911416 0.121846490750102 0.100505045540285 0.0891640269239003 0.0930623295989385 0.0798241799463305 0.0671615129516268 0.0711879733767128 0.0433047548859617 0.026201533836299 0.0315809801499973 0.0337887952141378 0.0420690254570402 0.050568352461159 0.0610957352891951 0.0773246575730142 0.0983906388296463 0.113721695864663 0.120990197771645 0.124433905759591 0.12568809753956 0.126010369694313 0.12574368941953 0.121990756591617 0.104287492374817 0.0666541802927323 0.056152477733992 0.0859554822913152 0.0982122180770399 0.0906712074603024 0.0814526560357983 0.0728188461561786 0.0649984045551489 0.0708863389747378 0.0752259871993292 0.0821161830392538 0.0872897680989637 0.0946263240112986 0.102590709823529 0.111982529070392 0.12622429473249 0.145342473836038 0.150848115983 0.150103756285907 0.127586449749024 0.114067327616083 0.0989288392955832 0.169400984027605
-9999 -9999 -9999 -9999 -9999 -9999 -9999 -9999 0.122748358201325 0.0933922484678188 0.0861782643987184 0.111261019980083 0.101474339810456 0.0641185481907616 0.05138704064153 0.053792976384487 0.0584591194454564 0.0353812580494591 0.0309804607391009 0.049771372763355 0.0735747926283843 0.08324918690834 0.0910773811453008 0.102834029113729 0.116568789717505 0.123097645203951 0.123814933053022 0.124431830186477 0.124373086722686 0.123859561028432 0.123337557392612 0.122552511225275 0.110411743825145 0.0756105272668261 0.045311621668266 0.0596652108281807 0.0771388543695015 0.0794479538918947 0.0733793949779238 0.0664027207049113 0.0580546199386267 0.0589944874625481 0.0601542403509188 0.067223891448462 0.0779031725203201 0.0864497665733883 0.0892600018275786 0.0876182168431723 0.088475699844157 0.0888030714708107 0.090893819391652 0.0904792674268524 0.0808586901840719 0.0811774417478153 0.0788458537011742 0.174917053311038
-9999 -9999 -9999 -9999 -9999 -9999 -9999 0.124442420259177 0.110824754590104 0.0701732796496234 0.132071832387624 0.172446081974831 0.119336016004549 0.0571602862637491 0.037507755025886 0.0409566506778102 0.0390510545121077 0.0497579040621253 0.0582027390864749 0.0822295684332938 0.0991574846110595 0.104004087046707 0.108705478696156 0.110849148102436 0.11381323833263 0.116600738939707 0.11683626429573 0.116539206034172 0.116457994014745 0.115968544399061 0.115625510433476 0.113836153155432 0.11180009951735 0.087004421139055 0.0513444790199855 0.0423438790212719 0.053204190100717 0.0658184516212907 0.0692858516106086 0.0676633477045017 0.065255205926255 0.0658119920318386 0.0664526680967105 0.0683481670840358 0.0683966572863776 0.0666391288570837 0.0586142539984561 0.0520726768747662 0.0510492200994664 0.050386258508366 0.0520612363730492 0.0523700854769413 0.056845337030745 0.0627841420940859 0.0624007818825172 0.17184782674699
-9999 -9999 -9999 -9999 -9999 -9999 -9999 0.119568386477508 0.0817648278696099 0.0857840535206035 0.221784944703009 0.203460853333806 0.113479768166026 0.0601346402776868 0.0321179044394145 0.0229919962628794 0.0199508454899182 0.0273151325302152 0.0349356649884676 0.0527714166561681 0.0728990067033414 0.0823084505025107 0.0904973153523937 0.0911482979300724 0.0918581271254816 0.0962551996486448 0.0965564102940288 0.0997169301472118 0.0984078785731274 0.0934638305246426 0.0930157589073962 0.0909470430399069 0.0931406945175634 0.0928927680306962 0.0670077952895367 0.0456052713684437 0.039847780485443 0.0443306775386454 0.0499662547018366 0.0540530971898673 0.0565756365075051 0.0578464702341429 0.0589278728002275 0.0594829648405521 0.0596144810195147 0.058163752864595 0.0570462820798242 0.0610326171855852 0.0662992748036333 0.0657412932561481 0.061080294958392 0.0561676640737714 0.054628194861161 0.0556224049384832 0.0550259823128887 0.12428667753077
-9999 -9999 -9999 -9999 -9999 -9999 0.124534917460217 0.104887698983173 0.062409068508549 0.15123233796814 0.282971397854426 0.210699955291866 0.0912999404795056 0.0536301461187805 0.0296146366006058 0.0143221213500009 0.00765794158849625 0.00877110615940568 0.0142604126648226 0.0291140519208081 0.0491582996191836 0.0561730783368566 0.0610889883571796 0.0621112132287954 0.0673720066331752 0.0709984929771324 0.0727251485661631 0.0713298144846182 0.0688643419106014 0.0698932357370955 0.067595577695855 0.0680090190438452 0.0673608650639952 0.067438919815581 0.0719626072988442 0.0626507797305478 0.0506790782349704 0.0467285155032157 0.0473487085328271 0.0521221325575739 0.0589800660505449 0.0653948143733848 0.0733187243479448 0.0806197887770215 0.0776418088364386 0.0698061717139293 0.0657434871549151 0.0628159935331202 0.0618431845183959 0.0601858958175938 0.0597837476508755 0.0609774288444795 0.0661610919155929 0.0734015558622725 0.0667431528841936 0.0740691251658974
-9999 -9999 -9999 -9999 -9999 -9999 0.122900160290875 0.0980869326621223 0.0744433952718795 0.198064113426583 0.268726943539374 0.17954115655377 0.0793542373557832 0.0511782257763705 0.0331546294309084 0.0181274258852964 0.00864477521660617 0.00476312954803054 0.00472603440434244 0.0104982835599087 0.0202767866252946 0.0263254967994107 0.0308505981945537 0.031792093658319 0.034460283085901 0.0386745805688683 0.0390622038875492 0.0393242786094757 0.038066142232216 0.0372715442314601 0.0380501349312148 0.0378829604411605 0.0397323319015147 0.0414002134308812 0.0443977197374091 0.0486648818272058 0.0518678197824523 0.0569475962634738 0.0598863299241086 0.0610978676234478 0.0642999007125705 0.0639262913588459 0.0639786646455498 0.0632280173903601 0.0606366860560535 0.0584759177046624 0.0607389166255879 0.0630585285865248 0.0662460283185579 0.0710006545046911 0.075979013960922 0.0845666328043097 0.0916109226698329 0.0963063799011507 0.0919402928953888 0.0758799003822372
-9999 -9999 -9999 -9999 -9999 -9999 0.123117008673108 0.102280149076555 0.0653426118697359 0.187588569038491 0.286653358653543 0.188897240833935 0.0759392051535375 0.0482292054781974 0.040002728862281 0.0274870765017159 0.0195433393067536 0.00996122895164853 0.00644271166134147 0.00651193081504836 0.00909985070856351 0.0121268094197756 0.015675537992979 0.0187418234400622 0.0228515853015572 0.026008636541512 0.0240650061186169 0.0201054628860062 0.0193631122040093 0.0205373416029576 0.0196770187733842 0.0211180612611997 0.0212954281458738 0.022870477272344 0.0272290699981021 0.029049572630615 0.0331759393945401 0.0355106098213427 0.0395660687491934 0.043800513474215 0.0469105585561785 0.0506860151322385 0.0530881084184957 0.0560139503053806 0.0584861698633614 0.0638149058966774 0.0688086332360462 0.0754193068758683 0.0828158993054867 0.0917297152295026 0.104698784230078 0.110082442742224 0.11537629323172 0.119065371025388 0.112224080871052 0.0985639312935327
-9999 -9999 -9999 -9999 -9999 -9999 -9999 0.10183189034831 0.0387025134250819 0.173646945477513 0.314711643527802 0.216613153163406 0.090174040553717 0.0570788866420263 0.0574863227087248 0.0588247670580949 0.0469843685089104 0.0295330857812374 0.0228256552790888 0.0213514353581746 0.020755385365648 0.0222748940777606 0.0238129836032141 0.0259515300249114 0.0277290402831902 0.0270794055191312 0.0243809054321891 0.0187339513537618 0.0138930278673839 0.0137856407635505 0.0129209175481445 0.013158423924561 0.0132490717909208 0.0138098164328421 0.0160128948239761 0.0185152675897527 0.0221867167813115 0.0262134083385531 0.0301817153794463 0.0359722643988398 0.042874912925266 0.0510679748953308 0.058526171532054 0.0657192512290752 0.0743507099335962 0.0814325188118197 0.0905860940071784 0.0991405413066927 0.110311955484499 0.12611543554978 0.138590726235299 0.149236953654724 0.150523952771248 0.152750142484244 0.15411083393717 0.138156979990771
-9999 -9999 -9999 -9999 -9999 -9999 -9999 -9999 0.0123609596979924 0.188184935054186 0.409783373800364 0.254972942365777 0.109183469216262 0.0744872813622193 0.0850107323713475 0.0998246096776542 0.0862398905863671 0.0654750951682012 0.0534526680653652 0.0468784936182589 0.0423009299636066 0.0411227765915352 0.0418931558671252 0.0420422989512568 0.0409601474106294 0.0393348656036334 0.0352771691430717 0.029959756063027 0.0221598192587228 0.0209324596399911 0.0192724688485653 0.0190963897143689 0.0193682470406525 0.0191250205274008 0.0206818790082574 0.0228765710091526 0.025956878384715 0.0309177611862173 0.0363087261694207 0.0443485613762802 0.0538689035997582 0.0631117984194511 0.0755567200300181 0.0864690510034694 0.0963679549185942 0.108722586394571 0.115886740775983 0.125781686001981 0.135555266578588 0.149080680979667 0.158844295659882 0.172354281038383 0.178226390729655 0.182380032378839 0.183523408863096 0.179106535386768
-9999 -9999 -9999 -9999 -9999 -9999 0.0905547318804599 0.02788534957406 0.0213727479227894 0.259319210512654 0.354115980620623 0.262106564721366 0.12955062530569 0.100723729739383 0.126154037352482 0.146910225966198 0.132639786033728 0.102369640390191 0.0865761558168332 0.0823611192227144 0.0770055821540335 0.07375311081747 0.0692232420940818 0.0671956358438834 0.0676795562340702 0.0646823645723583 0.0619416798119071 0.0548843569638724 0.0460947607409335 0.0423784538822064 0.0400019976483809 0.0403988533388838 0.0391764736619873 0.0382408012721003 0.0393658433771011 0.0399255446698675 0.0439472806341097 0.0484836943064547 0.0544320197668474 0.0634955501982404 0.072854864728699 0.0850060327220484 0.0977672356632115 0.10987270174536 0.118334089561195 0.121510000851809 0.122496686418634 0.122613601962156 0.128975190847277 0.141055447742401 0.153589736900686 0.170517422710978 0.182790258894098 0.190836426944945 0.194522076645185 0.181554423216943
-9999 -9999 -9999 -9999 -9999 0.0734970758888249 0.00567259989375196 -0.0114058104431937 0.145051930845901 0.298548401312288 0.332486096640335 0.263665972260655 0.151468942003736 0.134051654316547 0.175463304304705 0.205511116804528 0.182996803667526 0.143011328035023 0.123826661910379 0.121939477803589 0.119546063103956 0.113340864061138 0.105569239544323 0.101441707551738 0.103990607748444 0.102889387480584 0.0983621867931105 0.0910344624299361 0.0821225728868034 0.0745303815770471 0.0717311735471416 0.0709781468284479 0.0690556859840507 0.0665850877638973 0.0657096126119412 0.0639397262926217 0.0678372185717009 0.0734392090161632 0.0791638212345501 0.0867470256957129 0.0941031451475675 0.105252211435993 0.108670814155278 0.110438396364516 0.110607311590036 0.105203212162143 0.105403882631221 0.0998578240116811 0.104276485318067 0.116831009426347 0.130933454522515 0.149139892042063 0.166763263565092 0.173284295370257 0.166350609577428 0.143071035844561
-9999 -9999 -9999 -9999 -9999 0.0263671625262922 -0.0513353616288021 0.0128247990279398 0.212368967740221 0.310928110498744 0.304612399209594 0.259970582609686 0.208097108899373 0.210307346972568 0.242628084999317 0.266060284217088 0.234358271136594 0.190318626556455 0.168866257558807 0.172762190697427 0.176343073401357 0.169088736860074 0.158725657864936 0.152634794188981 0.155276773359607 0.154206616345781 0.151909888810352 0.144434574862474 0.134176380660153 0.124933243251687 0.116711069041253 0.115841423133971 0.111064146716384 0.105030779402504 0.100864388109637 0.0971273929210705 0.100666081734616 0.105241088016579 0.112251075255173 0.118580216396156 0.120122200311422 0.120696309959412 0.115249571411637 0.109071430242881 0.101817620173189 0.0924626748261974 0.0883206832047282 0.084630298518325 0.0881854677435635 0.0962907629112815 0.104321488045902 0.11998656715111 0.131053746116612 0.134785469463894 0.1313859614161 0.115230449550085
-9999 -9999 -9999 -9999 -9999 -9999 -0.0643190404908028 0.0258332732851326 0.227114520193368 0.275744150701023 0.266531947410967 0.248294830229826 0.234819234174342 0.246415065105606 0.263838836032726 0.298317642502761 0.26564532792364 0.2276445886457 0.214666143298281 0.220912275539618 0.232757667356572 0.22233569239207 0.219891986817267 0.216250370954427 0.215423325333171 0.21722663475179 0.213201525265346 0.212202308906713 0.20357800984979 0.19197958681776 0.179597812779823 0.167024065727667 0.163135310759338 0.155044810435526 0.145879168792285 0.139896787662474 0.146280733745423 0.152943147400187 0.156332287040315 0.153692825319645 0.145292284908112 0.138896065916957 0.125858953466769 0.114785400042701 0.100517434341671 0.0872688826180676 0.0862704961952008 0.0827274484024747 0.0854724774121116 0.0905793310923326 0.0866424054292713 0.098485405855547 0.0984506990408893 0.0939352882596824 0.0893592560545992 0.0781586151934712
-9999 -9999 -9999 -9999 -9999 -9999 -0.0375920409472469 -0.0229991015789183 0.174724389719247 0.2391020330512 0.247035715245905 0.237813469904144 0.195735717208414 0.20357956959369 0.232601245655456 0.256699080930364 0.257759717588631 0.251668205466774 0.250351954213392 0.249284818381606 0.251561998507943 0.261126836561482 0.277865322797632 0.280007032691421 0.273169348528432 0.265333851301614 0.276214322975214 0.289239432714168 0.283704248569192 0.267991419564337 0.247631100717716 0.242181648342228 0.23736358926195 0.228703453852878 0.220337216283232 0.211136684320424 0.215246719035288 0.217832120497073 0.214667396530823 0.2047015489592 0.188442370446828 0.176203956386025 0.1592926045751 0.144590388887316 0.130182032058504 0.117244566567682 0.11422556665186 0.11306598926375 0.117989352045221 0.126085453912416 0.124932300810088 0.111555724121398 0.0894243318527539 0.0736524587352975 0.0590500529611864 0.0365403099604669
-9999 -9999 -9999 -9999 -9999 -9999 0.039601709662913 -0.0681134596256728 0.042734103705896 0.180088594440741 0.234497938182667 0.254425505156024 0.192974168436653 0.174683363900159 0.203338166025647 0.219848291292592 0.246615013437558 0.255858735756929 0.264126960379897 0.266770952980577 0.267740796754463 0.296414185303771 0.326718882358819 0.336712984679907 0.327905137112406 0.313308792492517 0.334247958140925 0.362979070176093 0.364934817546559 0.348795744004794 0.32577254350704 0.329070582751489 0.332656520464201 0.327492777979529 0.318676972289739 0.301555395522573 0.303154636909359 0.30250198602591 0.294101579174723 0.275648267895211 0.251757612358873 0.236328694765165 0.215466939361815 0.199795684533608 0.182165107752547 0.169067959651887 0.167273616347183 0.168895412164205 0.173051666967105 0.18030873688752 0.181812829988833 0.139004824362653 0.0948375841560679 0.0613364362837546 0.0305710433680813 0.00287064314526136
-9999 -9999 -9999 -9999 -9999 -9999 -9999 -9999 -0.0285405435513675 0.0920590791280008 0.261413964327507 0.252780797123152 0.196427682804099 0.189854388544934 0.206064443430525 0.240947540334047 0.255722975449871 0.249316484818638 0.257866386592021 0.276441769121651 0.299576170359015 0.332687727114857 0.3633761527485 0.375474284199421 0.369043648194918 0.362030559812276 0.383524667290027 0.417112943284328 0.425421641828396 0.418582481541494 0.41062818855721 0.419698646548305 0.438870218414466 0.440918741423243 0.42953049113669 0.414055613671277 0.411997797383239 0.408426777405626 0.395144010336698 0.374782666433812 0.345967142489122 0.32739017405795 0.306084713487934 0.285554517319735 0.264761319978566 0.248144053022972 0.244157392092772 0.243135050990813 0.244432665652156 0.242785883536905 0.221315480952529 0.177615179781073 0.117423639013468 0.072261206387229 0.0314736107543322 -0.00984771389086714
-9999 -9999 -9999 -9999 -9999 -9999 -9999 -9999 0.0594967174297039 0.0177084903736595 0.290682632606933 0.267631081613577 0.196632098180857 0.197097666275716 0.22500342700938 0.276294455452314 0.299592613941986 0.280188801967487 0.283887889877769 0.311878362253667 0.33803400488511 0.370419518358263 0.392688634913448 0.402322281614227 0.403993732755095 0.398802100225267 0.419765061790468 0.453215724112897 0.467057823012693 0.471105933057904 0.475176956648409 0.494922337720498 0.525179570549407 0.538070035298984 0.53589946549457 0.526763910711288 0.527539348952193 0.526041072765015 0.51392204904966 0.492584288437869 0.461689536525425 0.441468368661444 0.416649199745455 0.391552938084988 0.361265034965822 0.338457507413624 0.332960777738935 0.327763871137581 0.321580635270948 0.306593121937933 0.279776657232799 0.231887597869231 0.165018109424332 0.102845350416657 0.0416061681918404 -0.0107785692979131
-9999 -9999 -9999 -9999 -9999 -9999 -9999 -9999 -9999 -0.0326547608545172 0.268305455717623 0.255169395379755 0.183294854929295 0.200127924054013 0.249661088422212 0.333362987970813 0.372361607207536 0.360468620449124 0.355074029472568 0.360925039231448 0.388005422312065 0.407956315596897 0.417094158142923 0.425137758272191 0.427412180374293 0.429609035358306 0.446756217248157 0.472358604557592 0.487569762203551 0.49729499882462 0.51172682665181 0.538375104278296 0.575828502761965 0.599437568309379 0.610449646314191 0.617837555514732 0.628864570156107 0.639955869343052 0.633438382069572 0.615860883336079 0.588467927442053 0.568527406034443 0.543380084624545 0.509828240968245 0.468621818009935 0.433310060648999 0.424369142486459 0.417409089573149 0.403718931294366 0.379450001200739 0.343113022578346 0.298565840220371 0.244778665643831 0.171684757267423 0.0747682139390758 -0.0027648783130868
-9999 -9999 -9999 -9999 -9999 -9999 -9999 -9999 -9999 -9999 0.0347292824968257 0.145410176526911 0.180193022188101 0.218179318434892 0.28729072766538 0.400495902068906 0.480242099851544 0.480571995501969 0.454809419774432 0.442227452569823 0.441279678188327 0.445231426262144 0.443745408695461 0.445579906212619 0.454311768815913 0.457747998552186 0.467844731235378 0.484809292498099 0.497900166896453 0.513436211923742 0.532652968656474 0.560470893690773 0.59740095519611 0.629604542604587 0.657761372096386 0.682963756230423 0.705563828012923 0.725208559927628 0.73200093234998 0.726717359770173 0.711324958293984 0.69453198996874 0.670616027283933 0.634996922474085 0.585039459468528 0.541803533217585 0.525551991736149 0.513021897487535 0.491753238321165 0.456295552112688 0.409731301137572 0.360712785822442 0.303220337429937 0.225957312535153 0.123658185632677 0.0453614727006442
-9999 -9999 -9999 -9999 -9999 -9999 -9999 -9999 -9999 -9999 -9999 0.0640744995810576 0.187973004584049 0.267901846094965 0.338582541818934 0.449489128141688 0.562022982338864 0.607293446303147 0.577402204846616 0.523932318617217 0.482018935789236 0.472854969481814 0.473235320991577 0.474388674694505 0.476305395454605 0.478240863491452 0.482876468110712 0.494448525842046 0.505706723408311 0.518820313341597 0.536769020882669 0.564913489397503 0.602372286701451 0.638180844051586 0.675044125104341 0.712586503585732 0.74347986972066 0.775562400628818 0.795307522713721 0.802606711297938 0.804227748679679 0.793649345091328 0.782845401213848 0.750836229498387 0.695380837489528 0.652398894330835 0.629736374058769 0.608734466147004 0.579264961327124 0.533913302144638 0.477447955510918 0.414024703043903 0.332005733093791 0.262489718255051 0.200051030612838 0.146597291859277
