data/03_saidas_enm/CCSM_Maxent_6k_B.balansae3.asc
NCOLS 154 
NROWS 168 
XLLCORNER -112 
YLLCORNER -55.5 
CELLSIZE 0.5 
NODATA_value -9999 
[rows 100 to 124 of 168, columns 56 to 111 of 154]
-9999 -9999 -9999 -9999 -9999 -9999 -9999 -9999 -9999 -9999 -9999 -9999 -9999 -9999 -9999 -9999 -9999 -9999 -9999 -9999 -9999 -9999 -9999 -9999 -9999 -9999 -9999 -9999 0.0374764800071716 0.177741393446922 0.385051667690277 0.443313598632812 0.432985246181488 0.439471989870071 0.389389157295227 0.29536235332489 0.187219247221947 0.128871113061905 0.166801303625107 0.333351045846939 0.52016943693161 0.520565450191498 0.429740607738495 0.377506226301193 0.365943372249603 0.372399240732193 0.389360666275024 0.418518632650375 0.452193021774292 0.479193866252899 0.503169059753418 0.521229386329651 0.537166893482208 0.555536925792694 0.578081846237183 0.597964525222778
-9999 -9999 -9999 -9999 -9999 -9999 -9999 -9999 -9999 -9999 -9999 -9999 -9999 -9999 -9999 -9999 -9999 -9999 -9999 -9999 -9999 -9999 -9999 -9999 -9999 -9999 -9999 -9999 0.0381431952118874 0.19761449098587 0.402062594890594 0.422291576862335 0.414316803216934 0.431744575500488 0.380752265453339 0.285874098539352 0.179794013500214 0.126350328326225 0.174119174480438 0.352484732866287 0.543232500553131 0.510511338710785 0.418816566467285 0.366090774536133 0.350723087787628 0.359015226364136 0.375551551580429 0.411098301410675 0.433765321969986 0.460597574710846 0.474294096231461 0.500011682510376 0.515428423881531 0.532013833522797 0.552963733673096 0.572103440761566
-9999 -9999 -9999 -9999 -9999 -9999 -9999 -9999 -9999 -9999 -9999 -9999 -9999 -9999 -9999 -9999 -9999 -9999 -9999 -9999 -9999 -9999 -9999 -9999 -9999 -9999 -9999 0.0217874590307474 0.042562048882246 0.18390941619873 0.355729907751083 0.380105227231979 0.395873010158539 0.438311100006104 0.379227995872498 0.277764230966568 0.177820608019829 0.141604542732239 0.209085330367088 0.380645155906677 0.563875794410706 0.482827693223953 0.407040953636169 0.360956490039825 0.337447434663773 0.345200419425964 0.360892862081528 0.392964661121368 0.420478761196136 0.443266153335571 0.461704224348068 0.481924831867218 0.49719500541687 0.51264089345932 0.532811522483826 0.551373302936554
-9999 -9999 -9999 -9999 -9999 -9999 -9999 -9999 -9999 -9999 -9999 -9999 -9999 -9999 -9999 -9999 -9999 -9999 -9999 -9999 -9999 -9999 -9999 -9999 -9999 -9999 -9999 0.0226891227066517 0.0473187565803528 0.1641576141119 0.29969334602356 0.325209975242615 0.363783091306686 0.444416791200638 0.362175345420837 0.258036941289902 0.172114804387093 0.150480419397354 0.228417903184891 0.41232505440712 0.535941958427429 0.455921113491058 0.384908139705658 0.349860787391663 0.328317373991013 0.330130755901337 0.344615876674652 0.366939634084702 0.39692035317421 0.421243190765381 0.442733228206635 0.464651852846146 0.484787464141846 0.499726116657257 0.515814483165741 0.529167890548706
-9999 -9999 -9999 -9999 -9999 -9999 -9999 -9999 -9999 -9999 -9999 -9999 -9999 -9999 -9999 -9999 -9999 -9999 -9999 -9999 -9999 -9999 -9999 -9999 -9999 -9999 -9999 0.024668687954545 0.0594495423138142 0.147332340478897 0.234804689884186 0.271176964044571 0.327628880739212 0.445529341697693 0.33636000752449 0.22352509200573 0.155876219272614 0.150025337934494 0.24551959335804 0.4369195997715 0.525958120822906 0.427251398563385 0.370538711547852 0.339251220226288 0.327935963869095 0.320730865001678 0.330121636390686 0.346041470766068 0.371091961860657 0.400714308023453 0.422381550073624 0.447437644004822 0.464230448007584 0.480074554681778 0.497533351182938 0.510514318943024
-9999 -9999 -9999 -9999 -9999 -9999 -9999 -9999 -9999 -9999 -9999 -9999 -9999 -9999 -9999 -9999 -9999 -9999 -9999 -9999 -9999 -9999 -9999 -9999 -9999 -9999 -9999 0.0295525826513767 0.0789804682135582 0.135633885860443 0.181224212050438 0.215122058987617 0.288723081350327 0.437168627977371 0.296276211738586 0.173406034708023 0.124631620943546 0.137594014406204 0.24666440486908 0.451215386390686 0.50843733549118 0.404430091381073 0.351825296878815 0.33468097448349 0.325635612010956 0.324055731296539 0.329636067152023 0.333803534507751 0.35336971282959 0.384988903999329 0.406284242868423 0.426906704902649 0.444526374340057 0.459559708833694 0.477272480726242 0.490845680236816
-9999 -9999 -9999 -9999 -9999 -9999 -9999 -9999 -9999 -9999 -9999 -9999 -9999 -9999 -9999 -9999 -9999 -9999 -9999 -9999 -9999 -9999 -9999 -9999 -9999 -9999 -9999 0.0382024310529232 0.107701160013676 0.126925051212311 0.139689460396767 0.171172112226486 0.250452011823654 0.424175947904587 0.247170269489288 0.116340734064579 0.0853588506579399 0.11211059242487 0.230434104800224 0.451743483543396 0.492980808019638 0.383486211299896 0.341492980718613 0.327857285737991 0.32490673661232 0.327818930149078 0.331876486539841 0.337784022092819 0.350011974573135 0.369149625301361 0.397543460130692 0.412302315235138 0.425232857465744 0.440248876810074 0.456569522619247 0.47524619102478
-9999 -9999 -9999 -9999 -9999 -9999 -9999 -9999 -9999 -9999 -9999 -9999 -9999 -9999 -9999 -9999 -9999 -9999 -9999 -9999 -9999 -9999 -9999 -9999 -9999 -9999 -9999 0.0532814376056194 0.115617781877518 0.117667138576508 0.109762139618397 0.140308931469917 0.226102724671364 0.402394711971283 0.194408550858498 0.0724023804068565 0.0653262957930565 0.090819738805294 0.221706375479698 0.456559389829636 0.477943509817123 0.35824516415596 0.325063675642014 0.321514815092087 0.321254640817642 0.324409276247025 0.329372406005859 0.334378093481064 0.345013201236725 0.358112514019012 0.376798868179321 0.390026539564133 0.403853923082352 0.418399512767792 0.434515744447708 0.45299881696701
-9999 -9999 -9999 -9999 -9999 -9999 -9999 -9999 -9999 -9999 -9999 -9999 -9999 -9999 -9999 -9999 -9999 -9999 -9999 -9999 -9999 -9999 -9999 -9999 -9999 -9999 -9999 0.0734796449542046 0.123517118394375 0.10962588340044 0.0888786986470222 0.120854109525681 0.208295121788979 0.389935404062271 0.15312471985817 0.0591490752995014 0.0656495317816734 0.0813139900565147 0.222268626093864 0.468616962432861 0.448121547698975 0.33689746260643 0.310138881206512 0.30837070941925 0.310757398605347 0.314070135354996 0.319510281085968 0.32468593120575 0.330660402774811 0.345077812671661 0.35503351688385 0.365021169185638 0.377588629722595 0.393649250268936 0.413745611906052 0.430308938026428
-9999 -9999 -9999 -9999 -9999 -9999 -9999 -9999 -9999 -9999 -9999 -9999 -9999 -9999 -9999 -9999 -9999 -9999 -9999 -9999 -9999 -9999 -9999 -9999 -9999 -9999 -9999 0.0931645706295967 0.12914089858532 0.104715675115585 0.0831360220909119 0.118646062910557 0.224236086010933 0.380912184715271 0.141461446881294 0.060432780534029 0.0673025399446487 0.101857259869576 0.270083367824554 0.503230452537537 0.420403122901917 0.31311222910881 0.286567717790604 0.290433317422867 0.293120592832565 0.296626627445221 0.302456945180893 0.307981103658676 0.314647376537323 0.323620855808258 0.334258437156677 0.343307614326477 0.352035641670227 0.368872284889221 0.387260258197784 0.402798026800156
-9999 -9999 -9999 -9999 -9999 -9999 -9999 -9999 -9999 -9999 -9999 -9999 -9999 -9999 -9999 -9999 -9999 -9999 -9999 -9999 -9999 -9999 -9999 -9999 -9999 -9999 0.042297251522541 0.0994620695710182 0.126408025622368 0.100432299077511 0.0834080204367638 0.125661596655846 0.245029509067535 0.394185870885849 0.147666543722153 0.0626576468348503 0.0695799216628075 0.167206645011902 0.357516378164291 0.54615443944931 0.361473202705383 0.287891119718552 0.260377377271652 0.264778554439545 0.2701176404953 0.274192631244659 0.281247109174728 0.287069052457809 0.294765293598175 0.304259210824966 0.313352167606354 0.326046466827393 0.333068937063217 0.348583966493607 0.364462912082672 0.375674307346344
-9999 -9999 -9999 -9999 -9999 -9999 -9999 -9999 -9999 -9999 -9999 -9999 -9999 -9999 -9999 -9999 -9999 -9999 -9999 -9999 -9999 -9999 -9999 -9999 -9999 -9999 0.0722034350037575 0.117465913295746 0.120924234390259 0.0961768254637718 0.0856497064232826 0.14805680513382 0.298362046480179 0.399324983358383 0.185174107551575 0.0924479216337204 0.134637206792831 0.275025576353073 0.45580917596817 0.455998301506042 0.31876266002655 0.258343547582626 0.241838350892067 0.238112077116966 0.238408148288727 0.244927898049355 0.254261612892151 0.263639807701111 0.273069769144058 0.283279418945312 0.294016182422638 0.305190652608871 0.314893484115601 0.327745169401169 0.339629948139191 0.349449932575226
-9999 -9999 -9999 -9999 -9999 -9999 -9999 -9999 -9999 -9999 -9999 -9999 -9999 -9999 -9999 -9999 -9999 -9999 -9999 -9999 -9999 -9999 -9999 -9999 -9999 -9999 0.0992734730243683 0.117392785847187 0.10463385283947 0.0901917219161987 0.0854759514331818 0.179540157318115 0.349460452795029 0.41588830947876 0.248700559139252 0.151617363095284 0.249819159507751 0.406999349594116 0.481728851795197 0.357251584529877 0.26021334528923 0.233751282095909 0.223928138613701 0.222063913941383 0.220820501446724 0.220386549830437 0.230165854096413 0.240223929286003 0.250745207071304 0.260695397853851 0.27177694439888 0.284176379442215 0.296683758497238 0.310073345899582 0.31800976395607 0.325882941484451
-9999 -9999 -9999 -9999 -9999 -9999 -9999 -9999 -9999 -9999 -9999 -9999 -9999 -9999 -9999 -9999 -9999 -9999 -9999 -9999 -9999 -9999 -9999 -9999 -9999 -9999 0.119792729616165 0.106101602315903 0.0877689346671104 0.0844140350818634 0.12309505045414 0.22784212231636 0.392268091440201 0.454807341098785 0.370316833257675 0.33638259768486 0.406765639781952 0.493093490600586 0.36049747467041 0.279195576906204 0.23479850590229 0.213487327098846 0.207992896437645 0.208498075604439 0.209734573960304 0.214246362447739 0.22093677520752 0.229921117424965 0.238940194249153 0.245388895273209 0.254749536514282 0.264934360980988 0.27583047747612 0.28657266497612 0.292204290628433 0.297120004892349
-9999 -9999 -9999 -9999 -9999 -9999 -9999 -9999 -9999 -9999 -9999 -9999 -9999 -9999 -9999 -9999 -9999 -9999 -9999 -9999 -9999 -9999 -9999 -9999 -9999 0.120381712913513 0.117924332618713 0.0939302816987038 0.0752844586968422 0.0933519005775452 0.158444747328758 0.268639206886292 0.414747983217239 0.51323264837265 0.47572460770607 0.459484130144119 0.479432374238968 0.350680381059647 0.264741539955139 0.228503629565239 0.21648183465004 0.202144235372543 0.198632746934891 0.202176794409752 0.208176836371422 0.219946652650833 0.218527019023895 0.220756679773331 0.227288171648979 0.231026709079742 0.237459570169449 0.247159361839294 0.253996670246124 0.261631309986115 0.265082806348801 0.269259184598923
-9999 -9999 -9999 -9999 -9999 -9999 -9999 -9999 -9999 -9999 -9999 -9999 -9999 -9999 -9999 -9999 -9999 -9999 -9999 -9999 -9999 -9999 -9999 -9999 -9999 0.128802075982094 0.115116126835346 0.0843981504440308 0.074672169983387 0.110897406935692 0.19360463321209 0.284218788146973 0.36705020070076 0.428732752799988 0.424479961395264 0.382170796394348 0.335434347391129 0.270516186952591 0.218856662511826 0.202198103070259 0.19865371286869 0.191269919276237 0.191043764352798 0.194537341594696 0.204100608825684 0.211035177111626 0.210941776633263 0.209412336349487 0.215454801917076 0.218183696269989 0.223069056868553 0.228178560733795 0.23224350810051 0.238369107246399 0.240669921040535 0.242049232125282
-9999 -9999 -9999 -9999 -9999 -9999 -9999 -9999 -9999 -9999 -9999 -9999 -9999 -9999 -9999 -9999 -9999 -9999 -9999 -9999 -9999 -9999 -9999 -9999 -9999 0.126375406980515 0.112460851669312 0.0811965465545654 0.0726625099778175 0.128570288419724 0.223748579621315 0.280078142881393 0.314266562461853 0.326658844947815 0.312234163284302 0.257172673940659 0.24018295109272 0.210709273815155 0.190555989742279 0.188342675566673 0.185108780860901 0.182922184467316 0.180610090494156 0.184578567743301 0.194135993719101 0.201967820525169 0.201847314834595 0.199200630187988 0.203777566552162 0.205924019217491 0.21022292971611 0.212563827633858 0.213327437639236 0.216666594147682 0.217317208647728 0.218369260430336
-9999 -9999 -9999 -9999 -9999 -9999 -9999 -9999 -9999 -9999 -9999 -9999 -9999 -9999 -9999 -9999 -9999 -9999 -9999 -9999 -9999 -9999 -9999 -9999 -9999 0.118889734148979 0.107157044112682 0.0788460448384285 0.0729507282376289 0.137177810072899 0.224665477871895 0.264771670103073 0.263867765665054 0.252407491207123 0.235269695520401 0.204666420817375 0.193207621574402 0.181576773524284 0.173475861549377 0.178112581372261 0.182339861989021 0.176920518279076 0.171996116638184 0.172852203249931 0.176899388432503 0.182781010866165 0.185898810625076 0.19102518260479 0.195941478013992 0.196762174367905 0.197342187166214 0.198380559682846 0.19852252304554 0.201323479413986 0.200650706887245 0.199777290225029
-9999 -9999 -9999 -9999 -9999 -9999 -9999 -9999 -9999 -9999 -9999 -9999 -9999 -9999 -9999 -9999 -9999 -9999 -9999 -9999 -9999 -9999 -9999 -9999 -9999 0.113891437649727 0.101836994290352 0.0749462023377419 0.0720764696598053 0.139721661806107 0.2304348051548 0.246564090251923 0.22768223285675 0.207148790359497 0.193475633859634 0.16930989921093 0.166594877839088 0.165143370628357 0.162980601191521 0.171865597367287 0.177938267588615 0.171466708183289 0.163721770048141 0.165511563420296 0.167369470000267 0.170834988355637 0.178595542907715 0.184227675199509 0.188317313790321 0.187507435679436 0.187115848064423 0.187564358115196 0.186397641897202 0.187416076660156 0.184656739234924 0.184385478496552
-9999 -9999 -9999 -9999 -9999 -9999 -9999 -9999 -9999 -9999 -9999 -9999 -9999 -9999 -9999 -9999 -9999 -9999 -9999 -9999 -9999 -9999 -9999 -9999 -9999 0.109967447817326 0.0973280891776085 0.0730032250285149 0.0708712860941887 0.131455689668655 0.210551679134369 0.226501166820526 0.204819336533546 0.186115831136703 0.173607543110847 0.158173114061356 0.154964059591293 0.152277544140816 0.152371779084206 0.161123350262642 0.167101189494133 0.160474076867104 0.154489636421204 0.156010031700134 0.16063129901886 0.167073413729668 0.172017186880112 0.175648599863052 0.179607018828392 0.179940208792686 0.178719833493233 0.176974013447762 0.175041705369949 0.176347509026527 0.174440294504166 0.172277480363846
-9999 -9999 -9999 -9999 -9999 -9999 -9999 -9999 -9999 -9999 -9999 -9999 -9999 -9999 -9999 -9999 -9999 -9999 -9999 -9999 -9999 -9999 -9999 -9999 -9999 0.107601903378963 0.0948279350996017 0.0712617337703705 0.0665919333696365 0.121656261384487 0.196668907999992 0.206032425165176 0.18506708741188 0.168396130204201 0.161057382822037 0.151388585567474 0.147695496678352 0.142288863658905 0.142440810799599 0.152468785643578 0.158185884356499 0.151332691311836 0.146960183978081 0.148581400513649 0.154839307069778 0.16223007440567 0.166903182864189 0.168717041611671 0.171608164906502 0.170953124761581 0.171158164739609 0.169322535395622 0.166459709405899 0.166752263903618 0.163803175091743 0.162725865840912
-9999 -9999 -9999 -9999 -9999 -9999 -9999 -9999 -9999 -9999 -9999 -9999 -9999 -9999 -9999 -9999 -9999 -9999 -9999 -9999 -9999 -9999 -9999 -9999 -9999 0.105003178119659 0.0924218520522118 0.0696374773979187 0.062789224088192 0.108048334717751 0.173063412308693 0.186137199401855 0.169345170259476 0.152855530381203 0.146431624889374 0.140958905220032 0.137083455920219 0.133269011974335 0.135475635528564 0.145997017621994 0.152072370052338 0.146950230002403 0.142413213849068 0.143391817808151 0.14919239282608 0.156365364789963 0.160060912370682 0.162005022168159 0.164486110210419 0.164549857378006 0.163335636258125 0.16146531701088 0.159926205873489 0.160329818725586 0.157608211040497 0.154409721493721
-9999 -9999 -9999 -9999 -9999 -9999 -9999 -9999 -9999 -9999 -9999 -9999 -9999 -9999 -9999 -9999 -9999 -9999 -9999 -9999 -9999 -9999 -9999 -9999 -9999 0.102629728615284 0.0901394709944725 0.0683042481541634 0.0581938549876213 0.0959684550762177 0.150817215442657 0.165096536278725 0.154737025499344 0.14381055533886 0.138476863503456 0.135190770030022 0.132472693920135 0.130932927131653 0.13382288813591 0.144815757870674 0.149537935853004 0.143959864974022 0.138534441590309 0.138370007276535 0.142541527748108 0.148858189582825 0.153074786067009 0.155003219842911 0.158436581492424 0.158310875296593 0.158130079507828 0.157049775123596 0.153587341308594 0.152792483568192 0.149832293391228 0.147066980600357
-9999 -9999 -9999 -9999 -9999 -9999 -9999 -9999 -9999 -9999 -9999 -9999 -9999 -9999 -9999 -9999 -9999 -9999 -9999 -9999 -9999 -9999 -9999 -9999 -9999 0.105686761438847 0.086378313601017 0.0673277378082275 0.0553261712193489 0.0832600817084312 0.12902244925499 0.144882127642632 0.142269551753998 0.135769084095955 0.133561179041862 0.134169667959213 0.130983144044876 0.130114987492561 0.133686199784279 0.142768397927284 0.148085102438927 0.140883505344391 0.134707793593407 0.133808434009552 0.135948002338409 0.140165954828262 0.144877597689629 0.148741945624352 0.152647316455841 0.153842911124229 0.155505493283272 0.152740851044655 0.147028774023056 0.147748798131943 0.145933285355568 0.142255082726479
-9999 -9999 -9999 -9999 -9999 -9999 -9999 -9999 -9999 -9999 -9999 -9999 -9999 -9999 -9999 -9999 -9999 -9999 -9999 -9999 -9999 -9999 -9999 -9999 0.113094918429852 0.116810068488121 0.0920491293072701 0.0666398406028748 0.0530582033097744 0.0708664953708649 0.107131220400333 0.126349270343781 0.129079669713974 0.12693153321743 0.126072257757187 0.126777648925781 0.12563268840313 0.126081123948097 0.128993034362793 0.136405691504478 0.142748594284058 0.135933876037598 0.130100756883621 0.129300817847252 0.130734890699387 0.133758887648582 0.137340679764748 0.14121425151825 0.14600533246994 0.148750200867653 0.150134071707726 0.147641867399216 0.144122660160065 0.147566139698029 0.141602292656898 0.132982686161995
