data/03_saidas_enm/CCSM_Maxent_21k_B.balansae1.asc
NCOLS 154 
NROWS 168 
XLLCORNER -112 
YLLCORNER -55.5 
CELLSIZE 0.5 
NODATA_value -9999 
[rows 75 to 99 of 168, columns 56 to 111 of 154]
-9999 -9999 -9999 -9999 -9999 -9999 -9999 -9999 -9999 -9999 -9999 0.0209376141428947 0.060033705085516 0.117554269731045 0.136670336127281 0.137742847204208 0.142129004001617 0.146908238530159 0.161151513457298 0.148876368999481 0.145974680781364 0.147623106837273 0.153249636292458 0.15169233083725 0.149543792009354 0.14293397963047 0.13904432952404 0.145700663328171 0.149209052324295 0.155349507927895 0.164816200733185 0.17518025636673 0.189807415008545 0.19977194070816 0.208846569061279 0.217162728309631 0.219586625695229 0.222016632556915 0.221358612179756 0.221290811896324 0.222457379102707 0.223592400550842 0.225687995553017 0.226072147488594 0.229321405291557 0.234809726476669 0.235971495509148 0.221412479877472 0.204154297709465 0.183976471424103 0.1669812053442 0.157327339053154 0.148222804069519 0.141810655593872 0.139214307069778 0.139124408364296
-9999 -9999 -9999 -9999 -9999 -9999 -9999 -9999 -9999 -9999 -9999 0.0255410093814135 0.0642177984118462 0.116878174245358 0.123766623437405 0.128375366330147 0.119962118566036 0.101943306624889 0.11631840467453 0.131778508424759 0.12825520336628 0.145173564553261 0.163027733564377 0.165540963411331 0.158186122775078 0.149998784065247 0.14689676463604 0.151627600193024 0.154855355620384 0.158989921212196 0.165291503071785 0.174992889165878 0.188313260674477 0.199385493993759 0.212772652506828 0.222227200865746 0.229310050606728 0.232775837182999 0.234326437115669 0.238561078906059 0.238314971327782 0.236846834421158 0.237804532051086 0.241092547774315 0.24831947684288 0.25969260931015 0.261931598186493 0.263330668210983 0.251182436943054 0.229635387659073 0.214920490980148 0.199572905898094 0.187695875763893 0.181577578186989 0.179536014795303 0.181636914610863
-9999 -9999 -9999 -9999 -9999 -9999 -9999 -9999 -9999 -9999 -9999 -9999 0.0543206483125687 0.0878787189722061 0.115039005875587 0.123274728655815 0.0884111896157265 0.0579574257135391 0.0539156757295132 0.0742487907409668 0.109955750405788 0.128526672720909 0.151856407523155 0.168993562459946 0.173030689358711 0.16695536673069 0.166557461023331 0.160893902182579 0.158702120184898 0.159335717558861 0.166475117206573 0.17093513906002 0.182640582323074 0.193333759903908 0.207368031144142 0.22237229347229 0.235687881708145 0.243622183799744 0.248055875301361 0.251708954572678 0.253490120172501 0.250975459814072 0.250455170869827 0.252896666526794 0.263975411653519 0.276960760354996 0.282616049051285 0.287698477506638 0.291815042495728 0.280055165290833 0.265984714031219 0.252235561609268 0.24107101559639 0.233747377991676 0.228810727596283 0.226856052875519
-9999 -9999 -9999 -9999 -9999 -9999 -9999 -9999 -9999 -9999 -9999 -9999 0.043122548609972 0.0555952824652195 0.0910035595297813 0.125754699110985 0.0702323541045189 0.0314990729093552 0.0280321948230267 0.0393838509917259 0.0666256844997406 0.109143741428852 0.135208278894424 0.162544324994087 0.186441838741302 0.1922946870327 0.181705489754677 0.170530945062637 0.166417479515076 0.159964457154274 0.169380575418472 0.172259271144867 0.178671762347221 0.189368963241577 0.204874217510223 0.219040215015411 0.231276243925095 0.243090435862541 0.257061779499054 0.269041806459427 0.270043939352036 0.268102705478668 0.269569635391235 0.270251512527466 0.278752416372299 0.293967962265015 0.301505148410797 0.308393716812134 0.317400753498077 0.32425332069397 0.317154198884964 0.309313148260117 0.300835251808167 0.293472081422806 0.280803680419922 0.274210155010223
-9999 -9999 -9999 -9999 -9999 -9999 -9999 -9999 -9999 -9999 -9999 -9999 -9999 0.0456995218992233 0.0651204511523247 0.0834261700510979 0.0565667524933815 0.030160715803504 0.0244944225996733 0.0297580491751432 0.0392489731311798 0.0599777959287167 0.108320891857147 0.161870628595352 0.188216179609299 0.203750148415565 0.195327758789062 0.181119903922081 0.17487046122551 0.178426668047905 0.17724272608757 0.178524374961853 0.180735766887665 0.187725424766541 0.197147473692894 0.207348793745041 0.221197009086609 0.23249939084053 0.2467170804739 0.261042267084122 0.278268396854401 0.286959737539291 0.287819564342499 0.288228154182434 0.292266339063644 0.304755419492722 0.318487823009491 0.331554561853409 0.331643223762512 0.345089644193649 0.360262930393219 0.354204386472702 0.337128043174744 0.323986381292343 0.309751123189926 0.300801545381546
-9999 -9999 -9999 -9999 -9999 -9999 -9999 -9999 -9999 -9999 -9999 -9999 -9999 0.0494796372950077 0.0517304204404354 0.0616210587322712 0.0474934577941895 0.0327680036425591 0.0297903195023537 0.0290106423199177 0.0254369731992483 0.030538959428668 0.0454554669559002 0.0687981024384499 0.087286114692688 0.182423830032349 0.18697053194046 0.176850363612175 0.178104445338249 0.188586086034775 0.190708607435226 0.186756774783134 0.186759456992149 0.192766278982162 0.195036664605141 0.200058281421661 0.221644312143326 0.233053505420685 0.24475359916687 0.256666898727417 0.26603975892067 0.290163278579712 0.30309796333313 0.30419397354126 0.307378619909286 0.314244151115417 0.33421403169632 0.323387533426285 0.322057574987411 0.337156385183334 0.35612764954567 0.360653966665268 0.357234835624695 0.34558692574501 0.32823833823204 0.315768271684647
-9999 -9999 -9999 -9999 -9999 -9999 -9999 -9999 -9999 -9999 -9999 -9999 -9999 -9999 0.0550813712179661 0.0388018526136875 0.0411548987030983 0.0449934862554073 0.0440965704619884 0.0305070523172617 0.0250858720391989 0.0253611616790295 0.0247305035591125 0.0269042160362005 0.0337881855666637 0.0404681675136089 0.0548993833363056 0.131900191307068 0.179885938763618 0.182700052857399 0.187196537852287 0.190033614635468 0.18649086356163 0.190018251538277 0.196769908070564 0.20402055978775 0.209207192063332 0.223283931612968 0.243260607123375 0.268989771604538 0.270722031593323 0.283898711204529 0.300503820180893 0.316683202981949 0.321237683296204 0.333143830299377 0.334599137306213 0.320029348134995 0.319891601800919 0.330633252859116 0.342397451400757 0.351717442274094 0.356898128986359 0.358817428350449 0.345651566982269 0.332895010709763
-9999 -9999 -9999 -9999 -9999 -9999 -9999 -9999 -9999 -9999 -9999 -9999 -9999 -9999 0.0527286119759083 0.0288730897009373 0.0434586890041828 0.0608193837106228 0.0629318654537201 0.0371707901358604 0.0245224181562662 0.0173117518424988 0.0142061123624444 0.0139565700665116 0.0154760517179966 0.0210221838206053 0.0230987407267094 0.0315812602639198 0.0590593963861465 0.10659534484148 0.161531776189804 0.178324118256569 0.187247782945633 0.189198985695839 0.194184273481369 0.193240791559219 0.192858800292015 0.197608470916748 0.217474892735481 0.249330297112465 0.279433190822601 0.291000217199326 0.290826469659805 0.29976886510849 0.320005744695663 0.331611156463623 0.330861687660217 0.320234447717667 0.320129364728928 0.331438630819321 0.333486676216125 0.346114158630371 0.352641224861145 0.356980830430984 0.35771244764328 0.351402521133423
-9999 -9999 -9999 -9999 -9999 -9999 -9999 -9999 -9999 -9999 -9999 -9999 -9999 -9999 -9999 0.0489666387438774 0.0629346966743469 0.0749691054224968 0.0667928233742714 0.0379891395568848 0.0189424119889736 0.0136722438037395 0.0106212617829442 0.00856239255517721 0.00778501341119409 0.0068069570697844 0.00869587808847427 0.0107855098322034 0.015951881185174 0.0277160853147507 0.088251881301403 0.179943174123764 0.193676248192787 0.196348190307617 0.19847546517849 0.189298808574677 0.189631372690201 0.187113240361214 0.19856284558773 0.219369754195213 0.245308607816696 0.286264508962631 0.296029210090637 0.289930075407028 0.306693494319916 0.32511642575264 0.333586484193802 0.336325436830521 0.339836180210114 0.343853771686554 0.348994463682175 0.354017734527588 0.356158018112183 0.359215080738068 0.361014872789383 0.355924189090729
-9999 -9999 -9999 -9999 -9999 -9999 -9999 -9999 -9999 -9999 -9999 -9999 -9999 -9999 -9999 0.0374239012598991 0.0669398829340935 0.104982793331146 0.0712583810091019 0.0400187969207764 0.0182517524808645 0.0187075082212687 0.0148386489599943 0.0110572287812829 0.00834639649838209 0.0046588652767241 0.00524977408349514 0.00580081669613719 0.00801624543964863 0.017391936853528 0.0385415218770504 0.112397626042366 0.198934510350227 0.22287429869175 0.222939312458038 0.207796677947044 0.209931284189224 0.196991726756096 0.194151982665062 0.205587074160576 0.212350770831108 0.268328875303268 0.309431940317154 0.284097254276276 0.299046635627747 0.323811650276184 0.33754163980484 0.354379177093506 0.361155867576599 0.359979450702667 0.3636853992939 0.367338448762894 0.367776840925217 0.3719542324543 0.37387615442276 0.369180917739868
-9999 -9999 -9999 -9999 -9999 -9999 -9999 -9999 -9999 -9999 -9999 -9999 -9999 -9999 -9999 0.0452869161963463 0.0612887442111969 0.0920775607228279 0.0935121029615402 0.0649291053414345 0.0505056157708168 0.0418919809162617 0.0367441773414612 0.0291322804987431 0.0178485941141844 0.0145702725276351 0.0101351821795106 0.00724065443500876 0.00713097024708986 0.0122030349448323 0.0200960710644722 0.0501818284392357 0.192761421203613 0.250599831342697 0.268948018550873 0.270852327346802 0.255478978157043 0.226744189858437 0.219493314623833 0.215682446956635 0.228678822517395 0.284232079982758 0.329425394535065 0.290823459625244 0.291705578565598 0.31400403380394 0.339524179697037 0.364653348922729 0.377271443605423 0.376517593860626 0.36388173699379 0.36381271481514 0.373362213373184 0.380639433860779 0.38958066701889 0.393645912408829
-9999 -9999 -9999 -9999 -9999 -9999 -9999 -9999 -9999 -9999 -9999 -9999 -9999 -9999 -9999 -9999 0.0536411218345165 0.0675238594412804 0.0993813127279282 0.133993148803711 0.0964739844202995 0.0827649608254433 0.0725246667861938 0.057854812592268 0.0389917865395546 0.0356852076947689 0.0181957688182592 0.0115619692951441 0.00883007980883121 0.00819968711584806 0.0111170690506697 0.0195169541984797 0.0841062441468239 0.217397809028625 0.293012410402298 0.331758439540863 0.320765197277069 0.284546971321106 0.279465883970261 0.276434183120728 0.277097851037979 0.336732029914856 0.335086107254028 0.301767528057098 0.298379302024841 0.312194496393204 0.341960906982422 0.373903810977936 0.377651482820511 0.357232213020325 0.345514118671417 0.346199095249176 0.351810097694397 0.365857690572739 0.375624388456345 0.376076370477676
-9999 -9999 -9999 -9999 -9999 -9999 -9999 -9999 -9999 -9999 -9999 -9999 -9999 -9999 -9999 -9999 -9999 0.0588755309581757 0.0800155103206635 0.118158362805843 0.164067327976227 0.112164698541164 0.0750769227743149 0.0595546066761017 0.0573974624276161 0.0604454502463341 0.0356690622866154 0.0212677363306284 0.0125794913619757 0.00864683371037245 0.00647263554856181 0.0132704433053732 0.0265084039419889 0.0598287396132946 0.19482833147049 0.339833825826645 0.350021958351135 0.351616084575653 0.356645792722702 0.368074893951416 0.404115855693817 0.387183248996735 0.342440783977509 0.320071190595627 0.316868484020233 0.327993452548981 0.351240634918213 0.362708240747452 0.349663555622101 0.343039751052856 0.334761202335358 0.346780210733414 0.367606043815613 0.384357929229736 0.394077986478806 0.396204262971878
-9999 -9999 -9999 -9999 -9999 -9999 -9999 -9999 -9999 -9999 -9999 -9999 -9999 -9999 -9999 -9999 -9999 -9999 -9999 0.0686446353793144 0.0847837254405022 0.0980649814009666 0.082131914794445 0.0614658370614052 0.0679235085844994 0.0827558785676956 0.0754945501685143 0.0605499967932701 0.0354351922869682 0.0132795218378305 0.00755320489406586 0.0103471502661705 0.017470471560955 0.0287478528916836 0.0605794191360474 0.199008569121361 0.319373965263367 0.35592857003212 0.346192449331284 0.36210161447525 0.354028910398483 0.369786113500595 0.360588610172272 0.352656930685043 0.350989162921906 0.350083708763123 0.36417019367218 0.358377158641815 0.346093624830246 0.342672884464264 0.338316917419434 0.357796758413315 0.389701366424561 0.408668786287308 0.416581332683563 0.416225343942642
-9999 -9999 -9999 -9999 -9999 -9999 -9999 -9999 -9999 -9999 -9999 -9999 -9999 -9999 -9999 -9999 -9999 -9999 -9999 -9999 -9999 0.0518963895738125 0.0557358004152775 0.0678036659955978 0.0697103664278984 0.0702254399657249 0.0894614160060883 0.10633210092783 0.0805436000227928 0.0361897386610508 0.0177822131663561 0.0127869695425034 0.0112477485090494 0.0177039876580238 0.0343562178313732 0.0610100477933884 0.139890968799591 0.334402650594711 0.346608579158783 0.376848936080933 0.395600020885468 0.40309077501297 0.404894292354584 0.408956438302994 0.398504942655563 0.388641327619553 0.391859710216522 0.388352632522583 0.379269063472748 0.363766521215439 0.364216089248657 0.387729972600937 0.416167467832565 0.433551579713821 0.436779022216797 0.43589586019516
-9999 -9999 -9999 -9999 -9999 -9999 -9999 -9999 -9999 -9999 -9999 -9999 -9999 -9999 -9999 -9999 -9999 -9999 -9999 -9999 -9999 -9999 -9999 0.0494816675782204 0.0702777057886124 0.0775356367230415 0.0986117124557495 0.141653835773468 0.136778816580772 0.0934692844748497 0.0498896837234497 0.0222482364624739 0.0161501932889223 0.0156922955065966 0.0216641407459974 0.0327466949820518 0.0580733343958855 0.158713281154633 0.321181654930115 0.385986775159836 0.400497943162918 0.419401824474335 0.422522515058517 0.426611691713333 0.426016598939896 0.420276254415512 0.418436348438263 0.41590216755867 0.409526765346527 0.399523288011551 0.401386171579361 0.417768061161041 0.441345274448395 0.453866004943848 0.452816009521484 0.451623320579529
-9999 -9999 -9999 -9999 -9999 -9999 -9999 -9999 -9999 -9999 -9999 -9999 -9999 -9999 -9999 -9999 -9999 -9999 -9999 -9999 -9999 -9999 -9999 -9999 -9999 0.0546494461596012 0.0999844297766685 0.143425077199936 0.169436275959015 0.177740395069122 0.131956055760384 0.0667925402522087 0.0333829112350941 0.0282115805894136 0.0206416826695204 0.0201678648591042 0.0354146547615528 0.0640043988823891 0.147159069776535 0.355349063873291 0.402791142463684 0.419722944498062 0.417367070913315 0.423356831073761 0.43406343460083 0.438781827688217 0.443809568881989 0.439598053693771 0.4376200735569 0.435383498668671 0.435860246419907 0.446328401565552 0.461710900068283 0.467840224504471 0.467509508132935 0.462754756212234
-9999 -9999 -9999 -9999 -9999 -9999 -9999 -9999 -9999 -9999 -9999 -9999 -9999 -9999 -9999 -9999 -9999 -9999 -9999 -9999 -9999 -9999 -9999 -9999 -9999 0.0376771986484528 0.0645825639367104 0.129519045352936 0.197463825345039 0.264057159423828 0.258372604846954 0.20818704366684 0.130547866225243 0.0723361298441887 0.0372243896126747 0.028042072430253 0.0384846031665802 0.0537972673773766 0.0969288498163223 0.294799387454987 0.410074681043625 0.428485125303268 0.430501252412796 0.431439101696014 0.440812200307846 0.449430972337723 0.456533461809158 0.458826184272766 0.462153345346451 0.465180575847626 0.468673974275589 0.476550221443176 0.484905213117599 0.485031455755234 0.482349455356598 0.477424114942551
-9999 -9999 -9999 -9999 -9999 -9999 -9999 -9999 -9999 -9999 -9999 -9999 -9999 -9999 -9999 -9999 -9999 -9999 -9999 -9999 -9999 -9999 -9999 -9999 -9999 -9999 -9999 0.0707694068551064 0.134009853005409 0.246506750583649 0.262716174125671 0.257928222417831 0.291992962360382 0.231115907430649 0.125575423240662 0.0934571847319603 0.0583924651145935 0.060527004301548 0.107764191925526 0.287828862667084 0.431863605976105 0.452957630157471 0.457078903913498 0.454647213220596 0.458137691020966 0.467667073011398 0.475262612104416 0.484739363193512 0.490162163972855 0.494180500507355 0.499480754137039 0.496080547571182 0.496488928794861 0.495911628007889 0.491367101669312 0.486950695514679
-9999 -9999 -9999 -9999 -9999 -9999 -9999 -9999 -9999 -9999 -9999 -9999 -9999 -9999 -9999 -9999 -9999 -9999 -9999 -9999 -9999 -9999 -9999 -9999 -9999 -9999 -9999 0.0596400760114193 0.120575949549675 0.230066135525703 0.263229995965958 0.291817992925644 0.347853124141693 0.368863880634308 0.274047285318375 0.19305208325386 0.113527901470661 0.0928352102637291 0.130914881825447 0.284210741519928 0.441566497087479 0.481991142034531 0.495700269937515 0.492922365665436 0.487564116716385 0.489314138889313 0.495848923921585 0.509333372116089 0.516455352306366 0.521348834037781 0.52126532793045 0.51147335767746 0.501687347888947 0.495249301195145 0.49640765786171 0.495978593826294
-9999 -9999 -9999 -9999 -9999 -9999 -9999 -9999 -9999 -9999 -9999 -9999 -9999 -9999 -9999 -9999 -9999 -9999 -9999 -9999 -9999 -9999 -9999 -9999 -9999 -9999 -9999 -9999 0.120774239301682 0.225995555520058 0.254671573638916 0.328727334737778 0.389867871999741 0.371272206306458 0.340906113386154 0.265630692243576 0.16557888686657 0.122580170631409 0.154732659459114 0.286869525909424 0.45914500951767 0.505629003047943 0.516784429550171 0.544153213500977 0.527930378913879 0.506675124168396 0.520263314247131 0.534605920314789 0.538239359855652 0.541667580604553 0.541639029979706 0.523231208324432 0.502109289169312 0.494729936122894 0.505191504955292 0.508953452110291
-9999 -9999 -9999 -9999 -9999 -9999 -9999 -9999 -9999 -9999 -9999 -9999 -9999 -9999 -9999 -9999 -9999 -9999 -9999 -9999 -9999 -9999 -9999 -9999 -9999 -9999 -9999 -9999 0.124705538153648 0.206731364130974 0.280630081892014 0.372887998819351 0.362191498279572 0.337899684906006 0.349278479814529 0.285500377416611 0.184071496129036 0.142613962292671 0.168788999319077 0.298088043928146 0.456597775220871 0.470357537269592 0.470858842134476 0.494308054447174 0.541187703609467 0.568625628948212 0.557632207870483 0.547520697116852 0.545013666152954 0.553483724594116 0.552805006504059 0.536568522453308 0.516362071037292 0.509446680545807 0.516351163387299 0.526410341262817
-9999 -9999 -9999 -9999 -9999 -9999 -9999 -9999 -9999 -9999 -9999 -9999 -9999 -9999 -9999 -9999 -9999 -9999 -9999 -9999 -9999 -9999 -9999 -9999 -9999 -9999 -9999 -9999 0.132366716861725 0.213933348655701 0.25883537530899 0.375363171100616 0.318067520856857 0.296811163425446 0.351853966712952 0.288044065237045 0.181223168969154 0.129470944404602 0.156068414449692 0.286896407604218 0.395295351743698 0.437404423952103 0.459358215332031 0.472722947597504 0.476948738098145 0.483302086591721 0.577147603034973 0.554223001003265 0.548676073551178 0.561453342437744 0.570161759853363 0.549935638904572 0.532957196235657 0.528396368026733 0.53656393289566 0.542620003223419
-9999 -9999 -9999 -9999 -9999 -9999 -9999 -9999 -9999 -9999 -9999 -9999 -9999 -9999 -9999 -9999 -9999 -9999 -9999 -9999 -9999 -9999 -9999 -9999 -9999 -9999 -9999 -9999 0.136194407939911 0.249865755438805 0.369104713201523 0.382133305072784 0.32775354385376 0.310999035835266 0.332795351743698 0.25192454457283 0.161257892847061 0.131546422839165 0.1609146296978 0.252533048391342 0.386352509260178 0.440546900033951 0.456851571798325 0.465599447488785 0.467839449644089 0.47428759932518 0.495703756809235 0.589545726776123 0.577260732650757 0.572179436683655 0.566591322422028 0.559131920337677 0.551922917366028 0.551643490791321 0.5587557554245 0.56758189201355
-9999 -9999 -9999 -9999 -9999 -9999 -9999 -9999 -9999 -9999 -9999 -9999 -9999 -9999 -9999 -9999 -9999 -9999 -9999 -9999 -9999 -9999 -9999 -9999 -9999 -9999 -9999 -9999 0.138647273182869 0.272007942199707 0.377672106027603 0.394120424985886 0.339675724506378 0.330872863531113 0.328269481658936 0.235083639621735 0.144234701991081 0.138224735856056 0.173422053456306 0.245987206697464 0.399027407169342 0.436909824609756 0.453659802675247 0.457967191934586 0.457997679710388 0.462976694107056 0.479309648275375 0.526789307594299 0.589643359184265 0.56314754486084 0.541586220264435 0.563297271728516 0.567768692970276 0.569953680038452 0.577427089214325 0.585122287273407
