data/03_saidas_enm/CCSM_Maha_6k_B.balansae3.asc
NCOLS 154 
NROWS 168 
XLLCORNER -112 
YLLCORNER -55.5 
CELLSIZE 0.5 
NODATA_value -9999 
[rows 75 to 99 of 168, columns 56 to 111 of 154]
-9999 -9999 -9999 -9999 -9999 -9999 -9999 -9999 -9999 -9999 -9999 -47.4961162203863 -54.0799877118994 -61.2714128711065 -50.4632956134821 -30.8838118240883 -14.653487120538 -3.91651684316965 -1.11186522915052 -2.33569807506983 -5.30800707737427 -7.36581068409672 -9.38266538658398 -10.5369270558018 -10.9320092273048 -11.2895718453047 -11.4707583963966 -11.8751722839838 -11.0028795191684 -9.77752599858468 -8.60367781695138 -7.21461599419912 -5.93564550801653 -4.85560477059922 -3.81826536813938 -2.97422951423148 -2.24520800605434 -1.79423912089589 -1.63542504393276 -1.82423963648746 -2.41963085531169 -2.2782142896089 -2.40277114931388 -1.78631096551883 -1.58702551087813 -1.84621294415147 -2.18332302086329 -2.74459477054527 -2.76318894948847 -2.72879903979667 -3.02322503750732 -3.40865479146345 -4.30779241416862 -5.37618038743905 -6.4700584236732 -7.97905438571335
-9999 -9999 -9999 -9999 -9999 -9999 -9999 -9999 -9999 -9999 -9999 -44.5636770548259 -49.8872014132547 -58.2819657886682 -48.4142167079734 -34.8250490262274 -20.9037023645744 -8.76880298560364 -2.98430532966378 -1.38259191379568 -3.02380164554265 -5.77774241814447 -8.12073729841891 -9.78792423050493 -11.6286790266921 -12.8174350433218 -12.8887191733314 -11.7468069802944 -10.8272455235113 -9.97653514090846 -9.1267660483382 -7.72482688909195 -6.19963503472816 -5.10647575888058 -4.14595157575798 -3.13364477612864 -2.3306846617181 -1.53332930429274 -1.02654539420713 -0.775776758780399 -0.847393843315003 -1.61162353793717 -1.37257721449927 -1.55937424639136 -1.16636198857949 -1.24861882291922 -1.17433969500773 -1.29055370468573 -1.64557597687227 -1.97269988579677 -1.75182777970462 -1.85266098010572 -2.21191039914684 -2.83423321674432 -3.83369964183708 -5.54292958075993
-9999 -9999 -9999 -9999 -9999 -9999 -9999 -9999 -9999 -9999 -9999 -9999 -48.0965000062259 -49.291172439482 -47.3686440460959 -39.2145614298656 -30.4468281873171 -23.6834535868711 -15.9877678603297 -6.33023704443074 -1.56434035332748 -2.18667138286575 -4.85230720713272 -7.82365071895299 -10.5618607200887 -11.8914933618621 -11.6421770924892 -11.0422973644159 -10.6017161624296 -10.1172870933751 -9.47135293665822 -8.27827140054769 -6.99464724129864 -5.93471388381764 -4.92487493851463 -3.90265011442552 -2.93247460490123 -2.01621991110564 -1.21425961939635 -0.627758508621531 -0.427391471398372 -1.01763743276636 -0.312321192958906 -0.391610110476667 -0.830862851272597 -0.946293335751625 -0.808517245010969 -0.742743501824289 -0.799376790437228 -0.967274337381411 -1.10219818980085 -0.925288491049761 -0.878547233922013 -1.11383400992809 -1.78295697018851 -3.17894847779007
-9999 -9999 -9999 -9999 -9999 -9999 -9999 -9999 -9999 -9999 -9999 -9999 -52.9224326011373 -47.9644349127324 -45.4915916889346 -46.3907122401247 -45.6318700247864 -49.8682586966715 -42.6902863428492 -24.2143208015492 -7.36927775317971 -1.87550320566746 -0.996475595445108 -3.94129807193189 -8.39133108091801 -9.93688324974421 -10.3158584904286 -10.2861684636203 -10.2897003964955 -10.3245423257861 -10.0996882483717 -9.18265749797001 -8.23491930921269 -7.31119726331333 -6.21551388109503 -5.26914575429204 -4.23487406543722 -3.29638260367275 -2.26647198245051 -1.3377157409064 -0.975450120084759 -1.05526567323145 0.138011242966429 0.217605267395147 -0.152717638906813 -0.699427954280023 -1.00435858678077 -1.01920697056309 -0.911867662605771 -0.652301234761157 -0.10779580263347 -0.0862921659986677 -0.234625298962529 -0.527178637073867 -0.849367459158393 -1.64382269467044
-9999 -9999 -9999 -9999 -9999 -9999 -9999 -9999 -9999 -9999 -9999 -9999 -9999 -53.8491496235806 -50.386779711247 -58.1834504753101 -67.3266615335287 -79.4942433589032 -72.6765782434209 -55.4473005890887 -31.9839929104343 -12.8170033785888 -1.13521329158369 0.773822292867511 0.185777171117299 -3.69366975879005 -6.70714608918332 -8.10911503076781 -9.91477235121137 -9.98549363067635 -10.2427280912357 -9.67455229034649 -9.14563675969016 -8.50728684539859 -7.64490355805849 -6.91149560343148 -5.80669343178942 -4.80609213856879 -3.61589165387252 -2.50370119731211 -1.80036073680109 -1.8362987168436 -0.288004964292774 0.0843282300141917 -0.0417111017354919 -0.430401378618791 -1.03991512288463 -1.13637211714751 -0.896812597175824 -0.334320817177924 0.0384654231430995 0.231534414831915 0.354157533302263 0.289299672241155 -0.0870445628033856 -0.774929021578043
-9999 -9999 -9999 -9999 -9999 -9999 -9999 -9999 -9999 -9999 -9999 -9999 -9999 -46.8554512620216 -56.3618141836925 -74.3817095762025 -86.8333986242923 -107.747028924342 -108.13300280504 -85.8545415932242 -69.4340870803641 -42.1074964189365 -22.5997353096386 -15.9184050642305 -13.8792110647326 0.282569986956925 0.15235153512958 -3.51401493082132 -8.57135435002759 -8.72160829800537 -9.75392260642933 -9.26606172474703 -9.41389380723096 -9.16822392379795 -8.85974479188011 -8.73657581717087 -7.27596242926937 -6.24847550527535 -5.05545006982394 -3.99603812394962 -3.01104709076716 -2.65138168999681 -1.00143970386419 -0.277754054701073 -0.232172533703267 -0.44043435987414 -0.722444839104535 -1.30757956124764 -1.23088256948248 -0.36124096210554 0.281599323054507 0.551445337499355 0.588027197074482 0.40407312268891 0.123119624138009 -0.284564707823298
-9999 -9999 -9999 -9999 -9999 -9999 -9999 -9999 -9999 -9999 -9999 -9999 -9999 -9999 -55.8092701214559 -66.3962843073824 -88.3964522397815 -110.472158785381 -118.139791151991 -110.357459656024 -96.0550075152599 -93.4909695838994 -108.628509169316 -111.770081027182 -76.4108259160003 -43.5698825658866 -22.0104270258765 -8.09489417129931 -2.90392924806595 -4.14109049906049 -7.95707226832819 -7.27468780082812 -8.23532390785864 -9.24803585479195 -9.00183697172042 -8.80061216224567 -7.91003336724077 -7.30108827170026 -6.29875554180549 -4.99044776123185 -3.97283498973057 -3.21252163357611 -2.74516943948648 -1.37898295736112 -0.614501492866743 -0.923551390686887 -1.01596130171612 -1.32124184766363 -1.1472045418269 -0.645692803107276 -0.205804452244587 0.236162691893535 0.437673001482784 0.511868673370611 0.400008661214542 0.0705189429094027
-9999 -9999 -9999 -9999 -9999 -9999 -9999 -9999 -9999 -9999 -9999 -9999 -9999 -9999 -47.733421872835 -47.9835145732641 -76.3835205612552 -102.921409912526 -121.101822844236 -127.277780134487 -128.950742024595 -168.237372437817 -285.083995495883 -332.686222714327 -252.091045294833 -208.168132889298 -131.833491409882 -52.1904148506095 -23.6165913560565 -10.8045286101402 -6.94509363360925 -4.94814878895 -6.71853581922444 -8.77884760849076 -8.99484619667894 -9.01847830334129 -8.15345407414564 -8.06828141181404 -7.60586996096302 -5.95836988693726 -5.09365418196381 -4.08923688607832 -3.48109486626414 -2.69045232498309 -1.30322870632536 -1.25430810292766 -1.63553319920885 -1.59887353319715 -1.37355418877859 -0.83956878257592 -0.607744901661369 -0.276338567203649 -0.0802188762796097 0.172524821144618 0.374048331348601 0.311490666165971
-9999 -9999 -9999 -9999 -9999 -9999 -9999 -9999 -9999 -9999 -9999 -9999 -9999 -9999 -9999 -48.4416067041437 -60.6866129510277 -89.5015647839672 -119.872134451265 -143.391881124237 -163.448489397985 -209.000494486174 -292.363689363454 -349.999777799428 -375.613848057193 -410.66969366015 -362.312959040822 -315.157978448131 -208.539096667513 -68.480984970997 -12.5991223821003 -4.70653603747946 -3.29294587953303 -6.80066120144549 -8.88758915927582 -8.49515923770104 -8.5323799142517 -8.72244684974843 -7.86114621139042 -6.28348426803854 -4.96659340754386 -4.30765780583919 -4.09709919815326 -3.77644573667611 -2.7318727728349 -1.873554264371 -2.08356118082293 -1.82465213370027 -1.35739364443093 -0.883228729822392 -0.530146811153868 -0.316449768579501 -0.237113046324485 -0.0364537555274829 0.199501647739371 0.245412054548287
-9999 -9999 -9999 -9999 -9999 -9999 -9999 -9999 -9999 -9999 -9999 -9999 -9999 -9999 -9999 -47.0842372866204 -58.0077832211238 -79.4279776530651 -115.072529638482 -142.649534346737 -186.550345364603 -218.743597969804 -272.019642309155 -310.491778838935 -373.109090890295 -512.806193983459 -484.322206728074 -572.061260267474 -458.649594101885 -174.283759560523 -47.4258322194679 -11.0602819780609 -4.45021953975286 -4.66736047913786 -6.37845852874465 -6.79263928532653 -7.95185640786929 -8.7269327799728 -7.22610003166186 -4.24383657016198 -2.43303675904736 -3.38665260141463 -4.62400241452734 -4.56204328511302 -3.68237177822038 -2.52455017072288 -2.37219442226736 -2.01046381778701 -1.56255251684561 -1.03280170163617 -0.584869787436906 -0.416230138646051 -0.309724116115389 -0.0878208040184862 0.107957613678607 0.17791040974211
-9999 -9999 -9999 -9999 -9999 -9999 -9999 -9999 -9999 -9999 -9999 -9999 -9999 -9999 -9999 -48.0166777306311 -56.9869141444327 -66.7465353490961 -95.2693063818416 -124.983490573963 -166.839922184113 -196.362635410654 -229.921435064988 -255.76075025347 -269.349946472208 -289.055483423685 -325.820840868469 -366.477504942687 -319.955804552716 -200.082978090435 -97.8073313409133 -30.7912570112396 -5.8985373742185 -3.91571408040983 -4.48118477775994 -5.93178084096131 -8.1321610990845 -7.28309511229893 -5.76029271694248 -3.15392888764147 -1.75767650438883 -2.92789338516913 -5.14835078967524 -5.22617164638052 -4.64237885945191 -3.67722843052108 -2.84791864303328 -1.92355151141464 -1.45149129698356 -1.32836795162363 -0.893495777267102 -0.758265299039404 -0.641453993669002 -0.345913794222966 -0.275533458586217 -0.0498487956271929
-9999 -9999 -9999 -9999 -9999 -9999 -9999 -9999 -9999 -9999 -9999 -9999 -9999 -9999 -9999 -9999 -55.6368826333566 -65.474966036068 -77.1608326213925 -105.792175802767 -151.838348432446 -168.33486633253 -195.01125891947 -209.673125950286 -213.071762936208 -221.671718485451 -245.933097073691 -255.065691847098 -233.523595883561 -193.880140006576 -138.824781825721 -70.3624855704412 -19.4383234598532 -7.23610629603984 -2.72496765147788 -3.92080030562575 -6.29483995656662 -6.34139771233444 -5.88930604586313 -3.4915544612871 -1.94563516629395 -4.09773238443529 -6.01706129463508 -6.24960764044733 -5.3244987446347 -4.23605191251657 -2.93370906306642 -1.5846095008991 -0.867908651744244 -0.659383607432011 -0.902451118172783 -0.350125923490156 -0.2016743486395 0.0458097893130803 0.50369311827271 0.649727232535418
-9999 -9999 -9999 -9999 -9999 -9999 -9999 -9999 -9999 -9999 -9999 -9999 -9999 -9999 -9999 -9999 -9999 -54.6393199064472 -62.8943369569919 -79.4671031034098 -106.229470092593 -124.702105143627 -144.094601323971 -168.403489725934 -178.022218851698 -188.364370265955 -200.443453842315 -209.464960197235 -200.598643189851 -182.068584481334 -170.714877258553 -118.868952523695 -69.086856762469 -30.0768206262292 -10.1659446094418 -1.77998121626878 -3.4765457706046 -5.21187216845993 -7.22921608077167 -6.68749904705997 -6.38313479335972 -6.45509395764221 -7.02893250151457 -6.85458978096319 -6.27767613829602 -4.23257357269043 -2.74928650355914 -1.37921918789607 -0.604281978504124 -0.313296455120825 -0.0980947406938713 -0.00809786860892148 0.0060225315952096 0.143861583404787 0.233354546456894 -0.165229673392486
-9999 -9999 -9999 -9999 -9999 -9999 -9999 -9999 -9999 -9999 -9999 -9999 -9999 -9999 -9999 -9999 -9999 -9999 -9999 -68.4556604675286 -84.0901521666423 -84.9803654874561 -94.6608660434201 -121.344286741868 -143.149129915708 -161.059241811997 -180.802464308277 -193.317821937065 -179.91007864356 -177.227961657986 -173.661873229701 -153.148774138357 -132.811311060578 -95.0772317542531 -34.4754912998548 -9.7127664671206 -3.7039171871205 -2.74820514638854 -5.20590280134931 -6.39365442288526 -7.77252536163063 -7.30388204730417 -7.5134162346197 -7.58458319437292 -5.68942384274858 -3.92095418558295 -2.70266575990028 -1.37485511107989 -0.453042853339517 0.060642543328684 0.242605240324475 0.250248488869049 0.197148585587317 -0.045932465568804 -0.00900397494018312 -0.591471021430494
-9999 -9999 -9999 -9999 -9999 -9999 -9999 -9999 -9999 -9999 -9999 -9999 -9999 -9999 -9999 -9999 -9999 -9999 -9999 -9999 -9999 -66.0413371476591 -70.2550912597998 -81.0913884162584 -105.232870051131 -142.412458855815 -160.258505522623 -176.601808217005 -177.407760774735 -164.287814635284 -163.004022429795 -153.999445748434 -179.295887331726 -164.022645815697 -96.9493324517701 -47.960802828608 -13.6793874110966 -3.70012459819699 -2.1242198515601 -3.30227268982224 -5.2359534219768 -6.88336448822619 -8.21843128804983 -6.0013615027852 -5.13120397904595 -3.93021218209279 -2.77576018243815 -2.10888008396099 -0.987693378980412 -0.0069669479845027 0.26118589220407 0.288498426035341 0.215849440978698 -0.00612092264396513 -0.195977874569574 -0.349315928959848
-9999 -9999 -9999 -9999 -9999 -9999 -9999 -9999 -9999 -9999 -9999 -9999 -9999 -9999 -9999 -9999 -9999 -9999 -9999 -9999 -9999 -9999 -9999 -62.4425963748405 -74.2160895612611 -97.8578812687701 -124.747070691398 -154.420102778342 -169.571902123302 -164.379041519879 -153.85134168307 -151.269477833108 -161.756034564023 -172.214349017759 -143.17910439056 -109.384033342247 -49.8175514519535 -10.6892638798693 -5.38199848185902 -1.16443904735511 -1.41211156809422 -3.88841219614778 -5.06268959900534 -5.2575433034447 -4.70597000450352 -3.94965353585418 -3.00031926891044 -2.28839048873713 -1.17849661123239 -0.105318558712743 0.287563874869771 0.324837894599038 0.245428269265119 0.0425873012386463 -0.409940400668391 -0.410021531448157
-9999 -9999 -9999 -9999 -9999 -9999 -9999 -9999 -9999 -9999 -9999 -9999 -9999 -9999 -9999 -9999 -9999 -9999 -9999 -9999 -9999 -9999 -9999 -9999 -9999 -59.7254589953692 -82.641433253319 -123.228200141394 -157.853287025847 -162.914365929932 -150.421064429735 -141.482543236193 -153.045079715377 -141.762548699982 -144.946092448292 -158.125433554576 -96.2231819064537 -48.1264809748905 -13.5443220603319 -3.9559540280952 -1.46747741683991 -3.08655629101728 -4.93413451736146 -4.56149489608259 -4.40289953293171 -3.76308811470407 -2.88655738380767 -1.75885700263983 -0.940128741795227 -0.112690277938726 0.296748362218221 0.29993957240972 0.194670444528865 0.105149607561782 -0.461717479228999 -0.740509096914171
-9999 -9999 -9999 -9999 -9999 -9999 -9999 -9999 -9999 -9999 -9999 -9999 -9999 -9999 -9999 -9999 -9999 -9999 -9999 -9999 -9999 -9999 -9999 -9999 -9999 -61.5687643449048 -66.1866524812886 -87.0818856157315 -123.842161028758 -155.837159562917 -165.729607314132 -164.316889301389 -155.743940442908 -140.032579244015 -128.775904904056 -125.540744622195 -97.3925158106852 -67.3945492221716 -28.596359044199 -7.15450476234588 -2.68846238294185 -3.44880653060877 -4.83322384505461 -4.48324264588694 -4.42289045965387 -4.11106288268015 -3.63773060757507 -2.40347681212373 -1.4082541425547 -0.461845729956858 0.0517629520652197 0.11110660291099 0.151564061296265 0.141802583311758 -0.455068588321965 -1.0049423073054
-9999 -9999 -9999 -9999 -9999 -9999 -9999 -9999 -9999 -9999 -9999 -9999 -9999 -9999 -9999 -9999 -9999 -9999 -9999 -9999 -9999 -9999 -9999 -9999 -9999 -9999 -9999 -72.2441576863635 -98.0712370147104 -152.107102564398 -206.13215837232 -192.982976922668 -174.636773114103 -154.303921504361 -133.355619176068 -121.003017989332 -97.7095230914904 -75.0016813383407 -41.1776804192368 -12.2731689162323 -4.39419606379802 -2.46308729228019 -4.71950587795898 -4.08072029858489 -4.93698666381869 -5.10412274498565 -4.13084758688587 -3.92216723914296 -2.96409599225885 -1.3169741323076 -0.636141708331952 -0.174905668179163 0.0954185189319288 0.183104946045595 -0.603238987444565 -1.14198322408998
-9999 -9999 -9999 -9999 -9999 -9999 -9999 -9999 -9999 -9999 -9999 -9999 -9999 -9999 -9999 -9999 -9999 -9999 -9999 -9999 -9999 -9999 -9999 -9999 -9999 -9999 -9999 -91.9289278589715 -110.711050489684 -154.147577493671 -197.420871896011 -205.90045090632 -187.943661275081 -168.781447955191 -149.24677565625 -133.369749527648 -103.456162871397 -84.2592421806117 -53.2597531315209 -19.8343335951291 -7.67114534400496 -2.24345393197407 -6.53926265435493 -6.03769595365987 -5.79006351141958 -5.71882235881228 -5.11224492226247 -4.57502635153959 -3.60146989429578 -2.5621876086038 -1.37886601422672 -0.223571353818643 0.222683034639662 0.111524956753498 -0.681536518240375 -1.06035702529764
-9999 -9999 -9999 -9999 -9999 -9999 -9999 -9999 -9999 -9999 -9999 -9999 -9999 -9999 -9999 -9999 -9999 -9999 -9999 -9999 -9999 -9999 -9999 -9999 -9999 -9999 -9999 -9999 -140.323953341319 -149.306799916404 -166.85882080901 -188.374637318189 -176.413897825538 -167.773985214444 -154.696576754824 -132.752523168336 -108.198539488788 -88.4579735976515 -57.6655485232121 -25.7494876544638 -9.60972354119119 -3.24149380154418 -6.48222148602218 -10.6036355235932 -8.16861367327023 -5.68366788571503 -5.51990764394058 -4.93104701535986 -3.84071145198066 -3.1321308081762 -1.99128805543515 -0.335989882673312 0.00262876954745994 -0.414516578213667 -0.883103548014551 -1.00797688458384
-9999 -9999 -9999 -9999 -9999 -9999 -9999 -9999 -9999 -9999 -9999 -9999 -9999 -9999 -9999 -9999 -9999 -9999 -9999 -9999 -9999 -9999 -9999 -9999 -9999 -9999 -9999 -9999 -156.925577136159 -156.466626207443 -155.520836362918 -166.108863990634 -155.716280803955 -154.47144772583 -150.162323491681 -126.729886422812 -109.078591488356 -89.0646366926329 -59.8560020297696 -28.4310664827828 -11.8498986541627 -4.68874272105301 -7.16319895575414 -14.0442824201953 -13.4881868129377 -10.4576267539144 -6.70356854425056 -4.82888965344444 -3.30452908129644 -2.82030535785699 -1.84898187514933 -0.422099830200682 -0.0178595988985006 -0.344988185609694 -0.770931966325384 -0.809884231688348
-9999 -9999 -9999 -9999 -9999 -9999 -9999 -9999 -9999 -9999 -9999 -9999 -9999 -9999 -9999 -9999 -9999 -9999 -9999 -9999 -9999 -9999 -9999 -9999 -9999 -9999 -9999 -9999 -164.302404169958 -148.165846789905 -151.182509499722 -151.237797534211 -139.768082130027 -143.656130879214 -145.243369661197 -123.757142971782 -105.59020125257 -91.0467329224002 -63.2702800336334 -30.6561364429631 -14.0540156876837 -5.1902020492373 -8.97671382239004 -16.8607609860515 -18.8642615306252 -19.3839835955047 -10.2307834963733 -5.34555815485561 -3.23506639446134 -2.45494767039724 -2.4300878041018 -0.366691588596075 0.0214978044154175 -0.05477408098768 -0.20742334237559 -0.605674316188788
-9999 -9999 -9999 -9999 -9999 -9999 -9999 -9999 -9999 -9999 -9999 -9999 -9999 -9999 -9999 -9999 -9999 -9999 -9999 -9999 -9999 -9999 -9999 -9999 -9999 -9999 -9999 -9999 -152.179714848464 -135.579424500699 -124.121187891482 -137.696138624302 -141.726129902701 -149.162525770778 -149.300671467582 -128.126759451062 -106.725804810234 -89.9542359202293 -60.415287560727 -27.3016011119726 -12.481690242943 -6.62530173622478 -11.4178281211935 -20.1868264317853 -23.3673879872178 -23.049040544297 -16.0804186553853 -9.37093111363977 -5.15730687937081 -2.71074686799456 -1.22198845262353 -0.192066158012167 0.308491327105852 0.598030941604892 0.595885210300198 0.144738203656947
-9999 -9999 -9999 -9999 -9999 -9999 -9999 -9999 -9999 -9999 -9999 -9999 -9999 -9999 -9999 -9999 -9999 -9999 -9999 -9999 -9999 -9999 -9999 -9999 -9999 -9999 -9999 -9999 -141.995638295794 -115.948633963944 -104.17901042314 -132.206657508909 -146.150170904393 -156.13474731632 -154.502093958364 -136.704994230436 -103.893861743556 -89.6394651243073 -59.4373966455953 -23.1481541033209 -11.7825179059143 -8.27210834847742 -15.3037238088915 -21.3312532741745 -26.0939271256236 -27.1069270895813 -20.9204855870485 -13.8683112176926 -8.19497136665247 -3.25310017740698 -0.979579228080981 -0.296925083605518 0.274257053746177 0.714044170818593 0.792795083213251 0.571946854704552
