data/03_saidas_enm/CCSM_Maha_6k_B.balansae2.asc
NCOLS 154 
NROWS 168 
XLLCORNER -112 
YLLCORNER -55.5 
CELLSIZE 0.5 
NODATA_value -9999 
[rows 50 to 74 of 168, columns 56 to 111 of 154]
-9999 -9999 -9999 -9999 -9999 -9999 -9999 -9999 -9999 -9999 -9999 -9999 -9999 -1147.99803102632 -635.896264677837 -316.959714106439 -158.662914241837 -88.4368545616137 -60.768246717506 -43.3854709206785 -42.1606874345462 -36.3234974158383 -41.0663182251296 -53.0843743802505 -80.9696619461073 -111.045749522695 -140.438495325636 -193.793003339611 -239.313902996398 -300.548232266114 -347.470893485929 -318.392207586835 -258.734970907264 -178.508851834898 -88.1785967064923 -48.7731699998913 -35.7966659278215 -24.1298285085654 -22.2052064407762 -21.0821401589282 -17.7321353860673 -20.209782288747 -20.1741449309761 -20.8640971407978 -15.3621455142324 -12.7104811845641 -12.7112140992483 -12.2259167200432 -13.0753573486827 -14.2197022523262 -14.1311563628878 -14.9022316455862 -16.3081674626981 -18.6239635584886 -20.0280327606887 -18.1818561307481
-9999 -9999 -9999 -9999 -9999 -9999 -9999 -9999 -9999 -9999 -9999 -9999 -9999 -664.351791055479 -382.010112513753 -196.646562339768 -112.49218475744 -72.165319013747 -49.6296771087144 -37.5670594085388 -36.7471589568142 -37.8722497803911 -40.6468857965171 -50.6460868559761 -71.5151298714989 -99.4112176150424 -128.240501099301 -171.069104037075 -213.777494321308 -257.102296165525 -285.171637843466 -257.823860325877 -197.845560642463 -126.851613281287 -67.2912381240074 -39.0171554547176 -25.5481209308953 -18.262130176687 -16.6255621033328 -17.2038930050415 -16.2934116114819 -18.2764350550131 -18.4322872445788 -20.0620501264281 -16.0560756122541 -13.1819119811922 -13.0846539571869 -12.2244915122105 -12.495218089659 -12.8600180219809 -13.1728132638884 -14.8352706176346 -15.136677272704 -15.7770312242948 -19.0760602839049 -17.3041589842564
-9999 -9999 -9999 -9999 -9999 -9999 -9999 -9999 -9999 -9999 -9999 -763.924306850824 -560.910765220122 -358.94928867167 -213.975037870243 -129.128402792493 -84.8131503526714 -53.6217028023199 -39.7725091928243 -35.3402385912166 -36.2719978074121 -44.5758032609381 -51.6235229903281 -65.9327164446765 -92.4717199435435 -123.043234980855 -164.268404155476 -213.25223151038 -265.604385074398 -324.309796864597 -351.602016540323 -300.673713454845 -225.844105492551 -144.519690037646 -75.2954553622305 -40.7873649304002 -23.0034902853412 -13.7923845371208 -13.6500811260907 -14.5407860218302 -15.2529650515806 -16.6310055560738 -16.9681675118874 -17.8995507030233 -18.2263785208821 -16.6705916099797 -15.2065781759802 -14.7883985724364 -14.6747494093764 -15.5403738375507 -13.1776218444088 -11.3256344339387 -11.0068479546666 -13.3734675547536 -19.2245477334272 -16.4233619001315
-9999 -9999 -9999 -9999 -9999 -9999 -9999 -9999 -9999 -9999 -701.687271513202 -481.91910053501 -295.850292540465 -215.264757632108 -169.951626915021 -118.355260561859 -75.19596091645 -48.4967826354383 -40.8867051955259 -43.0492372190993 -50.3357740718515 -62.2103931237374 -78.8899054849208 -101.039069466921 -133.177460765662 -173.930844712943 -224.110598972879 -280.653366718581 -336.765153057375 -382.917060795929 -394.039335036029 -330.224564691824 -239.792629652578 -151.182121565393 -82.4081508655887 -44.6282429352341 -27.4724934053719 -16.1579833158633 -13.17273291909 -14.2208641286841 -15.4665673327465 -15.9566625973161 -16.3855111126654 -17.0963889166826 -18.6108979774117 -18.1302199183782 -17.8821508162341 -18.3104430195765 -17.3477563218059 -14.3249364611433 -11.4351840060995 -11.5009159749759 -12.4769564949596 -15.725646376623 -22.0498438831437 -17.3761129223103
-9999 -9999 -9999 -9999 -9999 -9999 -9999 -9999 -9999 -9999 -430.13240001791 -242.384004971861 -157.641233078901 -134.627675991199 -129.840674254883 -119.227975060481 -87.4230915572545 -64.1240665053532 -58.0255573788814 -68.1437123814007 -74.4781244464978 -92.6549339583426 -115.853142824324 -143.686661255387 -185.499448444718 -233.6199741547 -288.708066762717 -350.495575809264 -403.030121818966 -440.065048497048 -443.99605057241 -356.067977858311 -253.80718689832 -162.230263721744 -89.7582553854916 -49.922457799063 -35.169959472412 -25.120414661401 -19.5209436323332 -16.089422036211 -15.1429113666575 -14.8407865981857 -15.414879922354 -15.6917122636402 -16.1636396261715 -17.8561392678412 -18.1082321767786 -17.2995243076764 -16.7926549996518 -17.0933727590066 -16.5982793491325 -19.2046912122678 -21.2960027694776 -24.1596157679181 -30.7056465352085 -21.1423492500329
-9999 -9999 -9999 -9999 -9999 -9999 -9999 -9999 -487.55234010544 -343.411812417622 -214.852040942297 -147.449787082595 -100.756684531981 -90.8881954629072 -105.697801082874 -127.778866847493 -111.132547104173 -89.5988214779831 -87.8649712405262 -102.321595481776 -123.17755804789 -140.832815093931 -160.86934812542 -191.606985561021 -242.109093105403 -302.245093387841 -360.669227043167 -418.053407261182 -465.515474002982 -487.991203806647 -471.852478969583 -379.881761309219 -272.063453221574 -176.177477546506 -105.331827378891 -63.9383461332201 -43.7120826373771 -33.5615627489253 -28.16211809597 -25.0595488867031 -23.4556436431812 -22.309832359158 -22.0727929192923 -22.0922671603571 -22.6958328516815 -23.9724451157573 -26.2226733505477 -29.8382701442844 -33.2649404987858 -35.2044904000738 -36.1158764372556 -36.5852850058946 -39.3073651625442 -40.9648451580623 -41.4925563437154 -26.4807995799613
-9999 -9999 -9999 -9999 -9999 -9999 -9999 -9999 -335.115686474468 -204.337089853698 -105.198308182551 -73.4326429220475 -66.7294160504807 -76.0726451423158 -88.5252980041896 -110.854657690539 -134.46382552504 -123.578709924551 -126.583656529028 -151.675613427883 -186.100175917498 -204.166657356182 -220.857936435385 -251.459244862427 -311.0612357377 -375.608871689261 -393.435123538326 -411.769673237797 -413.026362578041 -403.234340581019 -392.646280407763 -375.688411599439 -289.207518672385 -197.933804319891 -126.768376296048 -85.001767073293 -61.7206152109597 -46.374780941545 -40.207120061492 -37.6782831058563 -37.2989555597885 -38.2158746271349 -39.1418780199987 -41.165637837219 -44.1882368823477 -45.7397452210068 -48.6260043057915 -51.5822443677514 -56.6814375658813 -61.7551778497547 -63.2168265123746 -63.9088539023185 -62.4973446127139 -60.1562609450595 -57.708903436082 -32.8088917907222
-9999 -9999 -9999 -9999 -9999 -9999 -9999 -349.625000725768 -246.619736570187 -135.379489722845 -65.2065271691599 -53.9992489157206 -57.5225081735468 -62.3223600336516 -71.0113652670067 -97.795116006775 -115.45608533455 -143.612060139932 -163.437650030088 -200.443561546009 -237.415215089913 -251.944847952647 -269.669047952084 -279.768008526213 -296.457573144083 -316.381838046299 -319.846846108563 -319.505412765249 -320.073716247058 -316.953682780056 -313.916572492961 -301.680465453864 -288.688355878908 -218.212456718369 -154.387231311963 -113.990220893489 -86.6008638904816 -68.8116316829773 -60.9196561188393 -60.4610951479913 -61.3546361460058 -67.0688882474241 -73.4429405681342 -78.559022072119 -83.0422111733602 -86.2421826964429 -89.3450663286997 -94.2279910217634 -101.674837691975 -105.172315140737 -102.779021869463 -99.8646736543952 -90.9911227329018 -84.6649581717121 -78.2454789517031 -40.4918611050845
-9999 -9999 -9999 -9999 -9999 -9999 -9999 -285.080156161113 -168.891255031589 -73.1176778379667 -47.4779895086104 -53.3191646893964 -59.1549413043648 -54.8001437885132 -57.6426270733345 -76.8208278997203 -94.9491326931013 -119.142666577234 -136.33176914243 -158.874790870746 -187.895943619068 -205.036052628085 -222.542574002513 -225.070033132761 -228.059540157364 -240.430569689145 -241.680579000342 -250.361297343223 -246.609175808339 -233.65669420563 -231.894442729786 -226.16630043222 -229.608876779444 -227.736953828991 -182.283933324318 -145.910797903053 -120.707505212114 -102.186217156926 -96.4361911817522 -99.9584914181469 -103.985987199746 -116.050444351771 -125.359661463467 -136.016947944967 -147.778220958533 -152.469728260789 -159.052547326115 -167.76317204823 -176.785685120066 -172.799595023306 -157.865489731113 -139.054889647501 -122.801944091619 -111.116947478698 -99.5049263475344 -57.0150409391466
-9999 -9999 -9999 -9999 -9999 -9999 -319.797137013345 -203.021063568288 -104.258678421206 -47.2046199889848 -50.1676489596405 -57.6086446648946 -60.4089074985915 -50.9556537580633 -48.443677330824 -63.4339858352093 -74.7392453047414 -92.0463093432134 -109.425639768365 -128.285433090888 -153.532076416175 -163.933953745766 -171.823252718224 -173.75981302581 -182.360838789132 -188.637247613003 -191.8847384406 -189.627336996218 -185.365190753303 -186.849907957172 -182.718500105141 -183.150575137707 -181.723016827577 -181.527755560942 -188.770989763072 -175.536437366973 -157.365845733534 -147.757310832717 -145.122161071002 -151.41523016011 -164.337304494782 -178.886141874244 -197.410614106349 -214.454851448806 -206.858995334134 -188.034404136096 -177.602974244675 -166.876700036918 -158.719396671833 -148.42517768513 -135.550968444494 -120.93498612511 -103.772834533172 -91.2956780594256 -86.5880393468971 -72.8877397470685
-9999 -9999 -9999 -9999 -9999 -9999 -257.128313684575 -147.926796319517 -72.8195000763036 -32.0146594585408 -46.4718753819133 -57.0613029938521 -54.6521392227393 -43.8624639713195 -39.3668078907274 -47.2336180455177 -60.3379130761726 -74.248651204816 -85.2571597414822 -98.1802664428143 -112.695038058877 -121.389123159221 -128.240551851989 -129.164708058187 -131.962012749174 -137.722892605446 -138.432531481258 -139.512248387072 -138.045790209333 -137.033071967231 -138.68386263998 -138.816030239279 -141.927127671886 -144.480705679506 -148.582526839692 -154.643850466908 -159.825409811482 -168.168639444422 -173.260908021515 -174.810978695408 -179.754031061231 -176.714739259906 -173.996659177776 -168.16072042175 -155.333445123971 -144.899413442868 -136.841174066402 -131.836418044051 -126.080208273738 -115.947478019125 -107.470932188932 -95.2552390737247 -85.020053818832 -77.3355300677285 -71.5497555358706 -68.7253118678728
-9999 -9999 -9999 -9999 -9999 -9999 -220.421774795414 -123.713985241909 -56.1645503897202 -22.4291191009807 -31.4772845687355 -44.1563731653678 -45.2350503010385 -37.1538363406756 -32.453969623971 -39.4107821902094 -46.0959285924452 -57.9900203774872 -66.8621057865009 -79.8424188179863 -89.6950234953107 -94.8234364300244 -99.2416637602729 -101.100851964694 -106.055583677149 -109.464385093331 -109.819110613459 -106.600265879381 -106.018540909088 -109.127066899813 -108.730723620897 -112.33357849558 -113.507469123513 -116.575748597843 -122.601822150843 -124.90367994305 -130.239352815017 -132.023788789904 -136.1070261333 -138.733117915521 -138.272957063213 -138.993081461429 -132.33032865349 -127.320269657771 -120.373617014093 -114.730075901052 -110.981291067527 -103.709000043261 -98.6516386817803 -93.0064699754565 -85.2042875837144 -79.772543505884 -72.4090978271074 -65.3469214893618 -62.5296427016693 -59.8423002252137
-9999 -9999 -9999 -9999 -9999 -9999 -9999 -100.769748830317 -45.2805347620397 -16.9454134060289 -21.8236340724802 -32.669681266711 -34.2861442966754 -29.8861517067854 -25.5718211928979 -28.6138294537508 -35.2016573837869 -44.335480574416 -52.3591918804347 -62.0000735351772 -69.8504030751119 -74.1911079900119 -78.0169399175812 -79.6540376441787 -81.0905512873398 -83.2289146998692 -81.7877102007246 -80.4318806944941 -78.7326746142345 -79.7734924468396 -82.174810054202 -83.6891340554456 -87.0139714740337 -89.29660341086 -91.764279925573 -95.940104521928 -97.9763664515253 -101.087429044308 -102.327351833979 -100.642900631059 -100.996709753315 -97.5371187024261 -94.3858078148459 -90.3068470997466 -85.3668712354643 -83.2861283717508 -78.2003913425337 -75.3907908395284 -72.1287648173813 -66.7723752991696 -63.0197299373384 -58.2641632005362 -55.2542706697649 -51.8465690124317 -48.6871594137686 -48.3448588310153
-9999 -9999 -9999 -9999 -9999 -9999 -9999 -9999 -38.7522034060559 -14.1475421739264 -19.6286613192101 -26.5606245894583 -27.3578040090727 -24.2679076031233 -20.803342799288 -23.0054065959478 -28.223240760925 -36.7938360092807 -44.1354541710659 -51.5159578278229 -57.9109479494723 -60.2084395262567 -62.2856659788754 -63.3720807646373 -64.4330525969158 -64.2820728537133 -63.437360024412 -61.564425102623 -60.0706397714895 -61.9044085654125 -62.6045259806313 -65.3167020896771 -67.2063745857364 -69.3894732087742 -72.3536025135928 -74.3223067810807 -76.9151986014411 -77.9137423625227 -79.0132930784488 -78.4611086550659 -75.9487976964853 -73.9856300910365 -69.5188081267055 -66.4193900400102 -63.6017776804023 -59.4901096528937 -58.3004011696231 -55.2883150604066 -55.3229788073785 -53.7936599018994 -52.472609938584 -48.2378277499413 -44.510329946573 -40.407608924376 -38.9405172809372 -38.0415739379408
-9999 -9999 -9999 -9999 -9999 -9999 -88.3712369115038 -55.0801821462409 -31.6639261636974 -14.6231741953833 -21.1088508091844 -25.4096710494356 -23.1929859438987 -19.7775676848423 -16.1527611663318 -17.176751303112 -22.1684328048605 -29.5506938019516 -35.6140197845981 -39.5367077375255 -44.0065835005163 -46.8851721886365 -48.2427401393804 -48.6638517506937 -47.9627769670983 -47.6053050160973 -46.4734096712093 -45.7890532752946 -43.9016356048779 -43.8698164579229 -46.4482435588739 -47.6713652843744 -49.5790845310741 -50.9297718327472 -52.2203592788788 -54.1659219255652 -54.8315463007608 -56.0225862922943 -56.2733867054482 -54.8007237556803 -53.8292623648067 -50.8299400651599 -48.2919453263241 -47.5506852764626 -48.236478658831 -50.2489900399664 -50.9641666369675 -52.2711361108619 -52.3090246997934 -50.3161873998012 -48.7319405882791 -44.543049700614 -40.8570508540971 -37.1655120710107 -33.7034110479197 -32.275861827718
-9999 -9999 -9999 -9999 -9999 -82.2843322636767 -51.5755691265437 -41.4570159576299 -21.5031056031992 -19.9295479396664 -29.0204143866168 -27.0502586651432 -21.2190142654687 -17.2060976029223 -14.0001729706004 -13.5720237355112 -17.2135205709421 -22.9506362080944 -27.3281448634948 -30.1792993758746 -31.5478537617155 -34.5102510289184 -37.1820893637233 -38.1787099496878 -37.6517109523379 -35.9025592584793 -34.0467808600984 -31.6542702495791 -29.4720477826456 -28.9010468370382 -30.0763930595266 -32.2189004078582 -34.3884552596777 -36.7813987257668 -38.6156327249324 -39.1835404063651 -39.6570636750281 -39.4988317095897 -39.3621342296636 -38.8515928646679 -39.009674829233 -40.046977167618 -41.4695156990603 -43.5629936589086 -45.0980651333447 -47.8363112731825 -48.1864281495628 -48.4971932531605 -48.3642357159678 -47.0674592544781 -45.4176116190062 -41.4232640723455 -37.2478728107305 -34.1721154790397 -32.1582309623508 -31.309896373926
-9999 -9999 -9999 -9999 -9999 -51.8104637707375 -38.1160767655148 -28.4319622034624 -22.6683384393242 -26.8602628018171 -30.8048973545069 -31.3606637102951 -23.6763309016486 -17.506418321485 -13.0272404109943 -11.3631012215764 -13.080865946262 -16.8108169274239 -19.8770866576301 -20.4921162149649 -21.4115117255414 -23.0367017018449 -24.5354278627899 -25.2155675070746 -24.1724529257436 -23.1127787322605 -21.5054204661316 -20.0703204900617 -18.9008093682102 -17.9775174428962 -18.446309137282 -19.8236331793741 -21.8189525549799 -23.7924631424093 -26.1821081831829 -28.767637981778 -28.4387750333028 -28.2771047246894 -28.4136161732194 -29.1126988653768 -31.2027149117933 -32.8219779851018 -35.4278613658403 -37.9324709255624 -39.4964190493642 -41.6969800263235 -42.0560178660266 -42.6400386333062 -42.4678396357371 -41.1510780024587 -40.1112830994618 -37.0687377573888 -34.5406174532997 -32.3663988360304 -30.6816489423707 -30.6181195026979
-9999 -9999 -9999 -9999 -9999 -9999 -35.8890851543998 -22.9979308057125 -27.631564509693 -34.7317382702559 -37.201675310352 -39.6753273447335 -32.62358538632 -23.4776236627469 -16.0945915289564 -12.4958159186881 -11.2186667670956 -12.8686020639061 -13.9523979750063 -13.948182751578 -14.5853432321099 -14.981325204957 -15.2326751612466 -15.0248859492403 -14.3926968091702 -13.7971680803493 -12.6045275476196 -11.4839569499215 -10.7506726062335 -10.439578828573 -10.6959145805259 -11.0121447170156 -12.2897131143308 -13.5259618144722 -15.2375694108633 -17.8880844032975 -20.6826555481 -20.4889856751832 -20.7495433694739 -21.4815382076462 -23.948796233073 -25.4146799185866 -28.1040916447095 -30.6190125307744 -32.0886779533068 -34.6667751058646 -34.3453869095107 -34.9520223786392 -34.9001515605488 -34.1271484043834 -34.4809744059748 -32.2719938132103 -31.3174026606179 -30.3979351966688 -29.5278300589796 -30.0158136316266
-9999 -9999 -9999 -9999 -9999 -9999 -35.46366425438 -21.5642396904707 -27.4299757413597 -46.2658326321552 -56.030984287277 -54.7839915268851 -48.752840846827 -35.8104773241746 -23.2989634850805 -15.3038854285209 -12.2677541720055 -12.0435756064078 -11.7984333078332 -11.2178129627351 -11.0024882129942 -10.7268508809228 -9.69708069612237 -9.07798106461725 -8.70307705849916 -8.39369247707641 -7.35960154737687 -6.25940490129895 -5.88014580862158 -5.92959889467974 -6.3349100671413 -6.52039895095926 -6.95929809513193 -7.90397235007757 -9.44443758022983 -11.8945807470587 -14.3892966821511 -15.3590605237594 -15.1494146246386 -15.6210402868388 -17.076579096548 -18.5559045609353 -20.6802461271423 -22.7185520361707 -24.1730352574447 -25.7458500732358 -26.1255829288587 -26.5186091944272 -26.6021837001356 -26.3944168757075 -26.7141769941274 -26.7550357578871 -27.5453188266619 -27.9819096820268 -28.4747731232315 -30.0344236180279
-9999 -9999 -9999 -9999 -9999 -9999 -35.5698070875529 -26.7055973350978 -24.8078564419931 -51.6400172106654 -73.9953352195462 -69.895284681126 -64.1804075685944 -52.5059880579945 -34.8845298880478 -21.8352074045035 -13.8703155165545 -12.554099277985 -11.5992317988297 -9.46717138479239 -8.95930697651465 -7.89035178036488 -7.1305076574393 -6.19220786231288 -5.31238650390816 -5.21327130489037 -4.24975919258576 -3.54819732607283 -3.21603454440728 -3.09821719110033 -3.45569117653006 -3.31586966704433 -3.49355468484232 -3.97906238429792 -4.92692809126504 -6.99926234971912 -8.64855959916132 -11.5700430827269 -11.1648136379824 -10.6762016284173 -11.7259297007625 -12.2601374659544 -13.9935893016726 -15.525039391176 -16.3605219562036 -18.0521948179016 -18.2093854299496 -18.9313556925124 -19.3366603201062 -19.3878890363106 -20.3455283748011 -21.3259914084695 -23.4935421523624 -25.0800221127446 -26.5772495830466 -29.3904612975047
-9999 -9999 -9999 -9999 -9999 -9999 -9999 -9999 -39.1030025006643 -46.315554170788 -74.2749691524605 -81.7827664195215 -78.3518193489611 -66.0925070307517 -47.7625631913382 -29.1790755336896 -15.919832427341 -11.944442500504 -11.7001973149828 -9.1251432957384 -7.50026348901439 -7.04706787032708 -7.0585905492872 -6.34567883902813 -4.96661907199042 -4.06897979098691 -3.55363031386604 -3.2318578946882 -2.94711475091545 -2.48376085175121 -2.19742990109264 -2.00463784693052 -1.78557940228177 -1.82369216429265 -2.30032418639696 -3.37606409415798 -4.6636442781795 -6.53011881469209 -9.2671191787352 -8.60366156695799 -8.31132151204345 -8.54564889185434 -9.22844758561882 -10.1440907267311 -11.0929469572885 -12.105502670323 -12.7415721426903 -13.3180317398784 -13.931747287484 -14.7499854057308 -15.9278417957014 -17.3816623416476 -19.5947775952601 -21.7460285430212 -24.1233179286327 -27.1631378424211
-9999 -9999 -9999 -9999 -9999 -9999 -9999 -9999 -44.2797830207331 -40.0875387212144 -64.4540095804602 -80.1648270419276 -87.268608502413 -75.1676447107396 -56.3967576999407 -34.9701001703773 -16.6267904987055 -10.8236610718418 -11.2683191025714 -7.88476611547116 -6.73070915264177 -6.82826112634045 -8.17843741067666 -7.88147984422204 -5.764016752882 -4.55448856210568 -4.26997647546278 -4.4871136768363 -4.22324757686184 -3.37239661158698 -2.63626344553975 -2.30548229449728 -1.94749759418157 -1.55084684844071 -1.32726666316815 -1.52087885020761 -2.08773968224169 -3.08784949415452 -4.80889441131077 -7.2594201901328 -7.06216408952997 -6.45580378871283 -6.4833460428932 -6.79973904998291 -7.207519233823 -8.08149312915961 -8.57501336506154 -9.3164592580227 -10.1164805134733 -11.0946103482345 -12.4663425355449 -13.8124221396533 -15.9951500896462 -18.3781524546378 -21.2234147256304 -24.7759842426096
-9999 -9999 -9999 -9999 -9999 -9999 -9999 -9999 -9999 -38.2050081097093 -40.6149936943273 -66.6686672045368 -88.6494723317744 -81.9475659227493 -61.3987089818163 -37.0872224254563 -17.0047811322003 -8.94576507058866 -9.60457607468987 -7.4628654428702 -6.45567319790306 -7.46935970821926 -9.26837856071097 -9.33109192716999 -7.42794648169582 -5.98933803272216 -5.90658430574921 -6.40090751092618 -6.21279427890285 -5.21835116380134 -4.34052872643513 -3.83612655494939 -3.53173867480034 -2.8277514837522 -1.9531040177131 -1.43735137068196 -1.28021255550625 -1.52278941954857 -2.27485487269701 -3.66890845606815 -5.70201766792186 -6.58115353744193 -6.06436180184369 -5.59420938399715 -5.59324492995736 -5.92452934221984 -6.42013251183853 -7.00449842936471 -7.8378550539204 -9.06865484075747 -10.3887401880237 -11.7568704938147 -13.2842803986593 -15.4998328037424 -18.8718148127241 -22.56991805419
-9999 -9999 -9999 -9999 -9999 -9999 -9999 -9999 -9999 -9999 -34.2979786040759 -56.5274138164903 -84.3223821960189 -83.3543768190917 -62.9138942577465 -37.5077509345685 -16.0948745599131 -6.64479803202902 -7.12261540179639 -6.28420723500907 -6.53156593111518 -7.99237556965415 -10.2548875556088 -10.7331611301741 -9.13082370168936 -7.91374224276082 -8.00192562068742 -8.66477247606748 -8.52329325442597 -7.73746433939544 -6.87022610850646 -6.30689112444556 -5.91792043579173 -5.09899945976488 -4.03264385202604 -3.08541088146098 -2.34640581930616 -1.82309323898624 -1.72948075941551 -2.19873027695081 -3.12438404722478 -3.92126249783257 -4.04216901872894 -4.53438746573923 -5.28836139966665 -5.12682584484003 -5.36536971766185 -5.93872790289135 -6.4983053082 -6.9953737636436 -7.86222982655047 -8.86202332968607 -10.2398316370758 -12.5658590791505 -16.2609806898049 -19.733129958091
-9999 -9999 -9999 -9999 -9999 -9999 -9999 -9999 -9999 -9999 -9999 -67.2876754462007 -78.8142914273802 -81.903224934145 -62.932791377642 -36.7231220941658 -16.5997523419818 -5.00539184772129 -4.34755463952115 -5.24008225178378 -6.96894993019084 -8.64659110371025 -10.6752842999678 -11.3561764760803 -10.7596938859726 -10.2696272574705 -10.3056796110214 -10.7430359358608 -10.235400727238 -9.01049612524485 -7.87042458500774 -6.80255314045001 -5.75111531231575 -4.8701843957228 -3.97811691262857 -3.33804506612801 -3.0179238261803 -2.92647420887274 -2.64614530725464 -2.25035881567471 -2.23081525773616 -2.72604239356299 -2.73060242795618 -2.48770130245018 -2.86492578691469 -3.53385459669633 -3.9938585261857 -4.10521625968293 -4.37050308368441 -4.87785033181271 -5.64316593300148 -6.6691346176337 -8.30329479121881 -10.1647435148616 -12.2248225285709 -14.4015172807969
