data/03_saidas_enm/CCSM_SVM_0k_B.balansae4.asc
NCOLS 154 
NROWS 168 
XLLCORNER -112 
YLLCORNER -55.5 
CELLSIZE 0.5 
NODATA_value -9999 
[rows 75 to 99 of 168, columns 56 to 111 of 154]
-9999 -9999 -9999 -9999 -9999 -9999 -9999 -9999 -9999 -9999 -9999 0.205023321478641 0.2074268593955 0.202137833169834 0.214234273019075 0.245007311910784 0.274098080736929 0.280004976114312 0.255857687374743 0.161642207547668 0.0897291467719078 0.0688061493147038 0.0767475607691734 0.0670836634758739 0.0425358927783814 0.0225358528611268 0.00201301502156548 -0.0155078898961738 -0.0321344489613505 -0.0498324012984341 -0.0603387076810636 -0.0669025657252307 -0.062515124702477 -0.0522912809903942 -0.0360702970899279 -0.00950641802681385 0.0192060616708299 0.0568668107784314 0.0964882108361743 0.134783861501075 0.172399827636579 0.212143455921177 0.244372976676493 0.263592738364044 0.274710654495258 0.27740448405303 0.274431088332182 0.254290430206805 0.219888056975573 0.175244968879195 0.126941479754436 0.0900107476494312 0.0566385379432546 0.0393665552897078 0.0350254650345082 0.0390311542691926
-9999 -9999 -9999 -9999 -9999 -9999 -9999 -9999 -9999 -9999 -9999 0.2046200992403 0.207445772167658 0.200674936724809 0.209382271908525 0.227775677008801 0.246109358444912 0.244453029390555 0.23291811516144 0.194589709373417 0.12060109920649 0.0740543875779819 0.0638377725342009 0.0529360244727792 0.0381106872144127 0.0270284122483213 0.00985957422760014 -0.0104157681010563 -0.027429258799634 -0.0420345105395032 -0.0504133480804841 -0.0587063067388673 -0.0595321667728744 -0.0519507863576015 -0.0393549435844425 -0.0189494147111908 0.00815019248991666 0.0431649634219061 0.083907207110275 0.127351062005453 0.173114991774039 0.225472440276019 0.268679886948002 0.29614084280288 0.31596957421388 0.320824275804553 0.328050581474915 0.321326293703692 0.297556494209796 0.260058411942547 0.220486033323928 0.174251872790996 0.134596886107415 0.112307920336074 0.102211563480395 0.0988028551181223
-9999 -9999 -9999 -9999 -9999 -9999 -9999 -9999 -9999 -9999 -9999 -9999 0.208446553424923 0.208497309544661 0.208745870342697 0.213620693505375 0.215650807034257 0.212971702112684 0.203990439372837 0.194646635569138 0.178622124565711 0.137897761876294 0.0785180382484075 0.0452377321063096 0.0330105675843442 0.0297184996127343 0.0105478048303325 -0.0122142799410174 -0.0273803201390054 -0.0382420734384769 -0.0441617629979738 -0.0528277358539899 -0.0548751128290945 -0.0508054796143129 -0.0422727047088832 -0.0258362410684237 -0.00279550704676945 0.0295176467896496 0.0687029222296246 0.113075281416621 0.168484858480621 0.242022578088354 0.314598282239505 0.357098905184792 0.370286554406969 0.369034152819944 0.370856350078801 0.364625527916701 0.350934416905227 0.334749612284972 0.312549452218633 0.274619851450629 0.240338805758224 0.219933814961271 0.210043751449741 0.202806142533429
-9999 -9999 -9999 -9999 -9999 -9999 -9999 -9999 -9999 -9999 -9999 -9999 0.207531022110457 0.20906137578138 0.210795652154891 0.204861993161182 0.195336059283133 0.202846979581924 0.205174098626511 0.209433561071872 0.211519287940851 0.201278145908794 0.155529418759347 0.0986952626865697 0.0498036406700879 0.0635688086698121 0.0102958448386712 -0.0182490606672131 -0.0328677674742968 -0.0388280900763345 -0.0385913487762104 -0.0463930957527675 -0.0478798803582209 -0.0451080386187869 -0.0402242740153788 -0.0278696134292838 -0.00709469883245506 0.0220130705256303 0.0562968212167562 0.0973503554043443 0.154603162226188 0.247913666431535 0.373158048987389 0.438821936398206 0.438063514688265 0.421862425236425 0.403519822357409 0.380834612880099 0.371682063523362 0.379515317938888 0.386624584486782 0.3628738958723 0.336439472407361 0.323645284674867 0.309384547060872 0.301032905852777
-9999 -9999 -9999 -9999 -9999 -9999 -9999 -9999 -9999 -9999 -9999 -9999 -9999 0.207774849801358 0.209011886547333 0.193367396742353 0.173871242256181 0.192245246585846 0.197379736260939 0.200299520753205 0.209250918633762 0.211812088999717 0.23847707832083 0.30590033955892 0.289236481652311 0.17283958386305 0.0516491340878475 -0.015497677119433 -0.0406098151881884 -0.0472153659792562 -0.0435231831079217 -0.046756845632789 -0.0446947762866513 -0.0404474664581823 -0.0348432359847247 -0.0211570671724536 -0.00605071231183618 0.018354428752519 0.0476573855411889 0.0835738673453071 0.138514698346957 0.234030944749794 0.366637653748397 0.460551509650967 0.495196727335481 0.482826625737852 0.431390159240509 0.383064205297482 0.367322397813169 0.388969556364416 0.416545509172736 0.412503469307582 0.398460828988213 0.392334793003318 0.3847489827483 0.384919116321028
-9999 -9999 -9999 -9999 -9999 -9999 -9999 -9999 -9999 -9999 -9999 -9999 -9999 0.207590748446034 0.208098707009044 0.17982586047275 0.165224896574684 0.18317247120724 0.187757347949709 0.194127572710865 0.201395082427753 0.204777007123603 0.190579011336701 0.163064451941095 0.186263927324282 0.341911050335867 0.255911971897037 0.0859808953371207 -0.0122404733940413 -0.0581229935289473 -0.0524799050808182 -0.0557120920517962 -0.0499738041538702 -0.0427445963299036 -0.0336526781294634 -0.0155295512446609 -0.00904176970611648 0.0129085015074492 0.04019598429538 0.0751108142967824 0.120722837946182 0.201637950180867 0.32817659329722 0.43624327370923 0.51016325336909 0.547627101995318 0.452856496120265 0.366876915825951 0.346317506641524 0.382167647807183 0.421273911149475 0.427821140842524 0.427018481631807 0.428880322993667 0.427177866440943 0.433724012696618
-9999 -9999 -9999 -9999 -9999 -9999 -9999 -9999 -9999 -9999 -9999 -9999 -9999 -9999 0.207695659147635 0.206440507718715 0.190695141348852 0.169357898297966 0.169147941022187 0.192795051209746 0.204740708264641 0.206878229151818 0.204796470909072 0.196299723640784 0.179008905820162 0.177890726183109 0.153890948392949 0.298315081942793 0.301057329392829 0.116972885121323 -0.0329274352081894 -0.0700797835440821 -0.0622335831292311 -0.0509332229681964 -0.0417649411215703 -0.0307093715205538 -0.0192007571362868 0.0021620367523269 0.0301783795662742 0.0668530222902742 0.11381261907753 0.180161640901121 0.269729659974007 0.364966478626958 0.461157067714734 0.495094572710303 0.446464086930506 0.375056139568247 0.355058566522794 0.379727145247327 0.409850109917307 0.425458762127969 0.42724157734883 0.436439213469313 0.449015871655434 0.457426109484221
-9999 -9999 -9999 -9999 -9999 -9999 -9999 -9999 -9999 -9999 -9999 -9999 -9999 -9999 0.207704969034686 0.205794963136197 0.204120802586017 0.150029435672485 0.133044893621575 0.191376887576832 0.206249020458593 0.207305452364955 0.207312826692243 0.207312669260765 0.207255188245256 0.205367866769215 0.191389618438163 0.180614228768475 0.165034088157594 0.185975675545204 0.156674906097382 0.0230493457141447 -0.0539035049961619 -0.0489375029249012 -0.0402826013214858 -0.0331123602894011 -0.0167464359965885 0.0120438481566612 0.0380441656699537 0.0701201472851021 0.111678686095047 0.174939362387926 0.234798940110149 0.30387576569467 0.39816308522076 0.450893092779364 0.435622240537623 0.387257360684797 0.375309038450335 0.400960838629673 0.410001281286276 0.432329051003647 0.430707415109091 0.436451202000975 0.453708635659146 0.472099965611832
-9999 -9999 -9999 -9999 -9999 -9999 -9999 -9999 -9999 -9999 -9999 -9999 -9999 -9999 -9999 0.20804543425932 0.208109006232034 0.162531526259465 0.0955966241531221 0.17508973198442 0.206479816788193 0.207304745128083 0.207313039685857 0.207313045529658 0.207313044850861 0.207313041808138 0.207312600043269 0.207289470407761 0.204711090196898 0.184717855852545 0.142663569105798 0.250681255440999 0.0307095929624654 -0.0315738853529172 -0.0272039630444871 -0.00924034716584787 0.00693770608857436 0.0284763489291698 0.0581987666980366 0.109351028470325 0.164353456339467 0.207932982554525 0.233044318410188 0.271951855222456 0.342663050086712 0.408405544888365 0.431284966965545 0.430914889220959 0.438325859837258 0.455626926059454 0.468533486024959 0.471829330865167 0.458861973865712 0.457795508496317 0.46563929423641 0.452571713470325
-9999 -9999 -9999 -9999 -9999 -9999 -9999 -9999 -9999 -9999 -9999 -9999 -9999 -9999 -9999 0.207438593026765 0.211905741908854 0.191737424985713 0.0965209334825662 0.117865156673278 0.202971562631637 0.206696082964415 0.207304290903668 0.20731291261554 0.207313045427502 0.207313045799135 0.20731304579659 0.207313045798374 0.207313042491459 0.206709620416565 0.199021395960766 0.219896391504893 0.267722921973112 0.0420062105894192 -0.00892427311333155 0.0209763823679737 0.0279421806862979 0.0490949327517937 0.0971768674861312 0.173762965818868 0.228097388043865 0.26765580083099 0.244744304239918 0.247293091377718 0.301946142602612 0.37872268478505 0.424304702536637 0.473948778295405 0.500218832239761 0.510079279518641 0.527323261792581 0.519537839149667 0.503978847628242 0.50677975970607 0.51017261227198 0.490394596670421
-9999 -9999 -9999 -9999 -9999 -9999 -9999 -9999 -9999 -9999 -9999 -9999 -9999 -9999 -9999 0.207319227918213 0.213311126317746 0.20695254277538 0.189224340221584 0.0957817004032815 0.0771694303458366 0.154019287890888 0.196096393059639 0.205824313400098 0.207224248883074 0.207308147582002 0.207312994389012 0.207313045022017 0.207313039577137 0.207305964961495 0.206470965619156 0.204873475439211 0.402167154975853 0.389392979521717 0.130056198990108 0.0282530744380367 0.0373079915886786 0.0829159690986109 0.146929561186901 0.223538060961985 0.273405130197664 0.328693130365926 0.259348111184681 0.237084675385703 0.264893508317216 0.328033826389936 0.408525979152544 0.491076593354417 0.541187848638007 0.55087316083352 0.538731993654963 0.559637619422324 0.576801077102793 0.60695898406138 0.644672509444518 0.677146204541942
-9999 -9999 -9999 -9999 -9999 -9999 -9999 -9999 -9999 -9999 -9999 -9999 -9999 -9999 -9999 -9999 0.207614883179201 0.211202641427162 0.199291555152611 0.197401932400265 0.168955501934912 0.109137978372024 0.113018661508498 0.151850996891116 0.179708784824686 0.192780159221271 0.206010957405457 0.207177395812891 0.207277824302165 0.207300460119053 0.207262681862309 0.205982781864807 0.224767712446054 0.474588996214105 0.518912839653909 0.207995373869177 0.102951972276926 0.10676656761445 0.170614863673458 0.262191665453646 0.3235325167503 0.351135985081426 0.247843126362673 0.226829765820795 0.249699701905952 0.301325306028735 0.396147930787536 0.499507302793918 0.567716131451423 0.588083811776101 0.578959436264215 0.630395071679366 0.671733423598118 0.731038261603177 0.797281959136498 0.828445656186351
-9999 -9999 -9999 -9999 -9999 -9999 -9999 -9999 -9999 -9999 -9999 -9999 -9999 -9999 -9999 -9999 -9999 0.207640982805869 0.217088631422327 0.181229561467526 0.205235410113148 0.184516754283495 0.076832163832673 0.0503560868890061 0.0769510864641764 0.119691131897818 0.16869347772731 0.194901213246064 0.20429154701669 0.20713468997686 0.207299038028528 0.207188988265713 0.205976518566736 0.205472665516599 0.355164230377424 0.584068833003017 0.359525232346244 0.211272330572611 0.178745778974343 0.236381157532719 0.272959754987117 0.275049935415056 0.242035409345034 0.238877371594848 0.262219170904502 0.316008116201139 0.392299633079027 0.470995542427656 0.54338767904223 0.608122819097101 0.65734374035048 0.702935821776706 0.760978191737927 0.83213154460607 0.900404724900649 0.947483679058505
-9999 -9999 -9999 -9999 -9999 -9999 -9999 -9999 -9999 -9999 -9999 -9999 -9999 -9999 -9999 -9999 -9999 -9999 -9999 0.210363217883458 0.160528171771421 0.201916607999234 0.193207549200162 0.115297199667607 0.0504289092356734 0.0495413557382794 0.0899133941757675 0.146548937545341 0.180923589652522 0.204504311828559 0.207244531641139 0.207283057069693 0.20721757994077 0.205716226951522 0.203609521703773 0.346674780958747 0.589139719569655 0.505798541758534 0.310102706354982 0.252751068870434 0.224597378224993 0.240348739091942 0.243745223374134 0.254018327837418 0.285376589490677 0.325753443732738 0.381611841781727 0.444967221341961 0.517031836444651 0.599283273110259 0.6569072756539 0.731471647369417 0.799133336303372 0.871234069157897 0.945346100620161 0.995661010940157
-9999 -9999 -9999 -9999 -9999 -9999 -9999 -9999 -9999 -9999 -9999 -9999 -9999 -9999 -9999 -9999 -9999 -9999 -9999 -9999 -9999 0.210811397516731 0.211028988921746 0.208065057652944 0.176325254204796 0.0669869064734945 0.04968096496178 0.0937467831923438 0.13310681760976 0.176938095393263 0.200163117382568 0.206947305267826 0.207308073359948 0.207258352856047 0.205425286022433 0.19960223539509 0.220502480403641 0.568779185118579 0.566897557785015 0.420803585386803 0.289177538159071 0.254872773894729 0.263430285375106 0.286020559415059 0.313469064533765 0.349863768296575 0.403586850174503 0.454630596044724 0.532304986306231 0.630775980540392 0.707182476129873 0.782457870485809 0.842867323496916 0.895457855929085 0.949567928561877 0.982267716096651
-9999 -9999 -9999 -9999 -9999 -9999 -9999 -9999 -9999 -9999 -9999 -9999 -9999 -9999 -9999 -9999 -9999 -9999 -9999 -9999 -9999 -9999 -9999 0.209237213705617 0.209257426938933 0.191729304167242 0.107877489825043 0.0649389908339942 0.0920788898730187 0.113725234955358 0.148777568287127 0.199304752546186 0.2072093836233 0.207305509716941 0.207258410133891 0.206142122147314 0.201585690911487 0.226449046027846 0.522247383354958 0.670136568756445 0.433329285973572 0.30895606703079 0.288395649961448 0.305734290780874 0.341867225833215 0.39115841098128 0.449513222628549 0.513330408521092 0.59301907087231 0.688094614759 0.769294624289708 0.826114593158516 0.860091882511422 0.892906611314417 0.937611618653673 0.974047678491836
-9999 -9999 -9999 -9999 -9999 -9999 -9999 -9999 -9999 -9999 -9999 -9999 -9999 -9999 -9999 -9999 -9999 -9999 -9999 -9999 -9999 -9999 -9999 -9999 -9999 0.212003986220804 0.206911918964575 0.136313005008494 0.111166809547611 0.116757500309681 0.121497972442284 0.140477288199435 0.192509410670966 0.205490040497977 0.207225911473048 0.207303292771069 0.206852733430625 0.204659303675435 0.226765736754794 0.611371774298132 0.626105993840152 0.399947192125514 0.306373376903067 0.31652428182264 0.373495546957748 0.437724499535788 0.506174421459743 0.588716277112603 0.664465499459713 0.747246810589367 0.816018564202025 0.856201552292352 0.84699565204611 0.870000751626062 0.948410838730881 0.999853297895879
-9999 -9999 -9999 -9999 -9999 -9999 -9999 -9999 -9999 -9999 -9999 -9999 -9999 -9999 -9999 -9999 -9999 -9999 -9999 -9999 -9999 -9999 -9999 -9999 -9999 0.208004555950819 0.213108165523688 0.205628610524049 0.188670780697658 0.184389039321341 0.176929963831403 0.151249891224954 0.125009072923453 0.153596577349007 0.19820341868102 0.206637384017425 0.206693687076913 0.206578596202633 0.209671242133764 0.429895951865115 0.81207554667794 0.563104919191869 0.38416195071454 0.356176906998003 0.396374896742857 0.46097110347161 0.529476553844313 0.611112679635662 0.688197130697862 0.767616424747923 0.835684662143169 0.862428113761831 0.853479576343442 0.884225320587095 0.965421952660157 1.01427728828964
-9999 -9999 -9999 -9999 -9999 -9999 -9999 -9999 -9999 -9999 -9999 -9999 -9999 -9999 -9999 -9999 -9999 -9999 -9999 -9999 -9999 -9999 -9999 -9999 -9999 -9999 -9999 0.204255022460053 0.194156436234702 0.205816003979714 0.20669701069775 0.202878625876665 0.192084278605822 0.159584547284396 0.114212120281428 0.125840712019394 0.185830885939079 0.201354595512545 0.205335670091996 0.323645911834164 0.847633875030409 0.754309320734011 0.489211649519285 0.409622467707299 0.428165040110883 0.478151068968785 0.54415612737473 0.615374403584629 0.683657992361676 0.767366141781454 0.828122449650107 0.85932003915578 0.872419893528144 0.915914288551035 0.996146307115978 1.03260058721399
-9999 -9999 -9999 -9999 -9999 -9999 -9999 -9999 -9999 -9999 -9999 -9999 -9999 -9999 -9999 -9999 -9999 -9999 -9999 -9999 -9999 -9999 -9999 -9999 -9999 -9999 -9999 0.196990420302814 0.112444477790044 0.202817832838564 0.207138579095068 0.206542529960786 0.204382191369293 0.196940866841812 0.161527590567273 0.112193033295109 0.126348562619374 0.178699351543447 0.197856632979825 0.266903484208117 0.746198330382664 0.883739978314838 0.60363148784973 0.472366881795101 0.45387245571705 0.488639560401269 0.5471607724111 0.617542960550091 0.680802147749495 0.745290966304907 0.80434829988015 0.861081393668172 0.918752209644403 0.971719379387179 1.02175083561421 1.0480212028313
-9999 -9999 -9999 -9999 -9999 -9999 -9999 -9999 -9999 -9999 -9999 -9999 -9999 -9999 -9999 -9999 -9999 -9999 -9999 -9999 -9999 -9999 -9999 -9999 -9999 -9999 -9999 -9999 0.0506446936297196 0.180157387804341 0.206601410879807 0.20653927391152 0.205290672918235 0.202820041036373 0.187477056713981 0.146496788716316 0.11021837563621 0.155495233181253 0.189987293944963 0.240434646413107 0.648223783408628 0.942549755920562 0.642642165243095 0.492967550526457 0.48181442550783 0.46961121787428 0.534507647671701 0.596356398974448 0.660238392293081 0.729080645350857 0.777315473530384 0.858450057811158 0.919307881419948 0.97027934223471 1.03323417008294 1.05898213264874
-9999 -9999 -9999 -9999 -9999 -9999 -9999 -9999 -9999 -9999 -9999 -9999 -9999 -9999 -9999 -9999 -9999 -9999 -9999 -9999 -9999 -9999 -9999 -9999 -9999 -9999 -9999 -9999 0.0657182700646701 0.159751678462401 0.204486308885339 0.206392919587418 0.205633199555994 0.204564520006606 0.194211322814448 0.157238917283344 0.118911210834896 0.156339809582224 0.190301961293833 0.227475470732867 0.541370192364463 0.921665862300198 0.663085921175246 0.490429474531249 0.472942171916482 0.507904602026914 0.53804144613118 0.567037267157357 0.629607149183994 0.722348526778145 0.7785094990952 0.855446645017113 0.903864247075416 0.955302820225022 1.03008577238533 1.06363404807236
-9999 -9999 -9999 -9999 -9999 -9999 -9999 -9999 -9999 -9999 -9999 -9999 -9999 -9999 -9999 -9999 -9999 -9999 -9999 -9999 -9999 -9999 -9999 -9999 -9999 -9999 -9999 -9999 0.0863030467140779 0.142910243746128 0.204219259197581 0.206331199475129 0.206108211218106 0.205598030563583 0.193765967188696 0.159320321389662 0.131396041411595 0.170143106482399 0.195024506659783 0.219983568849228 0.455438531244117 0.867957270918812 0.619584836699306 0.441773107291381 0.408292234274789 0.409055120856824 0.517257903105003 0.544528824758675 0.584677059706321 0.717606732589691 0.765178516571606 0.852918075713254 0.886104911847595 0.948563758395629 1.03236273568967 1.06275474829413
-9999 -9999 -9999 -9999 -9999 -9999 -9999 -9999 -9999 -9999 -9999 -9999 -9999 -9999 -9999 -9999 -9999 -9999 -9999 -9999 -9999 -9999 -9999 -9999 -9999 -9999 -9999 -9999 0.0849427689268634 0.136475578031876 0.204167155880448 0.205843975205344 0.205572472798712 0.204713001322615 0.191785393743307 0.147119595255077 0.139386194812207 0.184718738993631 0.200565552878119 0.218395960903405 0.445931971231327 0.779548617751722 0.563979386983443 0.394771889638571 0.345432007027989 0.360233533219313 0.448204143152158 0.549332056455636 0.619808551187705 0.700226927756145 0.780733777279174 0.835093055590858 0.884613362213725 0.957292624517713 1.02800430919176 1.05743484328636
-9999 -9999 -9999 -9999 -9999 -9999 -9999 -9999 -9999 -9999 -9999 -9999 -9999 -9999 -9999 -9999 -9999 -9999 -9999 -9999 -9999 -9999 -9999 -9999 -9999 -9999 -9999 -9999 0.0921675272430915 0.135492537457205 0.206537160311587 0.205336248692604 0.205354481439992 0.204144981894462 0.187763101926845 0.141061543138783 0.153458638424302 0.196280441130326 0.204219566093643 0.219665015836319 0.448144673237608 0.711067872916201 0.491326365215998 0.348894636011622 0.307777677312459 0.307555771571624 0.386119339009907 0.483615280293311 0.587569302528525 0.674677370209382 0.692679545431364 0.803675728459125 0.878401336622652 0.949418275235267 1.01494456456915 1.05428970625272
