data/03_saidas_enm/CCSM_Gower_6k_B.balansae2.asc
NCOLS 154 
NROWS 168 
XLLCORNER -112 
YLLCORNER -55.5 
CELLSIZE 0.5 
NODATA_value -9999 
[rows 56 to 83 of 168, columns 63 to 125 of 154]
-9999 0 0 0 0 0 0 0 0 0 0 0 0 0 0 0 0 0 0 0 0 0 0 0 0 0 0 0 0 0.0127790640868958 0.17198270587441 0.1731584039414 0.175932810570505 0.180158171106217 0.182041903422305 0.189590109076373 0.198581414436526 0.208582961355207 0.159324341692359 0.0656704126612648 0 0 0 0 0 0 0 0 0 0.186540796524755 0.386555886765982 0.491594208811969 0.495494928948702 0.412820880637947 0.309864790801841 0.215894863219962 0.141535399187416 0.0984520394076205 0.0625255706721228 0 0 0 -9999
0 0 0 0 0 0.0473128036476925 0 0 0 0 0 0 0 0 0 0 0 0 0 0 0 0 0 0 0 0 0 0 0 0 0 0.0551615532880763 0.0893950512070802 0.108423424456567 0.068663159403238 0.0229161479717082 0 0 0 0 0 0 0 0 0 0 0 0 0 0.0966437962044399 0.326526070162303 0.436144728591378 0.44506018098417 0.361573537909342 0.283682514343551 0.207963755323181 0.147528672483293 0.105770719008866 0.0675361917838949 0.0443903412736509 0 0 0
0 0 0 0.103798908237866 0.113590142890845 0.0946453409110417 0 0 0 0 0 0 0 0 0 0 0 0 0 0 0 0 0 0 0 0 0 0 0 0 0 0 0 0 0 0 0 0 0 0 0 0 0 0 0 0 0 0 0 0 0.232567587595886 0.359584648397027 0.387071063636832 0.31967500620628 0.264374497317877 0.214277814900282 0.170315900995078 0.137318171935493 0.106499325681668 0.0884077927490446 0.0740909407445091 0.0647056894180662 0
0 0 0 0.142094323233709 0.158429873189839 0.120603186722303 0.00625933649293953 0 0 0 0 0 0 0 0 0 0 0 0 0 0 0 0 0 0 0 0 0 0 0 0 0 0 0 0 0 0 0 0 0 0 0 0 0 0 0 0 0 0 0 0.106138061810541 0.242658453603764 0.341866391942414 0.288729655494299 0.260118636967954 0.236103960377618 0.208695152828655 0.186326947908178 0.171585889337371 0.116648463844093 0 0 0
0 0 0.115077986496623 0.192325523786134 0.214517587295917 0.184571844105926 0.0884167078470821 0 0 0 0 0 0 0 0 0 0 0 0 0 0 0 0 0 0 0 0 0 0 0 0 0 0 0 0 0 0 0 0 0 0 0 0 0 0 0 0 0 0 0 0 0.0707609220162622 0.176235657757307 0.246946837783518 0.27496621964348 0.263508820891801 0.245390495965519 0.106087712892693 0 0 0 0 0
0 0.0316488545093743 0.173835220733601 0.280861181856504 0.276549345376972 0.186053775808671 0.139036057980803 0 0 0 0 0 0 0 0 0 0 0 0 0 0 0 0 0 0 0 0 0 0 0 0 0 0 0 0 0 0 0 0 0 0 0 0 0 0 0 0 0 0 0 0 0 0 0.050758966404943 0.0887686040799578 0.0940967457118435 0.098832351887755 0 0 0 0 0 0
0 0.0626992402024497 0.227043163283912 0.336950459796328 0.321979244078352 0.247997865085515 0.206756662948416 0.0697315440969745 0 0 0 0 0 0 0 0 0 0 0 0 0 0 0 0 0 0 0 0 0 0 0 0 0 0 0 0 0 0 0 0 0 0 0 0.00280844808533076 0.0159589932304531 0.0156378346699484 0.0166619504333682 0.0141798833894253 0 0 0 0 0 0 0 0 0 0 0 0 0 0 0
-9999 0.0604863304780203 0.260881291799364 0.413914727569546 0.345559435511756 0.29493600457353 0.226993288437764 0.108996999446161 0.0196173609265647 0 0 0 0 0 0 0 0 0 0 0 0 0 0 0 0 0 0 0 0 0 0 0 0 0 0 0 0 0.0216695181887344 0.0681080437223239 0.0861361061992219 0.115660058142803 0.128739689473135 0.136270836835401 0.154328217037848 0.15452041101645 0.163249408812058 0.165063182060787 0.151975615733511 0.153066301944973 0.119660131865189 0.103178558529447 0.0722625575431165 0.036644360894321 0.013817045213396 0 0 0 0 0 0 0 0 0
0 0.121370317447914 0.292110430325135 0.386545589713576 0.347502615806887 0.303727590278121 0.263715574482333 0.175072971889368 0.0954209714122968 0.0497624143151166 0.0125720859560945 0 0 0 0 0 0 0 0 0 0 0 0 0 0 0 0 0 0 0 0 0 0 0.015354680568489 0.0653413191038166 0.110002488848334 0.148729533773329 0.194824933333823 0.226798315818128 0.255035200120627 0.257462186658865 0.240139724799824 0.246792914421293 0.263189765236922 0.309213125934447 0.31058602556534 0.309672437348821 0.307791002241944 0.296322153017477 0.287015153339244 0.266189021613807 0.251784668993739 0.240875869069338 0.215285364715912 0.0555976876088236 0 0 0 0 0 0 0 0
0 0.171946823740045 0.304985777385112 0.362515098073628 0.318592637923896 0.30382790077819 0.27791973130583 0.178535052818981 0.131793577454715 0.09855738336209 0.0766159474451997 0.0679198590053363 0.0435681051221295 0.0522357946255634 0.0521341431384024 0.0711712866476691 0.0848337643850761 0.0913469769289103 0.108392185626495 0.11152216605245 0.126463264139455 0.133859767132532 0.122376406608392 0.12320624023612 0.110774355235233 0.103944828655343 0.0969824117582204 0.0813839618191543 0.0809386832011957 0.0796850372103982 0.0936481260425401 0.106863571110032 0.135203454457068 0.169022662009335 0.202224109167976 0.253300325799403 0.285428087129507 0.305063478658441 0.22656184358452 0.199828240882539 0.168178782922513 0.156321341731211 0.163724043752231 0.172887533454933 0.219315165756989 0.269072771737665 0.313237158827925 0.359240643832012 0.389081214932237 0.400418707983198 0.385262364850605 0.358690807103493 0.249633747284401 0.142117376172608 0.00706382807313166 0 0 0 0 0 0 0 0
0.0163301135098096 0.183141611102517 0.31507519566395 0.292718473456641 0.252891956459246 0.305562570571134 0.311971492736941 0.239270170929936 0.186995931244181 0.146734675541721 0.117941996211201 0.108577029292138 0.118529687142725 0.121488605739834 0.129136689899163 0.146416356874859 0.161834055936179 0.187421664711773 0.205017478670957 0.221458825748509 0.234607666957445 0.243659354628758 0.250590276548538 0.249988519790853 0.247588508967935 0.240095276970011 0.234976329699652 0.231790503600471 0.226014605404213 0.230113162183402 0.233430425242481 0.243336609068864 0.268658726767774 0.292012720214252 0.326640902097018 0.359478300345691 0.338526991158563 0.267831534682456 0.203277667478721 0.16966945993037 0.143339333805182 0.131806263930791 0.136592728424554 0.14430827386029 0.171100708614848 0.199919072801551 0.228137787317227 0.254237355398533 0.265812760499948 0.260871066840433 0.235029485259954 0.189934120689053 0.123030151493198 0.035496007536333 0 0 0 0 0 0 0 0 0
0.0311056787331639 0.180394993193026 0.289803528037768 0.171335824817758 0.182889466034858 0.242451254696212 0.321713227797376 0.266076918204356 0.219155722119842 0.200538632290882 0.16638949591833 0.165805396617001 0.179212367452826 0.1735724222042 0.19517340498907 0.215579711339376 0.240666162413272 0.269496929729121 0.2878078289076 0.312323784327559 0.313262709319095 0.312870796673753 0.313211676950221 0.313085371837256 0.30860879649195 0.305839732313962 0.302378860585416 0.29750965495208 0.296711636283802 0.302585422072244 0.311041047035365 0.321952166191162 0.332157563502075 0.345591834608345 0.362618345923976 0.382401761360948 0.343249257162521 0.277659667573727 0.209779603073127 0.187098654263174 0.158386028765561 0.14396124425286 0.141822420881986 0.133554927439475 0.147664483454247 0.15378659454705 0.16020525098595 0.16856337759054 0.162704221921923 0.138967675033472 0.101302242183602 0.0475750627094691 0 0 0 0 0 0 0 0 0 0 0
0.0165134313473768 0.128430924764999 0.225837922259628 0.17030854960241 0.175461024990836 0.215695689352982 0.298491805880992 0.293597525645912 0.238083652229071 0.220884047980431 0.207230758134222 0.210925793868841 0.216078446778849 0.223678364114626 0.23610695261152 0.263195205735403 0.289268213587186 0.320753991901415 0.336627560456081 0.34134151605473 0.348440676731738 0.350136426532792 0.346825621863968 0.341590338722032 0.34049130881547 0.338037170170092 0.335205471733118 0.331611557024154 0.329854727856603 0.334867780979704 0.342127255059248 0.350691762365648 0.358821577548735 0.369688043381766 0.384732585071225 0.401553252542714 0.399711332053736 0.337212412794567 0.280936771907801 0.24592037147936 0.215071705207955 0.194165655822025 0.179561990068381 0.16206939227351 0.151843944270411 0.135084362049536 0.120079604802312 0.101360875479244 0.0701510678580687 0.0363687492351998 0 0 0 0 0 0 0 0 0 0 0 0 0
0.0361329451683776 0.0682055530659557 0.141423486797235 0.197807267123291 0.172896383297255 0.0859420199824539 0.142888987173504 0.312038284276273 0.251843215350135 0.264466542593071 0.256106029350264 0.271445018810324 0.273258162827716 0.263815204633431 0.28998947975147 0.312496305082159 0.346622984021256 0.373156370620453 0.362848350405255 0.372430674387439 0.386677715706115 0.389726820008303 0.383216046596806 0.37598998277126 0.376410999814476 0.37684832329431 0.374123673224858 0.369924147825888 0.366326923986755 0.369535185489371 0.375540419496704 0.382341479375215 0.387343927334159 0.395561494270288 0.407922809820967 0.421198322417191 0.436356211782205 0.422251958468016 0.364149741354289 0.329992169639309 0.290122522387153 0.26027797614824 0.234715449303632 0.201795338262108 0.174664420448299 0.136078146721441 0.0977462818705916 0.0544745121726365 0 0 0 0 0 0 0 0 0 0 0 0 0 0 0
-9999 0 0.0710246130178257 0.146595013288776 0 0 0 0.0930039111495282 0.298807527702251 0.293116213789201 0.302302222861407 0.31722951683794 0.312735012063897 0.316336665413433 0.329786579895874 0.357020614226762 0.390606265584781 0.404752902333083 0.392845136960778 0.402183741512546 0.421330368671654 0.4274020244966 0.420525253314579 0.415099316432051 0.417879145250348 0.423982536829688 0.423040670671644 0.414891598743115 0.408493814185829 0.409260495790095 0.412190311930039 0.415845824302996 0.419965970446943 0.425168800191797 0.434144915448402 0.443830540108518 0.454740542931246 0.466579893034028 0.459765739776954 0.415057752471162 0.373312634786187 0.334459032982587 0.292808722355312 0.249800703109281 0.205918352108907 0.154322641999076 0.0997519380954303 0.0356532242714283 0 0 0 0 0 0 0 0 0 0 0 0 0 0 0
-9999 0 0.0386857796177782 0.0884536756469662 0 0 0 0 0.218918272213105 0.35161485997214 0.334934459569626 0.345178219711613 0.38785123464598 0.365940241275258 0.387703348576628 0.408573214664166 0.442963235270248 0.435557953899697 0.42030509648573 0.431366202963173 0.454095063203057 0.461863306078859 0.454807443177318 0.452658900709616 0.459553533220743 0.471121056221191 0.471070661756927 0.460998466902585 0.452943725118398 0.451213807551621 0.451868855848974 0.453117952815259 0.454327898386048 0.457291284256142 0.462806926474583 0.468996754128705 0.476086904403083 0.483643921114589 0.491770028477125 0.503052009426104 0.453306934437309 0.40455861616942 0.351157795581541 0.296591265573517 0.242909601437357 0.179831305714467 0.110813357764536 0.0306352079491113 0 0 0 0 0 0 0 0 0 0 0 0 0 0 0
-9999 -9999 0.034282164612348 0.155253734476149 0 0 0 0 0.095109390599401 0.382268048291281 0.384121315137534 0.381001652796414 0.421708257331049 0.422186606788901 0.431289824608786 0.434433704723916 0.427304975886477 0.452047570749684 0.444914340042495 0.455505948726291 0.462619352710942 0.463985342868631 0.482339995864531 0.481515632118285 0.493252678269088 0.510633585465131 0.514626703537553 0.50542979886336 0.497476563650388 0.495209051972747 0.495312392519718 0.493251721412172 0.491332106961719 0.489662391642599 0.493461273076864 0.496804850095074 0.500101381648229 0.503432758740755 0.506156212739061 0.515527137791117 0.5222344389815 0.464982115519783 0.39865215635042 0.333328106025959 0.270133139982588 0.205133460975037 0.128706848296053 0.0369079767981755 0 0 0 0 0 0 0 0 0 0 0 0 0 0 0
-9999 -9999 -9999 0.191806548516101 0 0 0 0 0 0.454366755804089 0.466875484985904 0.452932277616001 0.473151343533937 0.46446308632072 0.460762519053337 0.427005078173421 0.41601785446792 0.431323364083019 0.445371702962002 0.441733914419107 0.433125334201504 0.433332299797275 0.445695113620395 0.462497309328001 0.478946121831508 0.499674118130389 0.529601705016486 0.545333305159213 0.542625899777743 0.5407795593036 0.539124781584119 0.534949026105715 0.530271218435018 0.526688161394119 0.526981980257915 0.527707820019467 0.52802403996685 0.527366296522516 0.526438921430884 0.530800062620969 0.534477338172903 0.522860134811528 0.44896389666415 0.374783634857541 0.305323452728611 0.230973054986172 0.151433113687045 0.0617895623855946 0 0 0 0 0 0 0 0 0 0 0 0 0 0 0
-9999 -9999 -9999 -9999 0 0 0 0 0 0.335969496608738 0.513414147396712 0.533198956944304 0.503045231689613 0.47179859065608 0.461547059049956 0.433442888155564 0.42257999353775 0.423794484534822 0.426328025926915 0.420809374013048 0.413397297289956 0.41129031477997 0.417433156221029 0.426349644056144 0.44284169281811 0.462873602581402 0.491023249062381 0.528139251493311 0.567308545561019 0.57962229402193 0.579446551301618 0.575964187503555 0.567312212843253 0.562670340465638 0.562065314521526 0.562256739063524 0.559462631813685 0.554040065193851 0.550239907950365 0.550892202626147 0.550154077884963 0.550598638924195 0.500048602695687 0.420738821926574 0.343345654275696 0.260062126117503 0.181206703700384 0.103739399712982 0.0313256895391509 0 0 0 0 0 0 0 0 0 0 0 0 0 0
-9999 -9999 -9999 -9999 0 0 0 0 0 0.181202554149307 0.553862185493092 0.540919770737083 0.510553767650688 0.489451643906762 0.485289966160307 0.450904221484657 0.431244212446517 0.422434695593486 0.413802814437942 0.405330919364113 0.396933134125883 0.391246525977233 0.391230943433578 0.396633262913751 0.410910490278368 0.43100003955263 0.457237385940849 0.490432497076782 0.527845899508626 0.570349897669992 0.60839335484135 0.607281487104492 0.602276152627184 0.598798753853343 0.598663677551977 0.598751564859749 0.594315857936517 0.585148015133224 0.578510426285072 0.576213454046149 0.574916120859534 0.575061866115517 0.56113992534557 0.479031845697307 0.398999384714783 0.313755914426659 0.238723382885425 0.172662143091345 0.109259476051545 0.0633986985263432 0.0225523596986394 0 0 0 0 0 0 0 0 0 0 0 0
-9999 -9999 -9999 -9999 0 0 0 0 0 0 0.351012352181503 0.515003354315079 0.501139890354829 0.522863008921628 0.528328352361496 0.482445933310556 0.453093164729151 0.424486695310191 0.405358374321982 0.396364649542167 0.385836878991412 0.376087679104014 0.37062182365715 0.370340132079283 0.38277917581197 0.402824541419719 0.427782125033615 0.459047452091794 0.494893066450472 0.533343794573313 0.578065933372833 0.626010127267286 0.622905418946511 0.622829173397889 0.625329722261648 0.626420268036886 0.622833936418984 0.61390424467044 0.605441929682712 0.603955404620237 0.602808058755267 0.604486316680302 0.606182776150235 0.548290289537839 0.465291778823548 0.384017484515013 0.314395712998432 0.254486596594247 0.204199104626511 0.157405759565194 0.118161997899404 0.0847398268416337 0.0544369471120385 0.0281092060700633 0 0 0 0 0 0 0 0 0
-9999 -9999 -9999 -9999 -9999 0 0 0 0 0 0.0311963685899598 0.27020213416841 0.487003684962303 0.519467570258548 0.546131329143363 0.549639902124135 0.484432820255558 0.451707968026369 0.421878308681842 0.398477382752788 0.378397698447702 0.360392996786167 0.34920213335093 0.347068530662199 0.354790794082317 0.371333704743791 0.394109447360982 0.422986259336855 0.455923589354128 0.492743139192197 0.535528689801576 0.584254747292815 0.637330958055463 0.646845293247408 0.652847853371246 0.658030020322578 0.655473681384721 0.643892778335058 0.633437426076158 0.62754047106066 0.625737928053928 0.627088691067581 0.630201139297635 0.608247703877079 0.536294712277143 0.464210541100516 0.402314451623324 0.349482672138578 0.301428611842481 0.261386841085152 0.223076441983215 0.190252330540997 0.161961268501206 0.131263458742996 0.102125692162742 0.0708190899145232 0.0411733006099917 0.0161293306071832 0 0 0 0 0
-9999 -9999 -9999 -9999 -9999 0 0 0 0 0 0 0 0.0585285766647429 0.417081293824334 0.549212642312532 0.583162154288925 0.572775951311971 0.497340565965671 0.471687339706673 0.40967139979805 0.372337480264265 0.345609243999512 0.327667800044959 0.322200831559262 0.32821764122823 0.339497918783014 0.358005064724202 0.385143919564924 0.41329684553532 0.451104382968041 0.491847752453273 0.539145204727261 0.592392121195618 0.642403553031961 0.674726089075937 0.680825827922517 0.68746163136662 0.672074606665359 0.662366719134321 0.654037194623102 0.64743810331822 0.648959962980269 0.654250004917181 0.662197897679037 0.603578704731535 0.545416860537493 0.49127408031357 0.441077420264846 0.397587614209875 0.361717950262137 0.32928360116824 0.297382516929288 0.264721783687131 0.233608174422195 0.204306234614143 0.178595236339552 0.15395533918434 0.130752852178571 0.112864728084282 0.0906931932971476 0.071668775809002 0.0512936061948032 0.0330501047018404
-9999 -9999 -9999 -9999 -9999 -9999 0 0 0 0 0 0 0 0 0.307552293639033 0.576193743920162 0.612019789395793 0.610605172130585 0.607029068249946 0.531327021210611 0.431943227334273 0.339466753695703 0.317047554517868 0.304754689885187 0.305768390001917 0.314074349536462 0.328342487083946 0.350118813582757 0.377122248698854 0.413026562605486 0.452844427051004 0.500128701740243 0.553036790637329 0.607147226482798 0.662216611534806 0.660188288780493 0.670548560888469 0.692242158188557 0.686329414472673 0.675321126497016 0.668301496577376 0.669316785556139 0.675583815615798 0.684920952986962 0.674142385360147 0.625964698250866 0.580288963431573 0.538887496486143 0.501154685035518 0.470799134718311 0.440931731431945 0.41003953739191 0.37773159770828 0.3437890809963 0.315879433513586 0.288433684715718 0.26664217318712 0.251301715477726 0.233748894331737 0.217321832462082 0.198259651156404 0.177917872707181 0.1637180810442
-9999 -9999 -9999 -9999 -9999 -9999 0 0 0 0 0 0 0 0 0 0.264093711774487 0.363634960894242 0.469646940769705 0.605888320571705 0.615140057273202 0.611510443827449 0.449452878474114 0.343177717916606 0.309404224101624 0.310505019506999 0.294333969819289 0.303477756084563 0.321729645120156 0.342570276973751 0.377093402442444 0.417824780259302 0.464231152194611 0.520250270756634 0.579059678293351 0.636004414524017 0.643619060159564 0.65758762831496 0.685919242257476 0.708103714252756 0.695092405798766 0.685453858498936 0.687281487104493 0.697634678939951 0.708181889462826 0.714446304113581 0.700890894832207 0.662914009866162 0.626257467215209 0.5994236910183 0.569759019805002 0.547048456211827 0.518332650603264 0.483145120454321 0.45283468796122 0.422991533020848 0.396536985054737 0.378085186294543 0.366574774710671 0.353198234269896 0.335376693748624 0.318964339892113 0.298994435667117 0.280767629756643
-9999 -9999 -9999 -9999 -9999 -9999 -9999 0 0 0 0 0 0 0 0 0 0 0 0 0.20227633004331 0.544370669767434 0.613982652253883 0.635789763119439 0.465345304065977 0.368038089513895 0.325985256343112 0.291715446587287 0.300754335567825 0.319670523279969 0.347597780627069 0.383568505850708 0.431108733094812 0.488689352385643 0.549988548287964 0.6117416387761 0.647673017351246 0.660728936754558 0.681965599086909 0.704819179021414 0.709912141929523 0.706135714737563 0.709888794620763 0.718150392922661 0.727915686552811 0.732481993813388 0.729484004001942 0.722292295730973 0.704138781896927 0.679356773533633 0.654221574097943 0.632403429140138 0.6078090473229 0.580572192063066 0.556100840788209 0.532733783040773 0.512148726103868 0.496191724384024 0.484369860683977 0.471828695638405 0.454448991782262 0.433393874695546 0.412459403067999 0.395612367795997
-9999 -9999 -9999 -9999 -9999 -9999 -9999 0 0 0 0 0 0 0 0 0 0 0 0 0 0 0.229275074495755 0.578498479095569 0.580756096581094 0.57538873046857 0.41391402556796 0.313794698529788 0.289168078337793 0.300553061045609 0.326692685274423 0.355283499272185 0.4001724481415 0.461986914770973 0.523432183769601 0.588614374644763 0.650267571899827 0.661090690211082 0.676634567241809 0.696750130126824 0.712433416745468 0.722977857467368 0.727388130871697 0.729063513614427 0.710839111513151 0.725518707866396 0.717285291651564 0.722239141752478 0.719176579047643 0.709551530133939 0.705328784159729 0.697795569298883 0.678543807830334 0.651035802442261 0.609897514396248 0.598725774774493 0.58359922389371 0.570866475631108 0.569049903393775 0.556769081477179 0.560080352128385 0.539838548417156 0.52086401891954 0.506359930390021
-9999 -9999 -9999 -9999 -9999 -9999 -9999 -9999 0 0 0 0 0 0 0 0 0 0 0 0 0 0 0 0.384291967841393 0.647063604395778 0.573146473989044 0.381486381207982 0.321589216720785 0.314013317907145 0.324356324011699 0.34639013349377 0.387044340618239 0.444937445561304 0.505437976474202 0.569857762250003 0.635498326367234 0.659427863192772 0.672701613395638 0.688486824581608 0.703019579463377 0.7141573029333 0.724167396279497 0.729874605703776 0.732814294995785 0.732306088023961 0.731380200935993 0.728395823411218 0.723446898079149 0.721660041304316 0.715986104702848 0.711221684252592 0.693772141691962 0.661328431609394 0.628189301831757 0.603574527671927 0.588244322337904 0.577069220037248 0.576855654530405 0.575055046168696 0.568283053319522 0.561023011873619 0.57547400056316 0.605353437905568
