data/03_saidas_enm/CCSM_Maxent_0k_B.balansae4.asc
NCOLS 154 
NROWS 168 
XLLCORNER -112 
YLLCORNER -55.5 
CELLSIZE 0.5 
NODATA_value -9999 
[rows 50 to 74 of 168, columns 56 to 111 of 154]
-9999 -9999 -9999 -9999 -9999 -9999 -9999 -9999 -9999 -9999 -9999 -9999 -9999 0.000217978071304969 0.000202846305910498 0.000573915254790336 0.00446260301396251 0.0173555053770542 0.0300649888813496 0.0417594015598297 0.0352413021028042 0.031534418463707 0.0263116825371981 0.0230756122618914 0.015389172360301 0.0103336023166776 0.00689215678721666 0.0034537601750344 0.00173491612076759 0.000793016166426241 0.000455704692285508 0.000728106708265841 0.00159220537170768 0.00396152166649699 0.0115769617259502 0.0274110622704029 0.044587817043066 0.0658227652311325 0.0827199816703796 0.101542226970196 0.156148925423622 0.135894551873207 0.152168795466423 0.166038736701012 0.174183830618858 0.227075740695 0.169138237833977 0.164625152945518 0.151643007993698 0.132933735847473 0.158484414219856 0.139366745948792 0.12782920897007 0.115492269396782 0.0996975973248482 0.101565301418304
-9999 -9999 -9999 -9999 -9999 -9999 -9999 -9999 -9999 -9999 -9999 -9999 -9999 0.000279209547443315 0.000552358105778694 0.0015831389464438 0.00684681301936507 0.0180125627666712 0.0286970920860767 0.0306825675070286 0.0299712736159563 0.0266505628824234 0.0230035465210676 0.0190915446728468 0.0134600140154362 0.00870457757264376 0.00473504606634378 0.0021970656234771 0.000920381455216557 0.000467411708086729 0.000389260385418311 0.00036372899194248 0.000823568552732468 0.00251179793849587 0.00784583296626806 0.0193905252963305 0.0375808328390121 0.0643870905041695 0.0807648375630379 0.0956915766000748 0.116310521960258 0.12157579511404 0.133802622556686 0.14518865942955 0.155366405844688 0.173612385988235 0.157865062355995 0.154351100325584 0.143706932663918 0.131153166294098 0.135350108146667 0.12677164375782 0.118283174932003 0.107734650373459 0.106301002204418 0.110172547399998
-9999 -9999 -9999 -9999 -9999 -9999 -9999 -9999 -9999 -9999 -9999 0.000588869850616902 0.00104440515860915 0.00183099310379475 0.00393960438668728 0.00439521996304393 0.00822429358959198 0.0169921666383743 0.0211798548698425 0.0209086965769529 0.0194727778434753 0.0165392309427261 0.0129688736051321 0.00959883630275726 0.0058566820807755 0.00349147128872573 0.00166206411086023 0.000711883301846683 0.00059655838413164 0.000479559443192557 0.000412608205806464 0.000413957488490269 0.00049652106827125 0.00179059256333858 0.00637891329824924 0.0156971104443073 0.0293833110481501 0.0517334416508675 0.0710383951663971 0.0779860988259315 0.0852663516998291 0.0920187011361122 0.101157180964947 0.108904413878918 0.114026762545109 0.124975971877575 0.114182397723198 0.115599870681763 0.111506707966328 0.104374721646309 0.102267988026142 0.100532971322536 0.0936902984976768 0.0918528810143471 0.105335861444473 0.119365461170673
-9999 -9999 -9999 -9999 -9999 -9999 -9999 -9999 -9999 -9999 0.000998450559563935 0.00222360366024077 0.00522339483723044 0.00732792215421796 0.00602160161361098 0.00511426059529185 0.00627950811758637 0.010711825452745 0.0141476998105645 0.0140648577362299 0.0126547878608108 0.00915294233709574 0.00615266896784306 0.00397007167339325 0.00230630789883435 0.00118519482202828 0.000752824824303389 0.00065415765857324 0.000574095116462559 0.000504709256347269 0.00045847799628973 0.000471955601824448 0.000523499678820372 0.001643514377065 0.00589783536270261 0.0150446370244026 0.0278016328811646 0.0433890894055367 0.0588799566030502 0.0695732533931732 0.0726372972130775 0.0770471319556236 0.0809045806527138 0.083405077457428 0.0814986824989319 0.0796024277806282 0.0788085982203484 0.0775348320603371 0.0779038444161415 0.077873557806015 0.0746499970555305 0.074762836098671 0.0718947723507881 0.0751767829060555 0.101806089282036 0.1253602206707
-9999 -9999 -9999 -9999 -9999 -9999 -9999 -9999 -9999 -9999 0.0038333092816174 0.0092249009758234 0.0161408800631762 0.0150888729840517 0.00975951552391052 0.00480438349768519 0.00348828244023025 0.00668537756428123 0.00876182224601507 0.00763548677787185 0.00664201378822327 0.00431392854079604 0.0026455104816705 0.00157008727546781 0.000904594431631267 0.000820288201794028 0.000753737345803529 0.000672423280775547 0.000618478748947382 0.000569335068576038 0.000519853841979057 0.00056506838882342 0.000618306454271078 0.0014556385576725 0.0055506844073534 0.0142206251621246 0.0242093745619059 0.0370196998119354 0.0475456938147545 0.0580370388925076 0.0661540552973747 0.0694467648863792 0.0702878162264824 0.0701203197240829 0.066661462187767 0.0627124086022377 0.0611551962792873 0.0601472146809101 0.0568701289594173 0.055281788110733 0.0565838143229485 0.0620751939713955 0.0648229196667671 0.0710808411240578 0.106696791946888 0.136249870061874
-9999 -9999 -9999 -9999 -9999 -9999 -9999 -9999 0.00188699865248054 0.00535440724343061 0.0120405005291104 0.0184735804796219 0.0266889948397875 0.0164228491485119 0.0104823969304562 0.00614370871335268 0.00358139723539352 0.00377177586778998 0.00459833210334182 0.00339958653785288 0.00220439699478447 0.00153482507448643 0.00105173082556576 0.000985826598480344 0.000898855272680521 0.000825195282232016 0.000766553450375795 0.000729649676941335 0.000680574681609869 0.00063843943644315 0.000616893463302404 0.000645137450192124 0.000713921966962516 0.0012587831588462 0.00456689484417439 0.011617474257946 0.0202965606004 0.0291928332298994 0.0374707989394665 0.0438125506043434 0.0485906973481178 0.0531697757542133 0.0552496910095215 0.0551991164684296 0.052398718893528 0.0487002357840538 0.0443611107766628 0.0397979877889156 0.0378801822662354 0.0376729294657707 0.0400829985737801 0.0499706938862801 0.0620364993810654 0.0760174244642258 0.114759095013142 0.139168560504913
-9999 -9999 -9999 -9999 -9999 -9999 -9999 -9999 0.00366025674156845 0.0115990210324526 0.0268144011497498 0.0324446894228458 0.0224443152546883 0.015868041664362 0.0110374018549919 0.00761868618428707 0.00588338123634458 0.00393706047907472 0.00349934981204569 0.00238566100597382 0.00149691663682461 0.00118866958655417 0.00106822547968477 0.00102440093178302 0.00094473164062947 0.000880061241332442 0.000843305140733719 0.000798876106273383 0.000773670675698668 0.000753040774725378 0.000744713004678488 0.000776466215029359 0.000819926674012095 0.000984510174021125 0.00351846287958324 0.00864632893353701 0.0147631345316768 0.0219638086855412 0.0268604978919029 0.0300204902887344 0.031376451253891 0.0315743125975132 0.0319124720990658 0.0313871800899506 0.0286605264991522 0.0268838200718164 0.0235104914754629 0.0213145464658737 0.0201592277735472 0.0192206110805273 0.0211393665522337 0.0273556467145681 0.0382439568638802 0.0648155510425568 0.11634523421526 0.144923135638237
-9999 -9999 -9999 -9999 -9999 -9999 -9999 0.00316691910848022 0.00612359959632158 0.015932684764266 0.0391362346708775 0.0372375212609768 0.0234242733567953 0.0167205594480038 0.0134251499548554 0.0100770452991128 0.00888204574584961 0.00699321134015918 0.00635979929938912 0.00418470567092299 0.00279763853177428 0.00247366656549275 0.00213885609991848 0.00204672920517623 0.0018378917593509 0.00161360390484333 0.0016233209753409 0.00168699771165848 0.00166734878439456 0.00165186764206737 0.00163342745508999 0.00170491822063923 0.00180467695463449 0.00202330481261015 0.00240359385497868 0.00539895566180348 0.00956451985985041 0.0143887316808105 0.0171745140105486 0.0173586662858725 0.0173954628407955 0.016091700643301 0.0149323455989361 0.0143566597253084 0.0133092300966382 0.0120015684515238 0.0101875523105264 0.00896749459207058 0.00835817214101553 0.00860616005957127 0.010436293669045 0.0140568409115076 0.0218326132744551 0.0449776537716389 0.104896582663059 0.143753156065941
-9999 -9999 -9999 -9999 -9999 -9999 -9999 0.00527440942823887 0.0102351363748312 0.0247166454792023 0.0537802577018738 0.0384941957890987 0.022472707554698 0.018634082749486 0.0167113952338696 0.0149632906541228 0.014108001254499 0.0114019326865673 0.0104458034038544 0.00819887034595013 0.00607199128717184 0.00508645409718156 0.00429023383185267 0.00432141544297338 0.00438372790813446 0.00401786202564836 0.00400139251723886 0.00364174693822861 0.00371226575225592 0.00412450777366757 0.00404674559831619 0.0040307305753231 0.00365489860996604 0.00356679479591548 0.00356456800363958 0.00316100427880883 0.00500208931043744 0.00704720988869667 0.00788209494203329 0.00739066815003753 0.00706178974360228 0.0059467819519341 0.00540625210851431 0.00489505240693688 0.00402885908260942 0.00350926793180406 0.00289844232611358 0.00308235781267285 0.00361600378528237 0.00509041966870427 0.00681118154898286 0.0103709874674678 0.0153850046917796 0.0333869978785515 0.0755518525838852 0.125094324350357
-9999 -9999 -9999 -9999 -9999 -9999 0.00713346060365438 0.00964667461812496 0.0175228901207447 0.0335947535932064 0.0629424527287483 0.0424006171524525 0.0243927240371704 0.0188805386424065 0.0199715681374073 0.0196331739425659 0.019921138882637 0.0189886670559645 0.0170978084206581 0.0136710209771991 0.0102476049214602 0.00920627079904079 0.00869397446513176 0.00869143195450306 0.00801641866564751 0.00764305051416159 0.00728941289708018 0.00741475773975253 0.00760827213525772 0.0071762977167964 0.00731944758445024 0.00694802915677428 0.00678956927731633 0.00660833809524775 0.00571824982762337 0.00508584640920162 0.00431304285302758 0.00383400218561292 0.00328909140080214 0.00292366254143417 0.00276449741795659 0.00275816512294114 0.00306199793703854 0.00369137688539922 0.00407535489648581 0.00486359931528568 0.00526710413396358 0.00616024201735854 0.00723906001076102 0.0087454691529274 0.0114414161071181 0.0156157398596406 0.0231992080807686 0.0315110981464386 0.057910893112421 0.0952496603131294
-9999 -9999 -9999 -9999 -9999 -9999 0.0139827178791165 0.0152670629322529 0.0237509813159704 0.0447673723101616 0.0747182443737984 0.0484304912388325 0.0284142103046179 0.0242542717605829 0.0275357346981764 0.0292265396565199 0.0285524893552065 0.0262670777738094 0.0246091168373823 0.020826168358326 0.0169056002050638 0.0153877614066005 0.014381155371666 0.0140536511316895 0.0134323565289378 0.0124985044822097 0.0128626422956586 0.0134932799264789 0.0138110872358084 0.0135823162272573 0.0129467817023396 0.0125099122524261 0.0116623286157846 0.0110321082174778 0.0101391542702913 0.00867439433932304 0.00776032730937004 0.00675846030935645 0.00635487632825971 0.00624063750728965 0.00595436478033662 0.00647020014002919 0.00705094588920474 0.00783931370824575 0.00898056104779243 0.00992487650364637 0.0112940380349755 0.0123649090528488 0.0140592884272337 0.0170161612331867 0.0205956734716892 0.0265088900923729 0.0335398502647877 0.0402057692408562 0.0459276027977467 0.0651896446943283
-9999 -9999 -9999 -9999 -9999 -9999 0.0213152002543211 0.0188341997563839 0.0281070899218321 0.0566761270165443 0.0998670905828476 0.0623370446264744 0.0351199582219124 0.0298635177314281 0.0358308926224709 0.0378988310694695 0.0362426787614822 0.0330229625105858 0.030787505209446 0.0264235623180866 0.0221064444631338 0.0206992160528898 0.0200405027717352 0.0197092294692993 0.0185463037341833 0.01811483502388 0.0184115283191204 0.0198528412729502 0.0214159246534109 0.0199979245662689 0.0196101237088442 0.0182665698230267 0.0175405722111464 0.0164652578532696 0.0147312125191092 0.0134873893111944 0.011988403275609 0.0112037127837539 0.0107734957709908 0.0105741051957011 0.0112022869288921 0.0118703981861472 0.0131258070468903 0.0143624832853675 0.0155994882807136 0.017855916172266 0.0193074680864811 0.0220197290182114 0.0248068701475859 0.0279323626309633 0.0333719663321972 0.0370092503726482 0.0426988266408443 0.0481584817171097 0.0502339713275433 0.0509784743189812
-9999 -9999 -9999 -9999 -9999 -9999 -9999 0.0233676806092262 0.0318760462105274 0.069745846092701 0.115202240645885 0.0749946907162666 0.0438732206821442 0.0392985045909882 0.0458243787288666 0.0492818020284176 0.0461476966738701 0.0416224971413612 0.0385753251612186 0.0348557159304619 0.0308793168514967 0.0291534159332514 0.0280480552464724 0.0275171510875225 0.0270949266850948 0.0266980137676001 0.0277820229530334 0.0292048715054989 0.0312102753669024 0.0311147961765528 0.0293943770229816 0.028014974668622 0.0260799638926983 0.0247766450047493 0.023366641253233 0.0212654545903206 0.0199079550802708 0.0187179297208786 0.0185973979532719 0.0194341726601124 0.0204416736960411 0.0219695121049881 0.0234336368739605 0.0258224699646235 0.0289763230830431 0.0316255837678909 0.0350471697747707 0.0377596355974674 0.0413044169545174 0.0460081286728382 0.0501225963234901 0.0538858212530613 0.0559188202023506 0.0580376274883747 0.0594497397542 0.0567682236433029
-9999 -9999 -9999 -9999 -9999 -9999 -9999 -9999 0.0370712503790855 0.0829928889870644 0.139951825141907 0.0859640389680862 0.0518880821764469 0.0465344153344631 0.0535743087530136 0.0585583820939064 0.0568418242037296 0.0510395057499409 0.0472442843019962 0.0433047823607922 0.0392986834049225 0.0378061570227146 0.0368508026003838 0.0363244041800499 0.0359829440712929 0.0363515913486481 0.0376319959759712 0.0398040078580379 0.041934709995985 0.0424055978655815 0.0409620739519596 0.0381459966301918 0.0359442383050919 0.0340247936546803 0.0317534282803535 0.0303529072552919 0.0290199741721153 0.0285184141248465 0.0287393238395452 0.0290703717619181 0.0308628566563129 0.0327587425708771 0.0361784510314465 0.0375605262815952 0.0386134572327137 0.0399504490196705 0.0408360436558723 0.0418758727610111 0.0439124666154385 0.0473924316465855 0.0505701676011086 0.0547562725841999 0.0579605661332607 0.0614188984036446 0.0652286484837532 0.0634355321526527
-9999 -9999 -9999 -9999 -9999 -9999 0.0446834973990917 0.0325835049152374 0.0522780977189541 0.100761227309704 0.122401975095272 0.0825820863246918 0.0577592849731445 0.0548293627798557 0.0609117448329926 0.0678054243326187 0.0698852837085724 0.0626219883561134 0.0579339936375618 0.0547562874853611 0.0518287755548954 0.0500086881220341 0.0485840998589993 0.0479850135743618 0.0485191345214844 0.0493339151144028 0.051124282181263 0.0531445816159248 0.0550759434700012 0.0563363805413246 0.0555006675422192 0.0524823665618896 0.0491776950657368 0.0469137653708458 0.0446829758584499 0.0426551997661591 0.0418092086911201 0.0411567464470863 0.0418811030685902 0.0412739105522633 0.0402161106467247 0.0403109677135944 0.0403369553387165 0.0413596853613853 0.0432953909039497 0.0445644296705723 0.0458890162408352 0.0466215312480927 0.0486825332045555 0.0524785481393337 0.0553724877536297 0.0589574314653873 0.060911450535059 0.0621185787022114 0.062919095158577 0.0602540373802185
-9999 -9999 -9999 -9999 -9999 0.108352854847908 0.0538128428161144 0.0413455367088318 0.0797063857316971 0.120830103754997 0.105668045580387 0.0755522176623344 0.0579417049884796 0.0567688010632992 0.0611627846956253 0.0745938047766685 0.0758893713355064 0.0757051855325699 0.0706730112433434 0.0669010579586029 0.0654029175639153 0.062822088599205 0.061731893569231 0.0612857341766357 0.0618515759706497 0.0638361349701881 0.0652327314019203 0.0678190514445305 0.0695138499140739 0.0693762823939323 0.0694426447153091 0.0674883425235748 0.06500244140625 0.0622931569814682 0.0586287714540958 0.0556261762976646 0.0531430169939995 0.0502708666026592 0.0482573248445988 0.0462120622396469 0.0444780923426151 0.0444926247000694 0.0442554205656052 0.0454172752797604 0.0477318204939365 0.0497393198311329 0.0511096976697445 0.0523056276142597 0.0543621368706226 0.0575268864631653 0.0608175173401833 0.0625213608145714 0.0644365027546883 0.0635694712400436 0.0607098005712032 0.05548195540905
-9999 -9999 -9999 -9999 -9999 0.10987826436758 0.0660301446914673 0.0573843792080879 0.0973350554704666 0.114202477037907 0.0843153148889542 0.0626702159643173 0.0528650991618633 0.0541422478854656 0.060270044952631 0.0696094185113907 0.0757889002561569 0.0788096264004707 0.0813171043992043 0.0835331976413727 0.0816605612635612 0.0786036476492882 0.0765682235360146 0.0757102072238922 0.077072910964489 0.0787404030561447 0.0807706639170647 0.0825767368078232 0.0837704390287399 0.0830896496772766 0.0805856138467789 0.0790967121720314 0.0773409307003021 0.0740281939506531 0.0699993148446083 0.0656532049179077 0.0623898915946484 0.0587168857455254 0.056153442710638 0.0539562813937664 0.0518536306917667 0.0515365600585938 0.0512962453067303 0.0524793975055218 0.0549901649355888 0.0568743981420994 0.0590233504772186 0.060245830565691 0.0618570484220982 0.0641602128744125 0.0650184825062752 0.0661024823784828 0.0653642043471336 0.0634182170033455 0.0609882920980453 0.0567092634737492
-9999 -9999 -9999 -9999 -9999 -9999 0.0893912017345428 0.0798879638314247 0.111665040254593 0.0880411118268967 0.0677796676754951 0.0543208755552769 0.0474818088114262 0.049760777503252 0.0556667782366276 0.06293585896492 0.0676740258932114 0.0721501186490059 0.0791998729109764 0.0855490788817406 0.0902077853679657 0.0924099534749985 0.0932272225618362 0.09308210760355 0.094349667429924 0.0955658704042435 0.0955766960978508 0.094325102865696 0.0928387343883514 0.0916976779699326 0.0909483730792999 0.0904052034020424 0.0909967347979546 0.0879386365413666 0.0831909254193306 0.0778795033693314 0.0746612846851349 0.0702526941895485 0.0672078505158424 0.064423181116581 0.0612577050924301 0.061578132212162 0.0613236501812935 0.0625419840216637 0.0647669285535812 0.066335991024971 0.0690360590815544 0.0704581066966057 0.071679525077343 0.0725141614675522 0.0708351731300354 0.0703680440783501 0.0676763951778412 0.0646596029400826 0.0623693130910397 0.0585899464786053
-9999 -9999 -9999 -9999 -9999 -9999 0.138869345188141 0.112058728933334 0.103681899607182 0.070697695016861 0.0542854033410549 0.0466847941279411 0.0426141135394573 0.0465922094881535 0.0527580641210079 0.0566125623881817 0.0578055344521999 0.0585117340087891 0.0653179809451103 0.0777937993407249 0.0900562480092049 0.0938520282506943 0.0945814028382301 0.0956443622708321 0.0974424704909325 0.0985490754246712 0.0993818417191505 0.100013233721256 0.0997085422277451 0.0995562821626663 0.0992962270975113 0.100456193089485 0.102238856256008 0.103856652975082 0.0989810526371002 0.0935773253440857 0.0896903276443481 0.0853419825434685 0.0818183571100235 0.0783574655652046 0.0753285363316536 0.0746710896492004 0.0742893442511559 0.0751684606075287 0.0770252868533134 0.0784652307629585 0.0806277617812157 0.0819286555051804 0.0825788155198097 0.0830114781856537 0.0812101364135742 0.0772003829479218 0.0723623111844063 0.0679266080260277 0.0637776404619217 0.0586603358387947
-9999 -9999 -9999 -9999 -9999 -9999 0.19519117474556 0.142516791820526 0.107572875916958 0.0636810511350632 0.0513226129114628 0.0476028993725777 0.0436695963144302 0.0474110655486584 0.0548230037093163 0.0557462126016617 0.0513734258711338 0.0503744892776012 0.0575043745338917 0.0701349824666977 0.0855771601200104 0.0896116942167282 0.0892095193266869 0.0910605192184448 0.0944139361381531 0.097464956343174 0.09884013235569 0.101132214069366 0.102388970553875 0.104168221354485 0.106963448226452 0.110417686402798 0.113550633192062 0.117683723568916 0.119741648435593 0.11298556625843 0.109756872057915 0.104682110249996 0.101013369858265 0.0973545387387276 0.0928597822785378 0.0927176624536514 0.0910476371645927 0.0913639813661575 0.0930082276463509 0.0930093228816986 0.0949683263897896 0.0950423181056976 0.0947569981217384 0.0947098806500435 0.0922450572252274 0.0850798413157463 0.0779645368456841 0.0716719329357147 0.066002830862999 0.0594655722379684
-9999 -9999 -9999 -9999 -9999 -9999 -9999 -9999 0.127710938453674 0.0738570243120193 0.0677683800458908 0.059576440602541 0.0525103658437729 0.0573546849191189 0.064399428665638 0.0601806379854679 0.0497969686985016 0.0494563207030296 0.0568959079682827 0.0658641755580902 0.083242692053318 0.0870750844478607 0.0843763574957848 0.0859683752059937 0.0891105234622955 0.0925097987055779 0.0957382991909981 0.0996928736567497 0.102459661662579 0.105406694114208 0.109625205397606 0.11603806912899 0.124852254986763 0.131393402814865 0.136081665754318 0.137606114149094 0.133156105875969 0.128780573606491 0.124526418745518 0.120003208518028 0.115814670920372 0.113649517297745 0.111891508102417 0.111070990562439 0.110620938241482 0.109828129410744 0.10970064252615 0.10869961977005 0.106053613126278 0.102560095489025 0.0974069386720657 0.0901112928986549 0.0824742764234543 0.0753461569547653 0.0681227594614029 0.0612396374344826
-9999 -9999 -9999 -9999 -9999 -9999 -9999 -9999 0.181525126099586 0.0919463485479355 0.101625561714172 0.087447352707386 0.0743560418486595 0.0793803855776787 0.0880285948514938 0.0774896815419197 0.0582942999899387 0.0557701699435711 0.0628365874290466 0.0684153214097023 0.0858130753040314 0.086841806769371 0.0830782726407051 0.0842853859066963 0.0866203010082245 0.089712992310524 0.0930460020899773 0.0983818024396896 0.102097325026989 0.105325132608414 0.110965952277184 0.118519648909569 0.129727110266685 0.140022054314613 0.148845553398132 0.154334679245949 0.162468180060387 0.157694190740585 0.152917355298996 0.147713854908943 0.142387300729752 0.139888882637024 0.136409342288971 0.134240582585335 0.132359370589256 0.129160791635513 0.127225518226624 0.123160116374493 0.11709900945425 0.110161922872066 0.102414861321449 0.0945168361067772 0.0861507728695869 0.0784063562750816 0.0711950957775116 0.0644951015710831
-9999 -9999 -9999 -9999 -9999 -9999 -9999 -9999 -9999 0.0948425903916359 0.0923408791422844 0.0874074324965477 0.112478710711002 0.13201442360878 0.143127828836441 0.12247709184885 0.0792267471551895 0.0693631395697594 0.0748432129621506 0.0748433992266655 0.0904693230986595 0.0891941487789154 0.0849257782101631 0.0862845629453659 0.087074875831604 0.0893298462033272 0.0925781279802322 0.0971808731555939 0.101199097931385 0.104683116078377 0.110240750014782 0.119658589363098 0.131943747401237 0.143640279769897 0.153954014182091 0.165767341852188 0.174634605646133 0.182955875992775 0.184953466057777 0.178037688136101 0.171621322631836 0.167155906558037 0.163147583603859 0.159369841217995 0.155174568295479 0.150440543889999 0.145319581031799 0.137939170002937 0.127991989254951 0.116836473345757 0.106099776923656 0.0997254252433777 0.0928788706660271 0.0850798413157463 0.0767271518707275 0.0700225755572319
-9999 -9999 -9999 -9999 -9999 -9999 -9999 -9999 -9999 -9999 0.0750672072172165 0.0582640953361988 0.119800865650177 0.205785691738129 0.239199832081795 0.209361925721169 0.131938427686691 0.0978093221783638 0.0956229493021965 0.0893674865365028 0.0957371965050697 0.0924994796514511 0.0899444967508316 0.0903469100594521 0.0902722105383873 0.0910613015294075 0.0929794237017632 0.097269631922245 0.10064484924078 0.103470422327518 0.109017848968506 0.118700623512268 0.132540717720985 0.144974768161774 0.155629619956017 0.168127030134201 0.182205334305763 0.195539355278015 0.202400490641594 0.209107547998428 0.203745752573013 0.19738644361496 0.191451296210289 0.186198160052299 0.180425375699997 0.173952132463455 0.166299864649773 0.155204251408577 0.141696617007256 0.127314001321793 0.114671245217323 0.1087297052145 0.103590160608292 0.0958638712763786 0.0866012796759605 0.0796367451548576
-9999 -9999 -9999 -9999 -9999 -9999 -9999 -9999 -9999 -9999 -9999 0.0403323248028755 0.109526485204697 0.243176087737083 0.318053901195526 0.316546410322189 0.215193927288055 0.151627063751221 0.133249253034592 0.107602700591087 0.0962653160095215 0.0933964848518372 0.0948751717805862 0.0954454839229584 0.0953385382890701 0.0942984446883202 0.0947784632444382 0.0978630632162094 0.100736483931541 0.102708056569099 0.107611276209354 0.117463976144791 0.130834341049194 0.144700989127159 0.157849952578545 0.17261216044426 0.186132162809372 0.200106963515282 0.214259386062622 0.220690160989761 0.225099802017212 0.229890644550323 0.222211197018623 0.214123636484146 0.206651225686073 0.198599591851234 0.188970044255257 0.175559177994728 0.160270914435387 0.143649518489838 0.129030123353004 0.123151488602161 0.115119837224483 0.109975010156631 0.104888282716274 0.0998619496822357
