data/03_saidas_enm/CCSM_SVM_6k_B.balansae4.asc
NCOLS 154 
NROWS 168 
XLLCORNER -112 
YLLCORNER -55.5 
CELLSIZE 0.5 
NODATA_value -9999 
[rows 50 to 74 of 168, columns 56 to 111 of 154]
-9999 -9999 -9999 -9999 -9999 -9999 -9999 -9999 -9999 -9999 -9999 -9999 -9999 0.207313045394162 0.207311704369542 0.207065447967221 0.204572977221971 0.202114781173538 0.206021543350458 0.215242779221065 0.20783547293547 0.172841845704911 0.139418669611441 0.139518095141792 0.163908504288267 0.179662650113083 0.182464332794248 0.188431264581908 0.187545099819764 0.194354702804674 0.200230151989066 0.200696809641581 0.199195393750009 0.194096998182419 0.174947890795538 0.120571485166848 0.0863392236448413 0.0748824466629004 0.0754942104361224 0.0762215386615214 0.0609032597970574 0.0634534386980043 0.0516936496937255 0.0517704379529408 0.0987105248964871 0.160060854402525 0.147002532301736 0.150122287170915 0.144164247191617 0.134418691433733 0.144810160589781 0.132497887423224 0.132581585387935 0.140301617020177 0.134527264491271 0.131623406437691
-9999 -9999 -9999 -9999 -9999 -9999 -9999 -9999 -9999 -9999 -9999 -9999 -9999 0.207264929291121 0.205767951031819 0.193945423466552 0.194443323363969 0.193652820222493 0.199346009060696 0.201162798571138 0.179692806938913 0.134250787509217 0.0983585728849393 0.090633828182668 0.104759676859803 0.124404817184704 0.125698930636986 0.123521746887298 0.126647721859185 0.137977962630611 0.146672608095712 0.138534944317616 0.118980864412557 0.137400154307646 0.155451284908277 0.125697894699468 0.0924938125145589 0.0750718198753724 0.0696721574847782 0.061369043164237 0.0551140951786598 0.0456761245591938 0.0403505985436861 0.0472370336365397 0.0773360059322738 0.113947329836669 0.125136010377891 0.13098634940979 0.127982220171194 0.122717423074851 0.120581850334348 0.125882322668294 0.132095091769426 0.141378068762318 0.137511175700804 0.126990730854648
-9999 -9999 -9999 -9999 -9999 -9999 -9999 -9999 -9999 -9999 -9999 0.207297739536362 0.205517298085734 0.196295208541673 0.173376777758679 0.170202082456879 0.174345649650446 0.177384828160192 0.179088722600079 0.163729591013174 0.137621049875809 0.0961107198609767 0.0674244368361742 0.0648824374500185 0.086550408573764 0.105441927452863 0.112044931484623 0.119397856516494 0.123352404926671 0.120958708936414 0.12661875638382 0.13206308113841 0.10839927279255 0.0994601432531809 0.131625745185601 0.131147252104455 0.114158809127029 0.0927307657058415 0.0829295369703886 0.0763085579335275 0.0677166907666596 0.0580394938086892 0.0538589640617841 0.0607626243759525 0.0735881377097186 0.0879175480520282 0.102294953010553 0.103830160994681 0.102838224736535 0.0951094058634981 0.104163863469522 0.116358093354545 0.130287899789892 0.141752338412734 0.135971541442982 0.124238493087734
-9999 -9999 -9999 -9999 -9999 -9999 -9999 -9999 -9999 -9999 0.207290030484941 0.204996074892929 0.196146914219927 0.189524293610237 0.19017798830328 0.189387143478767 0.167733496345534 0.136109439915216 0.110679921152692 0.0958267187253872 0.0787945515570791 0.0668698299446114 0.0708230359376681 0.0844130095187853 0.099977391518983 0.111842475337056 0.118210921704691 0.105569327614029 0.0897453239955711 0.0958598318673013 0.103762018327346 0.104066356687249 0.107947286185064 0.0760066233314409 0.104753711126031 0.116155986290136 0.111558891256975 0.0986961431669012 0.0879522464158493 0.0864999885662722 0.0836093073899069 0.0758989263307805 0.0724460215892302 0.0755632889221678 0.0829475529977217 0.0924519003164458 0.0951233538196565 0.0926445597001519 0.090565614350693 0.0878954591579819 0.100164764966817 0.114991115534871 0.125230745609459 0.133552597751866 0.136341891326453 0.121798547643279
-9999 -9999 -9999 -9999 -9999 -9999 -9999 -9999 -9999 -9999 0.200814983236034 0.194337326332346 0.197560048491463 0.201605822419522 0.203410439720406 0.202184343859354 0.171184811074521 0.0903063168968946 0.0581662056699979 0.0560345675035913 0.056372174292495 0.0734489020642739 0.0955897171348858 0.11292243876699 0.123008873053907 0.114114578462689 0.0864304639377252 0.0742854571638335 0.0988826667583669 0.127238932283997 0.128483104295937 0.0796066368057999 0.105058590096519 0.0783581302517333 0.0764929492208025 0.0907888598394117 0.099903075177717 0.102055985396593 0.0990082755355132 0.0912013722710516 0.0889617732912837 0.0774518506623625 0.0762803043369711 0.0755610766435318 0.0767819670186323 0.0908185196544289 0.0837522818191811 0.0835572920024131 0.0841003935282387 0.0894213643682301 0.106823638281895 0.116115821155754 0.123126213227159 0.130278510588129 0.137382963209393 0.141422758569009
-9999 -9999 -9999 -9999 -9999 -9999 -9999 -9999 0.206835337396299 0.167932424174684 0.151131998818762 0.179547620764939 0.198510728432515 0.202436238303824 0.203586089116245 0.201608213390412 0.175862140506593 0.101012794144359 0.0637586509427617 0.0763808852207761 0.10297962657143 0.116713837136011 0.127833332238229 0.132733100999719 0.111709994977354 0.0803287445290748 0.0858465166523325 0.127494991492178 0.161241327483371 0.173061795424861 0.163310628954128 0.0961479757351792 0.0945750259696952 0.104066079189531 0.0682022089978955 0.0670103674254798 0.0782502951251538 0.0900657313964057 0.0963896279061505 0.0976607247510247 0.0979385770890649 0.0911230517431304 0.087043353503179 0.0852877273314754 0.0843943335868593 0.0856321328478522 0.0808308831787646 0.0777812601312851 0.0756750781154038 0.0798149151416725 0.0845040715954525 0.0910601756319943 0.0906339343957652 0.101894046014554 0.123496875712298 0.146323746933081
-9999 -9999 -9999 -9999 -9999 -9999 -9999 -9999 0.192351296124738 0.161010259910531 0.166400346374579 0.184452536783711 0.198764926232189 0.202284526620644 0.200031451945347 0.195137978404806 0.188757442095157 0.147745969108412 0.12540536296478 0.145750870871033 0.150799057106496 0.144576761593824 0.134071630666922 0.117151682736735 0.0977058161907646 0.12266870022531 0.127967146436816 0.135231436421389 0.133015809287368 0.12332756508004 0.117191917751385 0.117102900282276 0.0954470135311625 0.12815226597988 0.0864934735582443 0.0613396624382712 0.0608433700532468 0.0694274812301495 0.0779664552725678 0.0823432706928516 0.0862782171195911 0.0847526078056316 0.0848442104669972 0.0817890856989236 0.0749727192183225 0.0701822135790574 0.0597164962194821 0.054768794029691 0.0557194697017446 0.0598348389493275 0.0667910016152089 0.0760349149895901 0.0790854390224007 0.0933850955145897 0.11651656667832 0.146202431807052
-9999 -9999 -9999 -9999 -9999 -9999 -9999 0.20548025228359 0.182172350925598 0.167655604868733 0.180899065984899 0.196295362906418 0.201323467399008 0.200496270787366 0.194246277247856 0.188436634908599 0.17443123201806 0.172516536507814 0.173133218837117 0.169738836422065 0.148494596884097 0.138222420659503 0.127271682305319 0.120107281665135 0.107692983871969 0.0990636020224507 0.0951834735230813 0.0926163278361848 0.0911720467530527 0.0911705494940159 0.0937263009401625 0.100697834520655 0.112255558950506 0.140636602040224 0.122639659770629 0.0813433577448169 0.0628117325798291 0.061255974405056 0.0659697032807532 0.0729704753327998 0.0799446920832265 0.0836284094363383 0.0873153008598186 0.0876086993173145 0.0836340545976976 0.0798424275572245 0.0727584651764386 0.0733832385533786 0.0813253746069316 0.0917668607962234 0.102437668931043 0.113826490387596 0.121783775219203 0.131034125149603 0.13804707311519 0.148876979110818
-9999 -9999 -9999 -9999 -9999 -9999 -9999 0.202445306893424 0.188756782110765 0.161636233451897 0.199700379107037 0.203131948201009 0.20171747123786 0.199048801142028 0.188522004605989 0.171225578519763 0.149415356662301 0.145720153226146 0.149844068974135 0.162398585483744 0.16438755292369 0.157655222300861 0.149024575300919 0.145642915271431 0.139976098946812 0.130734232227732 0.128080983498642 0.122517111564573 0.12511156496277 0.133004330397501 0.135566913932912 0.140767060764179 0.143454713802842 0.148826511359217 0.152251010065731 0.122685060924589 0.0912032341499422 0.0747070146322615 0.0741655130160762 0.0803815867177886 0.0872490991249987 0.0926002975712658 0.0968345178838659 0.0979590553137548 0.0994154165225676 0.105047833579614 0.11879889049289 0.127832897493568 0.137987741917183 0.144838237830108 0.152538538379823 0.156070630485217 0.16200177882433 0.163011286745511 0.158923781690847 0.135407729727608
-9999 -9999 -9999 -9999 -9999 -9999 0.207300906544459 0.203496178871374 0.159974762494055 0.174067504637796 0.210562040615275 0.200267903719729 0.201202122620624 0.199189838528858 0.181927071635807 0.146233855087597 0.116199779152556 0.105592449859414 0.111109603770701 0.134208385508358 0.155515932268982 0.157825829143426 0.157515330426132 0.156159852304073 0.154431398083805 0.152470601629015 0.151422925081968 0.15164772608818 0.152243941229354 0.153279163920808 0.155541372149249 0.156962767951733 0.159405727138227 0.162312947013295 0.162964872295921 0.156875259326425 0.13792417751193 0.122693170851769 0.115547257671032 0.114060053840851 0.118194860679629 0.120903467123505 0.125320329579743 0.127679790477968 0.127976811390055 0.126299657625475 0.12489081109116 0.119907676039033 0.11943040716599 0.124354216947063 0.129984345032851 0.138755862951678 0.14173289260565 0.141049714635377 0.137508407119149 0.123036039984288
-9999 -9999 -9999 -9999 -9999 -9999 0.207309262359863 0.203624090425218 0.146001845671414 0.178454066171205 0.193680302988483 0.188786926329792 0.197935045549395 0.19674590461277 0.17566754829831 0.130623457529872 0.0942691409146313 0.079564344176129 0.077107227875133 0.0903721499728031 0.112845692065781 0.121705214334178 0.12720955882942 0.126793253130315 0.128353232113271 0.133090966870024 0.132538726354943 0.1332671049497 0.132717251962201 0.132838351263183 0.136400450443457 0.137406876912412 0.141952257360042 0.145528022012208 0.148245465232319 0.152659012236406 0.150329672190375 0.148594747573526 0.144670750814129 0.137220460520259 0.132835943835994 0.124670732531048 0.119979409672353 0.115680443660538 0.111387496052967 0.110061248207124 0.107941327487075 0.108730120228977 0.112051456496331 0.116979977495 0.122839684916493 0.125811945196898 0.125723103365844 0.122555592991835 0.114144193697619 0.101606264370721
-9999 -9999 -9999 -9999 -9999 -9999 0.207309440391539 0.204708608431352 0.161763065105518 0.178817914149488 0.179056543665248 0.179006421827951 0.192582257140096 0.191287444398889 0.166368874035643 0.120189336280619 0.0873831828960889 0.0689553693844679 0.0623280832361479 0.065662614171871 0.0788912960141905 0.083305551704261 0.0855557672317119 0.0855876954204829 0.0909299437540031 0.0943998340296771 0.0967688709120483 0.0953082801865102 0.0948636971537222 0.0996237677816668 0.100616846311198 0.105956709020066 0.108437357884791 0.113667737999199 0.120344611206404 0.123756246671947 0.127048230721385 0.125562545250765 0.12413293236412 0.118752551711538 0.113081418684921 0.109053832111461 0.10467783501605 0.104177668463057 0.105326985868502 0.109332935917943 0.110783375913495 0.113555155864032 0.117944075995951 0.122859493635107 0.128339675966787 0.127420378679227 0.12358424954102 0.11747859064899 0.109981348976487 0.0992057917505041
-9999 -9999 -9999 -9999 -9999 -9999 -9999 0.205687661955662 0.183357305593956 0.194555735379447 0.171169010617096 0.171244778469381 0.183554758606746 0.181134826950065 0.156490143426632 0.11618855766216 0.0864866079198801 0.0689213197116353 0.0572951985330963 0.0488710661127492 0.0477710190774052 0.0490209217575432 0.0512842597746841 0.0528362425774853 0.0550684818632963 0.0582642021412843 0.0572375783424484 0.0578490818599339 0.059766914458947 0.0614256585334406 0.0652909302359638 0.0665551968513813 0.0704012904844093 0.0738168012803227 0.0768674551086365 0.0830106715651115 0.0849403422707689 0.0882548293898549 0.088827452591595 0.085795598709598 0.0863857496061346 0.0862114702940047 0.0889512973169094 0.0929571658721392 0.0994449098236382 0.107141049927527 0.112137676156495 0.117555774165553 0.123413763373204 0.129262713195325 0.133504755533536 0.134278773910848 0.131022761127086 0.127471408232572 0.123229249622344 0.112153290527746
-9999 -9999 -9999 -9999 -9999 -9999 -9999 -9999 0.194078596482225 0.198045298857393 0.178376814217437 0.162118216095325 0.173429137410323 0.168855896696598 0.144456310883646 0.114395200463923 0.0897013632568317 0.0701397171085354 0.0574658545625285 0.0476078070192634 0.0411821774434726 0.0399231273689748 0.040064355501143 0.0409255062359634 0.0416095535716708 0.0425414982081378 0.0423097763879581 0.0443011456589836 0.0501865855999242 0.0504145807605914 0.0525283591964185 0.0513252279228587 0.0508721595116506 0.0520918565469649 0.0535429098012513 0.0560181834543248 0.0594916118674552 0.0625949030883706 0.0653410932059327 0.0670939438585605 0.0700570778259751 0.0744144019703236 0.0813745809276601 0.0907403075717079 0.100802532311317 0.111054933498379 0.117989274896746 0.125052098540697 0.134643519484034 0.142086243006277 0.148945676363894 0.148844643094903 0.146954077007792 0.14255189259513 0.138683299756325 0.134353953557737
-9999 -9999 -9999 -9999 -9999 -9999 0.204412862212457 0.19629776132609 0.196784922713179 0.188929298180036 0.163974095885159 0.160502223262709 0.162159270707161 0.154290703857061 0.135063686614467 0.122249061331356 0.10452350608621 0.0822372390581831 0.0687724906336443 0.0613043928045343 0.0539958886872406 0.0491658283702028 0.0457116499679734 0.0446721573091641 0.0449373350824828 0.0452585526642536 0.0469690541014177 0.0502708736412593 0.055775459740316 0.0573977655084754 0.055972621787972 0.0534781337405751 0.0509870344932831 0.0497005129410418 0.0482073802671357 0.0479752842781177 0.04886292099497 0.0511971642954313 0.0546669811098639 0.0597775876812912 0.0665442183856196 0.0750068241737745 0.0857324241478887 0.100594652635717 0.119693210810138 0.135263045342143 0.145108915771631 0.151925367433327 0.157591096473263 0.162665602781024 0.166138780554517 0.167946214006709 0.167425637984631 0.164850798223468 0.160331944631611 0.149355707434888
-9999 -9999 -9999 -9999 -9999 0.200045336855946 0.189050286570787 0.181412641455414 0.190172341216772 0.162422421355237 0.156420585639875 0.153481426529022 0.149078120049411 0.139941784011409 0.13968944200095 0.143989930146569 0.128338150067695 0.100631420188994 0.0861321789367079 0.0833013051526323 0.0781018856391322 0.0708776879553075 0.0636287949094247 0.060900075446148 0.0617802627002018 0.0628033094972196 0.0634398371008107 0.0649280610361095 0.0666666963876032 0.0679444391244604 0.0668658520135615 0.0649499561128505 0.0629510820629917 0.0612012648857094 0.0581718371567523 0.0572620567097486 0.0574415668352342 0.0595218109300251 0.0632734831741752 0.0697428653585256 0.0796194077777034 0.0926884129499371 0.11122870941811 0.12773830853534 0.14260004160946 0.152991085258783 0.156341278453865 0.158378362737009 0.160584639208935 0.163549193849083 0.166333956752727 0.167490584701499 0.169512224462645 0.169089067573832 0.164966184340426 0.156293303656304
-9999 -9999 -9999 -9999 -9999 0.199004177442099 0.181109540501245 0.164571292701728 0.152800060253805 0.142880452452537 0.141790999179113 0.147973099630906 0.143881777853875 0.146312222782056 0.161327142782934 0.177642827886407 0.158958889908251 0.130252960152621 0.114412871784201 0.111163071451742 0.109632854858726 0.100961392625488 0.090656006721887 0.0851170091148776 0.0841826763442022 0.0828510417336015 0.0812313933634901 0.0781791670029549 0.0750923955894247 0.0729202253815408 0.0719320987250674 0.0719957089846173 0.0716827185103381 0.0711287172489998 0.0706216639265274 0.0708069578727085 0.0727016879851873 0.0758188529242662 0.0811863919103031 0.0908536231382033 0.1030127754396 0.117480796645434 0.131029551564367 0.14149384280399 0.148396465677632 0.15139686782493 0.151211847271452 0.150431073867929 0.150273807128841 0.150286341244854 0.151123901931258 0.151642123515635 0.152916852875462 0.153396611074571 0.152931827084813 0.151101063786641
-9999 -9999 -9999 -9999 -9999 -9999 0.186354994228013 0.144116295265658 0.126786862950046 0.119120209386502 0.13622935444858 0.149931643372953 0.159200526243244 0.166995928148719 0.176728926626741 0.202346709658289 0.175105890941189 0.153252528936654 0.140435552002014 0.135531982350387 0.141492185059203 0.1259251110001 0.117952189003425 0.109098074422728 0.101992407219151 0.0987265146134773 0.0911472327145503 0.08571785220472 0.0778522967952755 0.0717590212058534 0.0690326576564228 0.0661709392792466 0.0693085036461504 0.070893964574895 0.0733311827542787 0.0781309336990066 0.0857521256999511 0.0953742911017743 0.105507303357742 0.11653841095771 0.126350698443055 0.136087367179678 0.142598544836675 0.145654549232355 0.144748995491211 0.141764385106709 0.138266459420852 0.134672376927536 0.132374105242904 0.130474472832773 0.128946307380515 0.127864729412741 0.126686197268759 0.124775702911701 0.123913849442028 0.123633840713842
-9999 -9999 -9999 -9999 -9999 -9999 0.20543894624422 0.147375520496983 0.0838026235321475 0.131305243458221 0.157728071001225 0.168346318628201 0.172977366487071 0.177736578426443 0.176291571368576 0.17523639662716 0.171153699755171 0.172093334810607 0.166916170934347 0.152690698893549 0.143855808148022 0.144053564768658 0.145575089438559 0.136005605204673 0.118530590968869 0.104191059448348 0.0997558039510683 0.094665443368929 0.0835136783521068 0.0715846937780215 0.0641299510377691 0.0625045942578971 0.0636869113919957 0.0676974869668002 0.0752518377674848 0.0864200075735793 0.0995453071973219 0.114468770495915 0.128061082391232 0.138925220346078 0.146446007760998 0.151739016713272 0.152438585545391 0.15020167786937 0.145534044083773 0.138885627432049 0.132916239183237 0.127072203820463 0.123652494952127 0.121829338134017 0.118395671013612 0.111374674310165 0.103418174272333 0.0974722246866528 0.0908273143476337 0.0841265986727942
-9999 -9999 -9999 -9999 -9999 -9999 0.207256525496547 0.202966470147298 0.125983305066014 0.139601608244226 0.159185139703818 0.178905639333359 0.197993234433999 0.203467692472736 0.197691157811068 0.180730608201419 0.1608204600154 0.170320689322926 0.168628735921481 0.15083018204744 0.144359218278848 0.153498675672599 0.168776807883503 0.158338608468029 0.126396476132049 0.107329763387504 0.100770325673351 0.104426285647196 0.089909069624722 0.0675722082160278 0.0605718174029877 0.0564660953873606 0.0626436153252291 0.0683727411014376 0.0792288660177488 0.0962184613046814 0.114508018808457 0.135394076084639 0.153216189369211 0.166883367428161 0.172045339313005 0.177141019461044 0.173755127969721 0.168837119371923 0.162428325371508 0.152811810144855 0.147303294336916 0.140831326882727 0.136887482772748 0.135451541294272 0.132400121498375 0.108165896051943 0.0879260180300984 0.072092339178564 0.0563615386495686 0.04958676817466
-9999 -9999 -9999 -9999 -9999 -9999 -9999 -9999 0.210702813964645 0.175169860044904 0.171359832850567 0.185252107353417 0.206260696562101 0.213983195406906 0.213760112777359 0.200843819430271 0.167750730914522 0.151449338349615 0.152080694186576 0.147182823826706 0.150266396034706 0.170202748939902 0.18860873593259 0.179388231695193 0.145428307682073 0.115121519832887 0.111976161983512 0.115888861653328 0.102755996229736 0.0804357548881376 0.0671242698747284 0.0685419744581701 0.0786806493462249 0.0880246563951777 0.0993827830476293 0.117278159824972 0.141107523556983 0.167200210916795 0.189573884384698 0.206155549812454 0.21465179796227 0.22021756762237 0.218802388907188 0.213267318611007 0.20550207040137 0.195990149197486 0.190546397649772 0.185109048060971 0.179721339690134 0.173164466903328 0.155170932390532 0.124172387751075 0.0874456600127669 0.0630236982333634 0.0439160477341241 0.0323114822049622
-9999 -9999 -9999 -9999 -9999 -9999 -9999 -9999 0.207516701526964 0.20810544089819 0.188809863405006 0.195494899916735 0.210691819103795 0.217494039110823 0.221857135974122 0.218853115964106 0.182675233672986 0.147427128148818 0.144785118737528 0.136705940981502 0.15938124650032 0.178883561683684 0.199599364908571 0.187932514099361 0.148037638604163 0.120665694471768 0.113326685834784 0.12229615376433 0.109593293789776 0.0840179908117207 0.0788765031124593 0.0828349745509541 0.105756167427914 0.120613303800012 0.134754885860045 0.15738672165455 0.187260348289168 0.220462409112029 0.249363744728946 0.274219261035022 0.284073713974778 0.296177723316719 0.29502349897188 0.289104606806185 0.280870436269323 0.265982807541247 0.263645148544901 0.255806019372714 0.245005961781184 0.22914685264097 0.201195613390384 0.161612517983797 0.11119346573277 0.072177136110875 0.0435902810407877 0.0324609083347574
-9999 -9999 -9999 -9999 -9999 -9999 -9999 -9999 -9999 0.214364830959483 0.213881868250934 0.215957982389358 0.214726106220308 0.216551356252405 0.224915605488283 0.237018927751184 0.220475955382007 0.172656849101218 0.159903461669419 0.157447917023484 0.174928442629557 0.196328501206628 0.203168712422326 0.189952994692363 0.162080193767942 0.129321239342862 0.122489817653714 0.121490830915558 0.110470008008718 0.0938683112756 0.0856470664662573 0.0983055139389407 0.124990531028662 0.149772688271009 0.171344146180838 0.199839592782087 0.239832108718268 0.287127079873614 0.324451244954269 0.353032072187178 0.371912197952046 0.390325725044332 0.398645394765635 0.39305937911406 0.372307492165097 0.353398577212011 0.349486731062875 0.344232936516771 0.327313720474983 0.296431739936755 0.257809572846503 0.217426585215594 0.17436954839318 0.12277655404202 0.0690699994824164 0.0451461479073159
-9999 -9999 -9999 -9999 -9999 -9999 -9999 -9999 -9999 -9999 0.228844639116156 0.22329049429543 0.21498785798684 0.21582765175058 0.227010221073152 0.255351526305098 0.280624836209819 0.244886820641495 0.207217636099197 0.186987036740548 0.19163373211437 0.198606916071811 0.205589727599659 0.193814571617689 0.163125551362803 0.136505283452505 0.125787959553328 0.123500194057877 0.111858701050843 0.0931908802415546 0.0897169057290219 0.103934344444962 0.13467197303007 0.164190426934365 0.195791544027955 0.237787903123666 0.287336529062877 0.341339580945297 0.391236355918792 0.438514045887591 0.473501193257997 0.501768538826691 0.515055216047475 0.51197217286017 0.494877866909258 0.470583066260074 0.462263829329785 0.449570926103865 0.422362757295605 0.380760604432453 0.326098519935538 0.27734180396267 0.227826982266942 0.170699447651495 0.108439217648952 0.0782907643180555
-9999 -9999 -9999 -9999 -9999 -9999 -9999 -9999 -9999 -9999 -9999 0.210308644006613 0.215880576962649 0.213965784204564 0.224910755350206 0.268928177192636 0.339531531258502 0.372910530873892 0.317132714047572 0.242457387251653 0.20918013522334 0.203900728280181 0.20854889609767 0.195657826653796 0.17311079599065 0.151562800001622 0.136340158706994 0.124689677449954 0.112769310927365 0.0976939735544049 0.0948923952142205 0.108463125503004 0.135785281454052 0.168918261526006 0.205813446245527 0.255772751840018 0.308003859146407 0.370900614070101 0.431778328875032 0.487575026254057 0.539659370640998 0.583661194735814 0.620094432727207 0.629146884793557 0.609322564450591 0.590005008598377 0.57824044182546 0.5599620581474 0.52494178605407 0.466713888332037 0.397519158014512 0.332357030366464 0.257887303466107 0.204820535285526 0.168157997741133 0.146402079730175
