data/03_saidas_enm/CCSM_SVM_6k_B.balansae3.asc
NCOLS 154 
NROWS 168 
XLLCORNER -112 
YLLCORNER -55.5 
CELLSIZE 0.5 
NODATA_value -9999 
[rows 50 to 74 of 168, columns 56 to 111 of 154]
-9999 -9999 -9999 -9999 -9999 -9999 -9999 -9999 -9999 -9999 -9999 -9999 -9999 0.192989011114011 0.192928210196202 0.191569349010012 0.185711055701408 0.187443635129861 0.203987270468342 0.224778405297377 0.217127538121486 0.168607431405418 0.103087106224318 0.0931065723009354 0.123546963066695 0.142572359327381 0.14661717505405 0.157796413095287 0.159931354113244 0.168729618225803 0.176603319803905 0.17773445775601 0.174581657158637 0.163810736901246 0.123385640886803 0.0467967860692082 0.0413050351682273 0.0547337676021692 0.0634538858514234 0.066428517355848 0.0621679941130298 0.047563194367606 0.0278362612708695 0.00179868790301241 -0.0191763818354952 0.000656292684223792 -0.0359277937108264 -0.0242345051133959 -0.0201440156086098 -0.00246478825200358 0.0326608077079182 0.0816522001114863 0.128107320166516 0.163888974949078 0.170721725998952 0.169252891069724
-9999 -9999 -9999 -9999 -9999 -9999 -9999 -9999 -9999 -9999 -9999 -9999 -9999 0.192342111011786 0.187274101673839 0.173079324006969 0.172774183607008 0.186147550440842 0.205765799326325 0.216754521200579 0.197484302568662 0.15013038236422 0.104067873556888 0.0856915068536105 0.0848855662693661 0.090689241086225 0.0894860703716439 0.0952376752205222 0.100830950640147 0.107196654670751 0.114072384186657 0.112531228318882 0.1009347059072 0.102974062716885 0.110251277283013 0.0809609346820394 0.0646146718150724 0.0616415248070286 0.0646535789484675 0.0537260394337217 0.0490802835250578 0.0276119221819119 0.0155994524762993 -0.000731455535091241 -0.017199221750837 -0.0151018155997813 -0.0282656928191394 -0.0262314407934698 -0.0162940835106243 0.00911557977807942 0.0551654091171536 0.107487370168266 0.154770191532107 0.179387031704798 0.175983988511746 0.164855690141171
-9999 -9999 -9999 -9999 -9999 -9999 -9999 -9999 -9999 -9999 -9999 0.192677754301362 0.186351742380225 0.170873351292128 0.152016361907446 0.147498692154241 0.155902808175376 0.180703161799976 0.195087199314877 0.185828003536496 0.162992376335431 0.120544183063909 0.0803052022068276 0.0577535530478281 0.0560235666702559 0.0683611159072374 0.0799816162922564 0.0891262174568406 0.0911798319239774 0.0922778466514749 0.0980555007696903 0.0996965790661791 0.0901647060217977 0.0774314177993409 0.0936394981846899 0.101252564276185 0.0923313005176921 0.0754593725577271 0.0651209334993411 0.0546322259428355 0.0418481880432698 0.0237057861767878 0.0157638765463306 0.00352205236686531 -0.0147777901624533 -0.0195447432730896 -0.0329638130301734 -0.0253230449885317 -0.00348223899174327 0.0347218617351974 0.0943096474947646 0.140882592487805 0.173201282425025 0.185966652790366 0.170520821532834 0.16109907757144
-9999 -9999 -9999 -9999 -9999 -9999 -9999 -9999 -9999 -9999 0.192568349011726 0.184885056428765 0.171470579963047 0.166024765018877 0.16580759756619 0.163283093783544 0.147962680534075 0.139271680144914 0.130012498349525 0.117232350190361 0.0964979836515741 0.0677349154259729 0.0514049985039907 0.0509304971878368 0.0636003133910601 0.0784128819719376 0.0848071705583293 0.0785890539708855 0.0735929387962798 0.0813854248223134 0.0869913656282696 0.0812888450592 0.0822936496721397 0.0587501556899317 0.0695113102785782 0.0987021320620479 0.0941873365452894 0.0680815685089584 0.0477323494608571 0.0317274312460838 0.0183943249107085 0.00791017214695033 0.0017317330054506 -0.00772873186739886 -0.0199881165081324 -0.0210126145108325 -0.0130990291938708 0.0104735913518615 0.0424904223965316 0.0824082842752706 0.129009349020451 0.1561135028067 0.167580056568258 0.16940440267422 0.159544612725954 0.151742061022274
-9999 -9999 -9999 -9999 -9999 -9999 -9999 -9999 -9999 -9999 0.176329904754913 0.167318751929385 0.175278857905096 0.181103707816151 0.183427760400826 0.181456383090529 0.147077660482417 0.083106161285197 0.0610618049340314 0.0519116234503366 0.0441402544797987 0.0458369022515454 0.0588575730691507 0.0736147877881831 0.0845365864500472 0.08095052801832 0.068624652555058 0.0672619654615564 0.0868382181967414 0.108217500275065 0.108974811709871 0.0708094043919626 0.0760805487746889 0.0564239856869612 0.0434523890749621 0.0831438624859411 0.0952196018385945 0.0768401473300999 0.0520180631016595 0.0274975125018159 0.00617465469070305 -0.00619399017702071 -0.0129300799863266 -0.0160566802423049 -0.0105820160715151 0.00861616578640123 0.03582876585909 0.0691905331885384 0.0973810960177611 0.122668917532774 0.14443809591352 0.150543838004568 0.152344521547732 0.15341227189795 0.149958300932477 0.170788537758228
-9999 -9999 -9999 -9999 -9999 -9999 -9999 -9999 0.189988171596118 0.13806256226155 0.12193640521698 0.15338403166532 0.178486577661467 0.184759697883386 0.185111960361254 0.179821683916096 0.14731842528405 0.0799463400484282 0.0458253755753244 0.0472655264711475 0.0646397970268831 0.0756552386973845 0.0855457293328856 0.0914351029205328 0.0816519953626682 0.0686269765007464 0.0771783848599703 0.108745297318528 0.13660502268093 0.147514384884485 0.138489981866299 0.085100968120966 0.07218052871796 0.0696295412128526 0.0346669534228298 0.0553872964892457 0.0820146304363477 0.0847357346699237 0.0727679985359819 0.0549152511603989 0.04255114119791 0.0295772022246217 0.0266272744454502 0.0316679235025595 0.0446518615109334 0.0660653513156462 0.0862497179867938 0.100525238361549 0.103704388492268 0.106802044393547 0.106894797328341 0.108653621157718 0.104982893908015 0.110858902572344 0.125366921862444 0.171340452118127
-9999 -9999 -9999 -9999 -9999 -9999 -9999 -9999 0.163792510432616 0.125668786583998 0.136425463660581 0.165477878846693 0.187458920869117 0.185724756648321 0.180424006349563 0.171586380912914 0.158692475699001 0.113441667020854 0.0898465477739566 0.101724887167784 0.106540085849169 0.103092624106206 0.0967863653155369 0.0891084636405651 0.0826869437133663 0.104185449159115 0.108634575981384 0.114632676716906 0.112973941217718 0.10546072960111 0.100728767789721 0.100230549701194 0.0777955195780476 0.0870545025756416 0.0492309744475208 0.0360389048476122 0.0551320460312267 0.0741532684089217 0.0777431703007389 0.0756833354328517 0.074614357855075 0.0724798700304023 0.0724848527771008 0.0743263356769426 0.0748322334837309 0.075116178066136 0.0688045272689735 0.0632277625446566 0.0560815516874817 0.0511344021819552 0.0541952822525435 0.0615081977067421 0.069434318332752 0.0845963089483955 0.104289704061921 0.158326447738659
-9999 -9999 -9999 -9999 -9999 -9999 -9999 0.185523123782578 0.151626449399218 0.13506405557433 0.160946059719634 0.19003480675958 0.196891166833609 0.185955485277062 0.174262929067393 0.16440156932026 0.145275682625221 0.136332315863733 0.133030106035129 0.128558092068312 0.113520349161162 0.106828059666486 0.100227042787588 0.0958240869384134 0.0882640057308867 0.0837342120246172 0.0812258412364831 0.0793620868040197 0.0783902495244323 0.0781277244864601 0.079718742650184 0.0836004289834474 0.0907882812227827 0.101216681340859 0.0793596446206189 0.0450923276853348 0.0374174824811503 0.0489793017116797 0.0592228044358474 0.064938262892811 0.0694118415431999 0.0687552941155872 0.0676454989599535 0.064217168436171 0.0573348588777264 0.0513838688213917 0.0429704937206017 0.0415025328495843 0.0455571830062125 0.0533013257478093 0.0624305454882748 0.0740972121571237 0.0859858793588893 0.0986687033298085 0.11022072925383 0.146756348037893
-9999 -9999 -9999 -9999 -9999 -9999 -9999 0.178855687621249 0.156045022418347 0.140200009588356 0.197731460074741 0.204475509499929 0.198328430030768 0.188140013354911 0.170378399038164 0.1489137286979 0.12498785659605 0.115453133241645 0.114424735859331 0.120058110419112 0.120723148459281 0.115687241405284 0.11035294795354 0.107526557226242 0.10269788258209 0.0968735105089079 0.0947798891836322 0.0920014928023014 0.09341355066677 0.097417298693431 0.099440854072406 0.103095850437366 0.106576362559313 0.111405152111373 0.107066152988888 0.079466367990658 0.0530218806859133 0.0415878259717684 0.0428835144933463 0.0472155979011549 0.0525647623173749 0.0559510413297986 0.0599801710851193 0.0622597284228981 0.065053978228423 0.0689797994059906 0.0786400737058664 0.0865048830005551 0.0958646847465183 0.101955399522446 0.108282089352284 0.111333278506245 0.119458876562595 0.123437267386445 0.123331749907498 0.119000302206429
-9999 -9999 -9999 -9999 -9999 -9999 0.192683856614959 0.179022971758336 0.129778467292289 0.169281861385422 0.210978705679362 0.198936566797032 0.196689842534073 0.191226563963686 0.167668036371557 0.12955769111216 0.101983321116315 0.0888165025331883 0.0881336171011475 0.0991436444357547 0.112437690093748 0.113328160205002 0.112426446056803 0.110877472756567 0.109234166049815 0.107675312999937 0.106951818639697 0.106945929100504 0.107183734542675 0.108384340300552 0.110460574041763 0.112024842242111 0.114641964897725 0.11793819400954 0.119164336471989 0.111760538882105 0.093167147015217 0.0796038256113613 0.0736426019248597 0.0734253400226368 0.0787966943984042 0.0828939256835077 0.0877572420576337 0.0905143971093908 0.0906589239487027 0.0883640674689093 0.0866451753257004 0.0825933400350536 0.0820946703102104 0.0846836973827537 0.087624000013818 0.094119633167246 0.0991152264481699 0.102733768291559 0.104190112485055 0.0990973338357671
-9999 -9999 -9999 -9999 -9999 -9999 0.19281610369163 0.179674409297793 0.134039553727325 0.196058455259183 0.198084475800969 0.183059137424903 0.194435910513133 0.194401663486193 0.170063130195601 0.124402709641262 0.0901684712183957 0.0741930514380615 0.0688136477757764 0.0720611175502521 0.0830987016483324 0.0870763744877044 0.0896475866330195 0.0884948509973799 0.088391370638486 0.0911845359442536 0.0904691513115251 0.0911704198981108 0.0911708239162848 0.091675317930129 0.0951170135758476 0.0963352571001469 0.100499911523974 0.103743770228753 0.105476413935172 0.108997911944587 0.105608216621272 0.103337817382156 0.0997258180214027 0.0935111475005829 0.0908772668441996 0.0852859605574713 0.0825285706362061 0.079731771762275 0.0753433550900577 0.0727110002404365 0.0707120528401424 0.0711049522867012 0.0732760050223867 0.0762125385107688 0.0808299018850546 0.0848949743101173 0.0891410372275492 0.0913772265788469 0.0898798471755737 0.0845560054995645
-9999 -9999 -9999 -9999 -9999 -9999 0.192834636845312 0.18370574533897 0.15874189483771 0.202152877826766 0.200169034753785 0.179595142704309 0.192332946308779 0.194054320468509 0.170107117716774 0.122807073086979 0.0935179290486964 0.0735093497556641 0.0650400714760033 0.0613832090236459 0.0651658003794339 0.0652161218791329 0.0635734483547057 0.0608408256638662 0.0615042873712863 0.0619387569706252 0.0652137802046491 0.067151257799504 0.0673857047264414 0.0704039547124941 0.0719347071602179 0.0755283119870702 0.0776456235755206 0.0813031868817765 0.0845395791641737 0.0865966088663357 0.0874122436997166 0.0847124834464367 0.0819382974809389 0.0764739873179875 0.0717630022062647 0.0690845138439225 0.0656302940051883 0.0654487856799633 0.0664835676646363 0.0707180635270885 0.0722561609412614 0.0754310243101953 0.0797890682957526 0.0848401142933917 0.0920685953673844 0.0935713914399254 0.0956825117949406 0.0963189102667555 0.0933934609960352 0.088878104648779
-9999 -9999 -9999 -9999 -9999 -9999 -9999 0.188201462112721 0.170384293824679 0.189868937772908 0.206551339041231 0.182353192802639 0.190812172848859 0.192394329713804 0.173307339708533 0.134349437911881 0.104057789518623 0.0829308920539501 0.0696547448929037 0.0576844532182504 0.0493190378585047 0.045343046308819 0.0430428988185973 0.0417671537749977 0.0414461937608644 0.0425196477622344 0.0439007752384842 0.0479490705604286 0.0527329333168636 0.0532341440493497 0.0550292925649948 0.0550941893241538 0.0564195339156044 0.0576916922184742 0.0577335825147388 0.0597054567063742 0.0586228345518405 0.0585565659612383 0.0572209961334467 0.0536276273817224 0.0528540152328003 0.0531883807320154 0.0564522050958712 0.0615491596049512 0.0698199148506154 0.0778286397738402 0.0845232439392772 0.0902997781228908 0.0965797488409852 0.104455917516841 0.110818952816778 0.115139417449108 0.115488906578819 0.115721605274889 0.115418577288359 0.107514022429115
-9999 -9999 -9999 -9999 -9999 -9999 -9999 -9999 0.169738765739278 0.173668731810444 0.239336941966136 0.182188414539247 0.186498482885337 0.18829107113208 0.171196781964802 0.141612167105137 0.115947442333185 0.0918595836103544 0.0765867699989875 0.0640220295111318 0.052908426131007 0.0485486403669877 0.0452307681777527 0.0441172416402429 0.0434845299485316 0.0445506572939144 0.0466083865182955 0.0517146859759552 0.0594171053077531 0.0576235460232664 0.0582376412170073 0.05506164904934 0.0529337330119173 0.0517570808357608 0.0496030661354105 0.0488332135856698 0.0482987990266543 0.0484232526276243 0.048565601553999 0.0489592512857192 0.0521693612902606 0.0562961958372614 0.0644989452720861 0.0738299633889256 0.0837341884407617 0.0943008802005944 0.100396493227027 0.107573130767157 0.114968146397126 0.122391932365196 0.128884715777698 0.132377935731066 0.133582326932333 0.133591014919387 0.132913265170542 0.130123381993456
-9999 -9999 -9999 -9999 -9999 -9999 0.189411145761909 0.175863594070025 0.157001745202859 0.197310770662547 0.210606997742187 0.182384586866404 0.180776959612603 0.181623102171909 0.170787730407839 0.156037486064607 0.134119040428326 0.109074164172592 0.0931682859376002 0.0841101905675683 0.0752998291731837 0.0691518545385825 0.0639694892747523 0.0621784991976673 0.0630931851360927 0.0642322816239973 0.0678217580435838 0.072458353512605 0.0786344827448075 0.0797245798444412 0.0767773953674228 0.0732669838681808 0.0689304532469502 0.0659590869466509 0.062577116771128 0.0593728083371962 0.0581244685026188 0.0574538810323826 0.0587589384753983 0.0628953243563013 0.0677389001876344 0.0751785921796839 0.0832850268585302 0.0926339284353196 0.103665368818885 0.112266090278905 0.117505688282848 0.121156351562499 0.125489835699987 0.130532341821998 0.135248225039734 0.139226337882055 0.141328144067645 0.141411922898653 0.139697472845388 0.131766196804693
-9999 -9999 -9999 -9999 -9999 0.186409827912858 0.164721021235737 0.145434695627318 0.163191208780777 0.191964233183984 0.190837420197981 0.172748771842099 0.170092262762888 0.171052519953 0.173467494652274 0.175848071291966 0.157138951495263 0.129537058176936 0.113898010816281 0.107924755064244 0.103302364035896 0.0955869014864886 0.0890631015122475 0.0864544253331621 0.0873610451725148 0.0896629668321076 0.0916291167271229 0.0946069499159943 0.0974094653019373 0.0990356891885372 0.0972502231241366 0.0943984462308648 0.0913898045817759 0.0884131162526732 0.0835539421419089 0.0809458745549498 0.0790903121554483 0.0787677885257131 0.0796704120156767 0.0818321218259787 0.085077804569602 0.0899057467480327 0.0963389026930974 0.103377423616612 0.109811070827762 0.113571220214774 0.114634663870658 0.113137106689636 0.114752490168986 0.118745585530004 0.122922855584229 0.126562940388837 0.130383138787069 0.130317296716031 0.125359979022213 0.1145307638559
-9999 -9999 -9999 -9999 -9999 0.177277200941013 0.129969126991161 0.11209496362688 0.151375810264634 0.177829774299783 0.167693452721172 0.159923148372543 0.15950501631866 0.171196627821575 0.189266052330938 0.204136628710532 0.185517832356619 0.15753101233966 0.141503482085849 0.138531007624504 0.136504598816884 0.128230597261073 0.118888126771476 0.113694641789258 0.113127548769602 0.112357242465946 0.111807220642514 0.109821906777569 0.107589885251615 0.105908143986453 0.1041493929725 0.102563597364212 0.100625931739186 0.0982798868173957 0.0955348801311894 0.0935594837809137 0.0924888669025382 0.0923104435303506 0.0918583504657209 0.0914311304770989 0.0931093895658811 0.0961796726530782 0.0992070603795582 0.101746514832263 0.101826930959357 0.100377051599013 0.0975759636905814 0.0952995376922928 0.0952987890413544 0.0959908376338088 0.09791337643158 0.100581798811269 0.103054486152088 0.103034370959818 0.100375048883824 0.0952548784439073
-9999 -9999 -9999 -9999 -9999 -9999 0.116706581877987 0.0779451087372618 0.136334435045142 0.142289488633281 0.146203064665626 0.150687542783122 0.163470206633308 0.18098671060567 0.197977690502609 0.223201984532379 0.201207670570767 0.179818023514173 0.168411589577068 0.165815658498496 0.170113088777471 0.157747414266126 0.150413837385431 0.142702067591165 0.13627511856852 0.132948455953325 0.125947965262855 0.121242796249687 0.112589749876111 0.104040461222972 0.0989531292875847 0.0918409168138137 0.0914449154391858 0.0879224385493167 0.0844598510243256 0.0846076622158373 0.0849816229121489 0.0882650883416917 0.090523942229374 0.0901693168786596 0.0924640421668484 0.0930143045663851 0.0927392167350845 0.0920071409823292 0.0863367926628366 0.0819322169958673 0.0780781702600767 0.0747603184896247 0.073879728730767 0.0733655893407444 0.0713465634631468 0.0729604741247982 0.0716962010154655 0.0684818921356405 0.065893240772804 0.063237350692649
-9999 -9999 -9999 -9999 -9999 -9999 0.150078267261199 0.0518146811218635 0.0791162620472515 0.134499730853519 0.149185829304503 0.157733143973295 0.166715737552152 0.184870805646973 0.195579331587562 0.199742515969421 0.196305095737354 0.195155243663073 0.19186938159748 0.183221243453908 0.178567640594998 0.17948146211934 0.182510399480542 0.175977867677009 0.161372779002431 0.14754865158121 0.145415666726115 0.144113890558815 0.133214389697377 0.11612745978067 0.0991855871235712 0.092624671130135 0.0876800914128166 0.0819776565633353 0.0775546320086722 0.07533731051808 0.0796838865349991 0.085826930532572 0.0901431611562041 0.0912789664164467 0.0918042343351567 0.0923719426096088 0.0908533932411703 0.0882638803628733 0.0827818305804968 0.077157821727622 0.0737162244777344 0.0712603081274952 0.0721473816013959 0.0748354004421838 0.0733896085118662 0.0645196935119681 0.0524243384734554 0.0440099319002898 0.0357267519091798 0.025446730737448
-9999 -9999 -9999 -9999 -9999 -9999 0.167940019573023 0.103100251308494 0.0560424052260916 0.126854514439827 0.144249317123838 0.167408319924479 0.193437956298981 0.20670225395592 0.2132498472348 0.206016068447619 0.18837029912159 0.194146340820178 0.196406599798235 0.186570195764156 0.183959222719986 0.194488194603935 0.209409841105355 0.205206486306635 0.181843604951233 0.163163636059975 0.163956446028314 0.17686741218621 0.167583377939669 0.140894567259686 0.119458613371071 0.111453809888336 0.113639318580741 0.105953507866295 0.0948192594579152 0.089455014971664 0.0911838109463534 0.103105827361495 0.107682736584256 0.104193291360614 0.105259437052744 0.104684159589051 0.103765294235318 0.10200325908175 0.0953629122026936 0.0917662324541641 0.0912796465444118 0.0932205762882141 0.0961981545986964 0.101400399538075 0.102970348666134 0.072711293330867 0.0452020306763783 0.0250021381216551 0.00609764413759128 -0.00643391047177411
-9999 -9999 -9999 -9999 -9999 -9999 -9999 -9999 0.162498303522885 0.142251758070677 0.161487273451015 0.17217706557371 0.200082773636309 0.215483624635459 0.224119536595173 0.221305981170261 0.194040126764088 0.182637804144436 0.188199958624528 0.187074784707091 0.194028661571345 0.212903030395271 0.23110451548647 0.229706026308054 0.207958208144111 0.186339041567662 0.19274512217189 0.211528463779649 0.209368960098314 0.190590347451436 0.172810251202062 0.174994391133034 0.188502907538978 0.186649886354406 0.172727836561237 0.159156635248383 0.162575067101916 0.168718983950158 0.169059729270205 0.165810119001322 0.157659785793671 0.157722403194551 0.154694046040376 0.15012959331987 0.143493827388933 0.138247788089311 0.140794964444316 0.144292416254617 0.147911687607815 0.14863871428578 0.132428899298878 0.0984682779958453 0.0548035905439994 0.0250516886411341 0.000141600766597139 -0.0208581362485234
-9999 -9999 -9999 -9999 -9999 -9999 -9999 -9999 0.183457393149462 0.162137780704938 0.189614378915656 0.186492784990297 0.20401075452043 0.217606416926553 0.230731058634362 0.23899604674974 0.21279094208814 0.189053377901911 0.193917254042197 0.190569657799224 0.208734730056666 0.22812206271912 0.246682886653912 0.24463210505211 0.22462943861046 0.206808224037251 0.214020457397439 0.238967275475383 0.243287627972578 0.233163515043367 0.229939614217753 0.244167919706526 0.275619161017902 0.286448816489595 0.279694189987918 0.270354631072591 0.275537358527562 0.283684127678652 0.282535641460201 0.275069614989713 0.259744786810938 0.256342882847628 0.248166644481625 0.237774893082996 0.223016840675347 0.212017886565688 0.217295087630614 0.220159046599946 0.219280703793338 0.210111655101336 0.185957009995002 0.145357158816591 0.0900781695964274 0.0442664708533022 0.00541941881836411 -0.0198312417213042
-9999 -9999 -9999 -9999 -9999 -9999 -9999 -9999 -9999 0.158629538710338 0.225280183067935 0.217476295408287 0.209738393241278 0.214124878083742 0.232385881497836 0.261037611113668 0.254788739188505 0.226936507729366 0.225884902811642 0.218178478867581 0.232005966784533 0.249475071479321 0.257509982750604 0.255377811225562 0.242960860441919 0.228205618492683 0.235914489188267 0.254283411631733 0.26245775310314 0.262750023469588 0.269631746932367 0.295887330616983 0.337900660639531 0.364586601320453 0.375585336797114 0.385264285011511 0.403892940280809 0.427537948859442 0.430910444362448 0.42266171500214 0.405407240129839 0.399541902856635 0.387888411907498 0.36545564758856 0.332485391881732 0.30744720543982 0.311290777121805 0.315474005914813 0.307954566264354 0.285118272176683 0.25010327965464 0.208918647115013 0.16214831741794 0.102310010447989 0.0339513726842426 -0.00658131610463131
-9999 -9999 -9999 -9999 -9999 -9999 -9999 -9999 -9999 -9999 0.181640830956849 0.222201114625421 0.210558009309625 0.211887522270302 0.233937211007107 0.28336596115701 0.323792746840414 0.306631768991836 0.285038971492552 0.263381537538781 0.260428541741769 0.265569848304141 0.269177009143822 0.265816480085466 0.257997156468039 0.249135673597742 0.252917841467304 0.266097458542054 0.273996909099496 0.281260947934009 0.296677572422133 0.326436530729499 0.369636504397878 0.40802289121372 0.443250645128963 0.478499691131261 0.513529457752024 0.547327587028822 0.568379246485222 0.578001218439283 0.574453942398388 0.56932597651508 0.553869543248659 0.523672638321687 0.478812483508036 0.440197714046667 0.434476786176875 0.43025178933939 0.411460646294643 0.375607150763645 0.324681367914281 0.274683440449609 0.220293052226701 0.153916011506728 0.0774133463861454 0.0319072070011116
-9999 -9999 -9999 -9999 -9999 -9999 -9999 -9999 -9999 -9999 -9999 0.200138938156152 0.211761226181111 0.207653908216364 0.228829755806819 0.298145276567703 0.386058891176892 0.4201207075285 0.385195832366537 0.324325828836286 0.286187858978674 0.280793665470763 0.284022458832803 0.280402219285426 0.27400056560976 0.268086768639171 0.267907929792461 0.275053449057765 0.282729367631292 0.290892189076874 0.307498004777418 0.337656413572677 0.381136572910324 0.424344034576947 0.470048609221465 0.521111221040324 0.566993407709857 0.618851038140296 0.65818841454294 0.683977365440893 0.704143719761879 0.708563354500586 0.712645892432087 0.686902063039848 0.629219909686462 0.58805098232214 0.571703307299092 0.555260270663204 0.523869757864975 0.469954449848702 0.403282327183134 0.335022405915147 0.254219901000377 0.192069277756597 0.143945898130729 0.109997247670318
