data/03_saidas_enm/CCSM_SVM_0k_B.balansae1.asc
NCOLS 154 
NROWS 168 
XLLCORNER -112 
YLLCORNER -55.5 
CELLSIZE 0.5 
NODATA_value -9999 
[rows 75 to 99 of 168, columns 56 to 111 of 154]
-9999 -9999 -9999 -9999 -9999 -9999 -9999 -9999 -9999 -9999 -9999 0.10901509435955 0.104235088751302 0.151123285235056 0.198332596929816 0.252970035764184 0.287668622987298 0.307937457595041 0.334927224234814 0.291650659659557 0.244007182946521 0.236183298998858 0.248763849243308 0.250192352013612 0.243323839415557 0.236587979732922 0.235963732161584 0.242839642672889 0.247452568388537 0.25235354819901 0.265566508132128 0.290392756911671 0.326887348921299 0.362379197293211 0.397730409140731 0.436418299458623 0.467290541172106 0.49762280145816 0.514841318534156 0.516103650228521 0.511625420793082 0.49587153454487 0.477302537621691 0.441671500183307 0.393336577358498 0.356136413925744 0.331897222730976 0.306800459762808 0.270549432593708 0.223362892765911 0.166747014606172 0.112548265626364 0.0565653938706511 0.0190608831655414 -0.00354048179377875 -0.0179412519889891
-9999 -9999 -9999 -9999 -9999 -9999 -9999 -9999 -9999 -9999 -9999 0.10002946087533 0.093199811797654 0.148330309542138 0.177851847252341 0.207545095797322 0.239913609814324 0.227881245377494 0.230256331615641 0.252984025272821 0.273655388289984 0.267846065437719 0.267371425121325 0.268443286767518 0.254966624947404 0.246607773407408 0.246750436151146 0.249130020030695 0.252037607485829 0.25527710335271 0.263646023113209 0.288705363236575 0.321799493141762 0.35569331559759 0.388886571620603 0.42479204450463 0.465769976289536 0.50503246278024 0.535781917946337 0.555991426923846 0.560119184406629 0.562280966039562 0.546626468619421 0.520144280586277 0.49673033797927 0.471995551905509 0.45102199411023 0.425318888436002 0.388327491674977 0.338841831237182 0.28709836695776 0.225498332372266 0.164896569259106 0.125799909684657 0.100397780163248 0.0838113719464068
-9999 -9999 -9999 -9999 -9999 -9999 -9999 -9999 -9999 -9999 -9999 -9999 0.0779832616997088 0.111623772260051 0.145115547557757 0.171567770181543 0.171208527158268 0.141107654536983 0.114559196628709 0.131364651948985 0.22347488862041 0.284775364550394 0.296683414922997 0.292900951355814 0.285158350725328 0.269879040605448 0.260861770740053 0.255550691761694 0.253666064452036 0.255242494328358 0.264985689920188 0.284914970810744 0.312900070167119 0.342588698077016 0.37316992643819 0.409245197899093 0.452609712109467 0.499004189345959 0.541793128406849 0.576686097403271 0.602960843557855 0.622629628450077 0.626647188470595 0.614435851255949 0.597758086782044 0.579639178904153 0.558352457181002 0.531623899107161 0.498115224193916 0.455825389287071 0.412401395922862 0.360320072016757 0.309367784677674 0.27101022471683 0.242173870750384 0.216902449213653
-9999 -9999 -9999 -9999 -9999 -9999 -9999 -9999 -9999 -9999 -9999 -9999 0.10019334764682 0.0897159801139082 0.112190350042302 0.154482570199174 0.129196775917051 0.118298640668599 0.116475766041156 0.116339158841947 0.147902430410284 0.221604483206673 0.316298761256287 0.354460523947234 0.328322583955655 0.31574364734565 0.278224446527624 0.259606403833385 0.254030431578564 0.252484439917321 0.262454726145561 0.277745252545414 0.300378905313502 0.326613706849143 0.355996007150699 0.38857614916715 0.432785824492608 0.481867760633008 0.532230263793103 0.579520288390851 0.625426875704241 0.669496733718011 0.703874087713115 0.708585567541468 0.694998234990929 0.682501339013306 0.646363779289107 0.615428309525442 0.588031030938305 0.558493229557017 0.529405766721659 0.497259523444342 0.462114730333561 0.429612442542179 0.391642112175153 0.362705617113847
-9999 -9999 -9999 -9999 -9999 -9999 -9999 -9999 -9999 -9999 -9999 -9999 -9999 0.0955273208907281 0.0950222591769009 0.112032133493931 0.0963457662830556 0.102489066156846 0.109364174143572 0.118237380223128 0.138321159376698 0.147615969154044 0.240689783158868 0.392466453239811 0.444426426577525 0.416488056699092 0.358768639439362 0.298555257296306 0.254888957125837 0.252615958669639 0.257444912495598 0.271386115210334 0.290184474621951 0.312784220582886 0.339555063449824 0.371149402800077 0.412295332092357 0.459027251426365 0.511254957162895 0.564308271163078 0.624112188221881 0.68918576332127 0.744817584101451 0.768734956555098 0.761417873792888 0.740119890457349 0.70503845223279 0.675153807669293 0.654166492434168 0.644009551953324 0.635590759194 0.615229296686464 0.592004486497052 0.566688810461515 0.535866343187529 0.511547400493597
-9999 -9999 -9999 -9999 -9999 -9999 -9999 -9999 -9999 -9999 -9999 -9999 -9999 0.108374228376159 0.0941517131567001 0.0949424223917058 0.0841433796835677 0.089331992795538 0.0936572559742164 0.104487804392696 0.118953301325675 0.127425920635941 0.0938940818403814 0.0794309790233979 0.142077959167113 0.421305139209173 0.433188822810894 0.382841229636878 0.308987738077524 0.273312843726218 0.259421178731317 0.279336456726728 0.284934448063506 0.303857050129672 0.328942020189516 0.353640373435435 0.39427972946594 0.439018829659103 0.489923505778784 0.5452521182002 0.603547372380592 0.681163960086798 0.752384412421576 0.796070343740845 0.802376711148339 0.777152104630887 0.751801243507907 0.714874825650624 0.698374692712362 0.710418334956688 0.716073078047494 0.706473682246469 0.690956636802965 0.672377831154938 0.646363557982827 0.637263035766985
-9999 -9999 -9999 -9999 -9999 -9999 -9999 -9999 -9999 -9999 -9999 -9999 -9999 -9999 0.0919765526057917 0.111262359406057 0.098271200302395 0.0824627462224565 0.0850357785869646 0.104880182454351 0.125868171979046 0.13742758162628 0.140627910222953 0.138415915102651 0.116992906070631 0.0523241498841392 0.0502327602169142 0.324912988300484 0.474773616102291 0.447577013097008 0.358448750622166 0.325374900675295 0.315316182164072 0.307843318351458 0.325440475495232 0.348859725752988 0.383016096050543 0.426255673369155 0.476564743245449 0.53334092864757 0.593433384281425 0.664049062976376 0.734590829962553 0.789958348890076 0.817058497606666 0.814134406907844 0.791621761160034 0.764571410583689 0.750753646701704 0.758804065219541 0.768816901517752 0.763791961564097 0.752285129210211 0.737628529690951 0.715593750130006 0.704720969867412
-9999 -9999 -9999 -9999 -9999 -9999 -9999 -9999 -9999 -9999 -9999 -9999 -9999 -9999 0.11351222933632 0.106093622375453 0.111192436863598 0.0764320158978798 0.0744980726000695 0.106608655614485 0.132172937409559 0.142037691521769 0.142961267366415 0.142966149038443 0.142903835892756 0.142345768860368 0.134443042967965 0.0539743251420219 0.0819152116723134 0.189754819698914 0.442012273871047 0.413509651489172 0.360371662310033 0.32858276472751 0.325011344912195 0.339357908890584 0.366049539320441 0.403598935137448 0.453083001519128 0.518144225787001 0.585461488522757 0.653351185925876 0.714577995364102 0.769713590907655 0.815269651969259 0.828826110488257 0.820989768074475 0.80425895154793 0.794105716155564 0.799843541461329 0.804190003721087 0.798822824131321 0.787861483422038 0.774987916534522 0.753342514467952 0.739368045741223
-9999 -9999 -9999 -9999 -9999 -9999 -9999 -9999 -9999 -9999 -9999 -9999 -9999 -9999 -9999 0.10261324184811 0.101058249390405 0.0852196190842502 0.0655227488739906 0.0959759779700565 0.131904101849047 0.141829324708089 0.142938589648228 0.142965114312856 0.142966717081812 0.142967238504997 0.142960041330214 0.142917655464657 0.141663380933132 0.0916338781380479 0.0634979109940653 0.379909335413353 0.440371463847369 0.369977091646339 0.343734865827903 0.334973452711334 0.35448882911114 0.381473741954724 0.421763041366331 0.474809970069081 0.543694749265538 0.643733847814235 0.709946181359659 0.753031024746728 0.801074076642086 0.830921624445439 0.840495229803328 0.841210974938299 0.837014570834073 0.830372170522055 0.824676131807127 0.816509247877389 0.805613884994749 0.79245479070821 0.775993771210614 0.756996712473502
-9999 -9999 -9999 -9999 -9999 -9999 -9999 -9999 -9999 -9999 -9999 -9999 -9999 -9999 -9999 0.13447442141626 0.09630741810725 0.109799513357217 0.0669172307401662 0.0716429266849029 0.119498018424786 0.136731876742364 0.142259728846283 0.142875151361912 0.142962484977203 0.142968335453915 0.142968265557527 0.14296839483184 0.142967927711065 0.141580304719555 0.112187338836221 0.187551708087474 0.484582524503772 0.463621703055337 0.40477955243808 0.347568152152274 0.365732849344932 0.377970074395443 0.397330310007362 0.410093253201246 0.4315186366809 0.613668668864152 0.713851097658972 0.732846908122789 0.779630569123951 0.824650865288131 0.8461564894706 0.866116752959195 0.862969566269006 0.840371237304897 0.8174287637965 0.808281648112316 0.805652119936351 0.798265681064753 0.787122357212518 0.777371944780455
-9999 -9999 -9999 -9999 -9999 -9999 -9999 -9999 -9999 -9999 -9999 -9999 -9999 -9999 -9999 0.129810979914876 0.161098082307663 0.103530941270644 0.112343341489135 0.0671502494799703 0.0777337812378752 0.107074357587308 0.128878910857985 0.138105438849293 0.1417016073236 0.142644884687287 0.142922554766839 0.142960805487319 0.142944589706307 0.1423902130276 0.136663795273406 0.142925276055154 0.436384215690397 0.618795792130645 0.549285272947174 0.463543801807613 0.431805064363777 0.418803421776128 0.416416191281488 0.392854868700951 0.403694191020269 0.615799639559298 0.72390248775586 0.720397441789407 0.747284917063058 0.79668945050842 0.84070447088942 0.87052902871349 0.870277186907611 0.840655684655479 0.800921448324297 0.793460917827073 0.785626045666917 0.785490448280071 0.795862281464112 0.784355301005499
-9999 -9999 -9999 -9999 -9999 -9999 -9999 -9999 -9999 -9999 -9999 -9999 -9999 -9999 -9999 -9999 0.159260409522065 0.125815222011646 0.106587373546755 0.131149258069263 0.101204453732753 0.0844422069961215 0.0968194077989008 0.112260310156802 0.122356481338952 0.129271060605544 0.138097872494661 0.1408073583451 0.14133637515811 0.141460273349456 0.139976902123302 0.135363250686462 0.229197978507695 0.530085261190274 0.671483704779526 0.626238921189742 0.5584162435 0.51555634696611 0.507280073773547 0.49719215161535 0.471966966052887 0.680509859059907 0.723267799222437 0.702203875306937 0.728099079588831 0.774605081312622 0.826669600348217 0.859726756394923 0.861288889020934 0.833124934440581 0.798423426636011 0.807471719251667 0.799165424923765 0.803726734529938 0.815850973394688 0.786150131401846
-9999 -9999 -9999 -9999 -9999 -9999 -9999 -9999 -9999 -9999 -9999 -9999 -9999 -9999 -9999 -9999 -9999 0.163382195991879 0.177843245179667 0.0994705434024075 0.149231837072286 0.113935155046592 0.0660443655333104 0.0711565463011032 0.0813383503678419 0.0954200122832244 0.110332712324065 0.120769573237937 0.128330008246559 0.137556889772411 0.140791210695823 0.138974488887674 0.137237867163809 0.157651176531374 0.413256437030661 0.73301909210921 0.719545443311488 0.661661626193856 0.628045589057074 0.654752526707611 0.704917489071025 0.724434880599749 0.71430943764505 0.711656083957954 0.736466014220436 0.771643510221396 0.802215430539879 0.811741827047639 0.812385605307021 0.813168274171413 0.808515445179323 0.836736251104143 0.869954818425142 0.886534961772652 0.877620187014045 0.849193259930956
-9999 -9999 -9999 -9999 -9999 -9999 -9999 -9999 -9999 -9999 -9999 -9999 -9999 -9999 -9999 -9999 -9999 -9999 -9999 0.181064184859245 0.0823127924913216 0.114335153369636 0.111050638417855 0.0661814270662943 0.050505922995411 0.0611066626052723 0.0752333860131858 0.0914889062171189 0.103872066332611 0.126115992590459 0.139131843375955 0.140532926657917 0.141004331030112 0.13790058370431 0.145075205761619 0.412042832816721 0.666113976095106 0.781325629196051 0.732934294377664 0.704071215449852 0.673898315873446 0.696977709314049 0.704603158034076 0.717059333347341 0.737932554150475 0.755388136969909 0.774783138100496 0.778484719561764 0.783458399454499 0.796846382868403 0.79793258543913 0.854405500503248 0.911025883074902 0.93920343359304 0.936480060577005 0.907326857294438
-9999 -9999 -9999 -9999 -9999 -9999 -9999 -9999 -9999 -9999 -9999 -9999 -9999 -9999 -9999 -9999 -9999 -9999 -9999 -9999 -9999 0.172232467859936 0.137633567168864 0.123684329726114 0.0900476825650161 0.0535010110415093 0.0570550331377422 0.0735939522513272 0.0878912590771523 0.104476041450793 0.122327805506973 0.137245690198228 0.142182686820347 0.142173481449649 0.138703495861814 0.126575587135551 0.213195697406305 0.643526804501549 0.810407998798973 0.788615364604966 0.716381096247784 0.687739060833024 0.694558060706635 0.707723773057322 0.726687698406328 0.747665329446595 0.771947284039527 0.795590466699541 0.816192187284819 0.823263700493229 0.844228774737404 0.895485028900138 0.949654227185122 0.975009790247346 0.974060584085234 0.959266398933507
-9999 -9999 -9999 -9999 -9999 -9999 -9999 -9999 -9999 -9999 -9999 -9999 -9999 -9999 -9999 -9999 -9999 -9999 -9999 -9999 -9999 -9999 -9999 0.156943163263771 0.126931955112923 0.101102110995786 0.0644281061743652 0.0608076433598874 0.0743373458020567 0.0822527698607131 0.093180434582164 0.121840984995861 0.139861853249557 0.14201853237373 0.141692378322172 0.140233222812014 0.131519024011703 0.216334064383826 0.566854563206995 0.782056066108415 0.740529710971181 0.676992200084093 0.651108703445042 0.661230483316996 0.692878346313141 0.731319713631446 0.769192132552326 0.80825810043982 0.836906092122087 0.85378784524501 0.88413621255329 0.933023131078998 0.979004908064431 0.997494162637208 0.994755177289599 0.982120224557286
-9999 -9999 -9999 -9999 -9999 -9999 -9999 -9999 -9999 -9999 -9999 -9999 -9999 -9999 -9999 -9999 -9999 -9999 -9999 -9999 -9999 -9999 -9999 -9999 -9999 0.119086686829487 0.121812407473449 0.0859841904951688 0.0771704023068586 0.0788564588936745 0.077851616013011 0.0886145456145017 0.115306949919462 0.131450418654493 0.1397398768754 0.141930463339484 0.139830119190231 0.140349406298552 0.201364473475204 0.613701976892628 0.764996662628732 0.685487449659118 0.598436512260937 0.596625815135374 0.6506114214401 0.70034550093356 0.754532967577836 0.793485917780934 0.832486843827388 0.871448584623253 0.901401900519659 0.959694980694864 0.996598675935523 1.00812897387103 1.00624153277734 0.989104086720652
-9999 -9999 -9999 -9999 -9999 -9999 -9999 -9999 -9999 -9999 -9999 -9999 -9999 -9999 -9999 -9999 -9999 -9999 -9999 -9999 -9999 -9999 -9999 -9999 -9999 0.153860921470919 0.128274309536328 0.131001502537774 0.12189521316432 0.112195121708608 0.105083534839734 0.0939666321826668 0.0859448715770013 0.0954847423512876 0.12038139770795 0.135121489187599 0.135851455978679 0.138996607176862 0.173011856943987 0.504679996088465 0.824874458831284 0.754791254965725 0.617234240596644 0.577847798575989 0.620355104480979 0.679741932269899 0.740807231007436 0.79210615702227 0.842272112562862 0.891400604160507 0.935290388909877 0.984073564146108 1.00976979670055 1.01885356296147 1.0133019066324 0.993522222652888
-9999 -9999 -9999 -9999 -9999 -9999 -9999 -9999 -9999 -9999 -9999 -9999 -9999 -9999 -9999 -9999 -9999 -9999 -9999 -9999 -9999 -9999 -9999 -9999 -9999 -9999 -9999 0.11847279914375 0.12350015993605 0.145524442627277 0.138695088323496 0.127765741836746 0.116268118147352 0.0985884749284935 0.0835112305715932 0.0896585228531315 0.112534737415336 0.127715692187058 0.16227901962483 0.451306961838943 0.891247619673413 0.861902604851604 0.673643392365367 0.586046018374382 0.620014793524343 0.676094693751692 0.734165672103384 0.803951408746071 0.862846330618898 0.91746578870488 0.965295507670066 0.997479946059545 1.02046620345464 1.02861038573048 1.01739660688606 0.993303521050575
-9999 -9999 -9999 -9999 -9999 -9999 -9999 -9999 -9999 -9999 -9999 -9999 -9999 -9999 -9999 -9999 -9999 -9999 -9999 -9999 -9999 -9999 -9999 -9999 -9999 -9999 -9999 0.129314444605932 0.0755479858478858 0.139571830594007 0.144971496396352 0.138043447988633 0.131395207586758 0.120679180982863 0.0982241993617513 0.0832585001585563 0.0890409240179863 0.112217527619181 0.152775404580366 0.388114775685046 0.846313634145161 0.936391999852761 0.770196361843504 0.6439356722961 0.626119201808017 0.659992659292915 0.71586267876287 0.788271135667831 0.852631518386924 0.91459806442739 0.96236219845564 0.991316614991336 1.00909454478497 1.01697365866345 1.01236517331627 0.998924827590626
-9999 -9999 -9999 -9999 -9999 -9999 -9999 -9999 -9999 -9999 -9999 -9999 -9999 -9999 -9999 -9999 -9999 -9999 -9999 -9999 -9999 -9999 -9999 -9999 -9999 -9999 -9999 -9999 0.0504932103211902 0.112544738347966 0.144956956587214 0.1409269037558 0.134721649144496 0.128423600745314 0.112595879882408 0.0925290483713461 0.0835975531624774 0.102156566528752 0.140494805274442 0.334063366467446 0.790361141220965 0.972400647488383 0.814842211149825 0.674265984847182 0.640032160901797 0.616707748636983 0.681213210622569 0.742891524219235 0.809966465577621 0.892933750930926 0.947923022750545 0.977862162693293 0.965067279822887 0.96898321640583 1.00020097193143 1.00798844538396
-9999 -9999 -9999 -9999 -9999 -9999 -9999 -9999 -9999 -9999 -9999 -9999 -9999 -9999 -9999 -9999 -9999 -9999 -9999 -9999 -9999 -9999 -9999 -9999 -9999 -9999 -9999 -9999 0.0527152620725359 0.0937254897240651 0.142002615377427 0.142427908059307 0.136398511003296 0.131671840734309 0.117677133699099 0.0967115391922182 0.0851353192532428 0.102308231993408 0.136277206784412 0.291446364230553 0.717962822678389 0.967376113110229 0.830908805022505 0.671211497589008 0.630613708966168 0.648267828555534 0.668684757535261 0.695306986612497 0.756758944531439 0.865193861337995 0.939524406754921 0.971044515156321 0.949675479183558 0.955464305686369 0.991317686911073 1.01923558998756
-9999 -9999 -9999 -9999 -9999 -9999 -9999 -9999 -9999 -9999 -9999 -9999 -9999 -9999 -9999 -9999 -9999 -9999 -9999 -9999 -9999 -9999 -9999 -9999 -9999 -9999 -9999 -9999 0.0579175972849879 0.0865831592127068 0.143419573554585 0.14392867157201 0.137202544846683 0.133275800586031 0.116336593820555 0.0966945513935808 0.0888928339312157 0.108402969911888 0.132219695866482 0.258732135011299 0.6466099880889 0.942569615986312 0.796233919648764 0.618931476895102 0.567875772827626 0.567095032791684 0.646710853597903 0.6637735578979 0.706251113430664 0.843798775252552 0.944296731717517 0.958351595737435 0.938616670979638 0.957219500251628 1.00389994668859 1.02697374531764
-9999 -9999 -9999 -9999 -9999 -9999 -9999 -9999 -9999 -9999 -9999 -9999 -9999 -9999 -9999 -9999 -9999 -9999 -9999 -9999 -9999 -9999 -9999 -9999 -9999 -9999 -9999 -9999 0.0624936961286817 0.0924278053370855 0.151416502749661 0.143924494329604 0.135415001973243 0.13062072732535 0.113057641611967 0.0895771065452544 0.0924820536365897 0.116290407176474 0.135333029496151 0.245846762313077 0.63427817285983 0.892129705210002 0.746259714564923 0.559657676396934 0.490693833017679 0.507912125558819 0.591515775623421 0.677846246261364 0.742293891853069 0.816333113484231 0.885178494192279 0.922763438609264 0.949114771735225 0.990104117927503 1.02990659641808 1.04832287789886
-9999 -9999 -9999 -9999 -9999 -9999 -9999 -9999 -9999 -9999 -9999 -9999 -9999 -9999 -9999 -9999 -9999 -9999 -9999 -9999 -9999 -9999 -9999 -9999 -9999 -9999 -9999 -9999 0.0689287085953466 0.105860646329356 0.161407046551956 0.142526601751012 0.134268643482928 0.129156915915893 0.109429149091149 0.0876855676308679 0.0987312892923672 0.124718831031681 0.137590552498696 0.248310122261476 0.639497219998972 0.846802104734214 0.670394682596513 0.490438962700715 0.432242813857396 0.433823269150302 0.527155319877621 0.629213140879797 0.721283107791007 0.783177462377862 0.794866056499245 0.891899293076813 0.958644292332015 1.0108043998651 1.04959817967826 1.06058871698696
