data/03_saidas_enm/CCSM_Maha_0k_B.balansae1.asc
NCOLS 154 
NROWS 168 
XLLCORNER -112 
YLLCORNER -55.5 
CELLSIZE 0.5 
NODATA_value -9999 
[rows 100 to 124 of 168, columns 56 to 111 of 154]
-9999 -9999 -9999 -9999 -9999 -9999 -9999 -9999 -9999 -9999 -9999 -9999 -9999 -9999 -9999 -9999 -9999 -9999 -9999 -9999 -9999 -9999 -9999 -9999 -9999 -9999 -9999 -9999 -140.678936530119 -122.048738109436 -115.638478802185 -131.588854839136 -143.528035602776 -147.132198457457 -138.371650314214 -119.372713290242 -93.4292681324046 -86.9713491163762 -60.0123134288573 -16.9032541281532 -3.59311027905341 -5.75007016334128 -15.5164492940157 -21.6706409298708 -25.7379166789349 -23.8029532728601 -13.7818357809454 -5.7868475066787 -2.50062426979952 -0.847419790803931 0.236082942651201 0.805266241494574 1 0.819955809319699 1 0.807014173885705
-9999 -9999 -9999 -9999 -9999 -9999 -9999 -9999 -9999 -9999 -9999 -9999 -9999 -9999 -9999 -9999 -9999 -9999 -9999 -9999 -9999 -9999 -9999 -9999 -9999 -9999 -9999 -9999 -144.562127472964 -122.167275445153 -117.019469151963 -137.064814944939 -148.332819877758 -145.402713031331 -128.977050076752 -110.513345218223 -86.7640813349296 -86.8774587722022 -59.2082608523628 -13.6334649803664 -2.25877085681745 -7.1859266815103 -17.3513975555211 -23.1308442528304 -27.2823807392051 -25.396556588441 -13.7055874104132 -6.14466007501459 -3.68907368147497 -1.70633993755253 -1.19928388106243 0.230867930998526 0.745825876307612 0.7660061045651 1 1
-9999 -9999 -9999 -9999 -9999 -9999 -9999 -9999 -9999 -9999 -9999 -9999 -9999 -9999 -9999 -9999 -9999 -9999 -9999 -9999 -9999 -9999 -9999 -9999 -9999 -9999 -9999 -127.557381684034 -150.23223379166 -136.362929879451 -131.307781767208 -143.362887356676 -144.035785622524 -132.651467710881 -116.415924517694 -92.1980203358711 -79.8953037464536 -78.3944364042517 -49.5793043726795 -10.2958158070289 -1.93970964832777 -10.3520402245916 -17.9003809315487 -23.4735725783536 -28.3950346306152 -26.1353177313016 -15.8749813466784 -7.73761882820165 -4.45243346392454 -2.73312638747836 -1.53675343637511 -0.478657576498858 0.325331484963085 0.693488131103704 0.805216871016683 0.842919349105586
-9999 -9999 -9999 -9999 -9999 -9999 -9999 -9999 -9999 -9999 -9999 -9999 -9999 -9999 -9999 -9999 -9999 -9999 -9999 -9999 -9999 -9999 -9999 -9999 -9999 -9999 -9999 -136.116981065222 -164.220281146563 -152.488929833134 -149.09976135867 -155.504876842153 -144.115160204083 -123.181528185709 -100.893305828603 -83.2512466951889 -75.8588627253037 -72.6267910113298 -41.6296263604806 -7.91372010979438 -3.32486576563861 -13.9185090047182 -21.7710089638979 -26.749934236376 -31.8675937526416 -30.0747401458836 -19.8981370644638 -10.5279467812059 -6.12742512890359 -4.0160502449309 -2.49363600675865 -1.29046864584234 -0.491898051824396 0.134551374788044 0.271538316999156 0.581095032699184
-9999 -9999 -9999 -9999 -9999 -9999 -9999 -9999 -9999 -9999 -9999 -9999 -9999 -9999 -9999 -9999 -9999 -9999 -9999 -9999 -9999 -9999 -9999 -9999 -9999 -9999 -9999 -144.942361450879 -178.565329257348 -173.694837379473 -168.361941490835 -167.54641370805 -147.477157449975 -116.218121209505 -90.0524280433216 -79.7161706081123 -76.4185437629143 -62.2711386022009 -30.6539275779817 -6.778714221022 -4.60442321186912 -18.6563428875902 -28.7123272933745 -33.3023970405475 -35.4605402702672 -34.1235635385015 -23.1325214683419 -13.8390017823089 -8.67306694389919 -5.66622046029317 -4.03232534690839 -2.46621297457229 -1.5009636165703 -0.866047840298908 -0.433490697604155 -0.0217576927867407
-9999 -9999 -9999 -9999 -9999 -9999 -9999 -9999 -9999 -9999 -9999 -9999 -9999 -9999 -9999 -9999 -9999 -9999 -9999 -9999 -9999 -9999 -9999 -9999 -9999 -9999 -9999 -152.996586640663 -192.553973661649 -191.393685902994 -188.549846488296 -185.414413448423 -153.859903507258 -114.281328932451 -84.5245323911559 -85.2880067235046 -84.8816757550097 -64.8403646966399 -29.1891898773416 -6.43403183920541 -6.9110356761657 -22.9700325153684 -34.8393097403985 -37.1113583161842 -36.289603165996 -32.6052006454938 -22.2141308043592 -14.6542071951432 -9.66215840526229 -6.24456845521635 -4.60218153484743 -3.20306524389562 -2.47442497950918 -1.80794045150903 -1.08225542905124 -0.54937880387303
-9999 -9999 -9999 -9999 -9999 -9999 -9999 -9999 -9999 -9999 -9999 -9999 -9999 -9999 -9999 -9999 -9999 -9999 -9999 -9999 -9999 -9999 -9999 -9999 -9999 -9999 -9999 -156.877954978984 -199.67558888753 -208.410135875622 -209.803574097993 -201.966388659821 -164.618907421533 -113.199136213991 -83.7383226436191 -100.280233307351 -105.214813866508 -81.150426559982 -35.8062529186537 -7.5215191713778 -8.17885376552274 -26.289811393783 -36.770017574007 -38.6321057783996 -33.5500886384299 -24.9622279631163 -19.6641935823347 -13.2806933474592 -9.25890975260154 -6.54952182751588 -4.85116625776023 -3.86407685871459 -3.09727079276764 -2.37633859277968 -1.73342445857797 -0.894344920612955
-9999 -9999 -9999 -9999 -9999 -9999 -9999 -9999 -9999 -9999 -9999 -9999 -9999 -9999 -9999 -9999 -9999 -9999 -9999 -9999 -9999 -9999 -9999 -9999 -9999 -9999 -9999 -154.572172884875 -201.673954042973 -228.799279814357 -239.971380849536 -223.988179256123 -174.734634054748 -110.829175407783 -84.589921387793 -122.120266298273 -134.501180737063 -102.546530525448 -44.5633067026608 -8.15655643035917 -10.0469145689246 -29.4021583550709 -39.8077759181861 -41.4559344796232 -35.1344114038382 -26.3191895159568 -20.5007064980025 -14.6541589327651 -10.1459643890204 -7.27689642693403 -5.86202831085544 -4.84262195654995 -4.02010505114098 -3.12306353344752 -2.41957111993376 -1.64561133370292
-9999 -9999 -9999 -9999 -9999 -9999 -9999 -9999 -9999 -9999 -9999 -9999 -9999 -9999 -9999 -9999 -9999 -9999 -9999 -9999 -9999 -9999 -9999 -9999 -9999 -9999 -9999 -148.028146473968 -198.594998209271 -245.455467516247 -281.018232833951 -249.596931274918 -187.608527839275 -108.905768056735 -85.6211702072803 -161.054966992594 -168.547139686885 -124.564495583944 -53.0247545082805 -9.70079057490539 -14.4619763021528 -33.4686313957069 -43.4550700119511 -44.8401260153944 -42.0206996069178 -36.770747735256 -26.4074055231037 -18.7268322785474 -12.992543139166 -8.9884915234467 -7.39454962826583 -6.19364099374443 -5.1204225536563 -4.07129931640068 -3.23762927429339 -2.58149227124894
-9999 -9999 -9999 -9999 -9999 -9999 -9999 -9999 -9999 -9999 -9999 -9999 -9999 -9999 -9999 -9999 -9999 -9999 -9999 -9999 -9999 -9999 -9999 -9999 -9999 -9999 -9999 -144.334492343046 -197.905639630495 -256.24510279759 -288.476668856943 -256.200700874252 -180.704295692673 -97.1855776713682 -80.5634388742857 -162.478431812996 -178.890381073918 -123.714121212581 -51.872385813188 -12.209090742737 -18.2179402826105 -37.8045753192279 -47.3874672847924 -47.8898632748426 -45.171706763617 -39.5766910842151 -29.7362268959194 -21.7314417219015 -15.5257928083804 -11.0559214149133 -8.83837415608963 -7.34728383771411 -6.22081148247504 -5.05063768267038 -3.44442842504022 -1.72320861011688
-9999 -9999 -9999 -9999 -9999 -9999 -9999 -9999 -9999 -9999 -9999 -9999 -9999 -9999 -9999 -9999 -9999 -9999 -9999 -9999 -9999 -9999 -9999 -9999 -9999 -9999 -114.146424891516 -144.237188413467 -199.670467338296 -261.909138218157 -296.890995273943 -249.804232257754 -170.89880379199 -84.6096524363395 -70.4373708606936 -170.206184094349 -162.330384451072 -110.030948994084 -51.1605860164245 -17.5282577482644 -27.2660320791016 -41.2257835466042 -48.6291228431182 -49.1534914037173 -44.1467509322102 -38.1044664546338 -30.2700156457398 -22.5543384835234 -17.1656747805516 -13.008832590969 -10.3096583720133 -8.43268797722859 -7.18655879258261 -5.27147061875268 -2.77871661860982 -1.00102482652617
-9999 -9999 -9999 -9999 -9999 -9999 -9999 -9999 -9999 -9999 -9999 -9999 -9999 -9999 -9999 -9999 -9999 -9999 -9999 -9999 -9999 -9999 -9999 -9999 -9999 -9999 -116.764781378591 -154.288003163961 -214.821444670561 -270.926141608819 -279.053298731563 -227.791839830381 -143.361770869128 -68.2049661025597 -52.078050156226 -110.321105434724 -109.191967018856 -67.7873396636067 -37.5499953415228 -25.2493632697075 -32.7111897605764 -44.2525080223457 -48.1882316871305 -47.3827833989444 -42.9604356811623 -37.254085094399 -30.0971885054298 -23.5913045992358 -18.3689107347684 -14.1036297013904 -11.1625745350571 -8.98126921753231 -6.56208012891256 -3.90732498046644 -1.64710447255141 -0.142665169919982
-9999 -9999 -9999 -9999 -9999 -9999 -9999 -9999 -9999 -9999 -9999 -9999 -9999 -9999 -9999 -9999 -9999 -9999 -9999 -9999 -9999 -9999 -9999 -9999 -9999 -9999 -123.737304009314 -177.950782051058 -241.396448985444 -275.390161598263 -279.822914923796 -193.800803152062 -115.742799273883 -51.9108217830597 -33.8527513926536 -81.0924669468304 -64.3678021361254 -39.5062610625526 -33.8575316404316 -33.8257573859755 -43.8225044528786 -47.5717451015049 -48.7553040938029 -47.0093061190898 -42.0897239444131 -38.6101817778357 -30.7833186136139 -24.2425165607672 -19.4876238292279 -15.1147188749328 -11.9887667575786 -9.65333792473007 -5.42076515437045 -2.85818548967274 -0.912185189370915 0.399601529138112
-9999 -9999 -9999 -9999 -9999 -9999 -9999 -9999 -9999 -9999 -9999 -9999 -9999 -9999 -9999 -9999 -9999 -9999 -9999 -9999 -9999 -9999 -9999 -9999 -9999 -9999 -140.928326740726 -204.207405239641 -254.863251118163 -254.993844574059 -209.448119747347 -138.409296337291 -68.7834810167538 -25.1595912238967 -20.7490640485602 -47.0345479002952 -44.5025953285185 -36.1891941346673 -39.174423071491 -45.3002762267388 -50.2719415246148 -51.1606773861697 -49.4349318073283 -46.115211541778 -40.540121354016 -35.1043482505925 -29.3580733251383 -24.7557925562392 -20.6902481864163 -16.4619150892137 -13.1638522743474 -8.84980191306646 -4.83740335130087 -2.32302119246449 -0.52190265412894 0.591040375327237
-9999 -9999 -9999 -9999 -9999 -9999 -9999 -9999 -9999 -9999 -9999 -9999 -9999 -9999 -9999 -9999 -9999 -9999 -9999 -9999 -9999 -9999 -9999 -9999 -9999 -108.612166911828 -170.805319393694 -237.728237041712 -266.941847382152 -219.834160285015 -169.013481456198 -91.756674081691 -37.1359248981221 -11.1374996756504 -22.8613674812485 -55.069800065918 -47.636733776884 -42.7293098550009 -52.4008705627675 -57.1566123359234 -59.6938021792725 -56.4055444277817 -52.2303315275199 -47.3278109965938 -40.9525944155254 -36.1488217473302 -29.7073263544136 -25.4182251826725 -22.174662934918 -17.8725230187378 -14.0679770525547 -9.08730580796901 -4.70553118815485 -2.17279467771192 -0.434745351784743 0.437575057746581
-9999 -9999 -9999 -9999 -9999 -9999 -9999 -9999 -9999 -9999 -9999 -9999 -9999 -9999 -9999 -9999 -9999 -9999 -9999 -9999 -9999 -9999 -9999 -9999 -9999 -123.510182114374 -194.234798536682 -254.231437497132 -259.18734264035 -188.330261226297 -121.355961842393 -62.7796110167367 -22.6809651728006 -12.2913046354453 -30.4966090316728 -52.9133041477922 -55.7697631287881 -55.7363119470889 -63.7981991037244 -65.625002579587 -65.3027940948718 -60.7744852850792 -55.4425897778092 -50.0896375356067 -43.7828673002025 -38.2963060689094 -31.2244817358551 -26.8336698069571 -23.6182227264274 -19.4909560092563 -13.871494726152 -8.81685802728059 -4.96712858442036 -2.44467116043937 -0.603520119727281 0.345698565504163
-9999 -9999 -9999 -9999 -9999 -9999 -9999 -9999 -9999 -9999 -9999 -9999 -9999 -9999 -9999 -9999 -9999 -9999 -9999 -9999 -9999 -9999 -9999 -9999 -9999 -130.325860400006 -203.895762613952 -264.319886665881 -249.908919630111 -155.790088665625 -92.6708640395774 -48.8986860621596 -23.0668542068304 -24.096240382224 -42.0839329056983 -62.5166867894307 -62.5778206515796 -64.2272643188571 -69.1162255232975 -68.8999593361795 -69.0613454802271 -63.2134771388821 -58.0241208963121 -52.990056655801 -46.3281512130295 -41.1214707977331 -34.0385448556257 -29.3926513575575 -25.5459064302895 -20.6969992721063 -14.2245715000104 -9.27253726935256 -5.34985184233483 -2.69128778038911 -0.758737507336101 0.10564551742771
-9999 -9999 -9999 -9999 -9999 -9999 -9999 -9999 -9999 -9999 -9999 -9999 -9999 -9999 -9999 -9999 -9999 -9999 -9999 -9999 -9999 -9999 -9999 -9999 -9999 -115.593540548196 -189.865248294535 -240.286265680248 -215.141717267598 -129.261616307798 -69.2007830125815 -40.1412418961228 -33.0999678670116 -39.2315957587256 -52.9742489497871 -65.6710795372341 -65.910767645804 -63.9792556991475 -66.3754929112263 -66.995478455346 -66.1246112079038 -63.0018007373206 -59.8637524310074 -56.6426854218771 -51.4093745056664 -45.5405824834325 -38.1554096638748 -31.6416187013317 -26.9190629143635 -22.0250452193138 -15.3950360731113 -9.97022705828159 -5.78873709013492 -3.11552177093365 -1.18959407213584 -0.289583081517448
-9999 -9999 -9999 -9999 -9999 -9999 -9999 -9999 -9999 -9999 -9999 -9999 -9999 -9999 -9999 -9999 -9999 -9999 -9999 -9999 -9999 -9999 -9999 -9999 -9999 -97.6558246697876 -170.251020230149 -222.523689082499 -192.258686396344 -107.095993748215 -54.6866063167224 -37.6563561250567 -44.3476259234887 -52.7271914596554 -63.075662190675 -72.5906880530669 -69.2680974554705 -65.9944163578431 -66.8185972349487 -65.308017029885 -64.9234987081425 -64.1515542473306 -64.23970814771 -63.0619332957468 -58.0739309702339 -53.6132802389941 -43.1931289707845 -34.6084432714424 -28.9299098225399 -23.1106541372109 -17.3000791313607 -11.4340333026432 -6.74283414241748 -3.80870711353532 -1.73911817728992 -0.915057470948054
-9999 -9999 -9999 -9999 -9999 -9999 -9999 -9999 -9999 -9999 -9999 -9999 -9999 -9999 -9999 -9999 -9999 -9999 -9999 -9999 -9999 -9999 -9999 -9999 -9999 -89.6375073092369 -156.190849645815 -202.45683916958 -172.450798811433 -98.4715260604349 -52.6251829913066 -42.3786724869195 -51.1076588635959 -61.4218050580619 -71.0538583254909 -75.2706656638404 -71.1700167269181 -68.6198438402446 -68.7071057419187 -66.6693259794065 -66.0663433172689 -67.9804341584079 -72.6336651232604 -72.434977607417 -64.6058567125952 -55.4155288428653 -46.254501754588 -38.2352455191572 -32.0566668064637 -26.1710426829852 -19.1970214380485 -13.073581143767 -8.2876255051602 -5.16797736373186 -2.85143256622682 -1.88068632696403
-9999 -9999 -9999 -9999 -9999 -9999 -9999 -9999 -9999 -9999 -9999 -9999 -9999 -9999 -9999 -9999 -9999 -9999 -9999 -9999 -9999 -9999 -9999 -9999 -9999 -77.2179425686375 -143.047307808283 -197.790135073013 -168.541654817677 -93.3510050865622 -52.637767062859 -47.3296649151496 -57.742682003656 -68.2797396619017 -74.104717034736 -76.4382546367376 -73.1342153741561 -71.9212964212381 -71.6073852727328 -68.0239238380496 -67.4148434370867 -71.362749701734 -79.2928874885881 -78.9728072341876 -67.8353183981067 -57.8002461597829 -48.9952506098496 -41.2349722819058 -35.117139718349 -28.8571510755828 -22.0537748997102 -15.649882016058 -10.2713461796149 -6.78142724364648 -4.12322269743176 -3.15618200604904
-9999 -9999 -9999 -9999 -9999 -9999 -9999 -9999 -9999 -9999 -9999 -9999 -9999 -9999 -9999 -9999 -9999 -9999 -9999 -9999 -9999 -9999 -9999 -9999 -9999 -66.3871942363811 -131.837505603223 -199.372436264463 -173.084873243391 -98.6309840710602 -58.0475883634551 -54.8919001856221 -65.1964391155091 -72.8812111347412 -77.0494788799701 -78.0794128426406 -76.7037083860246 -76.6527920957502 -75.4141151985433 -70.2289573272573 -68.4641853208684 -73.3090460564213 -81.1533818951745 -80.8431682097623 -70.9362045481957 -59.8881279795041 -51.2602117377925 -44.4300655278172 -38.0969366777672 -32.397842890096 -25.1622961964144 -17.9819779709302 -12.3850384290594 -8.55177475202061 -5.8520645326566 -4.57406965663582
-9999 -9999 -9999 -9999 -9999 -9999 -9999 -9999 -9999 -9999 -9999 -9999 -9999 -9999 -9999 -9999 -9999 -9999 -9999 -9999 -9999 -9999 -9999 -9999 -9999 -52.0423135124914 -115.896717391556 -183.937747469639 -177.725089872782 -106.449917578937 -66.4053246779774 -62.7973891527805 -73.2097696347654 -78.4244714371072 -79.7536020705449 -80.2429645283424 -78.6803859520468 -78.7146252386118 -76.9615703922135 -70.1403105752657 -68.0774695908796 -73.1981436866947 -81.7588111497189 -82.2821613429256 -72.4683830039922 -62.4563346224384 -54.6501658038943 -47.6056042542286 -41.4345411657504 -34.8876568283015 -28.8093456625795 -21.9213763212556 -15.4606866155891 -11.7455009443897 -8.32827878241194 -6.77759799995274
-9999 -9999 -9999 -9999 -9999 -9999 -9999 -9999 -9999 -9999 -9999 -9999 -9999 -9999 -9999 -9999 -9999 -9999 -9999 -9999 -9999 -9999 -9999 -9999 -9999 -39.1439904321015 -101.817036311423 -163.918165146667 -174.177667598413 -115.933363317173 -81.4613174009093 -72.9763973505162 -80.7043027208936 -83.1568011489683 -81.7408363069713 -78.0612761256697 -78.6587763783925 -77.4012712156115 -74.486261851799 -69.4825812364508 -66.207149762177 -72.0690760205564 -81.4888803492505 -82.6408065038082 -74.7746285407161 -66.2961407156659 -58.2291673660618 -51.1741047935212 -44.2504012470958 -37.2785783869009 -32.2773823933619 -25.0721661769089 -20.0072378633177 -14.8143178638673 -10.1413381282991 -9.14932320911303
-9999 -9999 -9999 -9999 -9999 -9999 -9999 -9999 -9999 -9999 -9999 -9999 -9999 -9999 -9999 -9999 -9999 -9999 -9999 -9999 -9999 -9999 -9999 -9999 -24.0413015516908 -37.3920016821017 -84.9278229163909 -143.133024182712 -170.847527612692 -122.715641000386 -88.0292355603037 -81.5948614432139 -87.5815536613244 -88.2447055523403 -85.6295889954534 -82.3448564542009 -81.4332051478916 -79.9406823400187 -76.7626402181866 -71.0706735280704 -68.2159777812881 -72.6005735461557 -80.6694361277216 -82.0915312216088 -75.9587859990446 -68.2397609379785 -60.9308181220277 -53.9686087172885 -46.7188790228026 -38.8131339089653 -32.5767198891265 -26.9306601613375 -21.9979220562825 -15.6618697134817 -8.9714511821267 -6.50246528776712
