data/03_saidas_enm/CCSM_Maha_0k_B.balansae5.asc
NCOLS 154 
NROWS 168 
XLLCORNER -112 
YLLCORNER -55.5 
CELLSIZE 0.5 
NODATA_value -9999 
[rows 50 to 74 of 168, columns 56 to 111 of 154]
-9999 -9999 -9999 -9999 -9999 -9999 -9999 -9999 -9999 -9999 -9999 -9999 -9999 -1402.75860630286 -790.315490459735 -387.383520606358 -186.44954116728 -102.676048656481 -77.3821980511279 -66.9981336046447 -71.4029733681801 -65.744103464448 -77.2242785978409 -96.5958961034743 -135.318912836281 -177.296887421993 -221.091588469542 -299.455219390836 -370.766948873906 -452.911903136081 -514.269774526563 -446.919016230533 -352.548564936014 -235.625034184867 -120.152227206314 -53.2978655389895 -26.2595469143465 -18.8821741076191 -15.6075121680984 -12.3445684881622 -5.30346866492804 -7.29689776945026 -6.87076587888479 -9.20484603677004 -11.9274911875986 -9.20105803996105 -11.6010657929643 -13.5998747153773 -16.3811821789771 -20.7731805202371 -21.0482373175403 -27.7261238690968 -25.6873314349157 -24.9588691679203 -22.6466906891811 -18.1709613839595
-9999 -9999 -9999 -9999 -9999 -9999 -9999 -9999 -9999 -9999 -9999 -9999 -9999 -635.464600769447 -419.469761422962 -273.117918798915 -159.836239464389 -99.9314765136163 -77.3667130804729 -71.9061454373144 -72.3758067134494 -77.2576835819401 -85.587890875213 -102.999298195274 -134.408549670333 -175.271538950545 -234.110007429073 -310.557053116476 -399.054674833107 -499.356507518356 -555.532546241352 -519.140312764766 -420.558788618655 -286.773523621484 -158.457859640684 -83.7370761347666 -35.802686424769 -17.7698248513701 -13.4090781371051 -10.385134696027 -7.59760487846438 -8.15954322612562 -8.76962133320326 -11.6486935621026 -12.7753756562964 -10.8872254788579 -12.6135268433292 -14.5679377755965 -17.4797103502155 -22.1725554061461 -21.6194303511149 -21.3180160028256 -21.298457847599 -22.4362099959084 -19.4626762663178 -15.5647661637475
-9999 -9999 -9999 -9999 -9999 -9999 -9999 -9999 -9999 -9999 -9999 -606.604858535369 -407.649824886373 -285.970636702921 -204.151791090698 -191.636160145034 -142.114016086915 -100.283278311672 -88.444131727532 -88.9656649316613 -94.5781076045299 -104.147021958971 -123.076460057142 -151.136486194416 -197.979062025995 -250.170221086419 -320.893809245711 -404.844490571827 -493.991880021892 -593.249151254677 -646.288151288306 -574.48294541804 -458.825081409645 -317.346800631302 -179.73123701686 -99.3943473639308 -55.569464358072 -24.5434526085992 -16.5742606536333 -13.9062458878042 -12.1007664283725 -12.2451884502824 -11.971627144277 -13.5519081267402 -17.211804678358 -17.3602784280958 -18.9822911280241 -21.2169288389191 -22.1249776511405 -20.0251720118755 -19.4675413826384 -19.5501751776344 -20.3062682715486 -22.2767999352181 -17.7466146575031 -14.3512228256913
-9999 -9999 -9999 -9999 -9999 -9999 -9999 -9999 -9999 -9999 -538.043649012862 -338.146087794741 -200.824444634177 -161.586202608945 -172.256906610918 -176.470632269734 -158.37185046441 -125.884870393668 -111.58936482168 -114.230890861703 -121.019714170142 -144.750860209655 -177.137647531519 -216.241120742601 -268.053955618832 -331.956638161587 -411.875308743045 -501.617408522845 -591.093853770164 -664.953763401466 -687.454970024495 -600.070187048781 -463.550764318882 -316.935419660216 -188.012696601909 -106.1484136619 -65.5492983177719 -35.9849508032196 -23.2026042033585 -18.3627748859353 -17.3971113686898 -16.8155738343575 -16.4685847558804 -17.3000428328188 -20.4494270415552 -21.894904275838 -23.8635675066639 -24.4457724228847 -24.8765687729009 -24.1508737040379 -23.1566169856887 -23.8062646335159 -24.4208847620227 -26.4021097995169 -18.7858498205259 -15.5685696170649
-9999 -9999 -9999 -9999 -9999 -9999 -9999 -9999 -9999 -9999 -276.124699516892 -157.02481971276 -121.292122797034 -117.185784208177 -133.930762572006 -180.815983333164 -196.751447734322 -160.262369669121 -148.056947692004 -156.087124370534 -167.915811950365 -202.408782694088 -243.277213610148 -289.075146097278 -352.864806283811 -422.511172611941 -505.351093500388 -596.319451035348 -625.629443869759 -620.357455574479 -660.82282649567 -595.516330488889 -463.529503759845 -320.03373493446 -193.084517473942 -113.607394816965 -76.6172758199513 -51.1517010450115 -36.8033387497824 -27.8655961408053 -23.3169062923472 -22.1962313160828 -21.7674861967568 -22.3856425239835 -24.7024720156744 -27.2767665966023 -30.0765876245969 -30.9548719804815 -31.9247483628848 -33.6700001666116 -33.1277194791115 -34.8239280577765 -35.4222514992669 -34.9906909793859 -22.012613058568 -16.6909429108101
-9999 -9999 -9999 -9999 -9999 -9999 -9999 -9999 -366.639340799665 -209.339725379393 -126.738000003155 -97.1220487946854 -90.8061313682615 -100.701519763482 -124.365693132572 -160.591263517614 -196.935804227165 -200.167540552243 -192.975889290923 -216.636535580086 -252.558209806422 -283.719602817566 -316.405648486892 -365.473142872475 -438.597590829742 -463.117121452929 -486.048218350517 -486.720452812937 -499.335153479547 -517.608951018487 -515.425779391577 -493.768013305164 -452.301106733317 -325.450478026262 -211.296493824361 -133.086543911766 -91.0047519857459 -67.6963346116015 -54.8681460880162 -47.9834387002013 -43.5473048855224 -38.6831137007163 -36.96465982377 -36.493342512314 -39.2359567902838 -43.6466932129394 -50.0869573044062 -57.5347150347393 -61.9476708308466 -62.2142031496008 -62.4424170753885 -60.6165603500364 -60.8898790803013 -55.1000409760336 -29.6668846836114 -17.1731526762998
-9999 -9999 -9999 -9999 -9999 -9999 -9999 -9999 -259.603668015455 -130.430188203148 -64.3007315921126 -72.1255072139746 -87.7111988523112 -96.6834457847032 -114.208899763009 -144.879426767191 -166.798685031803 -199.928237772101 -213.645381770346 -244.438373796716 -285.572428244007 -306.64438327319 -328.274034737653 -335.393326006837 -353.029314063732 -368.630896479881 -378.044335348394 -393.538465083721 -396.948502129814 -393.227878125738 -387.596066273786 -375.891258931996 -363.393671920443 -341.354181739681 -233.161515177298 -160.232501054112 -118.420012137927 -89.4992131402685 -75.8704897118001 -68.821024849711 -66.1143775457193 -66.353411229577 -66.4347189856681 -68.3521415928751 -74.6320592182645 -79.7393336541301 -89.9935555256657 -97.6427556217757 -104.218406413166 -109.849144946176 -108.529797252694 -103.104164671585 -94.2966620433962 -74.5490421329676 -38.3949843130631 -19.6126677244268
-9999 -9999 -9999 -9999 -9999 -9999 -9999 -312.632885028847 -189.810857382249 -96.2391306001708 -58.103770363252 -74.4416966065056 -88.1611247321677 -87.9017262947082 -98.4867226008071 -129.079659163876 -143.239044708915 -164.141427984576 -175.139973904906 -207.474503322399 -242.109156259297 -253.545437505057 -266.938330452702 -273.103397530661 -286.63608270583 -303.361464476768 -305.268252185669 -303.79244066347 -306.506754129105 -308.128575679242 -308.853222530775 -302.152903341697 -293.300146349337 -280.205785084544 -265.375938517616 -201.839538561139 -156.546044434045 -125.920210544615 -112.673256080172 -111.48181512191 -111.929682829161 -118.565898754052 -125.170182379132 -128.99213396377 -135.953968081339 -145.902555366854 -160.100801142447 -170.680302020297 -178.643064086172 -178.574118880166 -168.642500687965 -154.005969171584 -131.270658988485 -93.7629207549667 -47.0569700784979 -21.7020303236944
-9999 -9999 -9999 -9999 -9999 -9999 -9999 -245.402875863979 -136.92405759129 -64.164314780142 -55.9903905973963 -78.6563010336114 -90.0022610927604 -81.4167932653925 -84.4669381399521 -102.99814177684 -115.896005121592 -133.55246527221 -144.04812635139 -161.351438030264 -185.525938443872 -200.307889507187 -214.7819836833 -215.585514961951 -216.632229415072 -226.980674212731 -228.038130837027 -236.140343381559 -234.631202811218 -225.753317542962 -227.114335246752 -225.804650846074 -232.421410040796 -234.002107872882 -234.380446622368 -245.310461928055 -211.203829964302 -187.038365562052 -179.867917735943 -186.390634588816 -191.940209699339 -207.255699769888 -216.261699049868 -224.754139374682 -243.215572092488 -258.089383047609 -275.864707749105 -271.55266503187 -261.241076342746 -236.459346301227 -215.683420864778 -186.363086417598 -159.960669646464 -113.449473905412 -65.2734434670192 -31.3689622011383
-9999 -9999 -9999 -9999 -9999 -9999 -307.997837906814 -178.565758908735 -91.6618450193285 -47.7185425389436 -59.1879457178861 -77.2819161505876 -83.8952090327574 -78.2649198574149 -73.9811364389949 -86.4639384789183 -90.9355033912159 -101.011452312083 -113.752245475541 -127.591146799335 -147.785178762407 -156.50731635199 -161.208892916794 -161.867547038298 -169.514801172827 -174.322082349458 -178.332223413185 -176.795274759594 -174.502352008771 -179.185526134233 -177.362034009738 -181.151965669189 -182.512086721382 -184.860204729632 -197.523405042794 -208.893612994377 -225.693300641763 -238.999477171701 -254.719359635538 -267.93551263318 -276.051181573632 -278.197458466987 -270.112199422899 -255.534591240864 -254.075428120528 -244.562498419851 -241.791049004472 -230.65611035646 -221.005360369457 -208.34516352102 -189.881420403973 -166.662941314403 -139.803686377486 -119.810719236082 -81.8284711415346 -46.6672189971537
-9999 -9999 -9999 -9999 -9999 -9999 -258.841965885058 -138.559820729487 -69.6824175832081 -36.833493130637 -47.528758313161 -66.2068642731052 -72.4581164154361 -67.7505159583588 -62.4361143879851 -68.875052471516 -76.3896835517155 -82.9249899447787 -91.4986856927265 -100.935338519367 -113.79090135198 -120.732348333238 -125.891873332892 -127.926985438867 -131.907468646889 -137.988159571818 -135.16211009914 -130.648554865514 -128.566309968112 -129.77958457597 -133.464198652102 -135.971378130018 -141.33620474937 -145.901717625088 -153.196647487031 -167.427228590171 -179.035740390042 -193.474692511813 -201.842840826903 -206.70252472704 -214.014735450119 -209.486087636582 -204.029199359004 -200.290765379521 -195.943377711704 -194.091477640261 -187.115438247227 -182.843278985253 -176.09811314258 -163.31539008849 -151.04668772006 -132.408335640763 -115.937557288497 -103.041204212333 -93.5183491884406 -68.7861242995954
-9999 -9999 -9999 -9999 -9999 -9999 -234.63003283738 -127.786269951575 -57.7531724498093 -31.2780689948951 -32.3878118705375 -50.4514851929435 -60.4604531145769 -58.3242886914737 -53.2948242773126 -60.765286190228 -64.7585441971391 -72.6072681473253 -79.3742935900878 -86.2280604799151 -96.5362205462217 -101.288791989408 -103.745606420391 -104.8895533983 -109.304092001652 -110.668260376625 -109.249729530788 -103.40639019793 -98.3703910505074 -103.218515267562 -104.379599552792 -109.604639694642 -112.55481555249 -117.234183398491 -125.799690599703 -133.379863848041 -144.310212905268 -151.827743345807 -157.983098057862 -163.093144689433 -162.004088166247 -160.548996741466 -156.810529043904 -155.857081695289 -155.909277650441 -151.453373208628 -148.738042387827 -141.123206075144 -135.027204799493 -128.378929062739 -117.503161858329 -108.960291989029 -97.945231227715 -87.4832573754153 -83.3747881205083 -79.9612486574775
-9999 -9999 -9999 -9999 -9999 -9999 -9999 -115.918354021802 -51.4284974624722 -28.056539668517 -23.9381841428207 -39.0822393710956 -48.5720746169374 -47.6423797511817 -43.8838109859353 -47.1821053424588 -52.5349023399129 -60.8568149932717 -67.0022211944471 -70.1359873112473 -75.7646673422544 -79.0135806985376 -81.5831775655225 -82.5330432123627 -83.0330527661351 -83.7037792399863 -81.0163804319944 -78.4211621264202 -75.4119059946367 -76.1113546928906 -79.4816020351623 -82.2500009880887 -86.6153834200325 -89.7828344031788 -93.508788191207 -100.299727812457 -105.855255872131 -112.139368741387 -115.255819916411 -114.734381140196 -114.700185492038 -113.282914742726 -113.379414335772 -111.605853756988 -107.975431489715 -106.90090695537 -101.791913964436 -99.0296478553653 -95.0865750584952 -89.0850511871031 -84.2093181070261 -78.032107620306 -74.1423462366396 -69.8262890606125 -66.5606313978787 -66.9237715598171
-9999 -9999 -9999 -9999 -9999 -9999 -9999 -9999 -45.9714607672188 -24.1320451900841 -19.9092029952088 -32.6501083569726 -40.8439306809248 -40.5825425134615 -37.2075978454587 -38.80142468183 -42.8264418514586 -50.6208414975554 -57.7665688635588 -59.7315902994163 -62.9625074140944 -64.4374093886844 -65.4600704203233 -65.7973857524972 -65.9121033609329 -64.9256221012672 -63.4954563176409 -61.3932066665158 -60.0808290911436 -61.0990551900595 -62.5365709633497 -65.8363006107453 -68.480315913185 -71.1846936388903 -74.8272681372101 -77.5100683125063 -80.8838737668914 -83.1530749304019 -84.8942272784894 -86.6070697960828 -85.82649401538 -85.7152150738078 -82.9438241682389 -86.2864272978456 -90.4062407632475 -94.8353566698373 -96.388227593534 -97.243839820965 -95.8936845751938 -90.903054577806 -85.867746411523 -76.3606027581568 -68.1876239405607 -60.4846987338571 -55.195315624489 -54.4098062865006
-9999 -9999 -9999 -9999 -9999 -9999 -111.156481719278 -59.4863786309652 -33.7149497674978 -20.0536561229594 -23.0435284521808 -32.4306737237958 -35.6858104702385 -34.0135015304722 -29.8990747904353 -29.4563462479264 -33.1739146387507 -40.1939469613296 -46.1140198108526 -49.3832989474241 -50.8604814094268 -50.9086725777446 -51.2779834772521 -51.1388110578589 -50.0850595030174 -49.4081107685629 -48.4245398588694 -48.0645137456909 -47.9555123343487 -45.7898180557312 -46.5438101752602 -49.6616999574885 -53.6999008874204 -55.3649245792169 -56.7631633854269 -58.6406884987524 -59.5025497980771 -60.9437356460342 -61.3928609710826 -63.7806702200681 -68.7678504443335 -72.5920948060055 -77.9523280751284 -82.862441626974 -86.0686873005048 -90.2029985601961 -90.6000535284893 -91.005709022624 -89.0353216713116 -83.4612271085943 -78.2344213594215 -69.6300400745833 -62.3265260072507 -55.9166293516668 -50.9675810863626 -49.314883087444
-9999 -9999 -9999 -9999 -9999 -121.246618092238 -58.721583547563 -36.0162262363586 -26.9213228574617 -20.3275837375134 -33.0389828989976 -35.2489898370744 -33.4185762718088 -29.9672025824816 -25.5806970050274 -22.5792287011744 -25.0485005619099 -30.4214067705023 -34.6879187894099 -36.5958308829878 -37.7523900651393 -40.3813109951531 -42.5524055642805 -41.7053787909482 -41.248302813427 -39.7052921477538 -37.616639732999 -35.3572691633157 -33.6309439172882 -33.1738613269433 -33.0519706909376 -34.0890879290602 -36.1522828307122 -38.8425507213604 -43.1179566945813 -46.5918436657066 -47.370476826284 -49.1708562697553 -52.204833868234 -56.9398194014202 -63.3907544957464 -67.7990701050236 -73.1935599588791 -77.9930397681984 -80.9640674178025 -84.9262534252061 -83.6667746871167 -81.9709464538299 -79.6128521160265 -75.375819002017 -70.903180536448 -63.6956854755625 -56.3564366091524 -51.5258017419065 -48.667778597286 -47.6002546432491
-9999 -9999 -9999 -9999 -9999 -67.7428282396135 -32.7732085724591 -31.4388640551893 -20.2424664020448 -25.3042491768966 -36.9156240588463 -42.3005329323802 -37.1843140571368 -29.9707824701332 -23.3205312036108 -18.3519038920584 -18.5601913484068 -21.4933457293477 -24.0314846985479 -24.2259381371685 -24.8263036572602 -26.1832468301764 -27.4453716096355 -27.9237729736217 -26.7473028310475 -25.6566961272187 -24.2297932899509 -23.2684526821564 -22.7332444727522 -22.7210053672616 -23.6107926807369 -24.7769605988747 -27.0578768628707 -29.8192248674766 -33.7434733617036 -38.6049899904778 -39.0241723968079 -41.0039032593683 -43.9504794276505 -47.9439781780012 -53.8958598820818 -58.4317055968458 -63.8813919874919 -68.152765511611 -69.9518712469738 -72.0739453395407 -70.7883959981869 -69.6197371179892 -67.5952058808198 -63.9556229412837 -60.9603593022872 -55.8640986970568 -51.8505945184993 -48.6241260121929 -46.3698820912406 -46.246278636204
-9999 -9999 -9999 -9999 -9999 -9999 -21.771645982801 -24.4114543944401 -21.0851478313973 -35.5292083578427 -51.1680990691374 -57.7805721824224 -50.6972493848924 -39.4758789003796 -29.1289919657239 -20.8732533914952 -17.549319306162 -17.0485756433434 -16.79441925792 -16.3928767325907 -16.5532220893232 -16.960888788063 -16.9995937059504 -16.7861385622234 -16.3322258905115 -15.8706455189928 -15.170880831079 -14.5414063216536 -14.4507573960843 -14.9518032174541 -15.9864427016733 -17.1930748494841 -19.16209807833 -21.5513354561566 -25.1789840324445 -30.7647759160964 -31.718700147305 -32.9951233607855 -35.1696023016914 -38.3200388839816 -43.9148187979348 -46.9850109374821 -51.6342416024813 -55.0666791575645 -56.1410826819562 -58.4329244344341 -56.3889614692843 -55.4549809883575 -53.9671130450629 -51.5556320309293 -50.9646382424742 -47.7077752498064 -46.3015971186058 -45.1176792221285 -43.9413994247042 -44.904343734015
-9999 -9999 -9999 -9999 -9999 -9999 -20.3119254348461 -21.6275089060471 -19.6379309146287 -49.0541382269943 -76.5113952095076 -81.9286224770026 -72.4637187623778 -56.8340561077918 -40.5941462116158 -29.0902703058451 -22.4397471901084 -18.5723197769088 -15.3969481163466 -13.7823575732224 -13.3183138360838 -12.7105513195322 -11.6705096407205 -11.1470179861612 -10.9874235362539 -10.9578009890965 -10.2666620553836 -9.58618700235474 -9.5869208029014 -10.1125316229075 -11.0980678955924 -11.7341670492524 -12.8438503119825 -14.6507619178058 -17.4730233082991 -21.815576537615 -26.2386347944901 -26.8832021965928 -27.7959285689396 -29.778838768771 -33.0273960617092 -35.7578177470289 -38.9117691153616 -41.4120475670586 -42.4692205508989 -43.4409253218187 -42.7298418524941 -41.9638299426854 -41.1671340873703 -40.077146768205 -39.764598132708 -39.5226767985592 -40.322553782046 -41.0171883035059 -41.9602082893712 -44.2832832909901
-9999 -9999 -9999 -9999 -9999 -9999 -28.9119345812735 -19.3952096810397 -18.9375654990649 -51.7633933450128 -101.237097265803 -108.186678601227 -97.4835379496111 -77.9629997385291 -55.8359476845615 -39.3439448908041 -28.9060766435563 -22.509135482836 -17.2475379347543 -13.7401498703476 -12.4779151581471 -11.4034718393431 -10.7898556856978 -10.1031251996699 -9.39290351672384 -9.17768354460458 -8.53192419392013 -7.8974955228551 -7.58688080731343 -7.51707530484324 -7.88311726204198 -7.70531599781273 -7.97107370340894 -8.76983018097002 -10.3722556008279 -13.7436615316998 -16.3879163810186 -21.1104494914363 -22.3681014802923 -22.4205830236757 -24.4756399860931 -25.3859204045525 -27.7700379915488 -29.4828672495841 -29.7355701683803 -31.281493216389 -30.5924183231662 -30.8270938213192 -30.8108765746072 -30.2724866443528 -31.2317675850991 -31.934010788861 -34.2757284630514 -36.374018948033 -38.4864950832916 -42.6936945636269
-9999 -9999 -9999 -9999 -9999 -9999 -9999 -9999 -26.0094946258864 -42.9884415497668 -95.8527983194603 -115.603746043254 -113.430752085643 -96.6815788719044 -70.9721713647262 -50.8496398032386 -34.9571081935773 -23.2916965246515 -17.236462553205 -14.7664602768436 -12.8555834283663 -12.3466604878826 -12.920464228294 -12.4945574518714 -11.0788422240193 -10.1365624205658 -9.58196078817908 -9.1967166417731 -8.53096204134561 -7.55534582553053 -6.7532994893703 -5.96095537468335 -5.19318557497192 -4.95806351090429 -5.62391231440796 -7.22675878286769 -9.05238565664742 -11.7281778013116 -15.5145294336653 -19.3325200803461 -19.0660362889977 -19.4268232766206 -20.2003904621635 -21.0782746742416 -21.8121135111573 -22.5762105213227 -22.9634892079682 -23.3337630498207 -23.9861521633153 -24.8239647970261 -25.9056742593738 -27.2968959318263 -29.3936362163858 -32.0084954751469 -35.2420758236303 -39.4144610441878
-9999 -9999 -9999 -9999 -9999 -9999 -9999 -9999 -33.6569171732691 -37.1253818645856 -76.6952191964731 -103.51365842302 -116.648184744161 -105.201459158376 -79.5969057922528 -58.1465175728082 -37.770589749223 -22.3613270849877 -16.5752404907754 -15.3669329489778 -13.9750789297985 -14.5434791448916 -16.4972824319081 -16.5123812968137 -14.5190850574632 -13.025031536751 -12.6561842218547 -12.5649618514697 -11.7041066609464 -10.0292219493434 -8.19015633492626 -6.77849154354685 -5.18556872893617 -3.97981860897409 -3.40241772787525 -3.50954376206806 -3.95788857340489 -5.15409872665521 -7.17312345074561 -9.9447194971941 -13.9988724127793 -16.7006990839876 -16.4627705291935 -16.448537406256 -16.395272688135 -17.1215668636214 -17.532946046539 -18.4579111089644 -19.6419321949796 -20.8426438766215 -22.2637228495836 -23.6264897077365 -25.8668566803017 -28.4362634599682 -31.662411857094 -36.0961573313052
-9999 -9999 -9999 -9999 -9999 -9999 -9999 -9999 -9999 -35.7510427241497 -38.763005762624 -75.7064495755769 -104.859849554542 -102.708321262481 -79.4047045761268 -57.0465280835292 -37.4188745980536 -21.3789257042872 -15.6546872288377 -15.9217465974885 -15.5449478924667 -17.2302822493761 -19.5276620283893 -19.8159131101508 -17.9938506511356 -16.5331307252663 -16.2909847958538 -16.5184893981977 -15.5818656671136 -13.6405143306095 -11.5957743935762 -9.48737158640172 -7.53768549607788 -5.49400105345026 -3.83649420768585 -2.75393045952894 -2.07631190452692 -1.90902038047292 -2.45232563926407 -3.81693819250637 -5.88014338188928 -8.14721078514091 -10.6311756012711 -13.5919216843663 -14.8862080742829 -14.6698441237982 -15.2619526338072 -15.8395591091747 -16.5704383268155 -17.755524454729 -19.0197220231514 -20.1801361545877 -21.5423622666584 -24.2013306914636 -28.3786137467515 -32.9833614248683
-9999 -9999 -9999 -9999 -9999 -9999 -9999 -9999 -9999 -9999 -35.626285282935 -63.3397439662351 -92.2402654634711 -94.7651391784021 -74.2134060461949 -51.4547833685913 -33.0732576523484 -18.7185711312268 -14.2406233341337 -16.0757284323493 -17.6382557743604 -19.8341044961388 -22.1786134168134 -22.7028389922957 -21.4894122125334 -20.2772725608655 -20.1861622281015 -20.4582035193723 -19.6558455234139 -18.1040279439343 -16.0239114389525 -13.6417594570075 -11.2514447592825 -8.82615368946321 -6.65325948061074 -4.70691789539585 -3.07371509794881 -1.83158080250493 -1.15956074356991 -1.1084785347683 -1.64302616122295 -2.6220531320497 -4.13069910605594 -6.25133389278351 -9.1205698615535 -11.9426431896678 -13.0784651653663 -13.5262963576431 -14.3632031490932 -15.2820280923493 -16.5446206114643 -17.377362149853 -18.4889788193598 -20.5798479117697 -23.6582678276498 -27.3664155418341
-9999 -9999 -9999 -9999 -9999 -9999 -9999 -9999 -9999 -9999 -9999 -65.2519635149485 -81.5724148224603 -88.7471204943742 -69.8757118816017 -44.6055077804359 -29.3522307913438 -15.8800843303106 -11.933957756671 -15.8809494236062 -19.790743292733 -21.9897970361172 -23.9549792072439 -24.5386520608078 -24.2355644183373 -23.9148719949876 -23.7837975031784 -23.8940377140459 -23.2009242910713 -22.140771395297 -20.5244203312714 -17.9558929038194 -15.6703021929106 -12.977429572835 -10.4911418971556 -8.23381582843828 -5.90649088103392 -4.12123358927553 -2.52102476720579 -1.38113008745506 -0.823717433602156 -0.700207927437425 -1.05439434274495 -2.08798588315957 -4.15574713976371 -6.16515186379741 -7.69099638582873 -9.00136534306473 -10.560430552383 -12.8232737784648 -14.848225306918 -15.2951367268933 -16.2573926513443 -17.58306003765 -19.3221711619542 -21.3947303939705
