data/03_saidas_enm/CCSM_Maxent_21k_B.balansae1.asc
NCOLS 154 
NROWS 168 
XLLCORNER -112 
YLLCORNER -55.5 
CELLSIZE 0.5 
NODATA_value -9999 
[rows 100 to 124 of 168, columns 56 to 111 of 154]
-9999 -9999 -9999 -9999 -9999 -9999 -9999 -9999 -9999 -9999 -9999 -9999 -9999 -9999 -9999 -9999 -9999 -9999 -9999 -9999 -9999 -9999 -9999 -9999 -9999 -9999 -9999 -9999 0.139085277915001 0.298730552196503 0.383223414421082 0.396943092346191 0.363665491342545 0.350600630044937 0.31647589802742 0.208055630326271 0.132612705230713 0.151261940598488 0.19575023651123 0.249918162822723 0.409700900316238 0.430755525827408 0.446019440889359 0.447168856859207 0.446378171443939 0.451519250869751 0.464938312768936 0.551534533500671 0.555674195289612 0.556180715560913 0.563077449798584 0.569104135036469 0.574667632579803 0.58180046081543 0.588771641254425 0.595523595809937
-9999 -9999 -9999 -9999 -9999 -9999 -9999 -9999 -9999 -9999 -9999 -9999 -9999 -9999 -9999 -9999 -9999 -9999 -9999 -9999 -9999 -9999 -9999 -9999 -9999 -9999 -9999 -9999 0.139386743307114 0.320578724145889 0.399935841560364 0.394188344478607 0.380095839500427 0.367106735706329 0.301504403352737 0.189045891165733 0.134233519434929 0.163507327437401 0.211308628320694 0.269027471542358 0.405824333429337 0.420149475336075 0.431992799043655 0.432945400476456 0.432438462972641 0.437574595212936 0.448659807443619 0.533806681632996 0.521942019462585 0.546050131320953 0.563744008541107 0.571261286735535 0.57426130771637 0.577281713485718 0.580366194248199 0.560737252235413
-9999 -9999 -9999 -9999 -9999 -9999 -9999 -9999 -9999 -9999 -9999 -9999 -9999 -9999 -9999 -9999 -9999 -9999 -9999 -9999 -9999 -9999 -9999 -9999 -9999 -9999 -9999 0.0806263014674187 0.144013538956642 0.327176690101624 0.422958940267563 0.393209040164948 0.377774953842163 0.348675519227982 0.273940533399582 0.167217254638672 0.139306753873825 0.176420360803604 0.230367004871368 0.303529232740402 0.406813830137253 0.407843053340912 0.41499862074852 0.415872603654861 0.416936874389648 0.421291589736938 0.434249222278595 0.525798797607422 0.516423285007477 0.534332275390625 0.552282631397247 0.555724620819092 0.564978659152985 0.566686153411865 0.553590774536133 0.536426424980164
-9999 -9999 -9999 -9999 -9999 -9999 -9999 -9999 -9999 -9999 -9999 -9999 -9999 -9999 -9999 -9999 -9999 -9999 -9999 -9999 -9999 -9999 -9999 -9999 -9999 -9999 -9999 0.0814689546823502 0.153119072318077 0.338543921709061 0.420677840709686 0.388354271650314 0.371643126010895 0.33776980638504 0.236947044730186 0.150041803717613 0.150420859456062 0.199953645467758 0.212309196591377 0.323176562786102 0.403039544820786 0.401342034339905 0.400169730186462 0.401167571544647 0.40289694070816 0.406327933073044 0.415800213813782 0.491251051425934 0.514133632183075 0.526057243347168 0.518626034259796 0.517712354660034 0.52943229675293 0.529852211475372 0.514608204364777 0.505621135234833
-9999 -9999 -9999 -9999 -9999 -9999 -9999 -9999 -9999 -9999 -9999 -9999 -9999 -9999 -9999 -9999 -9999 -9999 -9999 -9999 -9999 -9999 -9999 -9999 -9999 -9999 -9999 0.0859253481030464 0.182237684726715 0.351607501506805 0.397093713283539 0.367300778627396 0.354482769966125 0.308262974023819 0.196206450462341 0.136358484625816 0.169286802411079 0.195495694875717 0.203010812401772 0.356314569711685 0.411653697490692 0.399996370077133 0.392426520586014 0.391915082931519 0.391103506088257 0.39368462562561 0.401476562023163 0.433425188064575 0.481076747179031 0.484136313199997 0.467096358537674 0.475492775440216 0.471946835517883 0.470882534980774 0.471448332071304 0.467655837535858
-9999 -9999 -9999 -9999 -9999 -9999 -9999 -9999 -9999 -9999 -9999 -9999 -9999 -9999 -9999 -9999 -9999 -9999 -9999 -9999 -9999 -9999 -9999 -9999 -9999 -9999 -9999 0.096854530274868 0.222706362605095 0.36630642414093 0.364535391330719 0.335484772920609 0.32993021607399 0.290439009666443 0.166900843381882 0.147326782345772 0.193379536271095 0.179547727108002 0.209365472197533 0.380861669778824 0.410464614629745 0.394386470317841 0.38427072763443 0.383578062057495 0.382545292377472 0.383901864290237 0.389671176671982 0.415252923965454 0.452465027570724 0.466188937425613 0.451101541519165 0.451895236968994 0.436459898948669 0.43295019865036 0.439869105815887 0.440781444311142
-9999 -9999 -9999 -9999 -9999 -9999 -9999 -9999 -9999 -9999 -9999 -9999 -9999 -9999 -9999 -9999 -9999 -9999 -9999 -9999 -9999 -9999 -9999 -9999 -9999 -9999 -9999 0.114720270037651 0.250076472759247 0.337161958217621 0.315143346786499 0.298675179481506 0.298015117645264 0.259404897689819 0.147720813751221 0.169184461236 0.211182460188866 0.181853339076042 0.209775269031525 0.387832075357437 0.400446474552155 0.381821393966675 0.375147730112076 0.375588536262512 0.37516263127327 0.376752763986588 0.384119957685471 0.421782642602921 0.456714063882828 0.467867940664291 0.467633575201035 0.451125353574753 0.423703402280807 0.415914624929428 0.419175803661346 0.430459082126617
-9999 -9999 -9999 -9999 -9999 -9999 -9999 -9999 -9999 -9999 -9999 -9999 -9999 -9999 -9999 -9999 -9999 -9999 -9999 -9999 -9999 -9999 -9999 -9999 -9999 -9999 -9999 0.141760751605034 0.27166610956192 0.305887937545776 0.280323535203934 0.274320423603058 0.283652603626251 0.241439267992973 0.14745806157589 0.176879808306694 0.199294090270996 0.180994123220444 0.208940282464027 0.401402950286865 0.391914308071136 0.368391394615173 0.363525778055191 0.365558385848999 0.366531997919083 0.368081629276276 0.369628936052322 0.392838567495346 0.426618337631226 0.447760373353958 0.442193448543549 0.434974104166031 0.405586987733841 0.395495444536209 0.401138961315155 0.411807388067245
-9999 -9999 -9999 -9999 -9999 -9999 -9999 -9999 -9999 -9999 -9999 -9999 -9999 -9999 -9999 -9999 -9999 -9999 -9999 -9999 -9999 -9999 -9999 -9999 -9999 -9999 -9999 0.161425679922104 0.288069486618042 0.279775679111481 0.220490053296089 0.237371131777763 0.281419098377228 0.23578816652298 0.14850752055645 0.176194310188293 0.200607776641846 0.17920845746994 0.214874491095543 0.411825507879257 0.378621757030487 0.353759258985519 0.350467801094055 0.353472888469696 0.354710549116135 0.357482939958572 0.356568723917007 0.35508331656456 0.3652104139328 0.399112671613693 0.411715745925903 0.399293482303619 0.37398961186409 0.370160311460495 0.379213899374008 0.38787454366684
-9999 -9999 -9999 -9999 -9999 -9999 -9999 -9999 -9999 -9999 -9999 -9999 -9999 -9999 -9999 -9999 -9999 -9999 -9999 -9999 -9999 -9999 -9999 -9999 -9999 -9999 -9999 0.169128194451332 0.274890393018723 0.266142904758453 0.195322081446648 0.206916689872742 0.303433537483215 0.234261929988861 0.151843428611755 0.178252577781677 0.212838008999825 0.185658529400826 0.248379811644554 0.402463227510452 0.364387392997742 0.336795091629028 0.335820287466049 0.3387231528759 0.339782536029816 0.340368211269379 0.33816584944725 0.334955930709839 0.333064287900925 0.351825565099716 0.361899048089981 0.358463943004608 0.344805955886841 0.345351338386536 0.354237586259842 0.360161602497101
-9999 -9999 -9999 -9999 -9999 -9999 -9999 -9999 -9999 -9999 -9999 -9999 -9999 -9999 -9999 -9999 -9999 -9999 -9999 -9999 -9999 -9999 -9999 -9999 -9999 -9999 0.0835266411304474 0.186576306819916 0.263253480195999 0.253841012716293 0.176732912659645 0.202014237642288 0.294087171554565 0.273821711540222 0.166418865323067 0.182663559913635 0.202248603105545 0.216390743851662 0.339731574058533 0.378782838582993 0.33420792222023 0.315040975809097 0.317470759153366 0.320823401212692 0.318928211927414 0.319480240345001 0.316594898700714 0.310942560434341 0.309415370225906 0.311618089675903 0.319901555776596 0.324891984462738 0.317892223596573 0.323088586330414 0.329318761825562 0.332638382911682
-9999 -9999 -9999 -9999 -9999 -9999 -9999 -9999 -9999 -9999 -9999 -9999 -9999 -9999 -9999 -9999 -9999 -9999 -9999 -9999 -9999 -9999 -9999 -9999 -9999 -9999 0.113641574978828 0.221184745430946 0.259961932897568 0.193387046456337 0.179477214813232 0.217906057834625 0.283718258142471 0.265930593013763 0.186163201928139 0.195372551679611 0.200808078050613 0.285846829414368 0.409436851739883 0.337717145681381 0.303126484155655 0.288660049438477 0.291191190481186 0.294399499893188 0.29387891292572 0.292696356773376 0.292326182126999 0.290916800498962 0.291474193334579 0.289341688156128 0.292418420314789 0.296087890863419 0.294660478830338 0.299120992422104 0.302585422992706 0.302175372838974
-9999 -9999 -9999 -9999 -9999 -9999 -9999 -9999 -9999 -9999 -9999 -9999 -9999 -9999 -9999 -9999 -9999 -9999 -9999 -9999 -9999 -9999 -9999 -9999 -9999 -9999 0.167516201734543 0.223181322216988 0.251195251941681 0.16793467104435 0.170740962028503 0.240814059972763 0.312660455703735 0.292055130004883 0.206940397620201 0.206245109438896 0.236669450998306 0.371262162923813 0.347776263952255 0.305933624505997 0.264033943414688 0.260664850473404 0.26359698176384 0.267137408256531 0.267463952302933 0.264829576015472 0.270906448364258 0.273952126502991 0.276092678308487 0.271508395671844 0.269771814346313 0.272972881793976 0.27123498916626 0.276456087827682 0.275728970766068 0.273812532424927
-9999 -9999 -9999 -9999 -9999 -9999 -9999 -9999 -9999 -9999 -9999 -9999 -9999 -9999 -9999 -9999 -9999 -9999 -9999 -9999 -9999 -9999 -9999 -9999 -9999 -9999 0.20238108932972 0.202939659357071 0.189146146178246 0.155754432082176 0.196454524993896 0.268333703279495 0.333969563245773 0.378105968236923 0.281108260154724 0.260341852903366 0.350380033254623 0.368022203445435 0.304199248552322 0.277381598949432 0.263847976922989 0.246629416942596 0.241360291838646 0.245563939213753 0.247073993086815 0.25452709197998 0.254078239202499 0.257773667573929 0.260221421718597 0.255883902311325 0.251586377620697 0.249614149332047 0.249690964818001 0.254078477621078 0.252569139003754 0.248895063996315
-9999 -9999 -9999 -9999 -9999 -9999 -9999 -9999 -9999 -9999 -9999 -9999 -9999 -9999 -9999 -9999 -9999 -9999 -9999 -9999 -9999 -9999 -9999 -9999 -9999 0.232016161084175 0.222698122262955 0.179031267762184 0.126818582415581 0.156367227435112 0.217926040291786 0.287197351455688 0.387542366981506 0.424367308616638 0.368110746145248 0.310290992259979 0.344442516565323 0.321345746517181 0.25853231549263 0.262659639120102 0.278535753488541 0.25159165263176 0.242655336856842 0.2505222260952 0.271987497806549 0.300166815519333 0.262434422969818 0.242757901549339 0.243993759155273 0.23709474503994 0.233823820948601 0.23232589662075 0.228428512811661 0.23115436732769 0.226749762892723 0.2264504134655
-9999 -9999 -9999 -9999 -9999 -9999 -9999 -9999 -9999 -9999 -9999 -9999 -9999 -9999 -9999 -9999 -9999 -9999 -9999 -9999 -9999 -9999 -9999 -9999 -9999 0.232126086950302 0.233281925320625 0.173878565430641 0.119562059640884 0.158562526106834 0.230567589402199 0.287632673978806 0.37341120839119 0.386389225721359 0.324726939201355 0.280129343271255 0.281952798366547 0.291011154651642 0.250149667263031 0.243415385484695 0.252062261104584 0.239474594593048 0.235886216163635 0.245813682675362 0.275263637304306 0.281548500061035 0.253763943910599 0.225679829716682 0.227172121405602 0.222561225295067 0.216924220323563 0.212244048714638 0.205925479531288 0.207699418067932 0.205269172787666 0.202125325798988
-9999 -9999 -9999 -9999 -9999 -9999 -9999 -9999 -9999 -9999 -9999 -9999 -9999 -9999 -9999 -9999 -9999 -9999 -9999 -9999 -9999 -9999 -9999 -9999 -9999 0.238566562533379 0.237024307250977 0.134681731462479 0.113513328135014 0.16297459602356 0.240316420793533 0.276281267404556 0.32752126455307 0.340475857257843 0.281002402305603 0.225143238902092 0.231098860502243 0.246194154024124 0.232807263731956 0.230019003152847 0.22530423104763 0.220288500189781 0.215082749724388 0.221752494573593 0.2468241751194 0.264620959758759 0.230702936649323 0.210191160440445 0.211177244782448 0.206511259078979 0.201906397938728 0.197157725691795 0.189221993088722 0.184615612030029 0.181251212954521 0.181145399808884
-9999 -9999 -9999 -9999 -9999 -9999 -9999 -9999 -9999 -9999 -9999 -9999 -9999 -9999 -9999 -9999 -9999 -9999 -9999 -9999 -9999 -9999 -9999 -9999 -9999 0.209065541625023 0.217352718114853 0.128070771694183 0.109106473624706 0.151294559240341 0.217713266611099 0.24759703874588 0.266704052686691 0.29588195681572 0.242248803377151 0.203099623322487 0.206233561038971 0.224892839789391 0.204334527254105 0.212334558367729 0.220637530088425 0.204761296510696 0.190356001257896 0.192924365401268 0.191533952951431 0.192675814032555 0.19509644806385 0.198439195752144 0.20022539794445 0.194892957806587 0.188195794820786 0.182345300912857 0.174667879939079 0.170672491192818 0.165734365582466 0.164323166012764
-9999 -9999 -9999 -9999 -9999 -9999 -9999 -9999 -9999 -9999 -9999 -9999 -9999 -9999 -9999 -9999 -9999 -9999 -9999 -9999 -9999 -9999 -9999 -9999 -9999 0.191692814230919 0.196809470653534 0.126011684536934 0.0983193889260292 0.139282032847404 0.202695325016975 0.220447286963463 0.219770923256874 0.241596654057503 0.212259903550148 0.17879518866539 0.186943471431732 0.201083272695541 0.183415248990059 0.199635371565819 0.209867030382156 0.186904340982437 0.17767721414566 0.180411756038666 0.1775082051754 0.1768659055233 0.183422073721886 0.187488824129105 0.189040139317513 0.182402595877647 0.177005961537361 0.172214701771736 0.163625508546829 0.158557265996933 0.150025576353073 0.151299983263016
-9999 -9999 -9999 -9999 -9999 -9999 -9999 -9999 -9999 -9999 -9999 -9999 -9999 -9999 -9999 -9999 -9999 -9999 -9999 -9999 -9999 -9999 -9999 -9999 -9999 0.185650214552879 0.180942356586456 0.134471818804741 0.0898911356925964 0.125627368688583 0.181328386068344 0.197519838809967 0.197539255023003 0.214161723852158 0.195593908429146 0.169965863227844 0.176494270563126 0.192680835723877 0.177373990416527 0.181039437651634 0.182439982891083 0.159146383404732 0.160137206315994 0.16294452548027 0.165752872824669 0.168897271156311 0.172656565904617 0.174763754010201 0.176787823438644 0.17291371524334 0.167524591088295 0.161432221531868 0.153816312551498 0.149840340018272 0.141845270991325 0.139449462294579
-9999 -9999 -9999 -9999 -9999 -9999 -9999 -9999 -9999 -9999 -9999 -9999 -9999 -9999 -9999 -9999 -9999 -9999 -9999 -9999 -9999 -9999 -9999 -9999 -9999 0.183812767267227 0.174955889582634 0.125887393951416 0.0814927518367767 0.11528792232275 0.164953976869583 0.176932886242867 0.168579369783401 0.177564188838005 0.19164177775383 0.175501555204391 0.17958328127861 0.170675322413445 0.158868387341499 0.161564260721207 0.16029354929924 0.148471251130104 0.151402696967125 0.152161031961441 0.154556557536125 0.160443872213364 0.163954958319664 0.164693742990494 0.165958866477013 0.162228986620903 0.15965972840786 0.155117154121399 0.147272139787674 0.142842233181 0.13458439707756 0.131205886602402
-9999 -9999 -9999 -9999 -9999 -9999 -9999 -9999 -9999 -9999 -9999 -9999 -9999 -9999 -9999 -9999 -9999 -9999 -9999 -9999 -9999 -9999 -9999 -9999 -9999 0.17792883515358 0.167625993490219 0.117106147110462 0.0784356966614723 0.104532189667225 0.146518379449844 0.159827679395676 0.152838960289955 0.143244206905365 0.148636192083359 0.153897672891617 0.15241277217865 0.140660628676414 0.133819937705994 0.142532676458359 0.142198085784912 0.144584834575653 0.147996410727501 0.148983791470528 0.147500082850456 0.152120649814606 0.155224993824959 0.156431317329407 0.158077076077461 0.155598714947701 0.151754960417747 0.147870719432831 0.143005058169365 0.138911262154579 0.13127863407135 0.124176770448685
-9999 -9999 -9999 -9999 -9999 -9999 -9999 -9999 -9999 -9999 -9999 -9999 -9999 -9999 -9999 -9999 -9999 -9999 -9999 -9999 -9999 -9999 -9999 -9999 -9999 0.172303423285484 0.161958426237106 0.113072894513607 0.0773188471794128 0.0970483124256134 0.131341904401779 0.144608989357948 0.140631631016731 0.138685643672943 0.137313991785049 0.134218826889992 0.132019340991974 0.130759194493294 0.131041422486305 0.137359037995338 0.137202546000481 0.140886634588242 0.144739553332329 0.146203085780144 0.144372776150703 0.142483726143837 0.146792113780975 0.148887112736702 0.151813715696335 0.149629384279251 0.147602304816246 0.145331025123596 0.138973191380501 0.134041756391525 0.126478970050812 0.120706833899021
-9999 -9999 -9999 -9999 -9999 -9999 -9999 -9999 -9999 -9999 -9999 -9999 -9999 -9999 -9999 -9999 -9999 -9999 -9999 -9999 -9999 -9999 -9999 -9999 -9999 0.166851416230202 0.149175360798836 0.117425136268139 0.0763192996382713 0.0893383026123047 0.11974236369133 0.131648227572441 0.130342155694962 0.134350642561913 0.133642971515656 0.130620256066322 0.129464715719223 0.127878248691559 0.128619968891144 0.138733580708504 0.144213914871216 0.138619214296341 0.142216309905052 0.143093153834343 0.141716599464417 0.139533117413521 0.137226715683937 0.141859263181686 0.146300688385963 0.146140933036804 0.147064030170441 0.142562538385391 0.134133845567703 0.130202442407608 0.122700564563274 0.117604278028011
-9999 -9999 -9999 -9999 -9999 -9999 -9999 -9999 -9999 -9999 -9999 -9999 -9999 -9999 -9999 -9999 -9999 -9999 -9999 -9999 -9999 -9999 -9999 -9999 0.139968767762184 0.17021855711937 0.140230938792229 0.104988776147366 0.0749861299991608 0.0816802084445953 0.109257444739342 0.121827811002731 0.124729968607426 0.130407497286797 0.130327507853508 0.128160178661346 0.127473965287209 0.126889988780022 0.127778634428978 0.136108040809631 0.149522393941879 0.140883877873421 0.139699295163155 0.1402787566185 0.139017090201378 0.136966481804848 0.133660212159157 0.13251431286335 0.137948870658875 0.140195429325104 0.141085997223854 0.136302009224892 0.129420056939125 0.126746296882629 0.122531153261662 0.118198119103909
