data/03_saidas_enm/CCSM_SVM_6k_B.balansae2.asc
NCOLS 154 
NROWS 168 
XLLCORNER -112 
YLLCORNER -55.5 
CELLSIZE 0.5 
NODATA_value -9999 
[rows 100 to 124 of 168, columns 56 to 111 of 154]
-9999 -9999 -9999 -9999 -9999 -9999 -9999 -9999 -9999 -9999 -9999 -9999 -9999 -9999 -9999 -9999 -9999 -9999 -9999 -9999 -9999 -9999 -9999 -9999 -9999 -9999 -9999 -9999 0.0312821325049157 0.117343814530656 0.165134635707438 0.143365740044154 0.133557778561676 0.126469430731901 0.108950582288098 0.0871750093055387 0.0833212482414947 0.105002078959405 0.147681969683187 0.358718446763119 0.680580638753379 0.697366322296532 0.507035315241059 0.366585661333807 0.325279334494432 0.334863946424802 0.397027624669887 0.481993552540532 0.558755953306248 0.635826253316865 0.703629142290677 0.762832871929428 0.813568315727428 0.874444179753126 0.941988724033086 0.992141775205908
-9999 -9999 -9999 -9999 -9999 -9999 -9999 -9999 -9999 -9999 -9999 -9999 -9999 -9999 -9999 -9999 -9999 -9999 -9999 -9999 -9999 -9999 -9999 -9999 -9999 -9999 -9999 -9999 0.0313590481577888 0.114743859772882 0.162692564669489 0.145399305896145 0.137633541461424 0.130032513972504 0.109457977997637 0.0890759123633493 0.0900398849381167 0.112977658697234 0.158768320492417 0.418751011114226 0.703774848964015 0.668861130612157 0.475622198422229 0.342946277634959 0.302079164372769 0.314557962435584 0.381753710376819 0.447990448593993 0.509616587562923 0.582224564185216 0.642089731181896 0.706004558079877 0.754707291169456 0.811826391496038 0.883529714160456 0.938615274984177
-9999 -9999 -9999 -9999 -9999 -9999 -9999 -9999 -9999 -9999 -9999 -9999 -9999 -9999 -9999 -9999 -9999 -9999 -9999 -9999 -9999 -9999 -9999 -9999 -9999 -9999 -9999 0.0773240852814215 0.0351048700434399 0.108326837716128 0.161180929073154 0.14985269892724 0.142736942693253 0.134722722736763 0.113670359411621 0.0963699589235181 0.0983754140736268 0.122994011970815 0.188554250853852 0.50090616771319 0.717649479113954 0.610404900303529 0.447421154179257 0.333328281383274 0.280394992240487 0.297353334560966 0.350198313612044 0.412957543023751 0.472118288733481 0.535090711307038 0.594336113613787 0.650495817593382 0.698181506591862 0.755776516955598 0.826368359328982 0.882542588825505
-9999 -9999 -9999 -9999 -9999 -9999 -9999 -9999 -9999 -9999 -9999 -9999 -9999 -9999 -9999 -9999 -9999 -9999 -9999 -9999 -9999 -9999 -9999 -9999 -9999 -9999 -9999 0.0798419246231681 0.0404790799744313 0.101711409595334 0.154695075314783 0.149699827990111 0.146263135494825 0.139990082129749 0.115786817068248 0.100335460785563 0.106729649829627 0.133748296283563 0.21470385991372 0.557339461405751 0.66991764497733 0.53898893218939 0.395192036747838 0.306874175314566 0.260449910857531 0.264491165579835 0.306293615027933 0.366940051954022 0.426454292519313 0.484402898663565 0.540607436383087 0.594996087733749 0.642053187104142 0.700290900553098 0.7700515617696 0.827565577410479
-9999 -9999 -9999 -9999 -9999 -9999 -9999 -9999 -9999 -9999 -9999 -9999 -9999 -9999 -9999 -9999 -9999 -9999 -9999 -9999 -9999 -9999 -9999 -9999 -9999 -9999 -9999 0.0792818703656395 0.0471327632178299 0.10065651270916 0.14346929487743 0.145783693524874 0.14587890166256 0.142897807011674 0.114768481559645 0.0997212727062137 0.111877536495676 0.144443766735233 0.236830299730077 0.574168057510143 0.644271838193122 0.472177721088688 0.345054855900526 0.278533201864122 0.253546209224918 0.242291711309266 0.275340533776504 0.32182382617826 0.376133523182695 0.438597573760933 0.489534758435113 0.548178665054898 0.594457637073438 0.651257900263625 0.71998183185406 0.775856130160745
-9999 -9999 -9999 -9999 -9999 -9999 -9999 -9999 -9999 -9999 -9999 -9999 -9999 -9999 -9999 -9999 -9999 -9999 -9999 -9999 -9999 -9999 -9999 -9999 -9999 -9999 -9999 0.0784440894494522 0.0558077756768223 0.102412469976868 0.134665331335184 0.139273828773987 0.143078073575984 0.143417458504305 0.111126851685536 0.0984325523530513 0.118425291563934 0.145471741032694 0.234733195758243 0.566624828548014 0.595197554102743 0.409188750114259 0.302758804686185 0.264135136768218 0.249079641002604 0.250517297555116 0.278705414509667 0.296905581593401 0.340075578957424 0.399678851857044 0.447689254609069 0.497109771083386 0.543661413069638 0.595938270752727 0.661404334816865 0.71921257168557
-9999 -9999 -9999 -9999 -9999 -9999 -9999 -9999 -9999 -9999 -9999 -9999 -9999 -9999 -9999 -9999 -9999 -9999 -9999 -9999 -9999 -9999 -9999 -9999 -9999 -9999 -9999 0.0792118254685845 0.0654868971750687 0.107859660346258 0.129326675224813 0.13483468475621 0.139639034132982 0.142271466550492 0.107901580817504 0.107145443283166 0.125764051115543 0.141917347391191 0.221381797507083 0.579770774097949 0.561437226861546 0.351659777424033 0.279576641239604 0.254688533984754 0.25538759242592 0.275030025256384 0.286675666249688 0.308548449836394 0.329387531426323 0.364495895842 0.419274204329574 0.456758572301927 0.492896833385339 0.543357371047951 0.603118285186568 0.675335213732439
-9999 -9999 -9999 -9999 -9999 -9999 -9999 -9999 -9999 -9999 -9999 -9999 -9999 -9999 -9999 -9999 -9999 -9999 -9999 -9999 -9999 -9999 -9999 -9999 -9999 -9999 -9999 0.0820838873124276 0.0752792152271803 0.113232705022316 0.127866202595103 0.132967751566618 0.138032637657445 0.141230207021044 0.109440669440494 0.120423392669732 0.131715899663574 0.140468279222819 0.222168310665312 0.578591277550787 0.505129368597638 0.301384524973206 0.250141026122283 0.239733318244987 0.244230847823148 0.265387205886388 0.27674600377845 0.296710538217279 0.31914614114461 0.338515887386181 0.370346468749925 0.402916813185547 0.440763821656674 0.489338938911722 0.5470208619135 0.618767076475589
-9999 -9999 -9999 -9999 -9999 -9999 -9999 -9999 -9999 -9999 -9999 -9999 -9999 -9999 -9999 -9999 -9999 -9999 -9999 -9999 -9999 -9999 -9999 -9999 -9999 -9999 -9999 0.0873239133156553 0.0830853773839541 0.117064035506249 0.128681215449874 0.132380989852464 0.137251148758597 0.141198110171045 0.112709374954065 0.130299945249854 0.135076695294359 0.14075685270151 0.234406059943049 0.585448279075372 0.427786119899719 0.252722669460652 0.219811173944076 0.215298211224755 0.219300071711596 0.228546852427763 0.247991874545646 0.264805042288559 0.286382088441196 0.310128458853171 0.32468490982063 0.348507480834014 0.382686456674021 0.432157592581696 0.496802507186873 0.565318723063495
-9999 -9999 -9999 -9999 -9999 -9999 -9999 -9999 -9999 -9999 -9999 -9999 -9999 -9999 -9999 -9999 -9999 -9999 -9999 -9999 -9999 -9999 -9999 -9999 -9999 -9999 -9999 0.0953249000298751 0.0904544931122348 0.118445729798145 0.12763134074044 0.131699078046928 0.138532906231858 0.145633128060925 0.117096374914042 0.131935710112486 0.136204324795133 0.150670221810254 0.327089751014559 0.59212874979454 0.356915153623986 0.211662109248746 0.186977096068169 0.187782504358687 0.191211575172793 0.197716138244283 0.211175591720827 0.226136075132768 0.245484102699265 0.266348348775926 0.283192839755843 0.303079622530668 0.328478695632101 0.377080786775357 0.436012976659802 0.500148072687316
-9999 -9999 -9999 -9999 -9999 -9999 -9999 -9999 -9999 -9999 -9999 -9999 -9999 -9999 -9999 -9999 -9999 -9999 -9999 -9999 -9999 -9999 -9999 -9999 -9999 -9999 0.12931927651201 0.0999969356827095 0.0962908890291106 0.118569748140643 0.12592276469108 0.130452182026532 0.141628100634247 0.158213601870749 0.124144407516216 0.133289459754995 0.139445717608041 0.202538595965698 0.492980000212806 0.526368561792784 0.250601841911189 0.171833032363701 0.15679812159127 0.159212232814224 0.163848718059597 0.168735808312785 0.180221449596493 0.190237843602679 0.207650148701183 0.227072304889008 0.243741284194074 0.27035464749845 0.290374809252044 0.334406863908397 0.386863444221162 0.437267387696962
-9999 -9999 -9999 -9999 -9999 -9999 -9999 -9999 -9999 -9999 -9999 -9999 -9999 -9999 -9999 -9999 -9999 -9999 -9999 -9999 -9999 -9999 -9999 -9999 -9999 -9999 0.12713778004458 0.0992716083649561 0.105365628910564 0.118518367513728 0.123161969788219 0.130514172443661 0.151185414655731 0.177491241464736 0.145902623688714 0.140001253128891 0.172658316535654 0.361693085675971 0.547500098903304 0.371491463866863 0.188317727587437 0.136027536235579 0.130556010080485 0.128598909780935 0.128295875668339 0.132342463337111 0.142568534832742 0.155226099847628 0.1722766796599 0.192064802820835 0.211926435831237 0.237293373665394 0.264371630699445 0.303697389766929 0.345947840542917 0.392838267779957
-9999 -9999 -9999 -9999 -9999 -9999 -9999 -9999 -9999 -9999 -9999 -9999 -9999 -9999 -9999 -9999 -9999 -9999 -9999 -9999 -9999 -9999 -9999 -9999 -9999 -9999 0.118746070434017 0.103282444913111 0.113299710516125 0.117642449018145 0.121388955737808 0.132159302621974 0.165376681733711 0.20851290841576 0.207053598681791 0.179442198940671 0.317536356810426 0.495589614858825 0.372608365522701 0.216834637690268 0.124602954937246 0.11129137720625 0.108678340275853 0.108242984884134 0.105955211440618 0.102894874531 0.113022919474169 0.126433736139758 0.142447744370344 0.159874502525492 0.179404650704561 0.206867168235166 0.242010374792621 0.282171805603545 0.31469533075647 0.357223177203713
-9999 -9999 -9999 -9999 -9999 -9999 -9999 -9999 -9999 -9999 -9999 -9999 -9999 -9999 -9999 -9999 -9999 -9999 -9999 -9999 -9999 -9999 -9999 -9999 -9999 -9999 0.105493753125811 0.112691375758054 0.116351573582048 0.117201073192594 0.120929829073981 0.143398630892169 0.207701636028798 0.304058447318004 0.38278930863271 0.424608134366219 0.501569877905131 0.382237667528526 0.19861384334872 0.128086132025392 0.103681347065841 0.0959497870593116 0.0934760672720722 0.0935054300816497 0.0936485310194162 0.0951590682290783 0.100998078811979 0.110386769937037 0.123523333796569 0.136564033035996 0.155105181868782 0.179395294832836 0.210615042676397 0.24570169860047 0.274560432838873 0.307053513339318
-9999 -9999 -9999 -9999 -9999 -9999 -9999 -9999 -9999 -9999 -9999 -9999 -9999 -9999 -9999 -9999 -9999 -9999 -9999 -9999 -9999 -9999 -9999 -9999 -9999 0.0871711881216033 0.101345805566496 0.117593793402721 0.118417818266155 0.117199997310677 0.126784852043637 0.165066396673528 0.281003421203476 0.426148332630312 0.507193921757605 0.469720165926711 0.369726326709322 0.184181907622447 0.107839911786574 0.0940849659446982 0.0937267586209656 0.0868910174505816 0.0841113221467168 0.0851550791675961 0.0862589693237316 0.0931006742636522 0.0931981019498388 0.0982220595403273 0.106887296724984 0.115900401360647 0.131189832089334 0.154678485927745 0.17900136893662 0.208124954750196 0.233813668965442 0.260222480105064
-9999 -9999 -9999 -9999 -9999 -9999 -9999 -9999 -9999 -9999 -9999 -9999 -9999 -9999 -9999 -9999 -9999 -9999 -9999 -9999 -9999 -9999 -9999 -9999 -9999 0.089539871734737 0.104725545613229 0.114854101664493 0.115472157299893 0.116285786100738 0.133849435408771 0.18379513831817 0.292283581897649 0.397672781494641 0.367484017949633 0.262437181260388 0.1697274948128 0.105065088253834 0.0850344935622144 0.0826425431440208 0.0847792451260643 0.0796703727126401 0.0772920534821594 0.0773080230514317 0.0803486472306371 0.0846756999019492 0.0822248830412259 0.0839342603465981 0.0918716221623339 0.0996709103045693 0.11479772621625 0.132508013689243 0.152152524061131 0.178011365962597 0.202765747404574 0.227379413487634
-9999 -9999 -9999 -9999 -9999 -9999 -9999 -9999 -9999 -9999 -9999 -9999 -9999 -9999 -9999 -9999 -9999 -9999 -9999 -9999 -9999 -9999 -9999 -9999 -9999 0.0884466329290647 0.106470190369582 0.113123729535927 0.112735639951549 0.113731202533071 0.145541602670795 0.187104318796638 0.23190908933497 0.229075789398013 0.168272959733893 0.101259782727486 0.0847459201968687 0.0713010940558685 0.071639057503298 0.0741694937238593 0.0768279902324664 0.0725521664620576 0.0689263003902103 0.0688718210264426 0.0711858503851383 0.0768492264753498 0.0719839306227542 0.0716804528313066 0.0781746564421046 0.0870090010814825 0.101050483891857 0.116203271853632 0.132430027375453 0.155053916049217 0.17873575957096 0.202771853642866
-9999 -9999 -9999 -9999 -9999 -9999 -9999 -9999 -9999 -9999 -9999 -9999 -9999 -9999 -9999 -9999 -9999 -9999 -9999 -9999 -9999 -9999 -9999 -9999 -9999 0.0994323781959831 0.10527893889809 0.108548045386447 0.105389202437843 0.106699575778604 0.139018113386773 0.16438226499095 0.143724447026286 0.110524102023796 0.0791027793803647 0.0612666724635318 0.0551943429099747 0.0511945360986778 0.0522630932632773 0.0587238787082319 0.064264602805754 0.0622443825490628 0.0604504779853342 0.0602966693953728 0.0591143220237992 0.0588727156156505 0.059177396471455 0.063097870484323 0.0706540400129932 0.0781390415357117 0.0888995383830247 0.103762191458262 0.120909709883363 0.143142125071004 0.165146960611071 0.187095900881765
-9999 -9999 -9999 -9999 -9999 -9999 -9999 -9999 -9999 -9999 -9999 -9999 -9999 -9999 -9999 -9999 -9999 -9999 -9999 -9999 -9999 -9999 -9999 -9999 -9999 0.108323527427247 0.102817923579916 0.105108794471194 0.0991087543846591 0.0982524033786425 0.136456297738552 0.135052694515473 0.0871970057569791 0.0626607698650863 0.0538390486577255 0.0480559147877354 0.0451390911185551 0.0412566221613255 0.0409791473428653 0.0479770395837701 0.0536495430338536 0.0533840797100131 0.0529289808066474 0.0540532726545481 0.0522708053585064 0.0505438723023526 0.0521753395051072 0.0565848510666534 0.0635757559450078 0.0701743907989378 0.0792225622572599 0.0942038755723141 0.111625570721479 0.133067752391418 0.15366741147047 0.175438701936973
-9999 -9999 -9999 -9999 -9999 -9999 -9999 -9999 -9999 -9999 -9999 -9999 -9999 -9999 -9999 -9999 -9999 -9999 -9999 -9999 -9999 -9999 -9999 -9999 -9999 0.114325209231628 0.102421394855181 0.102724533494933 0.0935264650169945 0.0878114211896862 0.109978650387362 0.0986017917033432 0.060571046342791 0.0482565590689977 0.0473194900387015 0.0474800892142331 0.040840147674819 0.0367228190679006 0.0362242999924845 0.0396322029954179 0.0439642755887328 0.0448047596851339 0.0483001379628262 0.051309249703997 0.0489214024214927 0.0467080519003467 0.0467475390919114 0.0491072605674353 0.0550751168247612 0.0627488650286916 0.0725413679030854 0.086219817655987 0.102245291120294 0.123542383869274 0.145947865631041 0.167733533715733
-9999 -9999 -9999 -9999 -9999 -9999 -9999 -9999 -9999 -9999 -9999 -9999 -9999 -9999 -9999 -9999 -9999 -9999 -9999 -9999 -9999 -9999 -9999 -9999 -9999 0.119234013160771 0.0996761497763238 0.103529369188711 0.0934928903836573 0.0819970383832725 0.0917825724346252 0.0717792390543983 0.0440394375229483 0.041125427616294 0.0421290755518227 0.0417813044401491 0.0369366335639594 0.0331735646303584 0.0322852166989758 0.0342719717858815 0.0367451849636616 0.0388679986927334 0.046531437376726 0.0499403810531437 0.045505725076681 0.0430591163738628 0.0430978194207863 0.0441604214322719 0.0486001351753703 0.0550973715066342 0.065564323927586 0.0788203803510019 0.0943085567739749 0.11499754225344 0.137269672858946 0.159605416298952
-9999 -9999 -9999 -9999 -9999 -9999 -9999 -9999 -9999 -9999 -9999 -9999 -9999 -9999 -9999 -9999 -9999 -9999 -9999 -9999 -9999 -9999 -9999 -9999 -9999 0.125645513088465 0.0987035129539384 0.105359589884442 0.097277829762998 0.0793913042408299 0.0725059909112349 0.0519646569549882 0.0353640834600966 0.0360910202172139 0.035654180479945 0.0327625237459163 0.0308715359498365 0.029665211518363 0.0297039327752473 0.0307517486188702 0.0320797653118271 0.034542179195791 0.0432809379083769 0.0469324891723919 0.0430265388996982 0.0395019281982303 0.0390887282556961 0.0402337559863185 0.0439444091240281 0.0498844891374388 0.0587156753811372 0.0725926674936219 0.0884638168991423 0.108718140535572 0.12994139724533 0.150185292894997
-9999 -9999 -9999 -9999 -9999 -9999 -9999 -9999 -9999 -9999 -9999 -9999 -9999 -9999 -9999 -9999 -9999 -9999 -9999 -9999 -9999 -9999 -9999 -9999 -9999 0.135534366151144 0.0960232405996793 0.101785799743782 0.0996756238252489 0.0799010314692546 0.0624741422930055 0.0407672873089624 0.0321551226297649 0.0347017014207895 0.032748799341356 0.0299401372304031 0.0284878761932547 0.0281131616675734 0.0284135492133514 0.0295358450249047 0.0302491809926371 0.0317730498056005 0.0398995888701119 0.0440378810116901 0.0396282014774261 0.0360463582707834 0.0357074378789426 0.0369479439438722 0.0407550448291268 0.0465841585220368 0.0553119330403167 0.0682417117339197 0.0831865812097303 0.10022465281889 0.120410713394029 0.138862595520204
-9999 -9999 -9999 -9999 -9999 -9999 -9999 -9999 -9999 -9999 -9999 -9999 -9999 -9999 -9999 -9999 -9999 -9999 -9999 -9999 -9999 -9999 -9999 -9999 -9999 0.149840266427076 0.0967227852839751 0.0973178116828348 0.0993514318850845 0.0806747108172752 0.0599992046585572 0.0385497089960883 0.0311121819415626 0.0346095417149515 0.0312100105984838 0.0275023993921333 0.0270524634069785 0.0266958601091281 0.0270055762847005 0.0284692063221593 0.0295864851410839 0.030208029288398 0.0371637249408373 0.0404963320339264 0.0369687086039134 0.0332956567757981 0.0324147392240516 0.0343834918299578 0.0383219794575636 0.0449325564304127 0.0552739835325483 0.0658938939488603 0.0766665243796403 0.0948748096268054 0.115118076634377 0.129698239015001
-9999 -9999 -9999 -9999 -9999 -9999 -9999 -9999 -9999 -9999 -9999 -9999 -9999 -9999 -9999 -9999 -9999 -9999 -9999 -9999 -9999 -9999 -9999 -9999 0.1923668039756 0.152084165666254 0.0953603304271277 0.0946571372792745 0.101335568303993 0.0834111118866292 0.0609135951703976 0.037832577028737 0.0318052254899785 0.0353967619236999 0.0323196520586393 0.0279570972687078 0.0273186983522157 0.0268866721662601 0.0266840490912249 0.0273942875529619 0.0294795699424594 0.0303657103565274 0.0352441934266418 0.0375359493300312 0.034404927183655 0.0309821299963151 0.0299067306119022 0.0311829795879122 0.0345002829233408 0.0411305794697931 0.0514048128067029 0.0609520319124649 0.0715877891374777 0.0926448611707675 0.125987975538391 0.152576854913664
