data/03_saidas_enm/CCSM_Maxent_21k_B.balansae4.asc
NCOLS 154 
NROWS 168 
XLLCORNER -112 
YLLCORNER -55.5 
CELLSIZE 0.5 
NODATA_value -9999 
[rows 75 to 99 of 168, columns 56 to 111 of 154]
-9999 -9999 -9999 -9999 -9999 -9999 -9999 -9999 -9999 -9999 -9999 0.0401044115424156 0.0861594080924988 0.173679322004318 0.230207726359367 0.225835472345352 0.170545667409897 0.116499163210392 0.111296884715557 0.0818421766161919 0.0609348155558109 0.0522500164806843 0.0485723577439785 0.0453242026269436 0.0420009382069111 0.0394573733210564 0.037453580647707 0.0398288741707802 0.0409557968378067 0.0433159060776234 0.0472871996462345 0.0522267706692219 0.0596490316092968 0.0667483508586884 0.0753583982586861 0.0842995941638947 0.0929436385631561 0.102308541536331 0.112149067223072 0.12568686902523 0.140002995729446 0.155318289995193 0.166599422693253 0.18014033138752 0.186391443014145 0.189180165529251 0.180945664644241 0.166777491569519 0.15004326403141 0.131063982844353 0.116704784333706 0.11140501499176 0.107836209237576 0.10530312359333 0.1048414260149 0.107504993677139
-9999 -9999 -9999 -9999 -9999 -9999 -9999 -9999 -9999 -9999 -9999 0.0513943210244179 0.0837041139602661 0.15519417822361 0.208708226680756 0.239207163453102 0.180949538946152 0.111030548810959 0.0925862640142441 0.0847672820091248 0.0663832053542137 0.0611221045255661 0.0578642189502716 0.0541318394243717 0.04426009953022 0.040013063699007 0.0381182767450809 0.0396188646554947 0.0403588525950909 0.0415757149457932 0.043625071644783 0.0481612645089626 0.0551971942186356 0.0618006773293018 0.070570707321167 0.0794840753078461 0.0891184732317924 0.0983137190341949 0.109016992151737 0.124399960041046 0.139263942837715 0.153233096003532 0.170365855097771 0.18276709318161 0.201639577746391 0.215396910905838 0.206976696848869 0.196536377072334 0.183908745646477 0.166430443525314 0.156389638781548 0.147027581930161 0.141772463917732 0.141179203987122 0.145272672176361 0.156635463237762
-9999 -9999 -9999 -9999 -9999 -9999 -9999 -9999 -9999 -9999 -9999 -9999 0.0748350098729134 0.118200600147247 0.180269122123718 0.215712010860443 0.16112893819809 0.0931182056665421 0.0684982016682625 0.064806655049324 0.0731227323412895 0.078317679464817 0.0672839432954788 0.0608923994004726 0.056636568158865 0.0486582927405834 0.0455514267086983 0.0418918430805206 0.0397159606218338 0.0385704673826694 0.0407968908548355 0.0425396449863911 0.0482509173452854 0.0540674217045307 0.0620348043739796 0.0718883275985718 0.0824891924858093 0.0931028872728348 0.104437835514545 0.117491722106934 0.133411064743996 0.147741064429283 0.165188118815422 0.183051258325577 0.201445251703262 0.221480637788773 0.227555841207504 0.22111688554287 0.213965624570847 0.204272463917732 0.198124259710312 0.19119094312191 0.187205865979195 0.187512904405594 0.190941855311394 0.198932036757469
-9999 -9999 -9999 -9999 -9999 -9999 -9999 -9999 -9999 -9999 -9999 -9999 0.0847420543432236 0.0810460597276688 0.133010789752007 0.190683096647263 0.136889025568962 0.0732065439224243 0.0573114156723022 0.058318667113781 0.0652895718812943 0.0791181847453117 0.0825064331293106 0.0734920054674149 0.0729344487190247 0.0716510713100433 0.0547242648899555 0.045976746827364 0.0419411063194275 0.0365963168442249 0.0396103225648403 0.040230356156826 0.0426237806677818 0.0475203394889832 0.0556033067405224 0.063759908080101 0.0744862705469131 0.0853529125452042 0.0985083878040314 0.113770931959152 0.126676484942436 0.143941834568977 0.167083516716957 0.184379562735558 0.204684108495712 0.222914204001427 0.23784114420414 0.240727081894875 0.240926116704941 0.24008846282959 0.241304248571396 0.23990523815155 0.238156646490097 0.238426610827446 0.233769044280052 0.23531836271286
-9999 -9999 -9999 -9999 -9999 -9999 -9999 -9999 -9999 -9999 -9999 -9999 -9999 0.0820169523358345 0.0884321704506874 0.123356781899929 0.110224634408951 0.0805280804634094 0.0693513974547386 0.0736564099788666 0.0717367753386497 0.0706756860017776 0.0807540863752365 0.102116003632545 0.122493080794811 0.104341939091682 0.0793326646089554 0.056215662509203 0.0456004552543163 0.0441044345498085 0.0429809838533401 0.041490338742733 0.0417846404016018 0.0443708561360836 0.048243772238493 0.0556965097784996 0.0645064935088158 0.0750705525279045 0.0877805277705193 0.103414848446846 0.122107163071632 0.141106560826302 0.163612797856331 0.183723509311676 0.205293789505959 0.230474382638931 0.244090840220451 0.261228233575821 0.268446564674377 0.276540517807007 0.285167753696442 0.284801185131073 0.280997723340988 0.277520507574081 0.268618196249008 0.265807718038559
-9999 -9999 -9999 -9999 -9999 -9999 -9999 -9999 -9999 -9999 -9999 -9999 -9999 0.11163529753685 0.0727812573313713 0.0836422443389893 0.0878373384475708 0.0913577377796173 0.0995815917849541 0.101181872189045 0.0955071821808815 0.061137430369854 0.0588281899690628 0.0658203214406967 0.0698751881718636 0.113969810307026 0.118956543505192 0.0790460556745529 0.0569207258522511 0.0518846623599529 0.0498618558049202 0.044641200453043 0.0424376130104065 0.0443829335272312 0.0450059473514557 0.0497412234544754 0.058813888579607 0.0693963468074799 0.0814916789531708 0.0985061228275299 0.116538442671299 0.137595921754837 0.16048863530159 0.182847440242767 0.21050751209259 0.241442307829857 0.255316823720932 0.263646334409714 0.282177537679672 0.302506864070892 0.320165187120438 0.318097233772278 0.315754473209381 0.310623347759247 0.295526474714279 0.289114326238632
-9999 -9999 -9999 -9999 -9999 -9999 -9999 -9999 -9999 -9999 -9999 -9999 -9999 -9999 0.0924508348107338 0.0562603548169136 0.0703421160578728 0.109931617975235 0.132524937391281 0.113182000815868 0.0832966491580009 0.0430169813334942 0.0190699640661478 0.0158030968159437 0.0207960531115532 0.0338657274842262 0.0485555902123451 0.0830738246440887 0.108508981764317 0.086913637816906 0.0603150650858879 0.05327083542943 0.0464602559804916 0.045073714107275 0.0474761426448822 0.0508162975311279 0.0551277101039886 0.0637023001909256 0.075810931622982 0.0936776548624039 0.111555136740208 0.130291774868965 0.154233157634735 0.180397674441338 0.206775218248367 0.238400861620903 0.257904857397079 0.267389088869095 0.284926295280457 0.311735779047012 0.334884971380234 0.338975757360458 0.338408231735229 0.332220643758774 0.314152479171753 0.303467392921448
-9999 -9999 -9999 -9999 -9999 -9999 -9999 -9999 -9999 -9999 -9999 -9999 -9999 -9999 0.115000680088997 0.0468200445175171 0.0646142140030861 0.122286014258862 0.155381947755814 0.121932774782181 0.0776381492614746 0.0250290296971798 0.0192755665630102 0.0161199159920216 0.0134311746805906 0.0135508961975574 0.0113762663677335 0.0242135860025883 0.0491595417261124 0.0755017176270485 0.0876697674393654 0.0730729699134827 0.0575965419411659 0.0505016185343266 0.0500226691365242 0.0502626746892929 0.0525881946086884 0.0567137151956558 0.0671432912349701 0.0854283720254898 0.108039334416389 0.126607596874237 0.147876217961311 0.173527225852013 0.20332570374012 0.231409445405006 0.252839028835297 0.269256383180618 0.287601709365845 0.309370368719101 0.331827491521835 0.350298821926117 0.353496849536896 0.349692076444626 0.328144967556 0.312738984823227
-9999 -9999 -9999 -9999 -9999 -9999 -9999 -9999 -9999 -9999 -9999 -9999 -9999 -9999 -9999 0.087254136800766 0.0828459858894348 0.112883269786835 0.119116507470608 0.0958180278539658 0.0552123785018921 0.0265915878117085 0.0169380325824022 0.0142548456788063 0.0119607774540782 0.00968015473335981 0.00944824703037739 0.00919545628130436 0.0105225024744868 0.0293955001980066 0.0905864536762238 0.148674622178078 0.0849212929606438 0.0614967308938503 0.0587730258703232 0.0544951409101486 0.0541031397879124 0.0533747561275959 0.0608297288417816 0.0766500383615494 0.0967516750097275 0.123028576374054 0.146601751446724 0.167784929275513 0.195591449737549 0.225053042173386 0.252720326185226 0.275945514440536 0.294718772172928 0.307497978210449 0.319693058729172 0.340503871440887 0.356070578098297 0.353710979223251 0.34271040558815 0.331610858440399
-9999 -9999 -9999 -9999 -9999 -9999 -9999 -9999 -9999 -9999 -9999 -9999 -9999 -9999 -9999 0.0359167158603668 0.0821815505623817 0.115027382969856 0.0898594632744789 0.0721646174788475 0.0466786287724972 0.0358590483665466 0.0209963489323854 0.0180007982999086 0.0146927013993263 0.0110070584341884 0.0100350435823202 0.0118452552706003 0.0135152973234653 0.0171791389584541 0.0736554190516472 0.13000100851059 0.147312849760056 0.0963626354932785 0.0829165503382683 0.0712873563170433 0.0690890550613403 0.0609921887516975 0.0629133284091949 0.0795895010232925 0.0927180200815201 0.121322065591812 0.150576397776604 0.167433559894562 0.192804887890816 0.222283348441124 0.251074910163879 0.28239306807518 0.298096150159836 0.30000102519989 0.306288421154022 0.319103956222534 0.343083560466766 0.352166354656219 0.347556382417679 0.348691195249557
-9999 -9999 -9999 -9999 -9999 -9999 -9999 -9999 -9999 -9999 -9999 -9999 -9999 -9999 -9999 0.042317945510149 0.0540824048221111 0.0952587127685547 0.0795568823814392 0.0801001638174057 0.0843309089541435 0.074287936091423 0.0671926140785217 0.0492754802107811 0.0271155051887035 0.0193089060485363 0.0156529508531094 0.0131523944437504 0.0131272058933973 0.0181152988225222 0.0409485585987568 0.0928240045905113 0.185721203684807 0.186467513442039 0.144490078091621 0.12186124920845 0.100127585232258 0.0829209014773369 0.0846001133322716 0.0968172922730446 0.118328973650932 0.142777502536774 0.167909786105156 0.17570786178112 0.192407980561256 0.216866582632065 0.246058583259583 0.277070492506027 0.290383636951447 0.28796049952507 0.286399871110916 0.298658519983292 0.315890550613403 0.334790050983429 0.352083802223206 0.352823823690414
-9999 -9999 -9999 -9999 -9999 -9999 -9999 -9999 -9999 -9999 -9999 -9999 -9999 -9999 -9999 -9999 0.0416285172104836 0.0423681624233723 0.0799877792596817 0.121268071234226 0.121890157461166 0.117272228002548 0.128082126379013 0.119935251772404 0.0885268002748489 0.0805750340223312 0.0401523001492023 0.023632762953639 0.0199165511876345 0.0205296687781811 0.0318182222545147 0.0570126250386238 0.131209164857864 0.219788327813148 0.275561928749084 0.219513416290283 0.167717933654785 0.128897860646248 0.12779912352562 0.143584221601486 0.16328626871109 0.184305459260941 0.192770719528198 0.189989700913429 0.19469641149044 0.209260180592537 0.227648332715034 0.256496578454971 0.265921920537949 0.258618861436844 0.257631778717041 0.27235671877861 0.299373775720596 0.326738625764847 0.349768906831741 0.364466339349747
-9999 -9999 -9999 -9999 -9999 -9999 -9999 -9999 -9999 -9999 -9999 -9999 -9999 -9999 -9999 -9999 -9999 0.0435680896043777 0.0569217093288898 0.0879139974713326 0.131431505084038 0.110826306045055 0.103562824428082 0.101126976311207 0.11611619591713 0.130770668387413 0.0932545736432076 0.0679541677236557 0.0516797453165054 0.032113254070282 0.0231597032397985 0.0372607111930847 0.0632968991994858 0.125896170735359 0.239948749542236 0.336002051830292 0.260104030370712 0.20168574154377 0.184415355324745 0.201456010341644 0.230527207255363 0.224401488900185 0.213967025279999 0.20642876625061 0.196007937192917 0.196422696113586 0.208561986684799 0.21819269657135 0.222127318382263 0.233420565724373 0.240111723542213 0.266775548458099 0.306369304656982 0.348745346069336 0.377717196941376 0.405170857906342
-9999 -9999 -9999 -9999 -9999 -9999 -9999 -9999 -9999 -9999 -9999 -9999 -9999 -9999 -9999 -9999 -9999 -9999 -9999 0.0393304787576199 0.0392897240817547 0.100964054465294 0.104397542774677 0.0964926853775978 0.120454981923103 0.160469502210617 0.162049546837807 0.146889552474022 0.110276333987713 0.0601527132093906 0.02898233756423 0.0295880399644375 0.0350065492093563 0.0574332065880299 0.133633449673653 0.251683503389359 0.325817257165909 0.301599234342575 0.242907032370567 0.240508377552032 0.241966217756271 0.242695391178131 0.234334275126457 0.224100068211555 0.205736935138702 0.198101237416267 0.204410448670387 0.205122590065002 0.209237426519394 0.226780325174332 0.23927891254425 0.277791112661362 0.331009179353714 0.379297167062759 0.409218072891235 0.433871567249298
-9999 -9999 -9999 -9999 -9999 -9999 -9999 -9999 -9999 -9999 -9999 -9999 -9999 -9999 -9999 -9999 -9999 -9999 -9999 -9999 -9999 0.0477449633181095 0.0731946155428886 0.111119627952576 0.116566494107246 0.133222728967667 0.170465379953384 0.219912245869637 0.197818517684937 0.118929706513882 0.072806142270565 0.0396103486418724 0.0223648622632027 0.0296651888638735 0.062654934823513 0.124003075063229 0.217179521918297 0.332006990909576 0.328536868095398 0.300643354654312 0.266633301973343 0.259913235902786 0.25423127412796 0.251110076904297 0.239041477441788 0.225279450416565 0.228815257549286 0.235201850533485 0.241417989134789 0.254097938537598 0.277832001447678 0.324970811605453 0.382055699825287 0.42434898018837 0.436665117740631 0.442442834377289
-9999 -9999 -9999 -9999 -9999 -9999 -9999 -9999 -9999 -9999 -9999 -9999 -9999 -9999 -9999 -9999 -9999 -9999 -9999 -9999 -9999 -9999 -9999 0.0647497326135635 0.13086374104023 0.128061056137085 0.155563220381737 0.23351988196373 0.252098709344864 0.205887451767921 0.147919580340385 0.0817150175571442 0.0379175581037998 0.0308032259345055 0.0390555672347546 0.0610825382173061 0.141810461878777 0.26014631986618 0.370693355798721 0.422131955623627 0.326693028211594 0.29606419801712 0.278685539960861 0.278163433074951 0.274771720170975 0.268414348363876 0.274905830621719 0.282527536153793 0.290424972772598 0.30860647559166 0.337408095598221 0.376498967409134 0.425063669681549 0.458944886922836 0.46225905418396 0.462217181921005
-9999 -9999 -9999 -9999 -9999 -9999 -9999 -9999 -9999 -9999 -9999 -9999 -9999 -9999 -9999 -9999 -9999 -9999 -9999 -9999 -9999 -9999 -9999 -9999 -9999 0.0578687004745007 0.138369530439377 0.188665360212326 0.242536008358002 0.28913825750351 0.261753439903259 0.175249755382538 0.111599430441856 0.0771260112524033 0.050185389816761 0.0464053265750408 0.083799697458744 0.153236836194992 0.282975137233734 0.453271061182022 0.407254546880722 0.335802286863327 0.301658570766449 0.302358269691467 0.314539223909378 0.330219864845276 0.337066292762756 0.347081422805786 0.357144922018051 0.37508824467659 0.397773176431656 0.422104716300964 0.453944236040115 0.479960978031158 0.495441883802414 0.501565098762512
-9999 -9999 -9999 -9999 -9999 -9999 -9999 -9999 -9999 -9999 -9999 -9999 -9999 -9999 -9999 -9999 -9999 -9999 -9999 -9999 -9999 -9999 -9999 -9999 -9999 0.0266504138708115 0.0535272918641567 0.15654781460762 0.219029158353806 0.318867862224579 0.341468930244446 0.30106595158577 0.242483288049698 0.178350493311882 0.110524490475655 0.0761336088180542 0.0960657298564911 0.125904813408852 0.220490336418152 0.398793756961823 0.455032557249069 0.357484430074692 0.317708969116211 0.30937260389328 0.31792077422142 0.336113393306732 0.354124397039413 0.37372824549675 0.392501831054688 0.414890468120575 0.439715355634689 0.468722879886627 0.491690158843994 0.512952506542206 0.527487993240356 0.537196397781372
-9999 -9999 -9999 -9999 -9999 -9999 -9999 -9999 -9999 -9999 -9999 -9999 -9999 -9999 -9999 -9999 -9999 -9999 -9999 -9999 -9999 -9999 -9999 -9999 -9999 -9999 -9999 0.0451880767941475 0.11115451157093 0.274098843336105 0.352170377969742 0.338389843702316 0.355051219463348 0.314211666584015 0.235360726714134 0.194869235157967 0.151238948106766 0.150338694453239 0.226817667484283 0.385657250881195 0.474037945270538 0.38347852230072 0.338805973529816 0.321574211120605 0.323324531316757 0.341585904359818 0.357280433177948 0.375988066196442 0.39556023478508 0.4184430539608 0.442806720733643 0.469472974538803 0.502519190311432 0.535423934459686 0.554972887039185 0.566422402858734
-9999 -9999 -9999 -9999 -9999 -9999 -9999 -9999 -9999 -9999 -9999 -9999 -9999 -9999 -9999 -9999 -9999 -9999 -9999 -9999 -9999 -9999 -9999 -9999 -9999 -9999 -9999 0.0211267434060574 0.0532566457986832 0.184794768691063 0.382926464080811 0.386375844478607 0.424462229013443 0.414269506931305 0.353265017271042 0.290530294179916 0.22091580927372 0.197611689567566 0.244143083691597 0.372816443443298 0.492857456207275 0.417377889156342 0.3621426820755 0.335574090480804 0.334060996770859 0.34894272685051 0.363999485969543 0.381759732961655 0.400759369134903 0.423655152320862 0.448256433010101 0.476202487945557 0.506873071193695 0.535838007926941 0.557227075099945 0.571815848350525
-9999 -9999 -9999 -9999 -9999 -9999 -9999 -9999 -9999 -9999 -9999 -9999 -9999 -9999 -9999 -9999 -9999 -9999 -9999 -9999 -9999 -9999 -9999 -9999 -9999 -9999 -9999 -9999 0.0310743395239115 0.120061449706554 0.303514450788498 0.415288478136063 0.455480694770813 0.465608417987823 0.417852371931076 0.356659293174744 0.273458927869797 0.226340189576149 0.258158355951309 0.364388674497604 0.507093966007233 0.452752828598022 0.372141033411026 0.343230694532394 0.343817174434662 0.356391400098801 0.371468842029572 0.387871265411377 0.407021164894104 0.43123933672905 0.453054457902908 0.481122493743896 0.510402262210846 0.541255414485931 0.563094079494476 0.57677286863327
-9999 -9999 -9999 -9999 -9999 -9999 -9999 -9999 -9999 -9999 -9999 -9999 -9999 -9999 -9999 -9999 -9999 -9999 -9999 -9999 -9999 -9999 -9999 -9999 -9999 -9999 -9999 -9999 0.0249595399945974 0.0906859710812569 0.298560470342636 0.443833410739899 0.460681140422821 0.473139703273773 0.440416514873505 0.375179886817932 0.286235868930817 0.241608858108521 0.261391788721085 0.358306229114532 0.476126730442047 0.464471369981766 0.37002220749855 0.330592304468155 0.341876953840256 0.363984912633896 0.383737683296204 0.404273688793182 0.424511313438416 0.445684224367142 0.466896653175354 0.491901129484177 0.51874703168869 0.545648336410522 0.566316306591034 0.578725814819336
-9999 -9999 -9999 -9999 -9999 -9999 -9999 -9999 -9999 -9999 -9999 -9999 -9999 -9999 -9999 -9999 -9999 -9999 -9999 -9999 -9999 -9999 -9999 -9999 -9999 -9999 -9999 -9999 0.023253345862031 0.0892501473426819 0.284457921981812 0.454999417066574 0.460362315177917 0.468499809503555 0.443919777870178 0.375892847776413 0.279089421033859 0.218064710497856 0.235279873013496 0.341612875461578 0.43364417552948 0.466172367334366 0.369620949029922 0.321729719638824 0.315177381038666 0.322814971208572 0.381529867649078 0.411842077970505 0.440091043710709 0.461087197065353 0.478468805551529 0.502885043621063 0.527227342128754 0.553792774677277 0.571470320224762 0.580054879188538
-9999 -9999 -9999 -9999 -9999 -9999 -9999 -9999 -9999 -9999 -9999 -9999 -9999 -9999 -9999 -9999 -9999 -9999 -9999 -9999 -9999 -9999 -9999 -9999 -9999 -9999 -9999 -9999 0.026939544826746 0.121013179421425 0.426405280828476 0.471240848302841 0.474126547574997 0.452274233102798 0.424586445093155 0.345809370279312 0.253228515386581 0.200364083051682 0.223909720778465 0.317563325166702 0.429812967777252 0.474696546792984 0.371515691280365 0.31867852807045 0.309814393520355 0.319811522960663 0.34473717212677 0.40994068980217 0.440108120441437 0.473220527172089 0.49880063533783 0.518421292304993 0.536926686763763 0.558598399162292 0.574811100959778 0.582877278327942
-9999 -9999 -9999 -9999 -9999 -9999 -9999 -9999 -9999 -9999 -9999 -9999 -9999 -9999 -9999 -9999 -9999 -9999 -9999 -9999 -9999 -9999 -9999 -9999 -9999 -9999 -9999 -9999 0.0303423441946507 0.18211005628109 0.454986274242401 0.464222103357315 0.458782821893692 0.440697073936462 0.413156628608704 0.32697594165802 0.232661977410316 0.177117601037025 0.20917321741581 0.313039273023605 0.442381829023361 0.460875958204269 0.354452282190323 0.306180834770203 0.30108654499054 0.313026368618011 0.335531145334244 0.37506029009819 0.431342899799347 0.465560436248779 0.498282194137573 0.517713844776154 0.538620710372925 0.556945979595184 0.574941217899323 0.584262192249298
