data/03_saidas_enm/CCSM_SVM_21k_B.balansae3.asc
NCOLS 154 
NROWS 168 
XLLCORNER -112 
YLLCORNER -55.5 
CELLSIZE 0.5 
NODATA_value -9999 
[rows 100 to 124 of 168, columns 56 to 111 of 154]
-9999 -9999 -9999 -9999 -9999 -9999 -9999 -9999 -9999 -9999 -9999 -9999 -9999 -9999 -9999 -9999 -9999 -9999 -9999 -9999 -9999 -9999 -9999 -9999 -9999 -9999 -9999 -9999 0.0842500170611948 0.17652083146384 0.17569396335938 0.181731492486079 0.188496720075858 0.188255958172073 0.17774234314431 0.137995369344543 0.0884708468764588 0.110395265658973 0.155913725903905 0.211419914161361 0.357721689515958 0.517912629578851 0.473854544854832 0.377907900888444 0.34441598976259 0.370250983481418 0.481600940171366 0.611673690078645 0.686514866642279 0.765076895602897 0.841187321973448 0.902137331621122 0.953340257129653 0.999992945900572 1.0219570930672 1.00831188114775
-9999 -9999 -9999 -9999 -9999 -9999 -9999 -9999 -9999 -9999 -9999 -9999 -9999 -9999 -9999 -9999 -9999 -9999 -9999 -9999 -9999 -9999 -9999 -9999 -9999 -9999 -9999 -9999 0.0856755916387816 0.180453135292955 0.176757054103902 0.183418732174487 0.188558538074854 0.187507580075698 0.17251858384068 0.134288091891504 0.0967757037273332 0.131345580877486 0.171058086661379 0.233606538253762 0.4067932566919 0.518248664806749 0.443059916112136 0.363150278740798 0.341306245619473 0.360685057459721 0.480913887485947 0.574480452405654 0.623150525357765 0.727105008760973 0.800970933414815 0.865723929949314 0.913640513394028 0.956018864136453 0.981674071554283 0.963306823683001
-9999 -9999 -9999 -9999 -9999 -9999 -9999 -9999 -9999 -9999 -9999 -9999 -9999 -9999 -9999 -9999 -9999 -9999 -9999 -9999 -9999 -9999 -9999 -9999 -9999 -9999 -9999 0.174488934390611 0.0979618630344852 0.179183167425142 0.185135056932932 0.187270779477208 0.189074203450125 0.185741654137077 0.167663808832529 0.128794764636408 0.107933761994094 0.14450812921909 0.183418664778494 0.275497323186314 0.449102345965064 0.485546420166451 0.427616677151998 0.361104974288781 0.337078225487568 0.361305312532622 0.459487642691541 0.548308289209839 0.601796703807534 0.684212397228865 0.75868604439773 0.812531534779317 0.859057389824262 0.906578584656991 0.935458774363721 0.93661838369157
-9999 -9999 -9999 -9999 -9999 -9999 -9999 -9999 -9999 -9999 -9999 -9999 -9999 -9999 -9999 -9999 -9999 -9999 -9999 -9999 -9999 -9999 -9999 -9999 -9999 -9999 -9999 0.175662402616758 0.102648507510389 0.179571426094068 0.189043723524187 0.189358320907457 0.189951225947112 0.18588233694777 0.16417436703124 0.132472441508824 0.123731472775803 0.160104982144289 0.195374175417564 0.312660338912387 0.43981704694861 0.432328735913148 0.376661005611352 0.335099333095529 0.321538079288939 0.337721883206798 0.421654155211738 0.517919794785439 0.581124804477958 0.65096124228044 0.714133492939132 0.765827893567787 0.808938962383674 0.857127093775172 0.885949157571029 0.898272832928461
-9999 -9999 -9999 -9999 -9999 -9999 -9999 -9999 -9999 -9999 -9999 -9999 -9999 -9999 -9999 -9999 -9999 -9999 -9999 -9999 -9999 -9999 -9999 -9999 -9999 -9999 -9999 0.17517170564907 0.112317681557227 0.181064024823727 0.191777294743879 0.191704940770549 0.191346158711361 0.186397652470056 0.16430845414884 0.1381988742037 0.139074786783971 0.175951176494697 0.207185030848857 0.339188627496677 0.426707768343281 0.380577683251707 0.330830697208116 0.301841591534106 0.299897889724526 0.316067180523233 0.389985296866698 0.481252217808885 0.549530936538826 0.610154742387589 0.663172654562172 0.716046780611894 0.761350899229902 0.799836182813471 0.831631074738904 0.847001125728027
-9999 -9999 -9999 -9999 -9999 -9999 -9999 -9999 -9999 -9999 -9999 -9999 -9999 -9999 -9999 -9999 -9999 -9999 -9999 -9999 -9999 -9999 -9999 -9999 -9999 -9999 -9999 0.174948708528278 0.12858770382592 0.185964747275218 0.192630203327071 0.1925542818295 0.192224118215993 0.18851090577866 0.167703218173117 0.151169810676997 0.160808497815863 0.186631770570843 0.213052133410706 0.348315353465866 0.391906124009499 0.335609246977573 0.293205621775425 0.283422530095581 0.293578770693311 0.316217929808581 0.382369751043207 0.455085708531125 0.520440540414119 0.581714541027141 0.631322214399275 0.681720316906908 0.714293056860629 0.75070354573183 0.791517139602132 0.811615268506361
-9999 -9999 -9999 -9999 -9999 -9999 -9999 -9999 -9999 -9999 -9999 -9999 -9999 -9999 -9999 -9999 -9999 -9999 -9999 -9999 -9999 -9999 -9999 -9999 -9999 -9999 -9999 0.176578009413194 0.151787271477786 0.190011944615999 0.192871018129624 0.192881712238816 0.192740807126845 0.19004450631627 0.17358787234179 0.169443671122481 0.179588740992196 0.191201123339387 0.220818158315165 0.372633232551944 0.367563716530744 0.29691930420317 0.27605371082459 0.274274780821614 0.295583416147148 0.338691759792235 0.380512390937902 0.447057638125094 0.498149132444171 0.555594893499934 0.607572308598026 0.65104914074807 0.687200359121079 0.718925353021958 0.7571908910268 0.79068904959544
-9999 -9999 -9999 -9999 -9999 -9999 -9999 -9999 -9999 -9999 -9999 -9999 -9999 -9999 -9999 -9999 -9999 -9999 -9999 -9999 -9999 -9999 -9999 -9999 -9999 -9999 -9999 0.180436990875966 0.170432760391137 0.191753304753949 0.192909029614153 0.192956152436806 0.19286635251291 0.190817377113504 0.181091412725823 0.182758264906578 0.187188060534675 0.19319839260585 0.23215733346453 0.394350207232218 0.333276327585163 0.263085858355782 0.252383800236028 0.258462892441062 0.278831251023357 0.321231883653042 0.365259493303131 0.421026920738294 0.473158178714014 0.522821344070809 0.568250106821216 0.613041117704052 0.645444650494457 0.681838298349968 0.728415408741072 0.764884549071065
-9999 -9999 -9999 -9999 -9999 -9999 -9999 -9999 -9999 -9999 -9999 -9999 -9999 -9999 -9999 -9999 -9999 -9999 -9999 -9999 -9999 -9999 -9999 -9999 -9999 -9999 -9999 0.185119386550572 0.181448611671263 0.192408586318107 0.192918164548443 0.192966750288803 0.192917858452177 0.191006045509959 0.184017133983913 0.189332675307614 0.19093943297578 0.194657706120099 0.253588966954609 0.399751445761515 0.286262734656351 0.234244514467639 0.228801356846198 0.234390995823611 0.250437540724576 0.273218991042799 0.317587105937544 0.372979941285765 0.424669166455394 0.474936142173486 0.512351142391431 0.553895397136785 0.595992319998698 0.635857350019755 0.690776163293052 0.730360719746738
-9999 -9999 -9999 -9999 -9999 -9999 -9999 -9999 -9999 -9999 -9999 -9999 -9999 -9999 -9999 -9999 -9999 -9999 -9999 -9999 -9999 -9999 -9999 -9999 -9999 -9999 -9999 0.189035690783964 0.187012355676937 0.19253259181756 0.192872919530626 0.192954030431659 0.19288042995991 0.189759247360057 0.184849908762092 0.190128642213085 0.19167732088888 0.200438360235604 0.314867192588505 0.390203329183417 0.255378778907637 0.210933059651731 0.211851556634737 0.217621424941996 0.228680557125273 0.245733389328951 0.277644048665683 0.32033862321518 0.365932499650125 0.416271494892462 0.460261268783054 0.508404781476146 0.551528743658403 0.597635746175071 0.654841910424571 0.693819992341261
-9999 -9999 -9999 -9999 -9999 -9999 -9999 -9999 -9999 -9999 -9999 -9999 -9999 -9999 -9999 -9999 -9999 -9999 -9999 -9999 -9999 -9999 -9999 -9999 -9999 -9999 0.192606435890528 0.190751181654618 0.189757194315639 0.192484314192711 0.192730082924155 0.192895024305749 0.192813319091841 0.188207929180887 0.182500026929728 0.190395948467753 0.192474894534606 0.221973186383482 0.365341384086399 0.324772588984795 0.20247606266408 0.188031838490832 0.195115083984782 0.201387739364819 0.209214158844532 0.222632992623358 0.242314617244416 0.273901175137597 0.311006319821993 0.362555489068168 0.41053887361875 0.459921091569453 0.513311058328767 0.564116194122102 0.618482042366374 0.655153778767969
-9999 -9999 -9999 -9999 -9999 -9999 -9999 -9999 -9999 -9999 -9999 -9999 -9999 -9999 -9999 -9999 -9999 -9999 -9999 -9999 -9999 -9999 -9999 -9999 -9999 -9999 0.192713167847628 0.191402045657257 0.191793987068655 0.192123364404367 0.192259176488653 0.192729659261492 0.192683844435693 0.18684041521042 0.182865966874977 0.190374950171413 0.197016102218486 0.269059767010067 0.319294894451444 0.224949397764685 0.164898682143927 0.162279642863284 0.169992000479541 0.176779299904681 0.18162980172096 0.189189466046081 0.207603435777653 0.23603535999518 0.271102912984624 0.318867352537577 0.370112470908715 0.430088596752614 0.488032072507373 0.539092325854054 0.586580549919179 0.618187284443846
-9999 -9999 -9999 -9999 -9999 -9999 -9999 -9999 -9999 -9999 -9999 -9999 -9999 -9999 -9999 -9999 -9999 -9999 -9999 -9999 -9999 -9999 -9999 -9999 -9999 -9999 0.192991197983169 0.192243823939791 0.192149773767095 0.191456277800152 0.191334839247612 0.192382127126337 0.192569853194704 0.188359982175016 0.188778367244902 0.194862339451709 0.227169909689025 0.280119529374939 0.209359820921931 0.150818645115845 0.13087216574367 0.136527892576374 0.141677670533576 0.146669617477126 0.149888079249831 0.151630456080386 0.173174197815188 0.206581492473142 0.240047462803836 0.282568711478149 0.33006901727599 0.390672379075224 0.457965896758697 0.508544334783459 0.54708802408758 0.575176493571766
-9999 -9999 -9999 -9999 -9999 -9999 -9999 -9999 -9999 -9999 -9999 -9999 -9999 -9999 -9999 -9999 -9999 -9999 -9999 -9999 -9999 -9999 -9999 -9999 -9999 -9999 0.192688702101523 0.192621413012308 0.192049230294517 0.191313591480998 0.190775936454903 0.192015316422357 0.193810455426991 0.1974906025267 0.209419451658155 0.232193740852985 0.262509400700302 0.209725651991197 0.139091453119402 0.120558494625167 0.117174784262652 0.118239083736245 0.118569652421435 0.120882780668468 0.122943815093649 0.130178812206216 0.15086878206554 0.179743742645056 0.208176422298595 0.244378563121752 0.290229614016731 0.348027925667959 0.410559432213222 0.45894461021169 0.494898194214007 0.519476096401843
-9999 -9999 -9999 -9999 -9999 -9999 -9999 -9999 -9999 -9999 -9999 -9999 -9999 -9999 -9999 -9999 -9999 -9999 -9999 -9999 -9999 -9999 -9999 -9999 -9999 0.187225653751501 0.192293047493262 0.19245191646091 0.192308618805797 0.191340380343952 0.190906375051745 0.191728600449635 0.200298609509472 0.224476050350749 0.240399061688301 0.226431081969616 0.197543820077976 0.125196693926557 0.114611287278618 0.113382459747757 0.117109714288927 0.110438232650999 0.104287038164411 0.102538685713775 0.105106358716622 0.116946071671783 0.12728856257819 0.154079645725259 0.178182925542915 0.209978023922014 0.24622738017687 0.297299811263573 0.35529198233511 0.399521042393441 0.433230468580872 0.455836723748775
-9999 -9999 -9999 -9999 -9999 -9999 -9999 -9999 -9999 -9999 -9999 -9999 -9999 -9999 -9999 -9999 -9999 -9999 -9999 -9999 -9999 -9999 -9999 -9999 -9999 0.190308977322845 0.192065806964469 0.191843135881046 0.191859468537342 0.190884277505423 0.189594011570863 0.189548943875163 0.201143656816701 0.223424141316728 0.199786084007877 0.165682220982774 0.12505077924851 0.0992120492007132 0.109190388271041 0.111860653295204 0.112007239890529 0.103191976330228 0.0953312115487661 0.0910885006997038 0.0916070062783963 0.0987076553835546 0.105177680839797 0.125057511020688 0.146852926761865 0.173660382731064 0.210285986919204 0.254386308444781 0.299734521757388 0.338198565258828 0.369485924782182 0.389163988733262
-9999 -9999 -9999 -9999 -9999 -9999 -9999 -9999 -9999 -9999 -9999 -9999 -9999 -9999 -9999 -9999 -9999 -9999 -9999 -9999 -9999 -9999 -9999 -9999 -9999 0.190586487646071 0.191541661207943 0.191310544285901 0.19145858167619 0.189826357878633 0.188517557160048 0.181267505608705 0.163548868384704 0.145602335249721 0.117363784605156 0.103498302747482 0.0861117408127642 0.0845667599739654 0.0982016805279924 0.0991168535532921 0.104375797992685 0.0946267339339857 0.0865917698043508 0.081146536803439 0.0765818256948001 0.0818796427966501 0.0821292169190774 0.100164904760709 0.120202993446379 0.14539877011275 0.174080341599261 0.210769722820736 0.249181431404717 0.282883135363404 0.31212037359574 0.33103634179799
-9999 -9999 -9999 -9999 -9999 -9999 -9999 -9999 -9999 -9999 -9999 -9999 -9999 -9999 -9999 -9999 -9999 -9999 -9999 -9999 -9999 -9999 -9999 -9999 -9999 0.193653336849479 0.191096819387866 0.190767063376934 0.190610814222916 0.187747639672827 0.181015529609698 0.157857063958566 0.103961511038939 0.0726553698345296 0.0704651367992533 0.0775759365160636 0.0680312798175246 0.0591245752257247 0.0658835863603638 0.0729147666754173 0.0777729711463031 0.077590049785856 0.0775693182793749 0.0766401705595461 0.0703242558958814 0.0661416208118443 0.0710252379307527 0.0867518500545529 0.102682320161241 0.122108548653412 0.14568900009713 0.177981570142001 0.212215158682977 0.241972126363467 0.268605801700078 0.286564428560772
-9999 -9999 -9999 -9999 -9999 -9999 -9999 -9999 -9999 -9999 -9999 -9999 -9999 -9999 -9999 -9999 -9999 -9999 -9999 -9999 -9999 -9999 -9999 -9999 -9999 0.195852930896444 0.190518242511076 0.19050862510333 0.190141707318331 0.185079947358042 0.173144395298674 0.12724545257195 0.062730270562406 0.050280828445615 0.0605077576723709 0.0747143334881772 0.0655729344247252 0.055301510942431 0.0565163550470394 0.0575793918443468 0.0617694685024156 0.0668068612586008 0.0767027665177341 0.0822806055862001 0.0799148907083829 0.0792579144102982 0.0727953873487118 0.0788643346642315 0.0888707852415048 0.104621133227737 0.121947748729321 0.14689874414689 0.179488489886018 0.2067989619506 0.231988445836678 0.249986470659259
-9999 -9999 -9999 -9999 -9999 -9999 -9999 -9999 -9999 -9999 -9999 -9999 -9999 -9999 -9999 -9999 -9999 -9999 -9999 -9999 -9999 -9999 -9999 -9999 -9999 0.19615276118804 0.190213531536872 0.190411695868006 0.189552788922464 0.182340100219188 0.157454875635345 0.101212124358289 0.0492043969874881 0.0494037090818354 0.0627047057347843 0.0763306391438154 0.0671554503845539 0.0606429434694353 0.0601891565198631 0.057193355754726 0.0578375555763109 0.068648160900432 0.0904723848506521 0.100124104078191 0.093070883703161 0.0817251493636418 0.076044217347835 0.0758770449533565 0.0784822150459578 0.0906810473779004 0.10710528218962 0.129163918939286 0.154550944973614 0.178366398331899 0.203987138479926 0.222981205224136
-9999 -9999 -9999 -9999 -9999 -9999 -9999 -9999 -9999 -9999 -9999 -9999 -9999 -9999 -9999 -9999 -9999 -9999 -9999 -9999 -9999 -9999 -9999 -9999 -9999 0.197344063350301 0.189476695361637 0.190784504852721 0.190007076720782 0.181265947853568 0.150053348621217 0.0912102736612104 0.0526817794184155 0.0580500848448909 0.0643498389930776 0.0720920875727768 0.0678768480423662 0.0662362986983386 0.0668785598504671 0.0618378563580723 0.0612664121637429 0.0748789201220464 0.10369282339194 0.111730737330668 0.0980975326918386 0.0845485774267193 0.0766369638932095 0.0745224673555718 0.0738297442088051 0.083475983020223 0.0948825302622126 0.110391921630722 0.134140255630627 0.155640403727812 0.179921730318684 0.199286644917495
-9999 -9999 -9999 -9999 -9999 -9999 -9999 -9999 -9999 -9999 -9999 -9999 -9999 -9999 -9999 -9999 -9999 -9999 -9999 -9999 -9999 -9999 -9999 -9999 -9999 0.198219437889693 0.189091231582727 0.190933599050383 0.190716714315908 0.182659412323718 0.150209134331763 0.0982599796086885 0.0751570847193676 0.0781772240368619 0.076495866534787 0.0761066918124277 0.0750400076468488 0.0773083565034008 0.0782193677398516 0.0699338244952944 0.0669248180091897 0.0803754695219966 0.105563012108935 0.112806359299633 0.102521635470867 0.0863828479783016 0.079949146710287 0.0774908090603078 0.074719723689454 0.0798248819696747 0.0884357104690839 0.102294160008496 0.119137386741525 0.13828663176012 0.160986443677294 0.179743019650612
-9999 -9999 -9999 -9999 -9999 -9999 -9999 -9999 -9999 -9999 -9999 -9999 -9999 -9999 -9999 -9999 -9999 -9999 -9999 -9999 -9999 -9999 -9999 -9999 -9999 0.200371894221132 0.188052999222094 0.190764136241369 0.191167756889302 0.184606387284105 0.158289440778436 0.117890721285137 0.102117907219145 0.102534260508946 0.0962929111065827 0.0927256021080585 0.0872218136138819 0.087617185684093 0.0864971571344704 0.074152947693943 0.0703859356409892 0.0806380817452031 0.104970090488888 0.112221997829266 0.100903860122026 0.0874691974593145 0.0815380910079813 0.0808080224192583 0.079283539580851 0.0827937867713364 0.086673713456556 0.0942085941246928 0.109381729051788 0.124800022349845 0.142176680174268 0.156875027126174
-9999 -9999 -9999 -9999 -9999 -9999 -9999 -9999 -9999 -9999 -9999 -9999 -9999 -9999 -9999 -9999 -9999 -9999 -9999 -9999 -9999 -9999 -9999 -9999 -9999 0.202880141461076 0.187789340628271 0.190462574160915 0.19132231654331 0.186166143465432 0.168552895516405 0.139713405675105 0.122155053906187 0.120958509642171 0.10660882432972 0.0935744041889592 0.0930771427228551 0.0909808569320543 0.0866168918708601 0.0756820236345385 0.0695231309714569 0.0783197034557703 0.102086084516115 0.108891523562094 0.100764522520675 0.0897358059333875 0.0836540875498272 0.0851428268956584 0.0817390212824435 0.0848661102112133 0.0880632207131243 0.0915562424942293 0.107559216879688 0.116347820726939 0.131878306667498 0.146989801272908
-9999 -9999 -9999 -9999 -9999 -9999 -9999 -9999 -9999 -9999 -9999 -9999 -9999 -9999 -9999 -9999 -9999 -9999 -9999 -9999 -9999 -9999 -9999 -9999 0.208877958587576 0.200710350097143 0.186715966528027 0.190510588030724 0.191599816164451 0.187571704781813 0.173064959857644 0.148832643758323 0.136324770329025 0.135786848376217 0.122732575457472 0.109085047461568 0.105662464342208 0.102016055151678 0.0963635806904588 0.0829868295256581 0.07526125369748 0.0827848024760247 0.0999355471953456 0.104364701781698 0.0978039870078038 0.0882414701751713 0.0853228533715223 0.0846467612900509 0.0788178543195575 0.0760569782958551 0.0777558769811383 0.0879879710810309 0.105495376726372 0.112597569685674 0.119594776031529 0.134541948782153
