data/03_saidas_enm/CCSM_SVM_21k_B.balansae4.asc
NCOLS 154 
NROWS 168 
XLLCORNER -112 
YLLCORNER -55.5 
CELLSIZE 0.5 
NODATA_value -9999 
[rows 50 to 74 of 168, columns 56 to 111 of 154]
-9999 -9999 -9999 -9999 -9999 -9999 -9999 -9999 -9999 -9999 -9999 -9999 -9999 0.207313045738499 0.207286301658308 0.206081006484226 0.205723269813072 0.20635249430402 0.207187143538089 0.20809258102499 0.206791952708121 0.201429350688917 0.175174883004229 0.155522987935119 0.167823547977619 0.172375107180301 0.181819614302017 0.198392401262557 0.205664956687952 0.207206123227743 0.207293623139351 0.207221129595744 0.2053970922747 0.191439762178998 0.180635086958806 0.180905937504036 0.156640557168973 0.15471040948878 0.167550036642948 0.187006727781723 0.281672435970526 0.236041758838259 0.254135187211185 0.243845590183361 0.206262110133609 0.194072518031402 0.158589717902203 0.137924291170125 0.137347796918521 0.151588720682561 0.150314944265649 0.160899244383785 0.1652814378258 0.164324362798664 0.159157237706652 0.154857612371041
-9999 -9999 -9999 -9999 -9999 -9999 -9999 -9999 -9999 -9999 -9999 -9999 -9999 0.207298075353851 0.2059840600723 0.201671050247266 0.203916990269361 0.205463138790768 0.205945306389494 0.206163661198884 0.202906478869383 0.193145752593224 0.175269656064564 0.162237636797676 0.173229422087563 0.184989720574739 0.195420426106253 0.201100554404625 0.203431482760601 0.206144286736061 0.206862527533577 0.20665291513753 0.204814225417599 0.194736647970101 0.184857144345724 0.164211973762691 0.13627553559558 0.136979728922267 0.151893929671032 0.171542641706619 0.219164253788207 0.216858986600525 0.21665170166259 0.200738007037604 0.175078180895781 0.1478304204866 0.130118503609178 0.126554403463428 0.131603621432751 0.141594529388222 0.149470558448515 0.159296297267438 0.161451169787157 0.16099688984183 0.156379354296934 0.150678240109151
-9999 -9999 -9999 -9999 -9999 -9999 -9999 -9999 -9999 -9999 -9999 0.20730423302473 0.206506858103827 0.205286698231588 0.202055383272135 0.201371015233083 0.201652384318464 0.202057388609704 0.200877595238631 0.19848568312958 0.190341696365951 0.175076231439581 0.158254050357733 0.141088673475305 0.137114886542286 0.150014371647599 0.150606801998146 0.154099841215768 0.157907429017943 0.173085383576618 0.19025338311533 0.169235913581397 0.17012333116232 0.187862877494015 0.182705332648819 0.156604028023349 0.134425310783316 0.133990242672794 0.138217746658426 0.14505591207767 0.154044689338839 0.141170401499653 0.137445656491981 0.122807801738883 0.100897618885072 0.116162170068202 0.119687140363772 0.134490529055509 0.147776808889953 0.153740367330229 0.159827588512915 0.162321397933955 0.160491392819057 0.15719221283918 0.14925407157368 0.144408970770081
-9999 -9999 -9999 -9999 -9999 -9999 -9999 -9999 -9999 -9999 0.207285354455657 0.206622423907998 0.205688729553016 0.205449632189532 0.204868579866517 0.204897486102049 0.201621030821534 0.188016283450763 0.177269747908853 0.172482141919311 0.166451130081419 0.155253297014301 0.143947330502754 0.133529882926854 0.133736612887106 0.139302255372543 0.136408976201269 0.137887213002398 0.141611110419336 0.146845106893219 0.152955731908292 0.139097035233749 0.102858672884386 0.146617888924502 0.170408023689889 0.162429019913166 0.144895441283967 0.137398747851813 0.138277911099286 0.135640163192361 0.131911442063198 0.115333517473677 0.105721826061816 0.100610061983548 0.101561267168397 0.122900457653255 0.138420819419841 0.15349901717483 0.161740865874996 0.163443884281095 0.164286696415477 0.162096505698429 0.157548597799008 0.151943859251276 0.146256138607533 0.143011444886162
-9999 -9999 -9999 -9999 -9999 -9999 -9999 -9999 -9999 -9999 0.204894942285515 0.205759366960588 0.206945467302581 0.207085644165167 0.206810946199905 0.204860455423545 0.198824068555702 0.167573459320171 0.149557553458978 0.148567536986352 0.143299848784849 0.140221087780507 0.141999393968821 0.143850937816418 0.14828816310706 0.154506203413035 0.154076278485275 0.13476809032244 0.115151688127277 0.114474655832885 0.120843839456686 0.122365361673019 0.0945671324615574 0.115065535807101 0.151764738611967 0.162004426210797 0.155400735854566 0.144427250312978 0.14558955854104 0.142752291275807 0.137263638207313 0.122196748891122 0.11182600251998 0.112532479194016 0.125090035944484 0.145936628933787 0.155896463657073 0.16434649871668 0.166826496535638 0.163413464555947 0.162602182354485 0.157346401848697 0.153475415490744 0.150615991198092 0.149317079275453 0.148145096236514
-9999 -9999 -9999 -9999 -9999 -9999 -9999 -9999 0.206569420758382 0.199275521005727 0.198331145816854 0.205007757364609 0.207061964288753 0.20723847956126 0.207000581426401 0.203445206864103 0.192228390921679 0.17070672976074 0.144383788847241 0.135494612800873 0.139098101174915 0.140043009821702 0.144343173811311 0.151219052681854 0.157862228122672 0.155578104546489 0.132178702407738 0.120645755582173 0.132724693260855 0.133935255353667 0.12375323291288 0.109471765982285 0.115601590467078 0.102886564436333 0.133327616698971 0.148788231899219 0.149077630039679 0.144496088681542 0.145704920149998 0.145483351067142 0.143773794338915 0.134365024219479 0.128602502121968 0.130348949568464 0.139235050998312 0.150254708459182 0.156356900336498 0.158791569547922 0.159159071278901 0.157271961466858 0.157162173573875 0.154814215304572 0.155132276637269 0.154276925068378 0.154925935454148 0.157145094764349
-9999 -9999 -9999 -9999 -9999 -9999 -9999 -9999 0.198434249569716 0.198127322208846 0.200998648381685 0.205540546757937 0.207033588862002 0.207194029061308 0.206990183877513 0.203291262062999 0.19287532540543 0.182215886105123 0.166339813587775 0.159046397971367 0.156941307422227 0.154188712942792 0.154960420585431 0.155706318951698 0.137729942091993 0.128485348958975 0.13716194753471 0.159762198655512 0.171800820744056 0.171497008418625 0.154009799575413 0.111567970245368 0.131448743204917 0.110164525718735 0.115157961543284 0.124801508593155 0.135083850281173 0.136836481001674 0.136403596395408 0.132793826810309 0.134261196433178 0.129365965348773 0.12749801440622 0.127839373483027 0.132630740577747 0.138514018784872 0.140162126521707 0.142970008582168 0.143607659187447 0.138801825088758 0.138074830765508 0.135325222358509 0.135452254354665 0.137767097848017 0.140836660520675 0.148601817297999
-9999 -9999 -9999 -9999 -9999 -9999 -9999 0.205947508258321 0.20012636601154 0.197312407696903 0.20453704451557 0.20659259183673 0.207085419667148 0.206990518760205 0.206673702727813 0.204476358755645 0.195847418934948 0.183290194513096 0.175792542692201 0.171205993901969 0.155634984326606 0.146434629842848 0.137202682431159 0.130747269340296 0.135175044447696 0.141729903740686 0.142581143417768 0.141796947666053 0.144694555704572 0.15340754496261 0.160120610901481 0.124976457032438 0.144330272168955 0.134742414796812 0.109794211615452 0.104882473352259 0.110551897374195 0.117321645795882 0.118138267961603 0.122981197468963 0.123488451573743 0.124360962666091 0.12720498953542 0.125248281064009 0.127331738032757 0.125601001648031 0.124909501811114 0.126639718867473 0.124715232887876 0.126082675760332 0.124568142849882 0.122588206356933 0.121747255520565 0.123121523009164 0.130444841373316 0.143262449427465
-9999 -9999 -9999 -9999 -9999 -9999 -9999 0.205740759973137 0.196753675989631 0.199777700222416 0.20632256243797 0.206961582135939 0.207150187872359 0.206820115168256 0.205683394316001 0.201504433237196 0.188087937779491 0.171156300548217 0.160583726010712 0.162389979384945 0.160526117698531 0.149237106592377 0.137635590804238 0.134375664851353 0.128141920860023 0.122222158086771 0.123409849127223 0.124805402606559 0.12790474555635 0.131942916239468 0.136406253304751 0.144465153005541 0.158609028907912 0.151089186168568 0.12132003240242 0.100926264831598 0.0949559695996989 0.096082032872204 0.100248228657082 0.106797562251668 0.112914539638708 0.121478484840349 0.122108224260094 0.125732168160152 0.131802748620571 0.13039459381639 0.126458801711759 0.12188014755808 0.123844010744125 0.117672907591521 0.114821217203417 0.114927818471938 0.12114230953794 0.125964532844717 0.129200478070372 0.136992968568737
-9999 -9999 -9999 -9999 -9999 -9999 0.207307479479905 0.203916014934816 0.190623558739046 0.202776072531236 0.206171641625635 0.20640739358467 0.207294248306909 0.206778748249954 0.204061137295429 0.193145957514164 0.173008562680205 0.152014045808736 0.137607598005941 0.14580364885881 0.158099487166869 0.155758208235531 0.151913705274855 0.149469265350317 0.146645569425399 0.144642806033487 0.145882197313515 0.151678286488644 0.153138431297806 0.157116487936867 0.162131420861501 0.165420389182286 0.172409252072122 0.167128094762448 0.134304606060218 0.112780613313493 0.0987554536803956 0.0937547825542428 0.0939260909107716 0.103359001731713 0.112043726102164 0.117010289257286 0.123498187336623 0.118318089156728 0.111183381372091 0.105586417567343 0.109163201385384 0.11999740094064 0.132875200228428 0.130024777928235 0.129163958397713 0.131038687403788 0.134884579746724 0.142429323212881 0.152872945840634 0.150390768233441
-9999 -9999 -9999 -9999 -9999 -9999 0.207304759989933 0.202645839030783 0.191040376350449 0.203440791901765 0.204850129931068 0.205451948014923 0.20722897434951 0.206643428556746 0.20281359983825 0.188437763222698 0.165889635568077 0.144901206237022 0.127971189664388 0.125429499263789 0.135991057909835 0.139083589964738 0.140969059367518 0.137232606834146 0.134698563165376 0.136248799512378 0.136896249698703 0.141073482561431 0.142999454791517 0.146854757758966 0.153865103598801 0.159174723748478 0.16742860072469 0.169838544014393 0.157745041043101 0.133708666098051 0.115447314872714 0.105680121419971 0.103964034773201 0.102321511208738 0.102875115870165 0.097030011676596 0.0989882424491377 0.105480391377602 0.116949573138349 0.118364882793692 0.115841306128998 0.111789855180097 0.112918613757517 0.109144424219426 0.104639377986649 0.102516521595723 0.106122491469478 0.11190501839072 0.117461870892302 0.124447236656117
-9999 -9999 -9999 -9999 -9999 -9999 0.207297296772208 0.203530188388743 0.195022856633694 0.202515139912534 0.202520129481389 0.204088565594326 0.20709997958845 0.206059277256719 0.200084075626753 0.182971256688678 0.164874292195368 0.148325338822063 0.132340377151688 0.120755442823535 0.123200350695215 0.122544106967326 0.123923444653311 0.121552116712523 0.120909194363191 0.120800110776933 0.122170105125415 0.122907929477237 0.124434418308318 0.129098776907674 0.130656428120011 0.137690808762462 0.142304383949252 0.146489099619044 0.151626036719247 0.151642922728651 0.14261769206617 0.130553685609655 0.127423368621438 0.114036628864476 0.115357425390713 0.109965391079661 0.103019462458915 0.10349078438411 0.105842188873529 0.108442614534114 0.105313106821845 0.104895535592143 0.104161185918364 0.10152353431068 0.103748837167089 0.10198759181484 0.100460178209208 0.0982636655612176 0.0988601235232808 0.100615952754438
-9999 -9999 -9999 -9999 -9999 -9999 -9999 0.205143202437612 0.199694938784763 0.201206341803507 0.200663416251249 0.202352746588016 0.206271381952945 0.205017502576047 0.197943831549744 0.181624042951047 0.165228181897859 0.150637022802845 0.135124186689923 0.123491727747415 0.117023740716441 0.112366813185607 0.110588264776309 0.10809544617692 0.106567386264408 0.107332949992081 0.107680882856951 0.109255017178282 0.109954606009732 0.111241032952971 0.11370267801039 0.115974367605023 0.119931442824601 0.119451163936525 0.119239923960319 0.121997007766342 0.121488219492132 0.122224154095014 0.12017760069751 0.109893790122366 0.103514139587377 0.0949321737937479 0.0958806715228194 0.100730649937103 0.110497187566673 0.116536678695791 0.122644274011063 0.121899348776494 0.114397974019064 0.111179338310823 0.10416117154521 0.0984685304505998 0.0919063004717782 0.0896986714623982 0.0902909354553819 0.0928718852308958
-9999 -9999 -9999 -9999 -9999 -9999 -9999 -9999 0.202047125173551 0.200190629350144 0.200240362546305 0.200616741369362 0.20514447694466 0.203253317491205 0.194548472142311 0.180443563737888 0.165418205222278 0.152128969146386 0.138641461893093 0.126091310895711 0.116513329016752 0.111056515587244 0.106977690929558 0.104982062918343 0.10472932907291 0.104738420002685 0.108783032482451 0.113429334019052 0.114158808107283 0.114786042965971 0.11503595707896 0.116345140750656 0.118168585092753 0.115196741518117 0.111420591685116 0.108485998858061 0.107429850218084 0.106750890595726 0.106584123046964 0.104453651503881 0.102434519985273 0.101655209300174 0.10460262013885 0.108031247976033 0.117020492545102 0.12005306381836 0.120760769647041 0.121534014385388 0.112844727624565 0.109281278828137 0.103532984153334 0.100140191185385 0.0984474979871897 0.0950466080242523 0.094592482748816 0.0973237352163331
-9999 -9999 -9999 -9999 -9999 -9999 0.203599484113157 0.20182153643256 0.20271466851824 0.202138876021254 0.200712407373489 0.200272263660706 0.203134189264177 0.200245326353707 0.189312859442434 0.176428400119007 0.165829666536952 0.153375390079482 0.141332007006243 0.1328984138613 0.124491440906166 0.117844540573111 0.113167558337135 0.111670572355836 0.112640606406925 0.113426401937049 0.117426233183358 0.122067787825037 0.126536910229822 0.126787395675698 0.126754184501689 0.127153651095919 0.127253941669611 0.122901948863264 0.116791121947135 0.110758134032314 0.103324868420661 0.0987357997867466 0.0965050473091993 0.0946731578891649 0.0958176035084118 0.101171202499343 0.106769082038779 0.10663915918105 0.114991822731846 0.11736984787776 0.120076447817732 0.118680987940668 0.120343353478695 0.128714654656824 0.132801267127129 0.133616080801585 0.130415510079571 0.125352178095302 0.122900957018132 0.120574558613115
-9999 -9999 -9999 -9999 -9999 0.196718413510849 0.193461752968262 0.201022405891282 0.204116937362487 0.203440958007998 0.201742699978925 0.200126626442969 0.200467211650756 0.194358961914851 0.18320609058389 0.176547241637944 0.168232212779389 0.154771034476107 0.145271379868799 0.142333468834778 0.134164249177436 0.130055542887375 0.125001074793181 0.123744905233477 0.125588754190067 0.125791456409279 0.127630792926694 0.128810825416504 0.130395927445868 0.135083934773854 0.134377916781837 0.133755902285375 0.133982613420124 0.131039889859417 0.126550187914043 0.121695363891142 0.114808540042726 0.106588639774659 0.101662175087621 0.0936521387233781 0.0919608493606178 0.0929672042287001 0.0986681775477091 0.0998715286540378 0.110994150160341 0.114527691804162 0.12383602790922 0.140803424978313 0.146141179855486 0.153098228554136 0.155698199399579 0.152670340312056 0.151541910874536 0.148036332126826 0.146254636600765 0.147259753241548
-9999 -9999 -9999 -9999 -9999 0.191727367707541 0.189378989642307 0.199628581159549 0.201843105915468 0.200519676572088 0.197290763814082 0.197312811352771 0.194202800873039 0.189989187418365 0.188039206697946 0.184601461392552 0.174246759005788 0.164020840739727 0.154735402417832 0.150682537170296 0.148083151214377 0.145075675842458 0.141644848024198 0.139611020295326 0.139163994157202 0.137633880830399 0.136851737377911 0.135217910849415 0.13363284300633 0.133147084247534 0.133517411763582 0.134633776258347 0.134665076438015 0.133332902732464 0.131286214217096 0.128716817460581 0.123960888120178 0.118428523702486 0.113748757748187 0.105760742200017 0.100740458971797 0.0991766357470824 0.101099343568965 0.107423144900865 0.119891339957814 0.132379600994023 0.144364939304796 0.153621351138507 0.157216021302945 0.160011600924089 0.160923827060226 0.158548869135589 0.155890749554023 0.153978943419354 0.152689289739907 0.153661646830015
-9999 -9999 -9999 -9999 -9999 -9999 0.194677831118599 0.198286819914199 0.197304761962064 0.196072539344935 0.193159509707438 0.195346484088876 0.195724864188525 0.197199821880698 0.194565747209077 0.197534725496836 0.1815665335126 0.171200330400242 0.160571174147626 0.157991119799632 0.160238131911414 0.156629288020127 0.156132424562312 0.15343902493473 0.149621405833063 0.145647653721751 0.141544368719733 0.136954744108773 0.131424046661089 0.126825493093086 0.124479775794319 0.123219013349889 0.124926114898928 0.124861504457732 0.126446294175896 0.127282980668734 0.125759027283085 0.12390759192245 0.120067420778247 0.115466280462858 0.112060482906496 0.113210858539644 0.117778286385917 0.124269816178843 0.135906718551169 0.145057492074462 0.151962678278265 0.157962367417878 0.159090788480596 0.159122473098865 0.158659750450494 0.154695731196947 0.152066935044599 0.149850123471026 0.146449416915844 0.146542101153718
-9999 -9999 -9999 -9999 -9999 -9999 0.205398334240565 0.203815417048506 0.188513715558258 0.194720296259141 0.198348534299004 0.201219905730597 0.204873683710829 0.205660166241629 0.20206037968937 0.192424059697716 0.183186623434702 0.176711629362724 0.168945069619963 0.162663374616829 0.16587181001132 0.167964386833662 0.170098225072598 0.165995262040722 0.158663233395591 0.151642911682865 0.145063206574112 0.137839026095184 0.130183354536999 0.121636710281359 0.115371614833656 0.112453179464421 0.111642243486096 0.111333060213367 0.113464374135332 0.11637712507384 0.118660481333324 0.121038935615574 0.12196527349383 0.122922068021747 0.123300632942514 0.12556277889193 0.129455475915383 0.134388444332086 0.141655727400003 0.147708211345033 0.152335184246969 0.154361909212323 0.153748449207379 0.150696310365657 0.147840943477452 0.144878115890993 0.143617133489943 0.142400106699086 0.137655481689683 0.135580430012468
-9999 -9999 -9999 -9999 -9999 -9999 0.209035582623827 0.220910769546536 0.195626439395233 0.196709320013093 0.200175913127755 0.203673490728382 0.207885838618913 0.209006152393053 0.209031428548732 0.204008224842928 0.184067906045229 0.171427112093403 0.156783453263974 0.156655414268783 0.169248841104466 0.172792891366093 0.178795865751852 0.17439093999456 0.162542698533205 0.155354569643732 0.146706517650387 0.138868469854166 0.127936424070533 0.113417119837275 0.106223566054555 0.0977997905722471 0.095765573171012 0.093538642795186 0.0955253208004278 0.101768517393091 0.106167002306209 0.1150214716749 0.121134468539488 0.128131991548049 0.132077978536982 0.135557257935026 0.138548753041823 0.141190224241146 0.145399242915953 0.147810192146183 0.148525146324738 0.147882750386229 0.144802841663564 0.137658266902369 0.134394884987291 0.132615425057359 0.133265087822183 0.132117835890079 0.126414525587683 0.126392551508111
-9999 -9999 -9999 -9999 -9999 -9999 -9999 -9999 0.217253482763611 0.203221107562435 0.203493303942754 0.205384625120857 0.207782069894557 0.208326643649554 0.209439928946893 0.207990302969974 0.190667799952892 0.155149168123551 0.137601506498432 0.151622279385209 0.169300050554249 0.180062303292139 0.185751754793495 0.179878632713394 0.169338460407625 0.158811472663889 0.150410486365498 0.140359337312059 0.128779520956618 0.113717738553207 0.0998629133071903 0.0907327137330369 0.0831697166812297 0.0786739900091503 0.0799161755921822 0.084654386810927 0.09354454539354 0.104458621387775 0.114358518795641 0.125705005764964 0.134539925893537 0.140179657332324 0.14384653933141 0.145627957829226 0.146793323425084 0.147277433746724 0.145677368967641 0.14195975624024 0.136874727276913 0.129287628281364 0.123949765647001 0.122023845911905 0.12231278398694 0.123787018484967 0.122659935766271 0.123858253296005
-9999 -9999 -9999 -9999 -9999 -9999 -9999 -9999 0.209102304404487 0.208805723193539 0.205127249865863 0.205289783605643 0.207351282627768 0.207674092691782 0.208610880687108 0.209495327796792 0.196780097438088 0.148932220027062 0.116466742628062 0.13753606071396 0.17055548020793 0.178011496548441 0.187227508106176 0.1823341939748 0.169827510068813 0.161899590066852 0.151945392012416 0.142247333551026 0.129255142212193 0.110386133860215 0.0974391091320312 0.0832786107270039 0.07461240577823 0.0658542409763548 0.0634658959385301 0.0676844446316821 0.0743953534074747 0.0884495302145556 0.100957454661068 0.116831148330886 0.13067781493598 0.138526179662684 0.146380167567164 0.149074853915333 0.149204568166501 0.1492376709434 0.144606719591388 0.138444986925234 0.130499632530555 0.118445344148224 0.114081249180367 0.110978819598051 0.111516530303891 0.115902295132795 0.120124719403672 0.127862442475268
-9999 -9999 -9999 -9999 -9999 -9999 -9999 -9999 -9999 0.209454946177968 0.203959760901156 0.203363426577561 0.206983805009742 0.207357958824024 0.208108466341877 0.210392103187073 0.204182335280396 0.159403448741458 0.128250706053163 0.147295805340183 0.169606546599255 0.181773633864755 0.185791434815486 0.179124071592335 0.17344196265494 0.163584052364726 0.15446963023986 0.142594588207007 0.128881342765462 0.113321437931747 0.0965999863358397 0.0827574343858709 0.0683973642106279 0.0598138813178001 0.0570546969899313 0.0570365263802139 0.064787754956163 0.0722425743510735 0.0854291405330565 0.104343974452735 0.12137742062925 0.13603765047486 0.145333763068806 0.151583221756803 0.155480571723958 0.155178493050741 0.149494213578437 0.139908050295082 0.127970898166177 0.116222813466176 0.10761354884623 0.104208773661562 0.104565233215643 0.112119799634805 0.123990093825725 0.136103261777829
-9999 -9999 -9999 -9999 -9999 -9999 -9999 -9999 -9999 -9999 0.206552675995608 0.206249054004393 0.206790221454535 0.207016485703997 0.207766216008579 0.210684247774883 0.213561752073174 0.190252626325384 0.158022581060428 0.159085384262893 0.171009124038451 0.174152813461451 0.183583873953742 0.177647421091057 0.16893063196854 0.161276013014806 0.153500736031175 0.142722744833705 0.129688340057474 0.110888384266409 0.0953709912756874 0.0807044015184562 0.0680534168625718 0.0569097094157185 0.0512450843051875 0.049913114041947 0.0535404343735392 0.0634743189885144 0.0725691203594636 0.0899834431609426 0.106600611111747 0.123703574547459 0.141802612358884 0.152817644305083 0.159682655790409 0.16272723831789 0.158236736888533 0.147987155415606 0.133608091862736 0.115736807534283 0.106438965424382 0.103610806100546 0.105468055241172 0.113805405060992 0.1243223437039 0.137006555322612
-9999 -9999 -9999 -9999 -9999 -9999 -9999 -9999 -9999 -9999 -9999 0.20722795988538 0.206202925866386 0.204510270926916 0.206022003323036 0.210576920943492 0.218866289736626 0.22736985951478 0.214562284994621 0.17103966443131 0.180911226801666 0.173351641286398 0.178048889407141 0.172912023681966 0.166690427161981 0.160358365803952 0.152695285376608 0.14215469745474 0.128370643087056 0.112187298077896 0.0974111461558276 0.0821321901145458 0.0670608282432014 0.0577286863536236 0.0524642293746905 0.0518379712190235 0.0540290959525386 0.0574111087114484 0.0657692796456114 0.0825248557726722 0.0956568754600284 0.116012471699441 0.13504195019575 0.151046406787811 0.165998738277465 0.173879776391217 0.172926643668372 0.162452214854443 0.14667462443832 0.126333863124997 0.113796547939156 0.109902070657194 0.109331797850104 0.114547753371719 0.122178051913814 0.131006792120202
