data/03_saidas_enm/CCSM_Maxent_0k_B.balansae5.asc
NCOLS 154 
NROWS 168 
XLLCORNER -112 
YLLCORNER -55.5 
CELLSIZE 0.5 
NODATA_value -9999 
[rows 75 to 99 of 168, columns 56 to 111 of 154]
-9999 -9999 -9999 -9999 -9999 -9999 -9999 -9999 -9999 -9999 -9999 0.0334515236318111 0.0854413360357285 0.1886335760355 0.254946351051331 0.270969986915588 0.25192192196846 0.244641900062561 0.253869652748108 0.211762458086014 0.173405677080154 0.164336636662483 0.164011463522911 0.160987511277199 0.158799350261688 0.156670838594437 0.155736118555069 0.156510800123215 0.156585037708282 0.155962869524956 0.159251287579536 0.167026564478874 0.179490923881531 0.191876098513603 0.203815534710884 0.218341439962387 0.23032882809639 0.244153320789337 0.256407350301743 0.26677605509758 0.27897173166275 0.287713557481766 0.293239176273346 0.279157489538193 0.263660609722137 0.251428306102753 0.241208866238594 0.230236545205116 0.217925116419792 0.204229101538658 0.190669536590576 0.180535644292831 0.169944643974304 0.163594335317612 0.160846397280693 0.160085290670395
-9999 -9999 -9999 -9999 -9999 -9999 -9999 -9999 -9999 -9999 -9999 0.0378422550857067 0.0808174908161163 0.170067131519318 0.216296538710594 0.237754553556442 0.22173385322094 0.194737643003464 0.198284313082695 0.2201828956604 0.196471467614174 0.179676458239555 0.173366963863373 0.166672870516777 0.159300059080124 0.15350267291069 0.154418632388115 0.155214324593544 0.156114727258682 0.156130313873291 0.158007249236107 0.166158705949783 0.177366316318512 0.189256638288498 0.20019505918026 0.213486790657043 0.228431567549706 0.243103697896004 0.25741371512413 0.270565032958984 0.283365607261658 0.296947151422501 0.306444615125656 0.309251517057419 0.297635942697525 0.284899175167084 0.273864269256592 0.262970954179764 0.251459509134293 0.238521501421928 0.227722898125648 0.216423809528351 0.206414848566055 0.2032550573349 0.205792352557182 0.212589368224144
-9999 -9999 -9999 -9999 -9999 -9999 -9999 -9999 -9999 -9999 -9999 -9999 0.0671389847993851 0.118271596729755 0.169309794902802 0.196957170963287 0.172958999872208 0.133364677429199 0.128791108727455 0.155897930264473 0.212122276425362 0.214018881320953 0.193193405866623 0.179758712649345 0.170133858919144 0.161521255970001 0.156837120652199 0.15397684276104 0.152569010853767 0.15188193321228 0.154634833335876 0.162495255470276 0.173541501164436 0.184076547622681 0.19415095448494 0.207588598132133 0.223195716738701 0.24063166975975 0.257119804620743 0.271420538425446 0.286290913820267 0.301506578922272 0.317523628473282 0.329684466123581 0.332650482654572 0.321583420038223 0.307913541793823 0.296348065137863 0.286145359277725 0.275987863540649 0.268421947956085 0.25962370634079 0.253395587205887 0.252531051635742 0.2561214864254 0.26186865568161
-9999 -9999 -9999 -9999 -9999 -9999 -9999 -9999 -9999 -9999 -9999 -9999 0.0560004115104675 0.0742048770189285 0.120983488857746 0.177761554718018 0.136097505688667 0.0813996866345406 0.0772913843393326 0.108858674764633 0.160151302814484 0.21135076880455 0.231571882963181 0.2174411714077 0.191631197929382 0.183649733662605 0.163417473435402 0.153839185833931 0.149746656417847 0.147357806563377 0.149293258786201 0.15554803609848 0.163372084498405 0.173302501440048 0.183933183550835 0.196095392107964 0.21218578517437 0.22977876663208 0.250819951295853 0.2717504799366 0.289377301931381 0.308899819850922 0.331920593976974 0.348943203687668 0.358132302761078 0.363695055246353 0.343543022871017 0.329332798719406 0.321285665035248 0.315092623233795 0.310771286487579 0.308008998632431 0.305618017911911 0.306168705224991 0.30638775229454 0.310000240802765
-9999 -9999 -9999 -9999 -9999 -9999 -9999 -9999 -9999 -9999 -9999 -9999 -9999 0.0591099336743355 0.0825642198324203 0.111615918576717 0.099031962454319 0.0701566115021706 0.0691325291991234 0.0874994620680809 0.11258677393198 0.142221480607986 0.200394183397293 0.259831577539444 0.291543811559677 0.241846650838852 0.201253369450569 0.169737741351128 0.148794457316399 0.145332932472229 0.144986316561699 0.14948882162571 0.155558809638023 0.164008885622025 0.173807173967361 0.185140341520309 0.200931996107101 0.218712136149406 0.239827662706375 0.260558247566223 0.287686049938202 0.314094305038452 0.338744252920151 0.360159277915955 0.37773934006691 0.386325746774673 0.373647302389145 0.362212210893631 0.352834105491638 0.354416370391846 0.358149528503418 0.355626106262207 0.351334005594254 0.350412309169769 0.350187987089157 0.354381591081619
-9999 -9999 -9999 -9999 -9999 -9999 -9999 -9999 -9999 -9999 -9999 -9999 -9999 0.0639749318361282 0.0626980066299438 0.0803428068757057 0.0729940757155418 0.0654564127326012 0.0721674114465714 0.0815625637769699 0.0840656235814095 0.0801316276192665 0.106200836598873 0.140457853674889 0.166299998760223 0.269243210554123 0.286609202623367 0.22484590113163 0.178091108798981 0.155246958136559 0.147171854972839 0.154101654887199 0.152726858854294 0.159194663167 0.168097406625748 0.176125094294548 0.193443790078163 0.210909396409988 0.231569990515709 0.252264410257339 0.275976061820984 0.312667191028595 0.339996993541718 0.365440666675568 0.390726625919342 0.40632352232933 0.402456432580948 0.380156964063644 0.371626228094101 0.380635201931 0.390745967626572 0.388226419687271 0.384822845458984 0.382737785577774 0.37989130616188 0.384670913219452
-9999 -9999 -9999 -9999 -9999 -9999 -9999 -9999 -9999 -9999 -9999 -9999 -9999 -9999 0.0616368912160397 0.0475022606551647 0.0540361925959587 0.0702202469110489 0.080709807574749 0.0698282420635223 0.0504411496222019 0.0295943524688482 0.0269819106906652 0.0267815459519625 0.0323270447552204 0.0690857991576195 0.124330975115299 0.22907680273056 0.308147817850113 0.253318279981613 0.194186359643936 0.168854936957359 0.165155321359634 0.163052693009377 0.168859958648682 0.176332235336304 0.190875068306923 0.208924233913422 0.228755801916122 0.248881250619888 0.272251039743423 0.302291482686996 0.335943639278412 0.367065995931625 0.392824202775955 0.416144877672195 0.423931360244751 0.406677544116974 0.400140732526779 0.406975567340851 0.415475189685822 0.414750933647156 0.41069108247757 0.406388908624649 0.399218529462814 0.398455291986465
-9999 -9999 -9999 -9999 -9999 -9999 -9999 -9999 -9999 -9999 -9999 -9999 -9999 -9999 0.0660759508609772 0.0365596227347851 0.0489181317389011 0.0823035761713982 0.0919605046510696 0.0594936013221741 0.0330169051885605 0.023893665522337 0.0200521610677242 0.0186300445348024 0.0194184761494398 0.023639278486371 0.0239865761250257 0.0672061443328857 0.143998488783836 0.190268784761429 0.276252865791321 0.226986914873123 0.186494424939156 0.169365376234055 0.161904960870743 0.166997209191322 0.176619574427605 0.194341763854027 0.211983010172844 0.2348792552948 0.270604193210602 0.298033982515335 0.32356259226799 0.354373604059219 0.390873849391937 0.419511407613754 0.426753252744675 0.427259981632233 0.429682224988937 0.433885961771011 0.439439028501511 0.43410336971283 0.428465038537979 0.422492146492004 0.411811888217926 0.403532207012177
-9999 -9999 -9999 -9999 -9999 -9999 -9999 -9999 -9999 -9999 -9999 -9999 -9999 -9999 -9999 0.0627901628613472 0.067998006939888 0.0889448076486588 0.0860052481293678 0.0534746237099171 0.0228416807949543 0.0174711383879185 0.0149450087919831 0.0141119547188282 0.0150091517716646 0.0149961346760392 0.0166155956685543 0.0179719012230635 0.021290697157383 0.0483365431427956 0.152109608054161 0.27718323469162 0.235957205295563 0.2017592638731 0.17900775372982 0.16939802467823 0.175509035587311 0.188003495335579 0.203851953148842 0.221735507249832 0.242235422134399 0.279237329959869 0.321243137121201 0.34671813249588 0.378062874078751 0.407612383365631 0.428964048624039 0.442185342311859 0.451685160398483 0.4558045566082 0.451693445444107 0.444857954978943 0.438429653644562 0.431012272834778 0.422049731016159 0.414361417293549
-9999 -9999 -9999 -9999 -9999 -9999 -9999 -9999 -9999 -9999 -9999 -9999 -9999 -9999 -9999 0.0189253091812134 0.0707131624221802 0.113223426043987 0.0993315130472183 0.0599548481404781 0.0276272837072611 0.0196349546313286 0.0178214516490698 0.0167705677449703 0.0174975618720055 0.0144118843600154 0.0170372650027275 0.0186134837567806 0.0208331607282162 0.0273418184369802 0.0819048509001732 0.196485176682472 0.322681784629822 0.245689406991005 0.211841076612473 0.181584253907204 0.189246997237206 0.193692222237587 0.206345289945602 0.225837007164955 0.241618901491165 0.278906375169754 0.32355272769928 0.340652614831924 0.36822122335434 0.399631708860397 0.425269216299057 0.451986700296402 0.463162243366241 0.461505949497223 0.454150438308716 0.444392830133438 0.439563363790512 0.43141770362854 0.4233618080616 0.422684133052826
-9999 -9999 -9999 -9999 -9999 -9999 -9999 -9999 -9999 -9999 -9999 -9999 -9999 -9999 -9999 0.0142219038680196 0.0334697514772415 0.101282648742199 0.12217565625906 0.102101050317287 0.0785305425524712 0.0558002591133118 0.0422020778059959 0.0342892333865166 0.0309709850698709 0.0299028344452381 0.0254285298287868 0.0233006868511438 0.0242565646767616 0.0277967005968094 0.0446085780858994 0.129957735538483 0.295991152524948 0.373773843050003 0.290186941623688 0.230208352208138 0.215266406536102 0.218316689133644 0.233335167169571 0.244632944464684 0.264253497123718 0.302903056144714 0.329893797636032 0.338416248559952 0.358087301254272 0.385483920574188 0.416249811649323 0.444675624370575 0.453185200691223 0.442437171936035 0.428922593593597 0.422482401132584 0.409644216299057 0.401445209980011 0.401048541069031 0.395678699016571
-9999 -9999 -9999 -9999 -9999 -9999 -9999 -9999 -9999 -9999 -9999 -9999 -9999 -9999 -9999 -9999 0.016754861921072 0.0343051478266716 0.0931249782443047 0.171851441264153 0.135885581374168 0.111257828772068 0.103087916970253 0.0929958075284958 0.0761886015534401 0.0690906941890717 0.0374554954469204 0.0306396894156933 0.0261541455984116 0.0263580251485109 0.0325458943843842 0.0754057168960571 0.197883993387222 0.341474503278732 0.41868057847023 0.32630643248558 0.277600586414337 0.259218782186508 0.266840994358063 0.2885582447052 0.301140993833542 0.325766831636429 0.335188746452332 0.337196320295334 0.351135045289993 0.372348308563232 0.400040239095688 0.419654935598373 0.418573915958405 0.405103027820587 0.398649543523788 0.398000091314316 0.392106801271439 0.396592676639557 0.397235035896301 0.38771778345108
-9999 -9999 -9999 -9999 -9999 -9999 -9999 -9999 -9999 -9999 -9999 -9999 -9999 -9999 -9999 -9999 -9999 0.0173388440161943 0.0331122614443302 0.0824896916747093 0.171420082449913 0.16227562725544 0.130341708660126 0.111710235476494 0.123656541109085 0.131923422217369 0.0960900709033012 0.0703358501195908 0.0500390715897083 0.0311438981443644 0.025922629982233 0.0416081622242928 0.0810833051800728 0.160968333482742 0.299717575311661 0.435076296329498 0.383527994155884 0.325273036956787 0.305394947528839 0.308086603879929 0.330819129943848 0.347176820039749 0.341375946998596 0.343126267194748 0.35040694475174 0.363984018564224 0.374715059995651 0.367087125778198 0.364345550537109 0.36768501996994 0.366173356771469 0.379164069890976 0.403106123209 0.426787674427032 0.435578346252441 0.426943778991699
-9999 -9999 -9999 -9999 -9999 -9999 -9999 -9999 -9999 -9999 -9999 -9999 -9999 -9999 -9999 -9999 -9999 -9999 -9999 0.022643331438303 0.0401921309530735 0.0950223878026009 0.121321558952332 0.109766460955143 0.12670861184597 0.14968729019165 0.145586967468262 0.132402449846268 0.0998367741703987 0.0554104298353195 0.0299982856959105 0.031817402690649 0.0413183867931366 0.059021532535553 0.147189050912857 0.307479649782181 0.396938145160675 0.436193913221359 0.369641810655594 0.350366741418839 0.33908674120903 0.345558822154999 0.345818728208542 0.348150193691254 0.352836340665817 0.353380382061005 0.351907879114151 0.342487305402756 0.342546373605728 0.363020777702332 0.390976220369339 0.419609904289246 0.464598149061203 0.492787688970566 0.496162503957748 0.482158124446869
-9999 -9999 -9999 -9999 -9999 -9999 -9999 -9999 -9999 -9999 -9999 -9999 -9999 -9999 -9999 -9999 -9999 -9999 -9999 -9999 -9999 0.0261651482433081 0.0519834719598293 0.105427078902721 0.108348786830902 0.109787069261074 0.138419300317764 0.173092767596245 0.166688680648804 0.107620067894459 0.0688755512237549 0.0384698994457722 0.0364956445991993 0.0409452170133591 0.0528970398008823 0.114087700843811 0.229171395301819 0.387628793716431 0.457237988710403 0.413063287734985 0.366299211978912 0.352580189704895 0.348960191011429 0.34586638212204 0.346936970949173 0.347310781478882 0.351587414741516 0.357344627380371 0.362822085618973 0.389031589031219 0.426110297441483 0.464187234640121 0.501732230186462 0.522839903831482 0.529299914836884 0.501113176345825
-9999 -9999 -9999 -9999 -9999 -9999 -9999 -9999 -9999 -9999 -9999 -9999 -9999 -9999 -9999 -9999 -9999 -9999 -9999 -9999 -9999 -9999 -9999 0.0383312851190567 0.106909453868866 0.104474596679211 0.13977113366127 0.19562429189682 0.214716374874115 0.1897312104702 0.140110492706299 0.0743919759988785 0.0393232367932796 0.039223063737154 0.0430090464651585 0.0490629114210606 0.102263927459717 0.228030815720558 0.36608350276947 0.463691711425781 0.388716697692871 0.346058309078217 0.325923800468445 0.324489116668701 0.333044081926346 0.344331681728363 0.357459783554077 0.371814221143723 0.383187025785446 0.417587578296661 0.460968822240829 0.493640303611755 0.525731384754181 0.543268442153931 0.546393156051636 0.524998068809509
-9999 -9999 -9999 -9999 -9999 -9999 -9999 -9999 -9999 -9999 -9999 -9999 -9999 -9999 -9999 -9999 -9999 -9999 -9999 -9999 -9999 -9999 -9999 -9999 -9999 0.0544912703335285 0.13432352244854 0.188649877905846 0.22043052315712 0.262480080127716 0.252164632081985 0.173844963312149 0.0936342552304268 0.0549458228051662 0.0417669378221035 0.0378939360380173 0.0517185442149639 0.11125847697258 0.22482830286026 0.399662166833878 0.442885547876358 0.369332909584045 0.317177057266235 0.311604201793671 0.328504890203476 0.344882160425186 0.363849014043808 0.379574000835419 0.398111939430237 0.443246781826019 0.48645007610321 0.517097473144531 0.539932489395142 0.555516421794891 0.567027270793915 0.554238140583038
-9999 -9999 -9999 -9999 -9999 -9999 -9999 -9999 -9999 -9999 -9999 -9999 -9999 -9999 -9999 -9999 -9999 -9999 -9999 -9999 -9999 -9999 -9999 -9999 -9999 0.0168401151895523 0.0500156357884407 0.167257398366928 0.253481954336166 0.302707821130753 0.334115982055664 0.31126993894577 0.247586473822594 0.1595548838377 0.0818773508071899 0.0478167273104191 0.0592686980962753 0.0918245017528534 0.181274756789207 0.36930388212204 0.517506420612335 0.423892170190811 0.348979592323303 0.329641997814178 0.339884907007217 0.357018202543259 0.376503020524979 0.395724505186081 0.416027247905731 0.462622761726379 0.508234679698944 0.536691248416901 0.555271208286285 0.569389760494232 0.579007804393768 0.568086981773376
-9999 -9999 -9999 -9999 -9999 -9999 -9999 -9999 -9999 -9999 -9999 -9999 -9999 -9999 -9999 -9999 -9999 -9999 -9999 -9999 -9999 -9999 -9999 -9999 -9999 -9999 -9999 0.0414155013859272 0.120150879025459 0.27367228269577 0.378807932138443 0.391225427389145 0.363689720630646 0.315221011638641 0.228180214762688 0.1630529910326 0.113954111933708 0.111848644912243 0.184477925300598 0.376377880573273 0.575745224952698 0.501430571079254 0.405297189950943 0.39511176943779 0.377819329500198 0.37839686870575 0.396344572305679 0.417921394109726 0.4387286901474 0.486256659030914 0.533590734004974 0.55548894405365 0.57127171754837 0.58180445432663 0.588431417942047 0.570109307765961
-9999 -9999 -9999 -9999 -9999 -9999 -9999 -9999 -9999 -9999 -9999 -9999 -9999 -9999 -9999 -9999 -9999 -9999 -9999 -9999 -9999 -9999 -9999 -9999 -9999 -9999 -9999 0.0187392365187407 0.0589937642216682 0.16176350414753 0.315478831529617 0.428665369749069 0.431831032037735 0.385212600231171 0.346215397119522 0.264003932476044 0.180364161729813 0.148678794503212 0.203847885131836 0.377376079559326 0.559028446674347 0.558558583259583 0.466304868459702 0.440260469913483 0.435482174158096 0.421926975250244 0.435622721910477 0.453321635723114 0.477183163166046 0.512370109558105 0.550387620925903 0.570924818515778 0.583883047103882 0.592112958431244 0.59405255317688 0.567248344421387
-9999 -9999 -9999 -9999 -9999 -9999 -9999 -9999 -9999 -9999 -9999 -9999 -9999 -9999 -9999 -9999 -9999 -9999 -9999 -9999 -9999 -9999 -9999 -9999 -9999 -9999 -9999 -9999 0.0373753011226654 0.104968301951885 0.231108322739601 0.379732698202133 0.438045501708984 0.441636323928833 0.402765929698944 0.332463800907135 0.227439507842064 0.167923927307129 0.209141448140144 0.375467717647552 0.53232216835022 0.588758647441864 0.511313319206238 0.476614564657211 0.483441412448883 0.483711361885071 0.50440126657486 0.527904808521271 0.544000923633575 0.559981763362885 0.574413001537323 0.582678496837616 0.587986648082733 0.599884033203125 0.596856474876404 0.564931571483612
-9999 -9999 -9999 -9999 -9999 -9999 -9999 -9999 -9999 -9999 -9999 -9999 -9999 -9999 -9999 -9999 -9999 -9999 -9999 -9999 -9999 -9999 -9999 -9999 -9999 -9999 -9999 -9999 0.0309672690927982 0.0807662978768349 0.199373826384544 0.369967937469482 0.42115244269371 0.426660001277924 0.408481478691101 0.356515467166901 0.234860584139824 0.169660076498985 0.205244928598404 0.363593459129333 0.498801738023758 0.589551985263824 0.511331021785736 0.47667321562767 0.514431655406952 0.522358477115631 0.531944930553436 0.544450759887695 0.566539704799652 0.587105512619019 0.592182338237762 0.589283525943756 0.599385499954224 0.603288233280182 0.593542516231537 0.555795967578888
-9999 -9999 -9999 -9999 -9999 -9999 -9999 -9999 -9999 -9999 -9999 -9999 -9999 -9999 -9999 -9999 -9999 -9999 -9999 -9999 -9999 -9999 -9999 -9999 -9999 -9999 -9999 -9999 0.0328021198511124 0.0783607065677643 0.193233028054237 0.400916308164597 0.389117747545242 0.385467112064362 0.382840186357498 0.347425580024719 0.221627190709114 0.145318850874901 0.180031940340996 0.333821088075638 0.459796756505966 0.582043647766113 0.498164117336273 0.461956709623337 0.497664004564285 0.518268346786499 0.545287191867828 0.538464844226837 0.561022520065308 0.599899232387543 0.60214227437973 0.607264637947083 0.613752484321594 0.603657364845276 0.585674285888672 0.573461532592773
-9999 -9999 -9999 -9999 -9999 -9999 -9999 -9999 -9999 -9999 -9999 -9999 -9999 -9999 -9999 -9999 -9999 -9999 -9999 -9999 -9999 -9999 -9999 -9999 -9999 -9999 -9999 -9999 0.0331795997917652 0.0967770144343376 0.256348311901093 0.461489051580429 0.416708916425705 0.379335641860962 0.360874146223068 0.309323370456696 0.18750336766243 0.129049524664879 0.168104037642479 0.305469870567322 0.452521294355392 0.577271163463593 0.492314875125885 0.466155916452408 0.492962837219238 0.501020789146423 0.537197053432465 0.561957776546478 0.576840877532959 0.604044735431671 0.627566635608673 0.630798757076263 0.62486720085144 0.610117375850677 0.601349949836731 0.607420027256012
-9999 -9999 -9999 -9999 -9999 -9999 -9999 -9999 -9999 -9999 -9999 -9999 -9999 -9999 -9999 -9999 -9999 -9999 -9999 -9999 -9999 -9999 -9999 -9999 -9999 -9999 -9999 -9999 0.0331416390836239 0.122813068330288 0.350476294755936 0.480026572942734 0.428106099367142 0.379248678684235 0.348675042390823 0.266187995672226 0.161397159099579 0.106702633202076 0.150036320090294 0.292302340269089 0.457741260528564 0.571532189846039 0.476707309484482 0.480707585811615 0.480984717607498 0.488129138946533 0.510436296463013 0.556065797805786 0.584253430366516 0.593575477600098 0.604855537414551 0.629379689693451 0.627463340759277 0.608526408672333 0.624365329742432 0.635944485664368
