data/03_saidas_enm/CCSM_Maha_0k_B.balansae2.asc
NCOLS 154 
NROWS 168 
XLLCORNER -112 
YLLCORNER -55.5 
CELLSIZE 0.5 
NODATA_value -9999 
[rows 75 to 99 of 168, columns 56 to 111 of 154]
-9999 -9999 -9999 -9999 -9999 -9999 -9999 -9999 -9999 -9999 -9999 -85.6288713990876 -86.903741562356 -84.2595120258987 -66.7247734129188 -43.3699871884851 -28.1675404913976 -14.3939481960897 -8.36090187229503 -9.9651411211563 -14.3445737076263 -16.404730194572 -18.1518903174738 -19.1316237036505 -19.6880046161065 -20.1318646145594 -19.9973674893048 -19.9252214179016 -19.0725712225918 -17.891423660079 -16.4086826666812 -14.2380365091248 -12.045224561559 -10.1339649301691 -8.54485267673543 -7.15967305903701 -5.90475187490994 -4.98172598225713 -4.3571307823156 -3.15374829481075 -2.30120864504505 -1.75684465492079 -1.6097262581436 -1.9820167721577 -2.94206736847137 -4.06925348629993 -5.25564577856274 -6.48328801336212 -8.04168318053508 -10.1489216563395 -12.8363169738615 -16.1416285823983 -18.2176041220425 -19.1222821334141 -19.7398096052189 -20.4860179129686
-9999 -9999 -9999 -9999 -9999 -9999 -9999 -9999 -9999 -9999 -9999 -75.6155047337114 -83.3996280247817 -84.1275071394205 -67.6361949539671 -50.3077094643531 -36.7863374968209 -23.7655579105038 -14.7211237204371 -11.7345473673356 -11.4670312151214 -14.5244482998445 -17.1617696394878 -18.6069918629976 -20.9273326955335 -22.1355681353768 -21.9437802366844 -20.8677971389373 -19.8493266850823 -19.0267604753929 -17.9922284088501 -15.5664790644447 -13.1095394984884 -11.1766791548084 -9.77254043104151 -8.35167034415771 -6.68691160010712 -5.22479651928313 -4.12474045086096 -3.49641211365488 -3.23949275596674 -2.89741764641541 -2.33713689023512 -2.16717686382531 -2.28271754778472 -2.7768992858692 -3.36552788589613 -4.26212180412708 -5.5137898964184 -7.30502872477948 -9.42975237456198 -12.3115886823673 -13.9824694789168 -14.0416718932226 -13.4889280822691 -13.0913723056159
-9999 -9999 -9999 -9999 -9999 -9999 -9999 -9999 -9999 -9999 -9999 -9999 -80.0624295473279 -78.9974116587361 -71.6653941854955 -59.8680863268473 -52.8407977076824 -48.1854019829827 -37.7440497184936 -22.8033659563713 -12.9293530595354 -10.8227009203846 -12.5833269755813 -15.3616864149615 -19.0951403541047 -21.6251006335609 -21.7000558850521 -21.036691518946 -20.4266374605589 -19.9385819163233 -19.0190827018163 -16.923822400466 -14.6918327922755 -12.8112151797168 -11.3579187591489 -9.8570549467121 -8.03318693036982 -6.25507396050641 -4.61617493552582 -3.35883580439016 -2.33334309927053 -1.62280142272691 -1.72852375315384 -2.48087414013568 -2.63915771960571 -2.70218109994511 -2.97976671596495 -3.45147689963689 -4.25689479216673 -5.59977145378334 -7.29936668183141 -9.41652771931082 -9.69927622305631 -9.90280169706111 -8.99549256617415 -8.36756734531372
-9999 -9999 -9999 -9999 -9999 -9999 -9999 -9999 -9999 -9999 -9999 -9999 -80.6822243917803 -80.8300728311616 -74.1640894102335 -71.5413325688572 -76.1253253590557 -86.5014788676382 -79.0029544511862 -52.0722840053294 -25.4099822004655 -13.8880585114491 -7.84312602319103 -8.66229506232936 -16.5068825347456 -19.26816217665 -20.6112767715023 -20.8089621589126 -20.5417949114101 -20.5605791618645 -20.0402744493389 -18.2174267607434 -16.5138308145014 -14.8047251488282 -13.1532719406167 -11.6777768737021 -9.79579891891335 -7.99759879763651 -5.96612003239797 -4.08390956793908 -2.38172433484965 -0.972215146925608 -0.579054532095916 -0.976944906358714 -1.51083920409307 -2.1212912752368 -3.21697216602788 -3.53561029334374 -4.02132966861549 -4.89100004197202 -6.12491110867272 -7.41331728037851 -7.09085324278297 -6.62185616912702 -6.61433272196485 -5.84893934322368
-9999 -9999 -9999 -9999 -9999 -9999 -9999 -9999 -9999 -9999 -9999 -9999 -9999 -80.7088825685033 -82.873899657531 -94.2336777518128 -107.455539352392 -119.414525411518 -113.695835577274 -91.3836046205188 -60.8735591959411 -33.6252294496549 -11.8623709504474 -3.66338334224872 -3.71790300917749 -9.24146536206818 -14.3072554748856 -17.4237852979667 -19.9171205285064 -20.1440508479629 -20.262069393748 -18.9577621807977 -17.7246410757711 -16.3424029843956 -14.9039744603143 -13.7015095705691 -11.6544168494476 -9.74961786781951 -7.52539703833112 -5.44927973328408 -3.27949920227236 -1.18674936943763 -0.302091105567766 -0.268843245828871 -0.507976016299809 -1.02571755410963 -1.76563247704795 -2.5639654605292 -3.27193805794137 -4.04249058999334 -5.21216055444825 -6.55458653628711 -6.15059463348283 -5.25066255441089 -4.69747785374298 -4.14341928934804
-9999 -9999 -9999 -9999 -9999 -9999 -9999 -9999 -9999 -9999 -9999 -9999 -9999 -57.6689290992014 -87.2582133341528 -120.505601972864 -134.870625357417 -152.813810000777 -146.713769257734 -121.174534376861 -102.941066604518 -77.6048748913772 -50.2568090653671 -33.2764156312121 -22.2496002656461 -2.86192087584646 -2.57155272241841 -6.97035505059744 -13.7323176550858 -17.153753665034 -18.9523339707372 -16.8443377790433 -17.3943270638599 -16.5808816035079 -15.5593237028871 -15.3522702940847 -12.5636869615104 -10.7330175208406 -8.63644568964455 -6.65761326334745 -4.83586693790576 -2.08335811373706 -0.541444540829428 0.00161457917045615 0.0570993339577126 -0.551542796545268 -0.784904175835088 -1.45789160050414 -1.89733323374426 -2.01902925289319 -2.53696984790611 -3.47593694569057 -4.6108114987811 -5.11185303098421 -4.30332854465687 -3.42488382069606
-9999 -9999 -9999 -9999 -9999 -9999 -9999 -9999 -9999 -9999 -9999 -9999 -9999 -9999 -76.103627448685 -111.274316204758 -137.427478526044 -152.823277372343 -153.129401961416 -146.072612611187 -140.536054650009 -153.416787317923 -182.203546141249 -178.295830298649 -119.118538934355 -67.6379798056031 -37.716394985877 -7.44114886654154 -0.459518997023664 -2.2332732761029 -9.04275605271235 -11.6489754931681 -12.8560594840863 -14.1245815215577 -14.1622046121903 -13.5780533036544 -11.5589979946507 -9.63605158045915 -7.9213253331426 -6.44933233030168 -5.01444921499939 -2.80716323516597 -1.0704558056867 0.0293163768561993 0.493429568387598 0.366866296518995 0.0510449702360781 -0.435571967481362 -0.756750575709666 -0.784498231811704 -1.00389049653059 -1.60864519352803 -2.42549569053778 -3.58351653449203 -4.13122791246147 -3.70919168067756
-9999 -9999 -9999 -9999 -9999 -9999 -9999 -9999 -9999 -9999 -9999 -9999 -9999 -9999 -57.8324740977311 -88.0030556748855 -121.351155764728 -142.396857404831 -154.852480554174 -163.837337407674 -180.869822484235 -251.887806022589 -418.407749895196 -472.566706181954 -348.199749833599 -279.30787410298 -173.483002829389 -71.7024989460684 -34.9357078308288 -15.2177180089902 -0.558529093217262 -2.99537073468195 -8.82459637665723 -10.6558375210563 -11.9336576059653 -11.8273619119434 -9.82798751867609 -8.15062381326546 -6.77711015445906 -5.44813695588405 -4.75886087330887 -2.87172136208405 -1.72527196710385 -0.543894276847811 0.446639520942122 0.656456383104843 0.526067274470128 0.204116769052235 -0.012459444330019 -0.0485379861178958 -0.195812391809089 -0.63890687411596 -1.25354525012434 -2.02822818050636 -3.09307579391779 -4.04058540176018
-9999 -9999 -9999 -9999 -9999 -9999 -9999 -9999 -9999 -9999 -9999 -9999 -9999 -9999 -9999 -65.9157379783441 -91.8645259917314 -128.698618190559 -163.856360888525 -182.637265056389 -223.44990439068 -288.169929286277 -403.644645779369 -472.744692784281 -491.194431522309 -517.22841887029 -449.947286065111 -388.965346380501 -259.105978249569 -93.9002971552225 -26.4897982727455 -1.80887957697217 -3.04077249270859 -8.4857580608172 -9.09912187812101 -8.80630570104348 -8.38365893770496 -7.55943184780356 -6.21666142948359 -4.59783984114845 -3.27002214292305 -2.19653920760248 -1.86110969560334 -1.25302974083737 -0.0587942808890969 0.591399763467825 0.722907830307705 0.667196969303329 0.572566796083694 0.424007078031515 0.174879428584445 -0.210804187656953 -0.668589447898217 -1.26854894662472 -2.03364299626197 -2.67179196133308
-9999 -9999 -9999 -9999 -9999 -9999 -9999 -9999 -9999 -9999 -9999 -9999 -9999 -9999 -9999 -46.9880944947976 -73.7790372020179 -117.445458952316 -166.775095899149 -192.869117621458 -240.163744866479 -283.901568506077 -359.572440165782 -402.408625810525 -459.280631564535 -614.672614092608 -584.555988237351 -704.342059353405 -568.856649980696 -223.40361610599 -71.0234157529844 -23.4849442230513 0.401548000803597 -5.34328253036227 -7.11262569367775 -7.10388144609066 -7.28440058474247 -6.95984215265508 -6.05619243207028 -4.90598553879876 -2.97848093516899 -2.68195622981417 -1.81999072501667 -2.12342877851371 -0.857008032455245 0.26141264588695 0.654923484191555 0.887154187983671 0.888413580648073 0.698117084698683 0.321808041763772 -0.0305971032199854 -0.396031978015467 -0.946509845421957 -1.59308497682139 -2.0820064337064
-9999 -9999 -9999 -9999 -9999 -9999 -9999 -9999 -9999 -9999 -9999 -9999 -9999 -9999 -9999 -45.7228185457118 -63.1491822827885 -100.046731054163 -145.73191713294 -174.890952153636 -210.883341016562 -243.049111784084 -284.035697988645 -303.691110836169 -319.867631490452 -335.958860027999 -378.371670541218 -430.488916981306 -382.812181564349 -247.35988754124 -128.262299416202 -47.582339928006 -5.72577397044475 0.435578486102607 -4.41208331505049 -5.72825738392142 -6.0703342857477 -5.92897631246717 -5.68449458811078 -2.77829912315417 -1.88464872394452 -2.02779263980255 -1.7959492623303 -2.6787232804564 -2.02626439939425 -0.596580680577183 0.377124656681656 0.870275026512418 1 0.867672544267822 0.486181106409841 0.0719382651128263 -0.563576696124991 -1.38015838564181 -2.30981818961864 -3.16385916265089
-9999 -9999 -9999 -9999 -9999 -9999 -9999 -9999 -9999 -9999 -9999 -9999 -9999 -9999 -9999 -9999 -58.4699168021915 -82.9712435029923 -118.629719134652 -140.783741348795 -185.376048931103 -213.926473409458 -244.419523350997 -255.670439653847 -251.128115845937 -254.966421704362 -267.23639960479 -285.884872822436 -263.160130159962 -227.485460737564 -169.373847063146 -91.5967648338099 -33.257999978856 -5.02182855153632 1 -3.89956294576376 -4.53089845969067 -4.69858032210106 -4.99543546090771 -2.08861159451697 -1.33463598012964 -2.39894684540488 -2.28868073241106 -3.50107381177016 -2.75693977429914 -1.28545907880655 0.0786376548194728 0.642120351660269 0.75172990794761 0.695790643404501 0.549907729971731 -0.114078145134628 -1.22271698115376 -1.59578058304712 -1.21834318060754 -0.43107351780396
-9999 -9999 -9999 -9999 -9999 -9999 -9999 -9999 -9999 -9999 -9999 -9999 -9999 -9999 -9999 -9999 -9999 -57.1711353181387 -71.0105436556255 -102.369826152173 -150.208198037524 -168.004367527929 -192.847053594229 -216.142577584233 -217.037929009943 -219.594606609974 -226.190573295924 -232.678642276013 -221.286748604961 -204.848967148859 -199.174866936293 -148.121894038685 -91.8558648853555 -43.6598665716206 -13.7353092881804 0.81954364903207 -2.3435799768568 -2.71028335276312 -3.50786940673913 -2.82421258350473 -2.23135888201437 -2.0243570019854 -2.84432555438525 -3.179112338592 -2.29525886512181 -1.09776321651857 -0.276740648956568 -0.088907003842885 -0.333123707944408 -0.787228132929679 -0.296142589188221 -0.00434141528378995 0.449311724549215 0.548922063550152 0.406858961167741 0.849907283557505
-9999 -9999 -9999 -9999 -9999 -9999 -9999 -9999 -9999 -9999 -9999 -9999 -9999 -9999 -9999 -9999 -9999 -9999 -9999 -76.1309943391259 -111.207614964239 -116.553219758256 -132.506999658412 -164.419167404399 -181.884763898422 -193.69507261858 -213.404026035153 -221.537689872156 -201.454603091178 -197.052909551134 -200.474236847744 -186.117088946105 -171.132468463934 -124.473312932457 -49.4840354615254 -15.2106807965867 -1.71064044888663 -0.486816725024878 -2.44193850540559 -2.51841654059388 -4.0082517714537 -3.1149272298045 -3.08132862248838 -2.73367224622894 -1.83141791644166 -1.25522792724691 -0.749741734074072 -0.842682896249566 -1.41514509015758 -0.186225199143857 0.623175534274131 0.884337350752046 1 0.916732894423801 0.939768081617094 1
-9999 -9999 -9999 -9999 -9999 -9999 -9999 -9999 -9999 -9999 -9999 -9999 -9999 -9999 -9999 -9999 -9999 -9999 -9999 -9999 -9999 -75.7507346644309 -88.4717875745208 -111.135021852237 -138.289857078612 -176.101167392784 -193.68040536172 -205.32166311827 -200.790707522306 -183.559977521994 -184.162893251523 -183.103110038571 -226.492855534031 -213.945854331667 -129.845220389005 -67.5803698734436 -23.4173308991237 -2.93791287944338 -0.360735205569297 -1.39344720644914 -1.84265749333759 -2.61358643387991 -2.55101027970558 -2.26254909758249 -1.85385172664736 -1.41179553904957 -1.03145756097851 -0.837666168552113 -1.41010753804792 0.17392488103096 0.786341192584839 0.925236171700725 1 0.878982410687763 1 0.884971644355959
-9999 -9999 -9999 -9999 -9999 -9999 -9999 -9999 -9999 -9999 -9999 -9999 -9999 -9999 -9999 -9999 -9999 -9999 -9999 -9999 -9999 -9999 -9999 -78.7592166923578 -95.1183839167945 -126.927879344928 -154.538499597567 -180.69605310938 -194.128757062842 -185.848500923053 -173.913197139514 -169.89662758373 -200.736377680042 -221.588412267807 -189.863194031959 -148.427832380854 -72.5880644143774 -22.3996234523027 -7.43414148220246 -0.680142939812577 -1.13392887392567 -1.91066923548136 -2.63347117572153 -2.87070257754157 -2.51379113286521 -1.93855719087207 -1.53045610407792 -1.36076077829797 -0.761124006637351 0.494249329248616 0.771684066665433 0.927544732888642 0.967811781087183 0.822970741383575 0.97304331933825 0.835474850206364
-9999 -9999 -9999 -9999 -9999 -9999 -9999 -9999 -9999 -9999 -9999 -9999 -9999 -9999 -9999 -9999 -9999 -9999 -9999 -9999 -9999 -9999 -9999 -9999 -9999 -76.7695374416221 -106.30010226156 -145.984502215817 -179.047753171176 -180.223924580331 -167.237294149314 -159.592822494229 -167.578817514961 -174.229396872728 -186.612044692346 -210.176704597099 -132.908221056011 -72.395722904461 -25.1683273523854 -5.76067595023043 -1.55020758775213 -1.67423767732816 -3.38574718067924 -4.44077545002958 -3.80052697056842 -2.80250794684734 -1.89160953099449 -0.688535490314834 0.119570079603106 0.476314424992119 0.571066355016195 0.794777904130216 0.894020319008821 0.801463793979929 1 0.681802169425669
-9999 -9999 -9999 -9999 -9999 -9999 -9999 -9999 -9999 -9999 -9999 -9999 -9999 -9999 -9999 -9999 -9999 -9999 -9999 -9999 -9999 -9999 -9999 -9999 -9999 -69.9618987207084 -84.6545450269014 -114.769394418602 -153.9556903553 -177.494345042396 -179.955359253271 -174.367583870319 -172.92438817931 -152.396880198373 -152.92154636978 -161.539612862187 -130.879593546162 -94.5906892170302 -44.0677211873807 -9.64828524446919 -3.18464015269616 -1.40345259744998 -4.11704022732227 -3.95678813385288 -3.47555709734216 -2.72801623029725 -1.86501530170198 -0.858421953052488 -0.159050343847108 0.203882520861683 0.289186423315708 0.574648548692987 0.75919719639439 0.699018605059069 0.956646629821808 0.394649278650808
-9999 -9999 -9999 -9999 -9999 -9999 -9999 -9999 -9999 -9999 -9999 -9999 -9999 -9999 -9999 -9999 -9999 -9999 -9999 -9999 -9999 -9999 -9999 -9999 -9999 -9999 -9999 -104.15648944606 -140.700818063625 -184.224460194736 -226.8044431639 -207.884052208174 -183.244694190192 -161.470797589449 -147.377208107384 -133.590493723833 -112.547779559751 -95.7362622953379 -53.8785512723526 -13.7212958225298 -4.50092584733945 -1.80616203107439 -3.76826956713983 -3.51207620877756 -4.61487130527929 -3.70086606762126 -2.68250048622215 -1.97073302500979 -1.16682647321598 -0.510416299860357 -0.264718653088162 0.165490384909787 0.490500761538856 0.769979288039295 0.754396885069818 0.0756483823464433
-9999 -9999 -9999 -9999 -9999 -9999 -9999 -9999 -9999 -9999 -9999 -9999 -9999 -9999 -9999 -9999 -9999 -9999 -9999 -9999 -9999 -9999 -9999 -9999 -9999 -9999 -9999 -115.677828093404 -151.717431375627 -195.312495644215 -226.672744057202 -223.020813464463 -196.899662605926 -173.920751700222 -155.697999890797 -141.940112417903 -113.578660286864 -92.3268144792417 -57.3203750986771 -19.108586328862 -5.94523981500542 -1.93154632096993 -4.29572238672966 -3.45286307731754 -3.31538665273886 -3.22217704071987 -2.83826852209555 -2.67931616853659 -2.10512093613359 -1.39196460734969 -0.784107945202742 -0.441191690219876 0.222580461466625 0.547887979595655 0.330541499372787 -0.0756461049087824
-9999 -9999 -9999 -9999 -9999 -9999 -9999 -9999 -9999 -9999 -9999 -9999 -9999 -9999 -9999 -9999 -9999 -9999 -9999 -9999 -9999 -9999 -9999 -9999 -9999 -9999 -9999 -9999 -175.278522989559 -192.978381472583 -210.419797356464 -205.46708693253 -183.258861959168 -170.868632258832 -158.493322977597 -143.448540625215 -121.404291109364 -97.9659414872592 -63.0387472524592 -24.3335393405386 -5.98734169633684 -2.16233144865136 -6.41739064479763 -6.32815952973568 -3.75371054730786 -1.93635385504969 -1.48199083602611 -1.0808203232982 -0.611072566183994 -0.545002331076547 -0.550408089032437 -0.326926327875924 -0.661162438597209 -0.608382381605963 -0.311824587575298 -0.215951882418444
-9999 -9999 -9999 -9999 -9999 -9999 -9999 -9999 -9999 -9999 -9999 -9999 -9999 -9999 -9999 -9999 -9999 -9999 -9999 -9999 -9999 -9999 -9999 -9999 -9999 -9999 -9999 -9999 -183.962116864563 -198.878580268701 -198.103503066055 -185.019954475621 -161.040343513828 -155.887732850705 -153.162019749185 -139.471514052587 -127.167042085346 -102.014039800318 -67.0304523006376 -27.6650932571734 -7.67502277969932 -2.75842588978814 -6.72778929999569 -8.12826835418494 -6.46980356102371 -3.9493212866547 -1.94427252522912 -0.978357289322715 -0.154802480372597 0.278467345369144 0.0109595747067476 0.0618028172203892 -0.606013853568191 -1.32464249963456 -0.766537306842734 0.0585723321684674
-9999 -9999 -9999 -9999 -9999 -9999 -9999 -9999 -9999 -9999 -9999 -9999 -9999 -9999 -9999 -9999 -9999 -9999 -9999 -9999 -9999 -9999 -9999 -9999 -9999 -9999 -9999 -9999 -184.678369491883 -187.731635032468 -194.936578346704 -170.237781957762 -142.785824478439 -143.555844443049 -148.937918828745 -141.635485065591 -129.393594004161 -108.454532558027 -73.4442341668201 -30.4454063624856 -8.21698464998331 -3.07796663515635 -8.77337656833344 -10.7747971793941 -10.7156659276887 -9.9563263843472 -3.77486822210979 -2.08313095982532 -1.35678522895669 0.462530836675224 -0.133939128068616 0.509880232422361 -0.342274207569636 -1.18891949453547 -0.75581570617647 0.302495212121875
-9999 -9999 -9999 -9999 -9999 -9999 -9999 -9999 -9999 -9999 -9999 -9999 -9999 -9999 -9999 -9999 -9999 -9999 -9999 -9999 -9999 -9999 -9999 -9999 -9999 -9999 -9999 -9999 -167.956069372429 -168.709169401371 -160.467116844722 -154.59900627144 -146.244828539109 -151.289248610446 -156.404251111986 -149.647001615215 -134.281197761347 -109.74833745052 -73.0147335215138 -28.3081185659215 -6.62159158010921 -3.68387028657892 -9.2363847522479 -12.6983164371724 -14.4918757043643 -12.8823387000381 -6.95350880867133 -2.7179402109795 -0.879305119058362 0.133376416976169 0.615464849869477 0.538970601776434 0.145482622151898 -0.32652102528353 -0.677052392123263 0.137399263311064
-9999 -9999 -9999 -9999 -9999 -9999 -9999 -9999 -9999 -9999 -9999 -9999 -9999 -9999 -9999 -9999 -9999 -9999 -9999 -9999 -9999 -9999 -9999 -9999 -9999 -9999 -9999 -9999 -156.78796487579 -142.587384760032 -137.176028615016 -147.092160310671 -153.402559804731 -161.716353311774 -165.71368353914 -166.661811333861 -134.556118780571 -112.836032667575 -75.1493604222697 -24.8672112765963 -4.64399147199783 -4.52415834529351 -10.3065967520506 -14.578520911858 -17.6503328728246 -16.9277244263394 -10.2530089891303 -5.20397145630356 -1.85475914321667 -0.566407300945854 -1.64187248234771 0.327574030306749 0.714636715677946 0.390264987974692 0.266122838619915 0.0874922446319517
