data/03_saidas_enm/CCSM_SVM_6k_B.balansae3.asc
NCOLS 154 
NROWS 168 
XLLCORNER -112 
YLLCORNER -55.5 
CELLSIZE 0.5 
NODATA_value -9999 
[rows 75 to 99 of 168, columns 56 to 111 of 154]
-9999 -9999 -9999 -9999 -9999 -9999 -9999 -9999 -9999 -9999 -9999 0.194461966045867 0.214909165760446 0.209026651423978 0.226560333765599 0.294090935109361 0.40660841712304 0.495306798112954 0.499756281114891 0.41888111042896 0.33574444519555 0.309569405892082 0.303520309255398 0.293942382062528 0.286031199916196 0.278111931983007 0.278126156536287 0.282556691564981 0.288168754970902 0.296624821050126 0.313442423207959 0.343762496776721 0.384921259198473 0.427686669790285 0.47491625671528 0.526360463695113 0.582131173201433 0.640085545045379 0.695244421041875 0.742201458952345 0.778390166091571 0.80541971487199 0.819318100105625 0.80851852295732 0.773400371390032 0.739009250746945 0.716420431723084 0.688792276423983 0.646445657071601 0.585801589564202 0.506943226190768 0.426664570925204 0.339844178269162 0.279593734122133 0.241307707012381 0.212497993805872
-9999 -9999 -9999 -9999 -9999 -9999 -9999 -9999 -9999 -9999 -9999 0.192740315445636 0.216747502272322 0.213008547783465 0.229460789614476 0.273300703849548 0.354758550475468 0.444468567648855 0.495126244532845 0.483603368514578 0.407520973256774 0.361584493661222 0.335137932328909 0.31644372999635 0.298149743916013 0.283967489385027 0.284783798906041 0.288791251757982 0.292389944503719 0.298189808472002 0.310291180080399 0.339656467945012 0.38357420801295 0.424394694813914 0.464011333218013 0.514008422251804 0.568382712263134 0.634416153395977 0.698995260136564 0.756830670791577 0.813123797895295 0.858654541480866 0.889319380204897 0.893058259136648 0.87634157931751 0.851658578785203 0.831201715170134 0.801932699580228 0.759385236280357 0.697702492280665 0.629545327894033 0.545079040521023 0.462965061370478 0.406464833764756 0.372038066681548 0.348948968740415
-9999 -9999 -9999 -9999 -9999 -9999 -9999 -9999 -9999 -9999 -9999 -9999 0.21175912667252 0.226262072206687 0.232999707670289 0.252955937528464 0.281844843313946 0.313370555359533 0.350344444966399 0.426064747274292 0.482793453844966 0.46081973841127 0.403189776762846 0.357209208428023 0.334314710905622 0.312157664947265 0.302172214264363 0.297934421013714 0.295800503374149 0.298565477240317 0.309608354062667 0.33493878058875 0.371482587078267 0.407724238177303 0.445457779901914 0.4910645716673 0.545236556637141 0.60854556774011 0.67980696511548 0.750665008851239 0.826040872238887 0.899535467607415 0.951993643455479 0.974243669600004 0.969379068202039 0.944440912124654 0.91677804424805 0.883254834506436 0.84303274786312 0.79497376373126 0.738112359049933 0.66747480597092 0.597911974024358 0.547624461982568 0.512696599196375 0.481502887399854
-9999 -9999 -9999 -9999 -9999 -9999 -9999 -9999 -9999 -9999 -9999 -9999 0.19769199488915 0.218554449061717 0.235063336727981 0.230685387754181 0.215926539833907 0.211857917650201 0.229431710050351 0.306573848170013 0.442035323182603 0.510849090536965 0.51132686643819 0.452444022921354 0.399489898602479 0.370070590438699 0.326100563637415 0.308294732522949 0.298836527870901 0.29592093351568 0.302642985292388 0.321872292066666 0.349726818642792 0.37944118148821 0.415400249341702 0.455023221211934 0.502499975850911 0.558265282859713 0.62848501971631 0.706738168982504 0.795685705167527 0.897093334716987 0.983336542722206 1.0243486276836 1.02626872898579 1.00330705655678 0.964733107038853 0.918963708633819 0.882547587276485 0.851945098522893 0.819961128014218 0.76461280524012 0.70716568452094 0.66338651627528 0.624363785474743 0.590758251409859
-9999 -9999 -9999 -9999 -9999 -9999 -9999 -9999 -9999 -9999 -9999 -9999 -9999 0.198737291254347 0.216355919175468 0.197902320778298 0.170638503307662 0.173409744808533 0.181626531785995 0.203721013079652 0.271983249959982 0.400494787828785 0.588827254412384 0.658831867245818 0.6307730103599 0.5279744839313 0.444173944143753 0.362738712391726 0.303904479905269 0.300125380311454 0.299677588605684 0.316140725230883 0.335733053592595 0.35841399316247 0.387986255315285 0.418091899048892 0.463352902492486 0.511646129693041 0.576359745305474 0.649255126295388 0.739892931875754 0.859415308915551 0.963437212862773 1.02810126515758 1.05694357904883 1.04410483098429 0.992354439417606 0.927876735104403 0.886900621697377 0.874847232422109 0.861288824906352 0.82443680617761 0.779008012292491 0.742478362687326 0.710180585949377 0.681334954543285
-9999 -9999 -9999 -9999 -9999 -9999 -9999 -9999 -9999 -9999 -9999 -9999 -9999 0.191182515047516 0.202773971952563 0.169632167989831 0.146716360318826 0.155015235686493 0.159415659446778 0.167464172666194 0.181198475089938 0.22102618033121 0.302056388176819 0.390127068405143 0.443851492269045 0.669871354696989 0.637759341664342 0.509880106576317 0.37766269279997 0.331155233444628 0.307562382570175 0.329245535264023 0.336023252275238 0.351110281509979 0.370877251383379 0.382714214141932 0.433855175371374 0.47936391013052 0.535280503301313 0.587387978503397 0.650878158765498 0.773522582593824 0.913281788969667 0.998149617273738 1.05600295716506 1.07479044516346 1.0038324152697 0.908478945492479 0.861940718308719 0.865267939541636 0.86952390782428 0.843383591040274 0.812715659341914 0.786799708427403 0.761612009415856 0.737207466357343
-9999 -9999 -9999 -9999 -9999 -9999 -9999 -9999 -9999 -9999 -9999 -9999 -9999 -9999 0.19565745196926 0.195658069303626 0.166665676416673 0.133045377353642 0.127547879036394 0.151737613267302 0.174988091581761 0.188416267747824 0.188703749840325 0.178189745895794 0.165533393996784 0.169333018396472 0.272455071870385 0.579471091531067 0.618052677676521 0.578336834457366 0.441233482500245 0.410375146646188 0.388392948486274 0.370682622221474 0.384638197329365 0.400124450217646 0.44163313469782 0.484754786820285 0.531818549097687 0.581701216972204 0.629342628870517 0.723361452216699 0.823633365143775 0.922100740856935 1.01795076678916 1.03767472426417 0.989754197342308 0.902412951512393 0.857308532617931 0.854158991329768 0.850017562686518 0.838438782045964 0.813256185113872 0.800749501808417 0.802679360482014 0.785736754587435
-9999 -9999 -9999 -9999 -9999 -9999 -9999 -9999 -9999 -9999 -9999 -9999 -9999 -9999 0.19199199184409 0.193777563900574 0.188430269027388 0.117333259166184 0.0913942332719495 0.142005275985518 0.177034320125842 0.191392580083779 0.192956923204643 0.192910547488853 0.191910392699678 0.185058984869213 0.173363582910956 0.167116155071009 0.292619460345497 0.503748351909656 0.613018367469761 0.549816057304018 0.470896744242053 0.419087518096327 0.410260887889059 0.417329804396621 0.462378707197915 0.506862184832306 0.537335696409411 0.5808575042262 0.597503471390576 0.669631456162085 0.729557682308418 0.841048930097823 0.953945418246553 0.996335299184481 0.968005250154792 0.895084994262366 0.86107184575227 0.862399215638115 0.835513049416466 0.844977092011128 0.817731424513306 0.809141534395375 0.827149222814507 0.837714315463229
-9999 -9999 -9999 -9999 -9999 -9999 -9999 -9999 -9999 -9999 -9999 -9999 -9999 -9999 -9999 0.192755325936736 0.200328614423663 0.138337344755378 0.0622408462061391 0.115704523718851 0.179880983993206 0.191575647210165 0.192951583583325 0.192986557437269 0.192988275776451 0.19298771122522 0.192953637605563 0.192480641611142 0.185208489846705 0.166140801178366 0.347971877763669 0.703294825210685 0.610861620744577 0.467066554746566 0.447336276017129 0.457605018524641 0.479014532933594 0.502071681289177 0.540845579449012 0.612630006239943 0.685635321641226 0.707711969536047 0.691063582800526 0.73523207278368 0.861646032427728 0.942281617758108 0.945018583717316 0.919254183238161 0.914858590706599 0.924976489030893 0.923020921093065 0.905758820911888 0.870233452741869 0.854769100629709 0.854590631401093 0.832939294829604
-9999 -9999 -9999 -9999 -9999 -9999 -9999 -9999 -9999 -9999 -9999 -9999 -9999 -9999 -9999 0.181255356744235 0.20079429441599 0.173477764044963 0.0821442474250017 0.065571130717766 0.166971323830323 0.183880451409597 0.192082385628991 0.192904389022885 0.192986749634609 0.192989318103718 0.192989302859538 0.192989315365371 0.192987731414297 0.190964027568359 0.201616114624011 0.463819234173908 0.715282306790692 0.551947944884409 0.502708163267388 0.488964136709508 0.496068388075997 0.507913731499087 0.552900961951935 0.632066767344725 0.703633398991066 0.750176125039051 0.67538657883156 0.66054809551128 0.78555949774199 0.899824076542378 0.927007283153705 0.947222898322081 0.964578383501378 0.986604707568575 1.00664973728278 0.986202484487832 0.946061688989674 0.930878037761079 0.914983265236404 0.876841777433005
-9999 -9999 -9999 -9999 -9999 -9999 -9999 -9999 -9999 -9999 -9999 -9999 -9999 -9999 -9999 0.17786795452447 0.196106962266979 0.196071233040569 0.168105859981921 0.0787522522014881 0.0534346746387461 0.115978450346566 0.165840937226177 0.185357787696187 0.191738934560764 0.192739445010106 0.192965398970481 0.192986470327953 0.192981093576 0.192806983849144 0.191691750674506 0.258211365467845 0.711570924460331 0.719645868998848 0.614458850059552 0.543410883330925 0.516312403293096 0.534818748797396 0.570969026431165 0.628923496706745 0.675780900558093 0.748209810595665 0.642669891345708 0.612407147098496 0.66929061018735 0.8253391934974 0.900320499343403 0.955702704069274 1.00082821678295 1.030896088827 1.04073522856202 1.04482815741077 1.0384279670515 1.03406544261903 1.02546575662232 1.0224846500362
-9999 -9999 -9999 -9999 -9999 -9999 -9999 -9999 -9999 -9999 -9999 -9999 -9999 -9999 -9999 -9999 0.184777547082925 0.189706337665457 0.183612919810388 0.172946406191372 0.13818191015684 0.0934236469496684 0.113065393171061 0.144217498768861 0.165770515152984 0.177227617773576 0.188990995985201 0.191665849702672 0.192173553778057 0.192422708058331 0.192323952854578 0.19579400402802 0.355799032272601 0.700656727485053 0.799807342713585 0.664131130725137 0.560873200435282 0.56173014526835 0.582528050766585 0.647582303792062 0.689647681623935 0.706909847304596 0.580828811499438 0.56467089591522 0.636768606305987 0.783603185257031 0.89108169334148 0.96470730936867 1.01721197187851 1.0535505459503 1.07058524731496 1.08131690097837 1.0858744161132 1.08968116089756 1.08609141607173 1.08178430107351
-9999 -9999 -9999 -9999 -9999 -9999 -9999 -9999 -9999 -9999 -9999 -9999 -9999 -9999 -9999 -9999 -9999 0.184133644478134 0.195153669401133 0.164926749032559 0.190432675170508 0.152547683993856 0.0686825028237929 0.0676546459886948 0.099984496439059 0.137879915479558 0.165340667669984 0.179077772089857 0.185725988682779 0.190956043318036 0.192525057983745 0.192187530997197 0.195651925938503 0.252099798590769 0.601350724168057 0.845295035892556 0.732753657441672 0.629320548558005 0.559844321147232 0.604122313341693 0.592806567766813 0.594245151395794 0.557627914598953 0.58784949965647 0.675615047318051 0.803242569949428 0.882910238660674 0.946159593586639 0.989533465409875 1.01837864425852 1.03056245272223 1.04684210303685 1.04404880768319 1.05369796804362 1.06532750379367 1.0605238610359
-9999 -9999 -9999 -9999 -9999 -9999 -9999 -9999 -9999 -9999 -9999 -9999 -9999 -9999 -9999 -9999 -9999 -9999 -9999 0.186875517332802 0.132784953880166 0.187362848437334 0.163312928317422 0.0839385204721527 0.047226680555537 0.0758708235183616 0.112663438379874 0.152441137456468 0.168907668380285 0.184147945745248 0.191604792884305 0.192087006593844 0.192341544668471 0.191289750640232 0.229342607245051 0.592765523925681 0.834637813905727 0.789028847764485 0.635109065813388 0.59308211344823 0.514493160735113 0.564887987341881 0.584976998945003 0.621506554793878 0.725859180033253 0.788706289140029 0.843509102365491 0.893832872411316 0.931054746774977 0.954151841916054 0.949045554597909 0.97734571569553 0.972061291644693 0.991552535980791 1.02170524762895 1.02886334252303
-9999 -9999 -9999 -9999 -9999 -9999 -9999 -9999 -9999 -9999 -9999 -9999 -9999 -9999 -9999 -9999 -9999 -9999 -9999 -9999 -9999 0.198120601747674 0.202126828223998 0.194088032531069 0.137234478062049 0.050191840403438 0.0641701059796311 0.117286061533286 0.145159801071219 0.16334471542462 0.176173502359948 0.188082008280147 0.19254704933312 0.192610085783553 0.190737173226832 0.198708452555456 0.379369059693273 0.86398146576004 0.802151017186688 0.765429855410815 0.684209247180687 0.640368343044088 0.631660460171952 0.685435036387918 0.725636389681522 0.76872345896844 0.822413826775607 0.85798482259852 0.895583373840729 0.929999701145275 0.936468262202847 0.946901337601531 0.951955987622954 0.964407210808204 0.988303605606442 1.00765301756846
-9999 -9999 -9999 -9999 -9999 -9999 -9999 -9999 -9999 -9999 -9999 -9999 -9999 -9999 -9999 -9999 -9999 -9999 -9999 -9999 -9999 -9999 -9999 0.19887120651435 0.198517794181921 0.156936179073352 0.083240194065508 0.0869826273004617 0.119640702409185 0.13480546402112 0.142882727974505 0.16857845191549 0.189567402833115 0.192255197182225 0.192302897323696 0.191117204074821 0.199461828639565 0.400395660043687 0.845565000337528 0.991962082419861 0.848546399640262 0.717440831342815 0.675035888638018 0.673813432991894 0.706252123341629 0.752002901484899 0.804837791095394 0.844530551386946 0.881777097291724 0.911828080656387 0.923082555262887 0.927528617270556 0.922704821764943 0.933371465305533 0.954162557076709 0.976700981597569
-9999 -9999 -9999 -9999 -9999 -9999 -9999 -9999 -9999 -9999 -9999 -9999 -9999 -9999 -9999 -9999 -9999 -9999 -9999 -9999 -9999 -9999 -9999 -9999 -9999 0.203309608286668 0.190408967326823 0.115761830296397 0.116143768373179 0.130766693384959 0.136316085131189 0.131265708377428 0.155340681548695 0.176866725322547 0.189719383737616 0.192447556452226 0.191818218612435 0.201915712362233 0.346562026729782 0.922925308258261 0.955282204667973 0.754295266386763 0.647577042530882 0.631913254085531 0.681161610531689 0.738679792356968 0.7908478076459 0.849082855650211 0.876477253067455 0.892913691679131 0.903388779848858 0.899530745677134 0.881164084526341 0.890787799152104 0.929040104687791 0.955011644675901
-9999 -9999 -9999 -9999 -9999 -9999 -9999 -9999 -9999 -9999 -9999 -9999 -9999 -9999 -9999 -9999 -9999 -9999 -9999 -9999 -9999 -9999 -9999 -9999 -9999 0.18677572651731 0.201295371737793 0.188064563441653 0.165974268019096 0.166582744396271 0.166412605482787 0.153142626911141 0.13049503754029 0.123451022694729 0.154541440736886 0.182160052808933 0.184753483496985 0.189548874841138 0.230295688236485 0.664176071899943 1.02746608232271 0.820617638966463 0.651787464615045 0.603301144986937 0.642684249830228 0.706948275957051 0.753126142296316 0.808896754834733 0.838682120550194 0.8531102916517 0.862929307046513 0.855112327411155 0.854142015215581 0.875337922089362 0.917111493020772 0.94142456176492
-9999 -9999 -9999 -9999 -9999 -9999 -9999 -9999 -9999 -9999 -9999 -9999 -9999 -9999 -9999 -9999 -9999 -9999 -9999 -9999 -9999 -9999 -9999 -9999 -9999 -9999 -9999 0.181317872242478 0.173395117182462 0.188722401601845 0.191336587525973 0.18695271925953 0.179674680176392 0.15865342022403 0.113376326740349 0.0979005541314566 0.135205023303741 0.168243723494773 0.19594861766816 0.424244800693295 0.898454022470805 0.884671209774842 0.675835403401267 0.587469963487944 0.61436566887418 0.666632493215783 0.709495411096632 0.743205140362831 0.763271301931122 0.789050302788476 0.793599795914295 0.811511168134788 0.831120180311297 0.868225899667425 0.922117730140477 0.945112600989775
-9999 -9999 -9999 -9999 -9999 -9999 -9999 -9999 -9999 -9999 -9999 -9999 -9999 -9999 -9999 -9999 -9999 -9999 -9999 -9999 -9999 -9999 -9999 -9999 -9999 -9999 -9999 0.158102269891367 0.0960960811257394 0.18628926128693 0.192184364243027 0.191310511078649 0.189180966716434 0.183808118335511 0.162284640306799 0.127299925918755 0.101045965283657 0.135381163546921 0.177818945631585 0.299160196404119 0.708574882300828 0.896697801602311 0.714465906919437 0.588556085626249 0.580639500250908 0.616955021860624 0.646232084826468 0.673259929159897 0.693841711129889 0.704769286960511 0.731185049696218 0.791010735431932 0.843262307229019 0.89032417310576 0.93050812714891 0.957196051957157
-9999 -9999 -9999 -9999 -9999 -9999 -9999 -9999 -9999 -9999 -9999 -9999 -9999 -9999 -9999 -9999 -9999 -9999 -9999 -9999 -9999 -9999 -9999 -9999 -9999 -9999 -9999 -9999 0.0560809041642734 0.164890766813283 0.191352214382713 0.191092969003366 0.189788103095354 0.187707834377452 0.177779085309549 0.153860528794586 0.111296728935229 0.119443919532278 0.165292630980395 0.253050401094182 0.587637649485227 0.852983205935472 0.678262687627204 0.534360453933625 0.543094294407482 0.569784592423447 0.591778268875595 0.609624622641151 0.636448608038869 0.654628659002547 0.680612033640742 0.769115904347202 0.841114046642204 0.889754145358956 0.937641257099296 0.969828133045018
-9999 -9999 -9999 -9999 -9999 -9999 -9999 -9999 -9999 -9999 -9999 -9999 -9999 -9999 -9999 -9999 -9999 -9999 -9999 -9999 -9999 -9999 -9999 -9999 -9999 -9999 -9999 -9999 0.0627007101410068 0.14683973763297 0.187861916432097 0.190671590013024 0.189849788749542 0.188954105533263 0.181445216371871 0.15869732475104 0.122550568361744 0.121877494695548 0.165353595228458 0.236012288930249 0.508718793940303 0.792231818303062 0.655396795223533 0.49843469581464 0.464319809598162 0.501569078119076 0.545414757351704 0.577477623878817 0.617741757739422 0.646427061374935 0.681699767531533 0.755041127078063 0.825273967800252 0.87857286776363 0.941867279160388 0.990555407564591
-9999 -9999 -9999 -9999 -9999 -9999 -9999 -9999 -9999 -9999 -9999 -9999 -9999 -9999 -9999 -9999 -9999 -9999 -9999 -9999 -9999 -9999 -9999 -9999 -9999 -9999 -9999 -9999 0.0744383303231573 0.130412133740639 0.187358474971467 0.190457290371786 0.190401147696699 0.189964515840453 0.180729099564558 0.160419578488373 0.127152938603527 0.130514692898404 0.16816899418573 0.226307000216366 0.449749574776756 0.777030791550879 0.611180120794669 0.44528699849644 0.399034729871725 0.376243180781261 0.479061484372141 0.550961200608474 0.600483553986397 0.649451176063834 0.658378212186579 0.754863623350638 0.812339955362245 0.873049635804824 0.952765885009256 1.00656951368424
-9999 -9999 -9999 -9999 -9999 -9999 -9999 -9999 -9999 -9999 -9999 -9999 -9999 -9999 -9999 -9999 -9999 -9999 -9999 -9999 -9999 -9999 -9999 -9999 -9999 -9999 -9999 -9999 0.0696239333023175 0.123352812999592 0.186887215730427 0.189727595394405 0.189813573359693 0.189166230489609 0.179359449553405 0.149770160047019 0.122140313008043 0.140831542742052 0.175731144357992 0.230951546927162 0.471865588459877 0.720318635819582 0.557971451165528 0.402363457730993 0.342873145366356 0.342676425044231 0.398821667364942 0.486200010681003 0.565592964603214 0.640404019429075 0.705105662479277 0.762207063508207 0.813869924236074 0.883437029962901 0.963426506670663 1.02046062733381
-9999 -9999 -9999 -9999 -9999 -9999 -9999 -9999 -9999 -9999 -9999 -9999 -9999 -9999 -9999 -9999 -9999 -9999 -9999 -9999 -9999 -9999 -9999 -9999 -9999 -9999 -9999 -9999 0.072166676072383 0.121277965435241 0.191423836270857 0.188774031187691 0.189386567632231 0.188433555251678 0.17648063423638 0.142500307457487 0.121717249597878 0.152126823384856 0.181487002498638 0.24174862151435 0.487481148758191 0.674945750543475 0.495300787387637 0.362961339431196 0.311521980599249 0.299513673716984 0.346762927453469 0.427237553994475 0.514294066632701 0.626257270283789 0.696618549102026 0.748491883122472 0.802761328053047 0.873548156494616 0.955777749048045 1.02278974944395
