data/03_saidas_enm/CCSM_Maxent_6k_B.balansae3.asc
NCOLS 154 
NROWS 168 
XLLCORNER -112 
YLLCORNER -55.5 
CELLSIZE 0.5 
NODATA_value -9999 
[rows 50 to 74 of 168, columns 56 to 111 of 154]
-9999 -9999 -9999 -9999 -9999 -9999 -9999 -9999 -9999 -9999 -9999 -9999 -9999 0.000243568938458338 0.000807712960522622 0.00273710791952908 0.00773715972900391 0.0318839997053146 0.0653371512889862 0.105821460485458 0.105108261108398 0.0942149460315704 0.0735654681921005 0.0627799555659294 0.0445667281746864 0.0329863801598549 0.0244028605520725 0.0144928386434913 0.00943256914615631 0.00524397846311331 0.00364787969738245 0.00459283730015159 0.00658749183639884 0.0119436429813504 0.0283346083015203 0.0486003085970879 0.0711987167596817 0.0902736261487007 0.094997376203537 0.0991084054112434 0.107523679733276 0.101083770394325 0.102203264832497 0.110716760158539 0.130509570240974 0.171923741698265 0.162995278835297 0.183534443378448 0.193729594349861 0.197229266166687 0.238776758313179 0.252673208713531 0.276685059070587 0.277206391096115 0.260808557271957 0.26921546459198
-9999 -9999 -9999 -9999 -9999 -9999 -9999 -9999 -9999 -9999 -9999 -9999 -9999 0.000302088883472607 0.00106747692916542 0.00501331547275186 0.0179962683469057 0.0451806895434856 0.0780123844742775 0.109412156045437 0.106175199151039 0.0971473231911659 0.0853263214230537 0.0739753171801567 0.0567077659070492 0.0415843576192856 0.0305381566286087 0.0194025468081236 0.0125094959512353 0.00798864103853703 0.00604257406666875 0.00774338468909264 0.0135233914479613 0.0255839098244905 0.0474246442317963 0.0717311203479767 0.0936495959758759 0.10771632194519 0.111262015998363 0.109095051884651 0.111670233309269 0.10644468665123 0.108463160693645 0.115015618503094 0.12591564655304 0.145986557006836 0.15402364730835 0.17319019138813 0.186719179153442 0.20372673869133 0.234360873699188 0.267202019691467 0.259310483932495 0.260549277067184 0.254687964916229 0.264231294393539
-9999 -9999 -9999 -9999 -9999 -9999 -9999 -9999 -9999 -9999 -9999 0.000251632067374885 0.000262363231740892 0.000968122098129243 0.0045598242431879 0.014957900159061 0.0335483141243458 0.064604178071022 0.0922151580452919 0.101748391985893 0.103087067604065 0.0928608179092407 0.0784030854701996 0.0641320049762726 0.0453327521681786 0.0325117148458958 0.0204549022018909 0.0121381655335426 0.00710516748949885 0.00394631782546639 0.00303203309886158 0.00496402150020003 0.0104127218946815 0.0224209502339363 0.0470183417201042 0.0765133053064346 0.108035914599895 0.133061394095421 0.130509808659554 0.125495359301567 0.122011244297028 0.116441108286381 0.117294445633888 0.121292933821678 0.124222315847874 0.133735164999962 0.144290566444397 0.16017159819603 0.177802339196205 0.204320073127747 0.226359024643898 0.228852406144142 0.220393225550652 0.229193672537804 0.229391142725945 0.259285241365433
-9999 -9999 -9999 -9999 -9999 -9999 -9999 -9999 -9999 -9999 0.000463970063719898 0.000472980202175677 0.00187114742584527 0.00464447354897857 0.00961339753121138 0.0215054526925087 0.0438897311687469 0.0721085444092751 0.0837026238441467 0.083768829703331 0.0791255384683609 0.0649070888757706 0.0509523302316666 0.0387345254421234 0.026630811393261 0.0170668214559555 0.0100716296583414 0.00562825752422214 0.00321645825169981 0.0021289421711117 0.00201076013036072 0.00355247943662107 0.00885553658008575 0.0215276647359133 0.045391358435154 0.0759765729308128 0.107579752802849 0.133855685591698 0.143277525901794 0.137206196784973 0.132287561893463 0.129220798611641 0.129026427865028 0.13110476732254 0.13128636777401 0.13887944817543 0.148244395852089 0.1629389077425 0.179643467068672 0.197850286960602 0.191771119832993 0.188054800033569 0.181292608380318 0.190511077642441 0.202519491314888 0.245910629630089
-9999 -9999 -9999 -9999 -9999 -9999 -9999 -9999 -9999 -9999 0.000798473774921149 0.00358610367402434 0.0104372706264257 0.0157748740166426 0.018412483856082 0.0198635142296553 0.0370404422283173 0.0587445572018623 0.0679194331169128 0.0602703168988228 0.0540766380727291 0.0416827946901321 0.0305537320673466 0.0220770183950663 0.0137948095798492 0.00828611943870783 0.00471525453031063 0.00260694231837988 0.00243927165865898 0.00234698969870806 0.00224583153612912 0.00269862986169755 0.00748232705518603 0.0194280669093132 0.0439734421670437 0.0733024254441261 0.0946391299366951 0.117540620267391 0.130141332745552 0.141471683979034 0.147507011890411 0.146045818924904 0.146348789334297 0.149695873260498 0.153775677084923 0.160758927464485 0.166135728359222 0.166783407330513 0.162397518754005 0.164043366909027 0.169017300009727 0.176257967948914 0.180208146572113 0.192900359630585 0.211940973997116 0.272706627845764
-9999 -9999 -9999 -9999 -9999 -9999 -9999 -9999 0.00192943098954856 0.001587925828062 0.00499536702409387 0.0123527618125081 0.0272902622818947 0.0308124739676714 0.0178884938359261 0.0162714254111052 0.0295265801250935 0.0437432862818241 0.0485833920538425 0.0389363616704941 0.0282868873327971 0.0224837362766266 0.0175248812884092 0.0122607992962003 0.0070600132457912 0.00372606818564236 0.00290637579746544 0.00278324773535132 0.00265708123333752 0.00259719835594296 0.00265818228945136 0.00304461643099785 0.00597037933766842 0.0169403403997421 0.0375706404447556 0.0616018176078796 0.0816905200481415 0.0967015102505684 0.109070509672165 0.117807224392891 0.122698873281479 0.127734839916229 0.129662364721298 0.133939698338509 0.138859301805496 0.143112450838089 0.148591071367264 0.14579065144062 0.143682599067688 0.147022664546967 0.152991712093353 0.170584797859192 0.183278322219849 0.191197201609612 0.202400147914886 0.252343088388443
-9999 -9999 -9999 -9999 -9999 -9999 -9999 -9999 0.00216517504304647 0.0062719164416194 0.0218848828226328 0.0434325560927391 0.0460631176829338 0.0273857396095991 0.0224021580070257 0.0215898100286722 0.021968761458993 0.0300652980804443 0.0319223292171955 0.0217803753912449 0.0136510143056512 0.0109712090343237 0.00889761932194233 0.00630628410726786 0.00372669799253345 0.00336884916760027 0.00323357945308089 0.00309011479839683 0.00307078030891716 0.00311311683617532 0.00323182973079383 0.00362278800457716 0.00484754331409931 0.0134021593257785 0.0302879065275192 0.0488028898835182 0.065103143453598 0.0804790481925011 0.0878738388419151 0.0918293073773384 0.0930135324597359 0.09259282797575 0.0935121849179268 0.0934722423553467 0.0926111117005348 0.0955625027418137 0.0978795289993286 0.0996715873479843 0.0972616150975227 0.0954333618283272 0.10112938284874 0.115058042109013 0.138030931353569 0.171841144561768 0.188654452562332 0.244467243552208
-9999 -9999 -9999 -9999 -9999 -9999 -9999 0.0018897334812209 0.00366560905240476 0.0147045841440558 0.0497387237846851 0.069654144346714 0.0483949743211269 0.031545240432024 0.029374310746789 0.0276070404797792 0.0293573532253504 0.0249840561300516 0.0211609192192554 0.012792618945241 0.00796586275100708 0.00666589336469769 0.00543837482109666 0.00487800547853112 0.00413839844986796 0.00381402112543583 0.00370873510837555 0.00367410597391427 0.00366386445239186 0.0037154876627028 0.00383429974317551 0.00414434121921659 0.00477600749582052 0.0107705220580101 0.0227220952510834 0.0365852974355221 0.0505525730550289 0.0633086711168289 0.0702697187662125 0.0697648748755455 0.0695820674300194 0.065158985555172 0.0610806941986084 0.0590453036129475 0.0580961592495441 0.0584506392478943 0.0593158043920994 0.05831678211689 0.0558942295610905 0.0576640851795673 0.0655381679534912 0.0768848657608032 0.100364059209824 0.127576589584351 0.166275680065155 0.243890434503555
-9999 -9999 -9999 -9999 -9999 -9999 -9999 0.00290774973109365 0.00973432790488005 0.0395934656262398 0.0806412100791931 0.0667411386966705 0.0446712821722031 0.0367157496511936 0.0368839539587498 0.0375176221132278 0.039321631193161 0.0365482829511166 0.0313567817211151 0.0223328396677971 0.0150021836161613 0.0120803127065301 0.00984262116253376 0.0095920916646719 0.00926724914461374 0.00813244935125113 0.00799974333494902 0.00724924961104989 0.00758602423593402 0.00882796756923199 0.00904651544988155 0.00973625853657722 0.00945308897644281 0.00981720164418221 0.0169877298176289 0.0263882093131542 0.0355541072785854 0.0449138469994068 0.0481504872441292 0.0455464348196983 0.0438236892223358 0.0382082425057888 0.0352711528539658 0.0322673432528973 0.0292240772396326 0.0290624797344208 0.0280859507620335 0.0263673886656761 0.0252907257527113 0.0286700576543808 0.0377286151051521 0.0529578104615211 0.0740889385342598 0.0966977402567863 0.125640854239464 0.225543618202209
-9999 -9999 -9999 -9999 -9999 -9999 0.00383910117670894 0.00702089304104447 0.0234095603227615 0.0681576877832413 0.0823566019535065 0.0650625601410866 0.0401408150792122 0.0372525528073311 0.0430583842098713 0.0475241988897324 0.0511036887764931 0.0514668188989162 0.0466373562812805 0.0339424721896648 0.0233536250889301 0.0204137973487377 0.0184072311967611 0.0179624874144793 0.0162230301648378 0.0150018306449056 0.0144829507917166 0.0149360178038478 0.015740467235446 0.0155808618292212 0.0164958294481039 0.0165400914847851 0.0170148797333241 0.0173920132219791 0.0161817818880081 0.0191982761025429 0.0240767300128937 0.0271663907915354 0.0283896718174219 0.0265139043331146 0.0230858195573092 0.0200948379933834 0.0166619271039963 0.0143681271001697 0.0164265055209398 0.0210842862725258 0.0246793292462826 0.0288864690810442 0.0338352993130684 0.0419056080281734 0.053945679217577 0.0719788074493408 0.101496778428555 0.128474175930023 0.143980577588081 0.173314735293388
-9999 -9999 -9999 -9999 -9999 -9999 0.00761467311531305 0.013669497333467 0.0406999923288822 0.0912913456559181 0.0852527245879173 0.0633730962872505 0.0426352880895138 0.0427981242537498 0.0512152016162872 0.0595520548522472 0.0632496029138565 0.0636290311813354 0.0645211562514305 0.0530262999236584 0.0411482900381088 0.0361696183681488 0.0328557230532169 0.0322720445692539 0.0308796055614948 0.0284976102411747 0.0283202212303877 0.0281012132763863 0.028810378164053 0.0294395126402378 0.0291256383061409 0.0293822456151247 0.0285733994096518 0.028008172288537 0.0268076565116644 0.0251810066401958 0.0239144265651703 0.0219854395836592 0.0211451146751642 0.021092377603054 0.0203357208520174 0.0214880891144276 0.0226716175675392 0.0252385959029198 0.0307385604828596 0.0366403497755527 0.0419737137854099 0.0467347055673599 0.0537412315607071 0.0662369728088379 0.0813256427645683 0.103895001113415 0.130271226167679 0.150820285081863 0.165730938315392 0.16966612637043
-9999 -9999 -9999 -9999 -9999 -9999 0.0115592731162906 0.0189696438610554 0.0573016703128815 0.120656050741673 0.116021916270256 0.0803274661302567 0.0517706423997879 0.0497649759054184 0.0603909119963646 0.070285938680172 0.076076939702034 0.0759935677051544 0.0762418136000633 0.072630800306797 0.059537947177887 0.0545361414551735 0.0504948347806931 0.0482132211327553 0.0441598407924175 0.0413141958415508 0.0418236404657364 0.0445117503404617 0.0451590530574322 0.043755941092968 0.0442218668758869 0.04267568141222 0.0423928946256638 0.0410330221056938 0.0378951914608479 0.0369633510708809 0.0350090749561787 0.0345580317080021 0.0335181131958961 0.0330967605113983 0.0341162458062172 0.0347476676106453 0.0385930798947811 0.0428648628294468 0.0491720475256443 0.0555489920079708 0.0610661543905735 0.0705784186720848 0.0805881470441818 0.0942673832178116 0.11381147056818 0.129275187849998 0.150822296738625 0.169549748301506 0.178725808858871 0.182314231991768
-9999 -9999 -9999 -9999 -9999 -9999 -9999 0.0260882303118706 0.071556992828846 0.150465413928032 0.144903376698494 0.101883739233017 0.0669038221240044 0.0616557113826275 0.0733763873577118 0.0889512225985527 0.0943034142255783 0.0923559218645096 0.0937264487147331 0.0958061441779137 0.0810024440288544 0.0736344903707504 0.0684548020362854 0.065447561442852 0.062793031334877 0.0602765753865242 0.062314085662365 0.0655027255415916 0.069077767431736 0.0684389173984528 0.0664683133363724 0.0652604103088379 0.0623794682323933 0.0605221949517727 0.0581730343401432 0.0550229623913765 0.0536895841360092 0.0520568378269672 0.0523096285760403 0.0543126277625561 0.0554522611200809 0.0592564418911934 0.0636993497610092 0.0702763944864273 0.0784578397870064 0.0852631330490112 0.095320887863636 0.104478605091572 0.116328574717045 0.134068146348 0.150978177785873 0.167043656110764 0.179965108633041 0.190654620528221 0.199332773685455 0.196607440710068
-9999 -9999 -9999 -9999 -9999 -9999 -9999 -9999 0.0845684409141541 0.166273325681686 0.183173432946205 0.121239326894283 0.0807318165898323 0.0744909644126892 0.0893846899271011 0.110307417809963 0.11680156737566 0.1167908385396 0.11713171005249 0.117145478725433 0.100964158773422 0.0945035666227341 0.0890441536903381 0.0856499299407005 0.0829595401883125 0.0821972191333771 0.0852611660957336 0.0906221121549606 0.0968165472149849 0.0941936299204826 0.0931442677974701 0.0888855159282684 0.0855892673134804 0.0824781134724617 0.0782854184508324 0.0758260637521744 0.0731871053576469 0.0725781470537186 0.0728430673480034 0.0742486491799355 0.0784444063901901 0.0830794125795364 0.0909307822585106 0.0991288498044014 0.108242526650429 0.12106841057539 0.128611668944359 0.140156924724579 0.147451013326645 0.160319954156876 0.170857176184654 0.186267226934433 0.197800055146217 0.209205225110054 0.213655680418015 0.210780948400497
-9999 -9999 -9999 -9999 -9999 -9999 0.0346338599920273 0.0473827719688416 0.116007417440414 0.165937066078186 0.161391362547874 0.123741611838341 0.0891727060079575 0.0872736945748329 0.106223866343498 0.129063412547112 0.136756733059883 0.135686933994293 0.135911896824837 0.136986061930656 0.133632525801659 0.124720253050327 0.116673409938812 0.11272232234478 0.112848341464996 0.113872200250626 0.118478871881962 0.123953133821487 0.119639538228512 0.117283791303635 0.117807157337666 0.11915747821331 0.117277391254902 0.113209582865238 0.108813144266605 0.104372546076775 0.102617718279362 0.100985638797283 0.102038122713566 0.105313308537006 0.10898232460022 0.116171561181545 0.123911552131176 0.130150571465492 0.134634837508202 0.137316137552261 0.140829384326935 0.14329831302166 0.150338903069496 0.163640066981316 0.175270274281502 0.188675865530968 0.197982639074326 0.203825429081917 0.20762687921524 0.201067700982094
-9999 -9999 -9999 -9999 -9999 0.0670950710773468 0.0510501600801945 0.072832353413105 0.142980605363846 0.151587605476379 0.148336067795753 0.122059360146523 0.0941919311881065 0.0961965620517731 0.119259692728519 0.148840054869652 0.152475371956825 0.149533540010452 0.14926353096962 0.149750456213951 0.152114450931549 0.154266461730003 0.149366393685341 0.144997388124466 0.146080985665321 0.150430426001549 0.152631521224976 0.146570041775703 0.138547897338867 0.131722748279572 0.133063733577728 0.135112091898918 0.137008339166641 0.139094084501266 0.142075777053833 0.137151315808296 0.135435327887535 0.134599849581718 0.136021450161934 0.137751385569572 0.138213202357292 0.136584669351578 0.133664935827255 0.13451212644577 0.1392842233181 0.142452642321587 0.145913034677505 0.149358227849007 0.156274870038033 0.169086843729019 0.182501137256622 0.191512927412987 0.201964884996414 0.203117609024048 0.196296840906143 0.181262001395226
-9999 -9999 -9999 -9999 -9999 0.070310190320015 0.0656025484204292 0.0985986292362213 0.126301243901253 0.134982481598854 0.133926182985306 0.116427138447762 0.100840061903 0.10728694498539 0.128897041082382 0.15563502907753 0.157624542713165 0.153669565916061 0.153959095478058 0.158323600888252 0.16345976293087 0.165317699313164 0.16663084924221 0.167632237076759 0.170087844133377 0.169936016201973 0.166739657521248 0.16137957572937 0.154949590563774 0.149449825286865 0.14792600274086 0.151762738823891 0.1544558852911 0.156661078333855 0.160702720284462 0.166224539279938 0.17458775639534 0.172824218869209 0.169172808527946 0.162518531084061 0.155119359493256 0.151577606797218 0.147673100233078 0.147350132465363 0.151119962334633 0.153851687908173 0.158662810921669 0.162503525614738 0.168868944048882 0.179118290543556 0.186533540487289 0.194919168949127 0.19855147600174 0.197427779436111 0.193329751491547 0.181975573301315
-9999 -9999 -9999 -9999 -9999 -9999 0.0803347453474998 0.0892153456807137 0.107713393867016 0.111979253590107 0.121302455663681 0.108524180948734 0.0989204570651054 0.106569483876228 0.124147169291973 0.156037554144859 0.1539446413517 0.150999173521996 0.154595598578453 0.161842077970505 0.171074405312538 0.171277597546577 0.173111855983734 0.174813315272331 0.178047344088554 0.180406704545021 0.178187534213066 0.175815925002098 0.172402516007423 0.169813439249992 0.167495682835579 0.165388017892838 0.169735789299011 0.172680959105492 0.176358431577682 0.18402025103569 0.201274126768112 0.204882428050041 0.19622802734375 0.186980873346329 0.176114812493324 0.1728485673666 0.168093055486679 0.166999459266663 0.169017910957336 0.17000338435173 0.176545441150665 0.181400001049042 0.187320217490196 0.195208892226219 0.195885643362999 0.20109198987484 0.199065342545509 0.195112735033035 0.192629992961884 0.185241147875786
-9999 -9999 -9999 -9999 -9999 -9999 0.069509819149971 0.0724186897277832 0.0855145156383514 0.0875066593289375 0.0940025001764297 0.0918701514601707 0.0798691064119339 0.0870399102568626 0.10382753610611 0.123314030468464 0.135814920067787 0.144383400678635 0.153250873088837 0.160383567214012 0.1669981777668 0.172130927443504 0.176883682608604 0.17936584353447 0.182078331708908 0.183961287140846 0.187233790755272 0.190234124660492 0.18968939781189 0.188537895679474 0.187167063355446 0.188637167215347 0.191582709550858 0.196399822831154 0.204289987683296 0.216121032834053 0.234230071306229 0.239399984478951 0.228809356689453 0.217407554388046 0.206277206540108 0.200241103768349 0.1946160197258 0.192176640033722 0.192968145012856 0.194233700633049 0.199326395988464 0.204545706510544 0.210591301321983 0.218899995088577 0.221210777759552 0.215774670243263 0.206095069646835 0.198386505246162 0.192209750413895 0.181560292840004
-9999 -9999 -9999 -9999 -9999 -9999 0.0640013888478279 0.0652964636683464 0.069117434322834 0.0697791054844856 0.0816446542739868 0.0910985991358757 0.076784186065197 0.0753332227468491 0.0915369838476181 0.105426140129566 0.124557621777058 0.142755165696144 0.156986206769943 0.161607518792152 0.166311472654343 0.174571558833122 0.181906208395958 0.185940027236938 0.188222989439964 0.189033374190331 0.196087017655373 0.204761877655983 0.207586273550987 0.207838401198387 0.207623928785324 0.212396129965782 0.218374311923981 0.225248962640762 0.235359996557236 0.246913313865662 0.265000075101852 0.280472129583359 0.268960565328598 0.256469905376434 0.241852760314941 0.236201137304306 0.227603390812874 0.223809003829956 0.224028959870338 0.222188502550125 0.227258563041687 0.2311672270298 0.23619319498539 0.245003461837769 0.247515320777893 0.232695639133453 0.215580552816391 0.202532485127449 0.192772924900055 0.180245697498322
-9999 -9999 -9999 -9999 -9999 -9999 -9999 -9999 0.0562388114631176 0.0647791847586632 0.0927809774875641 0.0922258868813515 0.0803189501166344 0.0824056640267372 0.0926115065813065 0.108550228178501 0.125659063458443 0.151924028992653 0.16983836889267 0.166452959179878 0.170790687203407 0.179934620857239 0.189902260899544 0.194654017686844 0.193663001060486 0.194982424378395 0.203514099121094 0.216201841831207 0.221956804394722 0.223854839801788 0.227126613259315 0.234747305512428 0.246156170964241 0.255322992801666 0.263633698225021 0.275080949068069 0.291709333658218 0.312024742364883 0.313750326633453 0.299473613500595 0.285032659769058 0.275563716888428 0.266952693462372 0.26070511341095 0.256780683994293 0.254069983959198 0.255546510219574 0.257927775382996 0.260073870420456 0.262638866901398 0.258270293474197 0.244196429848671 0.224134474992752 0.208725035190582 0.195500686764717 0.180941566824913
-9999 -9999 -9999 -9999 -9999 -9999 -9999 -9999 0.0645995438098907 0.0699496567249298 0.119602806866169 0.112483315169811 0.0906415656208992 0.0989108383655548 0.110576212406158 0.125916451215744 0.14280503988266 0.174860775470734 0.193922027945518 0.181789085268974 0.182085707783699 0.190985202789307 0.202682793140411 0.207135602831841 0.20374321937561 0.202359661459923 0.211889922618866 0.227296069264412 0.235225200653076 0.238306388258934 0.24436828494072 0.255822211503983 0.271916538476944 0.282717287540436 0.290720880031586 0.301339745521545 0.316171020269394 0.334774106740952 0.354402661323547 0.35064098238945 0.333585888147354 0.323399692773819 0.311408519744873 0.302382946014404 0.295347392559052 0.288000226020813 0.286875784397125 0.285054445266724 0.282237976789474 0.279417455196381 0.27190887928009 0.258208036422729 0.237858101725578 0.219275116920471 0.201882660388947 0.184823125600815
-9999 -9999 -9999 -9999 -9999 -9999 -9999 -9999 -9999 0.0821200236678123 0.167903199791908 0.134770169854164 0.106672674417496 0.125299364328384 0.146957457065582 0.165958479046822 0.172106966376305 0.206276819109917 0.226311221718788 0.201495602726936 0.198330372571945 0.204726919531822 0.217271402478218 0.222395583987236 0.214280292391777 0.211668014526367 0.22059254348278 0.23605614900589 0.245218947529793 0.248181968927383 0.255245417356491 0.270390123128891 0.291157275438309 0.30507019162178 0.312882989645004 0.322952777147293 0.338105976581573 0.356278300285339 0.373119652271271 0.39117419719696 0.385259002447128 0.371736586093903 0.359200894832611 0.346576362848282 0.33319017291069 0.32175800204277 0.316512763500214 0.311044603586197 0.303880453109741 0.294670969247818 0.283662527799606 0.274739384651184 0.263046056032181 0.243509605526924 0.214795365929604 0.191074550151825
-9999 -9999 -9999 -9999 -9999 -9999 -9999 -9999 -9999 -9999 0.144856467843056 0.14134356379509 0.133711621165276 0.170593619346619 0.211530089378357 0.233942806720734 0.229348450899124 0.251383900642395 0.264112681150436 0.231988027691841 0.217623859643936 0.221087321639061 0.231280490756035 0.234297901391983 0.230103686451912 0.22571986913681 0.232305184006691 0.245656460523605 0.254094511270523 0.258362799882889 0.266979932785034 0.283188819885254 0.305292695760727 0.321618318557739 0.33298721909523 0.346188962459564 0.361334055662155 0.37794691324234 0.392949461936951 0.408757001161575 0.424671709537506 0.425587207078934 0.409515649080276 0.393759876489639 0.376618027687073 0.360719710588455 0.350731641054153 0.340324521064758 0.327791959047318 0.314766526222229 0.30083566904068 0.29254749417305 0.283621609210968 0.265188336372375 0.236784860491753 0.215496718883514
-9999 -9999 -9999 -9999 -9999 -9999 -9999 -9999 -9999 -9999 -9999 0.0877408981323242 0.172855317592621 0.246640592813492 0.296687126159668 0.322243481874466 0.300391793251038 0.305690973997116 0.311031550168991 0.262694150209427 0.232412770390511 0.235191136598587 0.244603291153908 0.247828677296638 0.244667530059814 0.241570010781288 0.245496734976768 0.255860418081284 0.26379606127739 0.267553806304932 0.276608765125275 0.29313200712204 0.31573486328125 0.334940731525421 0.349791407585144 0.368453294038773 0.382883608341217 0.400624215602875 0.415507107973099 0.427864789962769 0.442528128623962 0.460608303546906 0.462701946496964 0.443476140499115 0.419973403215408 0.401008576154709 0.386674523353577 0.372104495763779 0.35756441950798 0.340299546718597 0.323689520359039 0.312303096055984 0.293838441371918 0.282764315605164 0.274528533220291 0.267111480236053
