data/03_saidas_enm/CCSM_SVM_21k_B.balansae1.asc
NCOLS 154 
NROWS 168 
XLLCORNER -112 
YLLCORNER -55.5 
CELLSIZE 0.5 
NODATA_value -9999 
[rows 100 to 124 of 168, columns 56 to 111 of 154]
-9999 -9999 -9999 -9999 -9999 -9999 -9999 -9999 -9999 -9999 -9999 -9999 -9999 -9999 -9999 -9999 -9999 -9999 -9999 -9999 -9999 -9999 -9999 -9999 -9999 -9999 -9999 -9999 0.07439101864113 0.129806489144384 0.123073910716429 0.125099152363273 0.132476016507007 0.131734153774587 0.119467878523956 0.0930664551387747 0.0762617161421043 0.09221413551471 0.121128677462133 0.25994447211637 0.532876766377213 0.608002248348562 0.490283569936093 0.382309468296491 0.349096415467204 0.377973174228695 0.485243674327527 0.614416668263137 0.699508729915403 0.775245664857512 0.841549338626038 0.892668251027043 0.932512824741944 0.967404784352511 0.986477223404637 0.984556603430484
-9999 -9999 -9999 -9999 -9999 -9999 -9999 -9999 -9999 -9999 -9999 -9999 -9999 -9999 -9999 -9999 -9999 -9999 -9999 -9999 -9999 -9999 -9999 -9999 -9999 -9999 -9999 -9999 0.076182593670178 0.134536868119481 0.123383343045026 0.127165384208967 0.133074070202595 0.131228579375241 0.115014047619008 0.089708717712856 0.0798559081996188 0.101665291797809 0.136306460950277 0.314864194647379 0.570757528341774 0.569875081370106 0.441617468314763 0.355555332521802 0.335959366132342 0.358803008819176 0.470256383990031 0.579660783485787 0.645844881880855 0.72794991536696 0.7892261978031 0.851877048303524 0.896775272935316 0.934953627604855 0.961386157379226 0.960379322278376
-9999 -9999 -9999 -9999 -9999 -9999 -9999 -9999 -9999 -9999 -9999 -9999 -9999 -9999 -9999 -9999 -9999 -9999 -9999 -9999 -9999 -9999 -9999 -9999 -9999 -9999 -9999 0.137777363456786 0.0833731275921467 0.13332996618344 0.133965420098778 0.132517117734204 0.134151434244959 0.129038084602611 0.110829217820189 0.0863986259659842 0.0833210863192514 0.107392904509905 0.16083763108772 0.396368111803464 0.586889602031245 0.512398867062994 0.416070250984116 0.344689561564411 0.322636777910433 0.349302868099024 0.441066906521728 0.539718486734971 0.607991212685757 0.675105473720224 0.738194680635613 0.790654657198165 0.836813198470978 0.883717092417195 0.917334464338247 0.931506240631515
-9999 -9999 -9999 -9999 -9999 -9999 -9999 -9999 -9999 -9999 -9999 -9999 -9999 -9999 -9999 -9999 -9999 -9999 -9999 -9999 -9999 -9999 -9999 -9999 -9999 -9999 -9999 0.13616399837298 0.0855399953407499 0.13396456559312 0.139655229125338 0.135927132764473 0.135854808139477 0.129382064849314 0.107813765989447 0.0877007680901047 0.0922254597662535 0.118698301170898 0.189879541129808 0.450250627562565 0.544251562320575 0.447974845746927 0.365312735460725 0.316595851203696 0.303405871688748 0.321603400010873 0.3986776654208 0.494772073084357 0.564436835875087 0.623080223763659 0.679683508702115 0.72819480914574 0.771760057590732 0.822138378847722 0.860442107596712 0.888803814797565
-9999 -9999 -9999 -9999 -9999 -9999 -9999 -9999 -9999 -9999 -9999 -9999 -9999 -9999 -9999 -9999 -9999 -9999 -9999 -9999 -9999 -9999 -9999 -9999 -9999 -9999 -9999 0.133703192687086 0.090872079030571 0.133025049141206 0.14312378690478 0.14004154550787 0.138426896853766 0.130037797557821 0.108433287727354 0.0941330104147364 0.102585585121961 0.133852569476689 0.219019696902713 0.47309798445649 0.517155021994557 0.39483649529684 0.319097637451612 0.283433795677011 0.279465759190475 0.297424355616277 0.364286919574888 0.445771612131163 0.513427962674091 0.567794929717616 0.613567857246885 0.664338616027927 0.70842342556095 0.754349079873084 0.799772531541666 0.83406027321356
-9999 -9999 -9999 -9999 -9999 -9999 -9999 -9999 -9999 -9999 -9999 -9999 -9999 -9999 -9999 -9999 -9999 -9999 -9999 -9999 -9999 -9999 -9999 -9999 -9999 -9999 -9999 0.13220704260046 0.0988496320109845 0.136086095504712 0.143248573710219 0.141622211612982 0.140264772136166 0.132955873423617 0.112638372132662 0.106360205025735 0.117454515028555 0.144054845483054 0.227773419980453 0.469264871243499 0.463740322366994 0.346164405163756 0.281227348452433 0.263564356199154 0.271721304067847 0.293507794128776 0.352060991859748 0.414819309983423 0.474030992724706 0.527219515568272 0.568857527825553 0.615568742069118 0.649522436487921 0.694409127433239 0.74618379459463 0.788222645938418
-9999 -9999 -9999 -9999 -9999 -9999 -9999 -9999 -9999 -9999 -9999 -9999 -9999 -9999 -9999 -9999 -9999 -9999 -9999 -9999 -9999 -9999 -9999 -9999 -9999 -9999 -9999 0.133643082290357 0.112671039801699 0.13836154117691 0.142198084168539 0.142210515684289 0.141604453802737 0.135301575548412 0.119563691581057 0.122786089875583 0.13070747593869 0.148224732986332 0.238889702385325 0.480596154402505 0.423015285875734 0.30144247621731 0.261835425820309 0.254006471636645 0.272086616338776 0.311519838303518 0.347011828539447 0.40164719729684 0.449181577632324 0.496003401693663 0.542272588033199 0.574209847657725 0.603479386729743 0.645011577957917 0.694336972474738 0.746695423806425
-9999 -9999 -9999 -9999 -9999 -9999 -9999 -9999 -9999 -9999 -9999 -9999 -9999 -9999 -9999 -9999 -9999 -9999 -9999 -9999 -9999 -9999 -9999 -9999 -9999 -9999 -9999 0.138821534520439 0.125253620517886 0.13918337337743 0.1415100190011 0.142278815990902 0.142045181203064 0.136754255882274 0.127992240862674 0.133263620559656 0.136561664389091 0.151321850798072 0.253884822955143 0.484934288400745 0.373983839793344 0.259994994324454 0.235057464180132 0.236161346885236 0.254295317310367 0.292656329137907 0.327816477804743 0.371917573806984 0.4149573536361 0.455474826572171 0.492387821352693 0.521059356102183 0.548073118465 0.589191528952222 0.642013033130563 0.693982847432235
-9999 -9999 -9999 -9999 -9999 -9999 -9999 -9999 -9999 -9999 -9999 -9999 -9999 -9999 -9999 -9999 -9999 -9999 -9999 -9999 -9999 -9999 -9999 -9999 -9999 -9999 -9999 0.145312074306753 0.134553170905082 0.139625272111801 0.141301009351863 0.14221607181219 0.142271363007868 0.137235778608929 0.131493389589489 0.138809587554836 0.140004619329101 0.155483900540308 0.282809613588898 0.474618707793423 0.30854974364259 0.221684070607316 0.205980312824859 0.209133084555944 0.224619869450969 0.246870510556965 0.283675555907998 0.324835332357681 0.363981244190591 0.398758278125459 0.426671278935086 0.457187309772997 0.48606115284111 0.528317029348664 0.581983464230779 0.634041904318419
-9999 -9999 -9999 -9999 -9999 -9999 -9999 -9999 -9999 -9999 -9999 -9999 -9999 -9999 -9999 -9999 -9999 -9999 -9999 -9999 -9999 -9999 -9999 -9999 -9999 -9999 -9999 0.149099617173458 0.1388979110543 0.139540461542153 0.140754256302355 0.141922466161928 0.142188750431652 0.135622300961308 0.132763217196706 0.139221529217833 0.141020906819534 0.177056957561666 0.366195180414006 0.445089048197707 0.263141086403377 0.189211340626496 0.183519835441783 0.187726015988364 0.199278039661069 0.216647432198063 0.243712968727148 0.275831685490034 0.309211173958621 0.341739988177167 0.370139892401009 0.401354895577426 0.431156345474773 0.472729006835661 0.521333399617935 0.56565676795496
-9999 -9999 -9999 -9999 -9999 -9999 -9999 -9999 -9999 -9999 -9999 -9999 -9999 -9999 -9999 -9999 -9999 -9999 -9999 -9999 -9999 -9999 -9999 -9999 -9999 -9999 0.145968951575849 0.150539434587294 0.140952999012788 0.138882577101799 0.139527955459535 0.141272374301818 0.142354109399413 0.134923361721671 0.130542789251451 0.13915657912787 0.144487236101666 0.233934952294045 0.432975165836623 0.360651043005939 0.190001983771166 0.158840874038137 0.161834084450758 0.167527803043332 0.176302896149224 0.190210341240899 0.208136600176467 0.23135675978994 0.258629584363259 0.2915684605488 0.32212609947534 0.355024556255388 0.384309857478171 0.423849263278365 0.463636320960122 0.497911555810143
-9999 -9999 -9999 -9999 -9999 -9999 -9999 -9999 -9999 -9999 -9999 -9999 -9999 -9999 -9999 -9999 -9999 -9999 -9999 -9999 -9999 -9999 -9999 -9999 -9999 -9999 0.148766950835253 0.149892907858245 0.140704279008892 0.136894853125638 0.136865716563495 0.140302803733777 0.143723330314071 0.137354049815254 0.132131949902125 0.140643514003036 0.17060981508062 0.32665430491771 0.374629446259317 0.236493555258927 0.145976659546176 0.129862654909156 0.134618055704615 0.140830740917069 0.147455020950388 0.156563330240418 0.173954835512487 0.196433905866144 0.222877081665808 0.253390940146943 0.284072182587961 0.319508033576893 0.352504549768363 0.388091757334825 0.418173602839327 0.444815096238372
-9999 -9999 -9999 -9999 -9999 -9999 -9999 -9999 -9999 -9999 -9999 -9999 -9999 -9999 -9999 -9999 -9999 -9999 -9999 -9999 -9999 -9999 -9999 -9999 -9999 -9999 0.153449469592174 0.145691591250184 0.137886732781718 0.134055442779719 0.132674837581293 0.139765529742615 0.147619940863214 0.149284359520032 0.153770754982001 0.164343563139129 0.260579961441709 0.341123168165483 0.226661838471897 0.142344137496361 0.105554928853479 0.105643634482531 0.109181104270199 0.114335240034494 0.120170217296829 0.122948185511489 0.144192214967136 0.170178849243781 0.195249205308617 0.220894438514395 0.249090699438204 0.284389310580596 0.321629883951412 0.35446799005787 0.373907849797651 0.395752867949252
-9999 -9999 -9999 -9999 -9999 -9999 -9999 -9999 -9999 -9999 -9999 -9999 -9999 -9999 -9999 -9999 -9999 -9999 -9999 -9999 -9999 -9999 -9999 -9999 -9999 -9999 0.153880167625029 0.141080416825783 0.136411316413233 0.133060452664888 0.132019682940333 0.142716669576342 0.165209566088871 0.198871209639124 0.238512068096583 0.286264536554187 0.328455447823878 0.234344623312094 0.129761768832286 0.0997508837882052 0.092028481434002 0.0916920590906209 0.0923655141532497 0.0964891992167852 0.102908169194058 0.112075844398866 0.12776280848174 0.147110545589178 0.167592818931088 0.189710725698818 0.215442388606433 0.247015244281584 0.280034313488881 0.3083559365888 0.325781873718146 0.33872449176954
-9999 -9999 -9999 -9999 -9999 -9999 -9999 -9999 -9999 -9999 -9999 -9999 -9999 -9999 -9999 -9999 -9999 -9999 -9999 -9999 -9999 -9999 -9999 -9999 -9999 0.174500184649253 0.147338583928382 0.138512470996315 0.137080919685554 0.13289471207897 0.133976564971079 0.150891844485906 0.20402891805641 0.283326427871637 0.306673116131064 0.261125836985303 0.216709816018277 0.118341151079862 0.0889268868110946 0.0858264214088882 0.0888170446291616 0.0841978394171237 0.0820289256324959 0.0849624789839342 0.0930597183412147 0.106849646663216 0.112773129378818 0.126416115666329 0.141836319327448 0.160429351728429 0.181378196257031 0.210102183695942 0.237908739441061 0.260834512080727 0.275210913036383 0.286525427880217
-9999 -9999 -9999 -9999 -9999 -9999 -9999 -9999 -9999 -9999 -9999 -9999 -9999 -9999 -9999 -9999 -9999 -9999 -9999 -9999 -9999 -9999 -9999 -9999 -9999 0.166085233811836 0.141456991601835 0.135940775022344 0.134941055770746 0.131222757704189 0.133116596615406 0.15361143033924 0.213220223086857 0.271779907388513 0.222956023055678 0.158488547481531 0.110619901729708 0.0813834208031357 0.0799918399758549 0.0808311977528686 0.081904291949582 0.0770452308915165 0.0742740174758041 0.0756195133351715 0.0825151694393025 0.0921768344634065 0.0959788965896611 0.1043333421554 0.117150453687914 0.133444143176105 0.154259928727939 0.177535806689094 0.199498143456881 0.219590513536032 0.233760138498114 0.241979174909265
-9999 -9999 -9999 -9999 -9999 -9999 -9999 -9999 -9999 -9999 -9999 -9999 -9999 -9999 -9999 -9999 -9999 -9999 -9999 -9999 -9999 -9999 -9999 -9999 -9999 0.162209130723268 0.138072715026853 0.134055663533142 0.133137496575115 0.128242635966845 0.133369885687619 0.144168548352929 0.15609166499142 0.152583311840082 0.107066045350861 0.0788002930779812 0.0676491403332739 0.065246859610495 0.0708528991888595 0.0711377473379206 0.0742931938172444 0.0691679320137474 0.065473343189989 0.0652891784858228 0.0688607340726792 0.077930691781481 0.0767408240805838 0.0834199633669033 0.0950691667217283 0.11083560330347 0.128164798359829 0.147795104340011 0.16637785957914 0.183489654900874 0.19677483934888 0.206231991305698
-9999 -9999 -9999 -9999 -9999 -9999 -9999 -9999 -9999 -9999 -9999 -9999 -9999 -9999 -9999 -9999 -9999 -9999 -9999 -9999 -9999 -9999 -9999 -9999 -9999 0.167077133940506 0.136673210836677 0.132375673545184 0.130266843868113 0.122935785421803 0.119879910321297 0.112853459534443 0.0867899471561647 0.0689533865715473 0.0581014561493989 0.0574633554955716 0.0513959588556799 0.0446972900286607 0.0473857221843491 0.0529857447462884 0.0573147573898453 0.0567529681354972 0.0560743538872508 0.0564435665164713 0.0556647377278524 0.0561064593925794 0.0602769202943931 0.0699148364158336 0.0806099884586959 0.0926261143408413 0.106351410269976 0.124154979896275 0.141573523392326 0.157375616500175 0.170163094876944 0.178557544926524
-9999 -9999 -9999 -9999 -9999 -9999 -9999 -9999 -9999 -9999 -9999 -9999 -9999 -9999 -9999 -9999 -9999 -9999 -9999 -9999 -9999 -9999 -9999 -9999 -9999 0.173220934198517 0.135175040185941 0.131564778284796 0.128888377210526 0.117352851482754 0.108669705291832 0.0804208267765 0.045739784941942 0.0425804732771103 0.0476961877969265 0.0544385217716997 0.0472677379739089 0.0364171323371183 0.0355465119431372 0.0403201720706341 0.0451385057228285 0.0472375496907353 0.0501933013144936 0.0526654355631606 0.0520371506535399 0.0512282316265647 0.0519839795764864 0.0590503720185533 0.0673635104471411 0.0770992402934519 0.0874209751085204 0.102096006556689 0.119456274445495 0.134205964953777 0.146516016635133 0.156001879640728
-9999 -9999 -9999 -9999 -9999 -9999 -9999 -9999 -9999 -9999 -9999 -9999 -9999 -9999 -9999 -9999 -9999 -9999 -9999 -9999 -9999 -9999 -9999 -9999 -9999 0.171157118514805 0.133888990797002 0.13130517750731 0.127442214283632 0.112246067750407 0.0888311190703683 0.055174997587201 0.0322075261456432 0.038623182422995 0.047857014929009 0.0546881672010939 0.0466116275282396 0.0386474360130432 0.036395369491427 0.0363051737026021 0.0386443433951557 0.0435091041066097 0.0525269567145722 0.0571151485485489 0.0538029094142453 0.0492178613886493 0.0483178123645956 0.0508869514188698 0.0554722247500477 0.0639940251527052 0.074162079212292 0.0873776287171703 0.101563630787209 0.115159546180757 0.128848449894916 0.139044141773587
-9999 -9999 -9999 -9999 -9999 -9999 -9999 -9999 -9999 -9999 -9999 -9999 -9999 -9999 -9999 -9999 -9999 -9999 -9999 -9999 -9999 -9999 -9999 -9999 -9999 0.174357471437136 0.131541632415832 0.13229541171128 0.128780791709882 0.110410209217334 0.0793590727862029 0.043468008325192 0.0302167277840882 0.0403887836733274 0.046608104416422 0.0513135416778535 0.0459469043831431 0.040682676816037 0.0385654781565607 0.0362236810053678 0.0368425976537827 0.0438142335458376 0.0575623087022525 0.0620156058573946 0.0550271368262313 0.0483311702432469 0.0456001094280817 0.0460433588437957 0.0479185903886559 0.0546339545160348 0.062627879826901 0.0728210512312633 0.0866199708931706 0.0992160362839902 0.112500439740405 0.123648573573556
-9999 -9999 -9999 -9999 -9999 -9999 -9999 -9999 -9999 -9999 -9999 -9999 -9999 -9999 -9999 -9999 -9999 -9999 -9999 -9999 -9999 -9999 -9999 -9999 -9999 0.175475075030629 0.130102953222547 0.132496836531142 0.13088572710551 0.112591964639769 0.0771496062884365 0.0435489636562765 0.0373384112298026 0.0455892757171973 0.0472039460312977 0.0466191473857091 0.0449096046174445 0.0437974570906979 0.0423875807391507 0.0378044648095445 0.0364558349499842 0.0441364686946695 0.0581875964852441 0.0626062597100956 0.056312020575345 0.047857451628098 0.0448341411690732 0.04433700247533 0.0446348302144303 0.0485710454243142 0.0547186613581753 0.0644943654661145 0.0753389937500343 0.0870034307999708 0.0997488014139015 0.110428563412267
-9999 -9999 -9999 -9999 -9999 -9999 -9999 -9999 -9999 -9999 -9999 -9999 -9999 -9999 -9999 -9999 -9999 -9999 -9999 -9999 -9999 -9999 -9999 -9999 -9999 0.180177904923479 0.127369763793054 0.131647259664142 0.132471767825496 0.116121047541963 0.0831816234987323 0.0533020448429463 0.0492975421263935 0.0552114329169268 0.0535733060698191 0.0513494295963302 0.0486559309877812 0.0473914151025292 0.0457383531529544 0.0397569384427757 0.0378645460833935 0.0445669304441216 0.0580389153671514 0.0625295210553832 0.0559645886598418 0.0480770754634088 0.0445168172584819 0.0439148656702777 0.0437882121437773 0.0467180999810581 0.0501957504626953 0.0565485488525936 0.0666428209723441 0.0755429208285938 0.0859375967066783 0.0949054705650866
-9999 -9999 -9999 -9999 -9999 -9999 -9999 -9999 -9999 -9999 -9999 -9999 -9999 -9999 -9999 -9999 -9999 -9999 -9999 -9999 -9999 -9999 -9999 -9999 -9999 0.185191930278614 0.126283140669575 0.130559718589942 0.133243099963186 0.119419277707825 0.0931370893402708 0.06740571241958 0.0604257832892353 0.0643333482063037 0.058024437710948 0.0514739230948466 0.051075635470058 0.049225577309358 0.0466565384308101 0.0417838808584478 0.0394536384376464 0.0450970690925481 0.0576817605872647 0.0615903490758197 0.0564336440591063 0.049670790854163 0.0450471060961051 0.0445871381023493 0.0432746104145565 0.0456392141992061 0.0488186183694532 0.0525966245576403 0.0606219463351271 0.0671224418478089 0.0768524060388021 0.0858798614485379
-9999 -9999 -9999 -9999 -9999 -9999 -9999 -9999 -9999 -9999 -9999 -9999 -9999 -9999 -9999 -9999 -9999 -9999 -9999 -9999 -9999 -9999 -9999 -9999 0.209429900927231 0.177252579611812 0.123063281587009 0.130367997322637 0.134443917585142 0.12287131229201 0.0993529098383609 0.0754931780604133 0.069814442419712 0.0733975493596851 0.0673508268190134 0.0602183036787571 0.0585888716400712 0.0562027471643971 0.0535379443888416 0.0485603875199756 0.0463214347508217 0.0506664987446243 0.0588783178292571 0.0608745625333812 0.0565156252451434 0.0502328158040671 0.0464325052482616 0.0442733027420114 0.0411817559821375 0.0406977729205217 0.042865472620877 0.0481157792907638 0.0563712648330079 0.0613408077016678 0.0674815074275499 0.0769907123447347
