data/03_saidas_enm/CCSM_Maxent_21k_B.balansae5.asc
NCOLS 154 
NROWS 168 
XLLCORNER -112 
YLLCORNER -55.5 
CELLSIZE 0.5 
NODATA_value -9999 
[rows 100 to 124 of 168, columns 56 to 111 of 154]
-9999 -9999 -9999 -9999 -9999 -9999 -9999 -9999 -9999 -9999 -9999 -9999 -9999 -9999 -9999 -9999 -9999 -9999 -9999 -9999 -9999 -9999 -9999 -9999 -9999 -9999 -9999 -9999 0.0376461409032345 0.181702122092247 0.428437680006027 0.407536953687668 0.383684605360031 0.35786172747612 0.337465912103653 0.253887981176376 0.168291822075844 0.149802446365356 0.229504987597466 0.335526436567307 0.474341481924057 0.46075576543808 0.377996861934662 0.338194251060486 0.332760483026505 0.345466077327728 0.368310660123825 0.417483270168304 0.433656126260757 0.459226965904236 0.485203266143799 0.506172001361847 0.524914622306824 0.547099590301514 0.569577932357788 0.590439021587372
-9999 -9999 -9999 -9999 -9999 -9999 -9999 -9999 -9999 -9999 -9999 -9999 -9999 -9999 -9999 -9999 -9999 -9999 -9999 -9999 -9999 -9999 -9999 -9999 -9999 -9999 -9999 -9999 0.0375236608088017 0.202887803316116 0.436837881803513 0.397822082042694 0.393884599208832 0.369569540023804 0.326106429100037 0.235271081328392 0.159841790795326 0.157103970646858 0.236254543066025 0.35029548406601 0.49250853061676 0.424384951591492 0.346140444278717 0.316458016633987 0.316559940576553 0.331581771373749 0.352153718471527 0.393007159233093 0.40353399515152 0.445939153432846 0.483787685632706 0.501471161842346 0.516340732574463 0.534119307994843 0.553665399551392 0.564966917037964
-9999 -9999 -9999 -9999 -9999 -9999 -9999 -9999 -9999 -9999 -9999 -9999 -9999 -9999 -9999 -9999 -9999 -9999 -9999 -9999 -9999 -9999 -9999 -9999 -9999 -9999 -9999 0.0210142955183983 0.0369856357574463 0.198025435209274 0.431805580854416 0.418932497501373 0.400067210197449 0.356198608875275 0.302101105451584 0.222593173384666 0.164465039968491 0.182666510343552 0.259036183357239 0.377822607755661 0.499860674142838 0.38787454366684 0.32213294506073 0.296849876642227 0.299784809350967 0.316178023815155 0.337334960699081 0.384568989276886 0.395833402872086 0.431156158447266 0.46643003821373 0.486551761627197 0.501936137676239 0.519711494445801 0.530888319015503 0.539216876029968
-9999 -9999 -9999 -9999 -9999 -9999 -9999 -9999 -9999 -9999 -9999 -9999 -9999 -9999 -9999 -9999 -9999 -9999 -9999 -9999 -9999 -9999 -9999 -9999 -9999 -9999 -9999 0.0212282761931419 0.0379096865653992 0.202944040298462 0.395215839147568 0.414316296577454 0.402765959501266 0.348055958747864 0.271540999412537 0.206864789128304 0.164025142788887 0.198590531945229 0.269751787185669 0.399040073156357 0.464710921049118 0.354974508285522 0.296033173799515 0.278807103633881 0.285515815019608 0.301382720470428 0.321198254823685 0.366642773151398 0.390858709812164 0.422968238592148 0.44686222076416 0.464331328868866 0.482873916625977 0.498699605464935 0.507593810558319 0.518921852111816
-9999 -9999 -9999 -9999 -9999 -9999 -9999 -9999 -9999 -9999 -9999 -9999 -9999 -9999 -9999 -9999 -9999 -9999 -9999 -9999 -9999 -9999 -9999 -9999 -9999 -9999 -9999 0.0223858542740345 0.0463057793676853 0.201782748103142 0.324880123138428 0.362709909677505 0.384885489940643 0.326485604047775 0.234889984130859 0.176549196243286 0.168446257710457 0.204944431781769 0.279990047216415 0.423818558454514 0.450150281190872 0.336153775453568 0.282700002193451 0.268099516630173 0.273629277944565 0.289412826299667 0.308545172214508 0.338838130235672 0.37500587105751 0.401089251041412 0.421072274446487 0.442382544279099 0.459599941968918 0.474718153476715 0.487903296947479 0.50045645236969
-9999 -9999 -9999 -9999 -9999 -9999 -9999 -9999 -9999 -9999 -9999 -9999 -9999 -9999 -9999 -9999 -9999 -9999 -9999 -9999 -9999 -9999 -9999 -9999 -9999 -9999 -9999 0.0253685228526592 0.057923037558794 0.181478545069695 0.265447616577148 0.31362721323967 0.355339586734772 0.312967240810394 0.205976366996765 0.145008578896523 0.150285169482231 0.188006967306137 0.285545498132706 0.440938115119934 0.424472987651825 0.317386716604233 0.270268559455872 0.259710401296616 0.26581084728241 0.279111504554749 0.296160042285919 0.324009597301483 0.356664270162582 0.387349396944046 0.407238811254501 0.427137106657028 0.441022634506226 0.456622749567032 0.472829043865204 0.487991273403168
-9999 -9999 -9999 -9999 -9999 -9999 -9999 -9999 -9999 -9999 -9999 -9999 -9999 -9999 -9999 -9999 -9999 -9999 -9999 -9999 -9999 -9999 -9999 -9999 -9999 -9999 -9999 0.0305866505950689 0.0747904479503632 0.145803824067116 0.203036561608315 0.253088057041168 0.305500715970993 0.289204239845276 0.177038788795471 0.111710846424103 0.119076676666737 0.170086860656738 0.285540968179703 0.446049630641937 0.403150230646133 0.29770228266716 0.260335862636566 0.252826482057571 0.259359389543533 0.271133840084076 0.288213402032852 0.31989461183548 0.350094735622406 0.378857970237732 0.399347901344299 0.417864799499512 0.427675396203995 0.442311197519302 0.459629446268082 0.477624863386154
-9999 -9999 -9999 -9999 -9999 -9999 -9999 -9999 -9999 -9999 -9999 -9999 -9999 -9999 -9999 -9999 -9999 -9999 -9999 -9999 -9999 -9999 -9999 -9999 -9999 -9999 -9999 0.039127130061388 0.0945196971297264 0.117422431707382 0.158392831683159 0.203293174505234 0.283978819847107 0.274891495704651 0.138776689767838 0.0847700536251068 0.0965727120637894 0.15803350508213 0.284894049167633 0.455749452114105 0.385030895471573 0.280205488204956 0.249146208167076 0.245717436075211 0.252252042293549 0.264484822750092 0.279943495988846 0.3043332695961 0.333227396011353 0.362846672534943 0.379615426063538 0.402349799871445 0.410527229309082 0.425589829683304 0.446282237768173 0.465204209089279
-9999 -9999 -9999 -9999 -9999 -9999 -9999 -9999 -9999 -9999 -9999 -9999 -9999 -9999 -9999 -9999 -9999 -9999 -9999 -9999 -9999 -9999 -9999 -9999 -9999 -9999 -9999 0.0473664328455925 0.0944165289402008 0.0977231785655022 0.118076555430889 0.170059815049171 0.265052556991577 0.270121574401855 0.121392458677292 0.0749411731958389 0.0893794596195221 0.152259588241577 0.292625337839127 0.46371266245842 0.350167661905289 0.261171847581863 0.237737968564034 0.236728340387344 0.244970247149467 0.256633222103119 0.269268840551376 0.287050127983093 0.306239634752274 0.336306661367416 0.361170053482056 0.376695305109024 0.388365656137466 0.405478298664093 0.427887588739395 0.448783367872238
-9999 -9999 -9999 -9999 -9999 -9999 -9999 -9999 -9999 -9999 -9999 -9999 -9999 -9999 -9999 -9999 -9999 -9999 -9999 -9999 -9999 -9999 -9999 -9999 -9999 -9999 -9999 0.055476538836956 0.0883054509758949 0.0842343270778656 0.0989440903067589 0.146129176020622 0.28273218870163 0.268543541431427 0.112262889742851 0.0762198641896248 0.0922643765807152 0.183176100254059 0.328763872385025 0.484333992004395 0.32635098695755 0.241243928670883 0.225341573357582 0.225541368126869 0.232943296432495 0.244443207979202 0.257141619920731 0.272074371576309 0.286593079566956 0.309913873672485 0.333175361156464 0.351702511310577 0.366505801677704 0.385601401329041 0.407951474189758 0.426985710859299
-9999 -9999 -9999 -9999 -9999 -9999 -9999 -9999 -9999 -9999 -9999 -9999 -9999 -9999 -9999 -9999 -9999 -9999 -9999 -9999 -9999 -9999 -9999 -9999 -9999 -9999 0.0261113848537207 0.0689483806490898 0.0846431702375412 0.0820415019989014 0.087805837392807 0.147388145327568 0.288209736347198 0.300718307495117 0.134215980768204 0.0785045921802521 0.112630002200603 0.246218010783195 0.393529653549194 0.450201600790024 0.270445108413696 0.218540176749229 0.209971755743027 0.212788924574852 0.219252213835716 0.22852586209774 0.239878505468369 0.253637462854385 0.267919898033142 0.286842256784439 0.307875424623489 0.32833868265152 0.34514793753624 0.365210860967636 0.385627210140228 0.402951568365097
-9999 -9999 -9999 -9999 -9999 -9999 -9999 -9999 -9999 -9999 -9999 -9999 -9999 -9999 -9999 -9999 -9999 -9999 -9999 -9999 -9999 -9999 -9999 -9999 -9999 -9999 0.0388855375349522 0.0734134912490845 0.0832860767841339 0.0709684267640114 0.0896015614271164 0.161295145750046 0.318986386060715 0.311170309782028 0.17310993373394 0.125720456242561 0.182900533080101 0.33012917637825 0.452825158834457 0.351478189229965 0.23484505712986 0.195223420858383 0.191022261977196 0.194518730044365 0.201456099748611 0.210491180419922 0.222746133804321 0.237742125988007 0.252847909927368 0.268845289945602 0.287909179925919 0.308464884757996 0.326921701431274 0.346114873886108 0.364126801490784 0.379198610782623
-9999 -9999 -9999 -9999 -9999 -9999 -9999 -9999 -9999 -9999 -9999 -9999 -9999 -9999 -9999 -9999 -9999 -9999 -9999 -9999 -9999 -9999 -9999 -9999 -9999 -9999 0.062830351293087 0.0733310207724571 0.0801360532641411 0.064109593629837 0.0864027068018913 0.192118391394615 0.369570314884186 0.342111021280289 0.246771857142448 0.193954855203629 0.28121018409729 0.41112557053566 0.383698493242264 0.264092922210693 0.18719694018364 0.170937225222588 0.171822160482407 0.176665455102921 0.184217661619186 0.190353140234947 0.206023409962654 0.223920688033104 0.23975345492363 0.253864675760269 0.269341230392456 0.289172857999802 0.308576136827469 0.327321171760559 0.342206597328186 0.356517881155014
-9999 -9999 -9999 -9999 -9999 -9999 -9999 -9999 -9999 -9999 -9999 -9999 -9999 -9999 -9999 -9999 -9999 -9999 -9999 -9999 -9999 -9999 -9999 -9999 -9999 -9999 0.0683358013629913 0.0668042153120041 0.065148837864399 0.0658850520849228 0.119987972080708 0.230762287974358 0.395306020975113 0.397592961788177 0.319234758615494 0.306218892335892 0.381437569856644 0.41781359910965 0.270619690418243 0.202834635972977 0.167839035391808 0.155927374958992 0.156049624085426 0.161519691348076 0.169143006205559 0.180863618850708 0.193952351808548 0.210502877831459 0.225499168038368 0.238771855831146 0.25226902961731 0.267797589302063 0.286064386367798 0.303347408771515 0.316631495952606 0.327989190816879
-9999 -9999 -9999 -9999 -9999 -9999 -9999 -9999 -9999 -9999 -9999 -9999 -9999 -9999 -9999 -9999 -9999 -9999 -9999 -9999 -9999 -9999 -9999 -9999 -9999 0.0794776082038879 0.0737081468105316 0.0593137294054031 0.0496266931295395 0.0771695896983147 0.148421823978424 0.268274068832397 0.41173905134201 0.446168839931488 0.395920425653458 0.36590901017189 0.382534384727478 0.271908909082413 0.187703803181648 0.163073062896729 0.15096540749073 0.145728439092636 0.147807195782661 0.154813081026077 0.169524982571602 0.18338842689991 0.187847197055817 0.19733040034771 0.21109314262867 0.222734868526459 0.234175264835358 0.248164117336273 0.262132316827774 0.276933670043945 0.288599103689194 0.299810022115707
-9999 -9999 -9999 -9999 -9999 -9999 -9999 -9999 -9999 -9999 -9999 -9999 -9999 -9999 -9999 -9999 -9999 -9999 -9999 -9999 -9999 -9999 -9999 -9999 -9999 0.0778161063790321 0.0763607025146484 0.0608591847121716 0.0485444068908691 0.0886398181319237 0.170909613370895 0.25950014591217 0.35133495926857 0.387489676475525 0.334640264511108 0.276181906461716 0.235619783401489 0.19421823322773 0.151074633002281 0.139717817306519 0.136796548962593 0.135904654860497 0.140289604663849 0.147918775677681 0.163178160786629 0.172820895910263 0.179623290896416 0.183881849050522 0.195996925234795 0.20690630376339 0.217147380113602 0.228165313601494 0.238320127129555 0.250524908304214 0.261081606149673 0.269902467727661
-9999 -9999 -9999 -9999 -9999 -9999 -9999 -9999 -9999 -9999 -9999 -9999 -9999 -9999 -9999 -9999 -9999 -9999 -9999 -9999 -9999 -9999 -9999 -9999 -9999 0.0793811231851578 0.077275350689888 0.0536768399178982 0.0470003075897694 0.0987135544419289 0.188884243369102 0.239058405160904 0.266697853803635 0.267268180847168 0.216760709881783 0.162452906370163 0.151365339756012 0.139588326215744 0.127438366413116 0.124254234135151 0.122929804027081 0.12568710744381 0.130266636610031 0.136563360691071 0.150765538215637 0.161677747964859 0.164687871932983 0.170276448130608 0.181121900677681 0.190819978713989 0.199884116649628 0.208768397569656 0.216217920184135 0.224087193608284 0.23282778263092 0.242212995886803
-9999 -9999 -9999 -9999 -9999 -9999 -9999 -9999 -9999 -9999 -9999 -9999 -9999 -9999 -9999 -9999 -9999 -9999 -9999 -9999 -9999 -9999 -9999 -9999 -9999 0.0708025321364403 0.0717383250594139 0.0518073923885822 0.0472740270197392 0.0978386700153351 0.17221999168396 0.203144684433937 0.200987547636032 0.198064044117928 0.154515370726585 0.122823037207127 0.117713250219822 0.12087994068861 0.112217426300049 0.116399586200714 0.120974592864513 0.120523259043694 0.120868697762489 0.125286594033241 0.131252720952034 0.138745293021202 0.148728132247925 0.159832432866096 0.169394105672836 0.177301213145256 0.184137359261513 0.191668003797531 0.197631359100342 0.204445406794548 0.21122170984745 0.218289539217949
-9999 -9999 -9999 -9999 -9999 -9999 -9999 -9999 -9999 -9999 -9999 -9999 -9999 -9999 -9999 -9999 -9999 -9999 -9999 -9999 -9999 -9999 -9999 -9999 -9999 0.0659419149160385 0.0660466477274895 0.0496820695698261 0.0446503795683384 0.0921981036663055 0.16448450088501 0.173530727624893 0.15401266515255 0.143930807709694 0.116462402045727 0.0951381102204323 0.0962401852011681 0.104290559887886 0.101857550442219 0.108995541930199 0.115684166550636 0.112223319709301 0.113302014768124 0.116965375840664 0.121612370014191 0.127409234642982 0.137405425310135 0.14836947619915 0.156660482287407 0.162412166595459 0.168448731303215 0.17388342320919 0.179354399442673 0.184823587536812 0.188176810741425 0.19593109190464
-9999 -9999 -9999 -9999 -9999 -9999 -9999 -9999 -9999 -9999 -9999 -9999 -9999 -9999 -9999 -9999 -9999 -9999 -9999 -9999 -9999 -9999 -9999 -9999 -9999 0.0641362741589546 0.0616726242005825 0.049816120415926 0.0419611297547817 0.084108367562294 0.140362694859505 0.147938743233681 0.129401758313179 0.119200080633163 0.101424917578697 0.0864914581179619 0.0873638913035393 0.0942095741629601 0.0929799675941467 0.0991769358515739 0.104552805423737 0.101540461182594 0.102834887802601 0.105990260839462 0.112866461277008 0.120537906885147 0.128762513399124 0.136416882276535 0.143492221832275 0.149734333157539 0.154829517006874 0.159482568502426 0.163172900676727 0.167794644832611 0.171411469578743 0.176278188824654
-9999 -9999 -9999 -9999 -9999 -9999 -9999 -9999 -9999 -9999 -9999 -9999 -9999 -9999 -9999 -9999 -9999 -9999 -9999 -9999 -9999 -9999 -9999 -9999 -9999 0.0637647286057472 0.0601576939225197 0.0473095513880253 0.0378935039043427 0.0741890594363213 0.123226247727871 0.126126632094383 0.107637599110603 0.0984584912657738 0.0933385640382767 0.0852624550461769 0.0845983624458313 0.0834155380725861 0.0833363085985184 0.0900880694389343 0.0948946103453636 0.0931583344936371 0.0960512235760689 0.0980024710297585 0.103869408369064 0.112291947007179 0.118554294109344 0.12529245018959 0.131052285432816 0.136068880558014 0.141643434762955 0.145001336932182 0.14840242266655 0.152063429355621 0.154047101736069 0.158195197582245
-9999 -9999 -9999 -9999 -9999 -9999 -9999 -9999 -9999 -9999 -9999 -9999 -9999 -9999 -9999 -9999 -9999 -9999 -9999 -9999 -9999 -9999 -9999 -9999 -9999 0.0622656941413879 0.0583572871983051 0.0456645376980305 0.0368170216679573 0.0653113797307014 0.104100823402405 0.108707681298256 0.093570314347744 0.0833955332636833 0.0826883167028427 0.0815058425068855 0.0793243572115898 0.0751328244805336 0.0748562440276146 0.082227535545826 0.0871631354093552 0.0897505208849907 0.0916647613048553 0.0935571566224098 0.0972805321216583 0.104522287845612 0.110713973641396 0.115390978753567 0.120897151529789 0.12599179148674 0.13015228509903 0.134079068899155 0.13658045232296 0.139324471354485 0.14157834649086 0.142731472849846
-9999 -9999 -9999 -9999 -9999 -9999 -9999 -9999 -9999 -9999 -9999 -9999 -9999 -9999 -9999 -9999 -9999 -9999 -9999 -9999 -9999 -9999 -9999 -9999 -9999 0.0609544664621353 0.0571900345385075 0.0445486344397068 0.0366044417023659 0.0562057755887508 0.087666854262352 0.0934163704514503 0.0829669386148453 0.078054279088974 0.0761451870203018 0.0738412588834763 0.0718064978718758 0.0712247341871262 0.0722270756959915 0.0776664391160011 0.081600047647953 0.0845933929085732 0.0875186249613762 0.0897858440876007 0.0926295220851898 0.0952598974108696 0.101087503135204 0.107122369110584 0.112335152924061 0.116400107741356 0.119907505810261 0.123525455594063 0.126017645001411 0.128054082393646 0.128079414367676 0.129217728972435
-9999 -9999 -9999 -9999 -9999 -9999 -9999 -9999 -9999 -9999 -9999 -9999 -9999 -9999 -9999 -9999 -9999 -9999 -9999 -9999 -9999 -9999 -9999 -9999 -9999 0.0592554695904255 0.0539618916809559 0.0443022437393665 0.0365647971630096 0.0481973551213741 0.0742448195815086 0.0804755464196205 0.0732844993472099 0.0726855620741844 0.0722302347421646 0.0707360133528709 0.0694321021437645 0.0683147311210632 0.0694849118590355 0.0758822113275528 0.0800513699650764 0.080905556678772 0.0836935639381409 0.0853947773575783 0.0886151045560837 0.0904912948608398 0.0928425267338753 0.0987389609217644 0.104673616588116 0.109914340078831 0.114107631146908 0.116143584251404 0.115932516753674 0.116958953440189 0.118319526314735 0.120541118085384
-9999 -9999 -9999 -9999 -9999 -9999 -9999 -9999 -9999 -9999 -9999 -9999 -9999 -9999 -9999 -9999 -9999 -9999 -9999 -9999 -9999 -9999 -9999 -9999 0.0512081161141396 0.0659606978297234 0.0548006668686867 0.0408632382750511 0.0362978391349316 0.0409277454018593 0.06156200543046 0.0680742338299751 0.0659398585557938 0.0673722773790359 0.0672681108117104 0.0663412734866142 0.0657831057906151 0.0655251815915108 0.0662572160363197 0.0709877982735634 0.0769660398364067 0.077511191368103 0.0792961791157722 0.0810145512223244 0.083552747964859 0.0860288962721825 0.0873241946101189 0.0897817015647888 0.0952475517988205 0.100431755185127 0.105117700994015 0.106371909379959 0.107813090085983 0.10911700874567 0.110472969710827 0.113989055156708
