data/03_saidas_enm/CCSM_Maha_0k_B.balansae3.asc
NCOLS 154 
NROWS 168 
XLLCORNER -112 
YLLCORNER -55.5 
CELLSIZE 0.5 
NODATA_value -9999 
[rows 50 to 74 of 168, columns 56 to 111 of 154]
-9999 -9999 -9999 -9999 -9999 -9999 -9999 -9999 -9999 -9999 -9999 -9999 -9999 -1269.94922174164 -776.577344589173 -413.9403307198 -210.763443309791 -109.860874389586 -76.6119217570526 -62.9017930688772 -71.3289008373111 -71.3240614290771 -80.0943836706618 -95.8630904778342 -131.785941722289 -170.386820249252 -214.846656230375 -288.663443359132 -360.921441901294 -444.028957920097 -504.753480001489 -441.293366935037 -348.33225218042 -236.693194605712 -126.341885989122 -54.3939018324041 -27.4769476193998 -17.4209935979802 -13.6601240164766 -10.78955330243 -5.24037638084858 -7.15611911154352 -6.92334293426689 -8.57318159140596 -10.4260229853288 -8.7611752135756 -11.2422474514781 -13.1571317303685 -16.1312214447136 -21.1412203246596 -21.8538831819406 -24.7557607197921 -24.5555508324289 -25.3306853660666 -24.0770218179132 -18.6870000415828
-9999 -9999 -9999 -9999 -9999 -9999 -9999 -9999 -9999 -9999 -9999 -9999 -9999 -619.868609128263 -446.543000905553 -316.493462153072 -182.645941001856 -109.196229202695 -79.6261209626871 -74.2480738530623 -75.6915696886374 -85.7228524876911 -96.7136365097542 -114.479426614186 -146.939132554595 -189.300249403303 -249.433985563432 -327.378998972451 -417.635495208041 -517.03397037296 -570.186292851489 -526.582957738704 -423.225505116591 -290.923296159598 -165.493131312099 -86.5414220723137 -37.8336775026715 -17.4866807266104 -12.478560447784 -9.79630121843004 -7.4943394181214 -8.16168196115239 -8.51922180900641 -10.4950249227759 -11.0911536068538 -9.9073610747538 -11.8585012055873 -13.9331463136387 -17.0916802915503 -19.7251144709474 -19.1712169922577 -20.3016392259972 -21.8458630252677 -24.1043791802855 -20.5807304753262 -15.1528792988644
-9999 -9999 -9999 -9999 -9999 -9999 -9999 -9999 -9999 -9999 -9999 -567.348217381598 -415.103019744458 -315.64367710679 -238.992328548197 -223.334667512988 -167.414627484326 -113.503570513599 -97.2248489186388 -96.8924193736621 -104.115256229034 -121.383442708967 -142.395524477468 -171.9684005495 -220.54210376668 -274.269264400298 -348.827491908258 -436.307240481944 -530.348287669096 -630.968574983352 -681.623130785853 -601.006741398541 -474.503472937526 -328.963224815507 -191.140523314676 -107.106243269159 -56.8897252854926 -25.4895950561067 -15.7910488656736 -13.3160297101013 -11.761309812973 -11.8720946488009 -11.397033275887 -12.383195452775 -15.0543765787112 -15.4839806301686 -17.8527310615248 -19.0160097040221 -19.4226709331436 -18.8759880139762 -19.5596271121726 -20.6518105853545 -22.6563148612204 -25.3485801232684 -18.5078590290864 -13.1412739504582
-9999 -9999 -9999 -9999 -9999 -9999 -9999 -9999 -9999 -9999 -507.000408433991 -346.789434137911 -225.829210850843 -189.630391638846 -199.567000171257 -211.326605380159 -191.405584821141 -147.156593680574 -126.436787827267 -127.911608184304 -140.03959042202 -170.354606875566 -206.586730832827 -248.828939577805 -303.908946218981 -372.046209690001 -456.835172097622 -552.832290362117 -648.211451150409 -724.731264043048 -743.533656269767 -643.317752937336 -492.882315819211 -337.37784250313 -203.412440709211 -116.360382375935 -66.5942470955105 -37.0564773322293 -23.2538056518087 -17.690736888187 -16.7092329579116 -16.0084880591025 -15.4874992403131 -16.0072516827449 -18.6318225432287 -19.9938594869537 -21.9118541125416 -23.0764873986349 -24.2939350023065 -24.8008426213109 -25.1332573668921 -26.8356749046475 -28.3140258731987 -30.745053294429 -19.3221546221354 -13.6306117416816
-9999 -9999 -9999 -9999 -9999 -9999 -9999 -9999 -9999 -9999 -285.380028113127 -177.956577315321 -129.200030631328 -129.752445106924 -155.533606308904 -217.390303105036 -239.651932099753 -188.937932751814 -169.801332381906 -183.085872717175 -199.45729202189 -239.90615129957 -285.88598273276 -336.867467534697 -406.653384360276 -482.316810118441 -573.670476005951 -672.357210988814 -698.717993050264 -684.218518584658 -725.349148938579 -655.607099998659 -506.148435428281 -349.016408895248 -213.720133117689 -126.297746699868 -83.6772060141921 -51.7698901958073 -36.9114721712981 -27.4918626376264 -22.4089659381538 -21.183525822811 -20.5980005709848 -21.1170963493872 -23.4747987989063 -26.1291469950984 -29.4971414988157 -31.3789802826983 -33.5158270745158 -37.0581222103664 -37.8821554033234 -40.4353435961136 -41.4419089119416 -40.4642130119802 -22.4437205720212 -14.4908666403786
-9999 -9999 -9999 -9999 -9999 -9999 -9999 -9999 -387.047700750772 -238.326424681057 -144.028070627585 -107.777748918095 -92.0516722930026 -101.098836971955 -143.239929729508 -194.729389746851 -239.613852237526 -238.631487056281 -227.326773910756 -259.510783441333 -302.715172880508 -337.12126077146 -374.499227809632 -429.968133290812 -511.067512603612 -532.381661840992 -551.681723212655 -546.786357907237 -555.108362163905 -571.02758067918 -566.199286423615 -544.972339856279 -504.546191542715 -363.256323791285 -236.083419161698 -149.075052793911 -101.739824889395 -74.8299492547816 -57.5041872140566 -47.4954745898742 -41.9983916148733 -37.2442868263051 -35.5897069034618 -35.4055230698452 -38.385474374519 -43.2256694144312 -50.4450418827996 -59.0865091437986 -64.9688524320311 -67.3505866099532 -69.1344277995431 -67.7939038547273 -67.6574463220032 -60.6854795670847 -30.570386715196 -15.805472892067
-9999 -9999 -9999 -9999 -9999 -9999 -9999 -9999 -283.684442287169 -149.219329325868 -71.7679061137839 -69.163820178744 -74.8081583673712 -95.1125552754309 -131.350193661719 -175.826576763208 -201.568707185778 -237.530082408966 -253.74383293276 -294.8209371793 -341.383519379666 -363.666905914835 -387.349158446829 -392.5751587833 -407.121200479058 -419.819963756543 -426.488731927073 -440.360311119168 -441.406414647234 -434.469453091703 -427.290992897428 -417.01501786232 -406.982218416887 -387.384137900158 -264.461910621298 -180.886081249663 -133.111148746046 -100.019457774326 -84.1213574154961 -75.9435595569901 -72.4278704438301 -72.5394183067114 -72.6317343471108 -75.3413621308689 -82.8762322178803 -89.0687138551617 -101.40529910281 -111.278458671105 -119.862161080915 -126.872792073026 -123.70688254196 -116.642673881057 -105.825622912785 -80.9359925755852 -40.4391424900955 -19.4287953331468
-9999 -9999 -9999 -9999 -9999 -9999 -9999 -321.335170589441 -211.109494244883 -108.368902587905 -57.9209503271303 -60.907665634984 -69.2695252673294 -82.3938626882804 -111.289309812914 -155.01443975619 -171.503299253992 -192.443424559284 -205.55529428056 -249.032657682124 -286.79236813499 -298.038108195319 -311.540306790012 -316.410688139347 -328.151660771147 -343.00392332329 -343.181789169938 -339.890753417322 -341.431868369608 -342.445404203972 -343.220835083732 -337.456408732638 -330.29907409356 -318.814437080467 -303.366115242729 -228.460413232497 -176.309168582619 -140.53122018647 -124.294991546603 -121.361738227806 -120.353940836924 -127.355225223819 -134.620774997369 -140.152547846913 -149.245048498278 -160.442696520529 -177.26225426035 -190.520336073442 -200.965060454952 -203.646681857907 -194.821205487109 -180.710704120402 -151.007445565014 -102.706804512819 -51.0003140513667 -23.2946836980163
-9999 -9999 -9999 -9999 -9999 -9999 -9999 -251.116587484826 -151.907720183193 -70.2337485742901 -47.9147908471683 -58.2407253986143 -66.6672541237837 -72.7948998774881 -92.4090206673639 -121.681844382706 -136.985489006959 -154.861091562812 -165.946519488453 -191.600200765923 -219.15495518905 -234.312595985303 -249.643667469748 -248.814910544882 -247.175338674617 -256.097257082173 -256.274172352123 -264.926672550666 -262.941660909312 -252.7809715771 -254.500332185937 -254.20670652826 -263.334707972971 -266.509028388943 -267.918617666333 -281.04620627531 -238.833238637772 -207.759947294385 -196.976193793004 -201.675249390027 -205.797719138629 -222.346270267513 -232.866994024991 -244.729517168424 -266.372786853948 -282.945233646534 -303.528432576769 -299.692907613595 -288.817825016847 -261.972319187756 -242.259955330841 -213.674320894198 -186.07429235401 -127.320216754557 -70.3392863338069 -34.02648579957
-9999 -9999 -9999 -9999 -9999 -9999 -283.82544348688 -179.735985283084 -98.9683765517497 -49.9033540094371 -45.6092492667436 -54.8000587449634 -61.5742966659032 -68.1842818831127 -79.1779583103846 -101.454936693797 -106.540117212069 -116.250000800546 -126.885288012608 -148.717100253362 -175.005914862884 -183.727830434861 -187.89040895161 -187.326567673011 -194.02783901613 -197.588582725594 -201.697722730846 -199.83859233348 -197.147861496707 -202.393516898559 -200.59933740398 -205.471286444402 -207.944745826664 -211.254445585154 -225.337391331102 -237.070817763592 -253.599662242904 -265.329945549229 -280.853177782646 -292.797552180938 -298.637374336679 -300.553015009342 -291.232930691888 -276.22828473373 -272.005892228083 -259.290377880322 -255.351848900786 -243.017270899684 -232.789947348348 -221.358275810965 -203.613329108104 -183.542632964365 -158.970235905982 -137.387288533386 -88.3547817026307 -49.4972721974689
-9999 -9999 -9999 -9999 -9999 -9999 -227.349543523206 -134.353259211954 -72.6674273630152 -36.3736535185737 -35.3790993795348 -46.1357442593962 -53.6163844508821 -58.1809105605043 -64.9547065487112 -78.5241297169823 -87.408118183821 -93.6434213715489 -100.138556723906 -115.53847258247 -132.587514050797 -139.376764479922 -144.339301495539 -145.16038566991 -147.846447285879 -153.330647731533 -151.209761261169 -148.300421668985 -146.713129278544 -148.022190853596 -152.274389243253 -155.367139414891 -161.827661185716 -167.029254274892 -174.62179531425 -188.284045909591 -198.439038813813 -211.510784084159 -218.185723447466 -220.910335793279 -226.898080871949 -221.084776313498 -215.354077304855 -209.781025948216 -202.430663906397 -198.528867322319 -190.258021702153 -185.67727575428 -179.111166322881 -167.337143565685 -156.717435512434 -140.636055781455 -127.052404460439 -116.50899722764 -106.777252857273 -73.8519651331497
-9999 -9999 -9999 -9999 -9999 -9999 -199.25002927795 -119.514681564889 -58.7020201326697 -30.1864754612847 -23.8348790781039 -34.9134912401107 -44.5076371599417 -50.3683231454851 -55.0884048001447 -68.3170394117865 -72.0750354071553 -79.0827366891452 -85.5294310175572 -98.8117272274255 -110.358055942399 -114.761396906089 -116.596659379541 -116.814300297809 -120.866772033237 -121.856748719709 -121.777839328144 -117.127529107004 -113.19159202925 -118.613082447676 -119.880250121573 -125.900490713716 -129.232728156926 -134.456925406665 -143.44151911285 -150.027582329431 -160.055798557488 -165.841115240926 -170.575018133506 -174.155345387689 -171.432646788277 -169.506787137148 -163.517153041237 -160.306349428621 -158.156154914479 -151.453240492381 -148.511597462609 -140.632459662637 -134.781268385216 -129.486107590041 -119.548298870995 -113.499711898064 -104.436054365757 -96.1390746508728 -94.6590236761981 -92.2312812890577
-9999 -9999 -9999 -9999 -9999 -9999 -9999 -105.357098628983 -51.6319612307099 -26.484056196251 -17.8303430358108 -27.1697315734274 -36.4213021643234 -40.8006279980357 -44.344716249569 -51.8917527926626 -57.26319552116 -64.6307200399535 -70.8993773884389 -78.8532557202643 -85.4882601969176 -88.2495509108016 -90.3989829402971 -90.8094717148192 -91.0074808054735 -91.9728315191028 -90.0100335433212 -88.5294713586784 -86.3366518732119 -86.9047801180665 -91.3999980983507 -94.5564571287113 -99.5659655774746 -103.008030536434 -106.714721885194 -113.263866973959 -117.801005184963 -123.045867337793 -124.950865106049 -123.085580945815 -121.992084407707 -118.713888172065 -117.016347099235 -113.640183774459 -108.464292880872 -106.113917140566 -100.676699894678 -97.8768786678887 -94.2282546468094 -89.0047766323495 -85.1536074127401 -80.4617078808531 -78.0808334387238 -75.2149759292784 -73.393596947354 -75.1660899568018
-9999 -9999 -9999 -9999 -9999 -9999 -9999 -9999 -45.9841925355841 -22.4619876871398 -13.8827967996374 -22.4588228603947 -30.7367167725703 -35.2149709601808 -37.711497051505 -42.6502698912139 -46.3684888150571 -53.1616639973285 -58.6808309727098 -64.4348693985549 -70.5333148568146 -71.621024575725 -72.0528032087054 -72.0364998686536 -72.1987968011832 -71.2943610426585 -70.5451055160685 -68.9458200833429 -65.2447001526795 -64.63015974458 -67.6818789331526 -72.2845419122731 -76.1848049788025 -80.4421276664319 -85.3778859389966 -87.9063587909069 -90.9458913172375 -92.2829303263403 -93.1578265143437 -93.6082410391052 -91.1972485411687 -89.9417580897269 -85.7117397079449 -86.4283517774308 -87.9940689715686 -89.3587811645994 -89.974768665255 -89.6228538796035 -88.117388955822 -84.2746423026574 -80.0897699320082 -73.5840860898062 -67.9237205987438 -62.6300683130315 -59.6514067469418 -59.6040561274581
-9999 -9999 -9999 -9999 -9999 -9999 -94.9025452489242 -57.8922591591242 -32.6770731058528 -17.6180323148195 -15.8864487665695 -22.1500664224478 -27.2049811877242 -29.433049673301 -29.7614984094614 -32.2657298066231 -36.2368785301023 -42.2132013107877 -46.8233168533641 -49.1831705730294 -52.2949793333537 -54.7016129194275 -56.1620095477125 -55.7901859668882 -54.5804691695769 -53.9853718812157 -52.0598223849285 -49.4301634191562 -46.9311000267247 -45.4142446085536 -46.4873145282576 -49.5642725119877 -53.5339053911906 -56.7167307883488 -60.3371360781282 -64.7999762316503 -66.618415584589 -67.7123429693104 -67.533446720494 -68.3625961267194 -71.230958684117 -72.6447453449809 -75.2837969788823 -77.489226679813 -78.2422414931661 -80.1181185993818 -79.5424586174344 -79.4245994237765 -77.5872340075181 -73.0638131886304 -69.281831542256 -63.1225494256708 -58.3758043972658 -54.293054803666 -51.3724237662027 -51.291073380968
-9999 -9999 -9999 -9999 -9999 -95.2403804391807 -53.1840959737671 -35.5846971797371 -25.1324320554017 -15.4890844126877 -21.2765004809469 -23.3480089033372 -25.2391274599652 -25.8993378690448 -25.9462540769965 -25.3323660257627 -28.1843288898163 -32.533080400596 -35.7412380851674 -37.3681823911214 -37.8205902558368 -39.7301411700275 -40.9863052302345 -41.185344693632 -39.8507323722374 -37.8022167765318 -36.1376109339976 -34.1229087760471 -32.6771388308545 -32.6355680856936 -32.6587912576246 -33.8595132809873 -35.9109006671202 -38.3670028114536 -42.2903985307189 -46.1345452318184 -51.336095339579 -53.3782860824192 -55.4426934002273 -58.4628604400506 -62.3830927524305 -64.6746753622523 -67.2702016633709 -69.5874883557287 -70.4400322531937 -72.0998502124589 -70.8070327072264 -69.0368426436653 -66.9815609520017 -63.6963611720994 -60.1511578984813 -55.3150765080537 -50.2721780948153 -47.3581952804994 -46.372560360993 -46.6979994248192
-9999 -9999 -9999 -9999 -9999 -57.062281359542 -31.9895221984273 -28.5586678168801 -17.1478680208994 -16.9558432788293 -23.3410426633037 -27.4336600782202 -26.3536966406604 -24.0240630115162 -21.8033986699975 -20.011070777808 -21.3626714654186 -24.2187921473182 -26.1668044102096 -25.7952694603535 -25.9959599135705 -26.8114389567545 -27.4262543923631 -27.5195897263575 -26.1559947862729 -25.0059488689981 -23.6388545293838 -22.7102879556432 -22.1861452231356 -22.1672685041623 -23.0278449932079 -24.1666194220013 -26.3452539023075 -28.8089710143804 -32.1822093581493 -36.9921833358424 -41.6316282957676 -43.3487271007032 -45.4250742146497 -47.9058491551033 -51.7889622699182 -54.197507017503 -57.2738694036188 -59.3894211877688 -59.5765738000688 -60.2699692639182 -58.7108539532883 -57.5341490284964 -55.8258038465355 -52.9436400449166 -50.8356017473752 -47.2700195415131 -44.7924666528234 -43.0178497112214 -42.0131526030994 -42.8231265499236
-9999 -9999 -9999 -9999 -9999 -9999 -22.0625378108097 -22.1024357642263 -15.5114550248026 -22.6617966139253 -32.1481139700806 -36.7192709009504 -34.0232040723918 -28.9620738467784 -24.4394187707976 -20.6134990594233 -18.9184347152961 -19.3577599338853 -19.0084144640988 -18.1730427214344 -18.2367541861186 -18.1187605092807 -17.8011345638009 -17.2273524842956 -16.4354066865366 -15.8042629000891 -14.9481482322342 -14.2438028513682 -14.0037209689967 -14.3535835332296 -15.3022572994534 -16.3761242657135 -18.2510784359451 -20.3445345683923 -23.4497739004916 -28.136432283243 -32.2199107848787 -33.9317279624753 -35.552916680147 -37.6074686920174 -41.5095945257405 -43.0214368887469 -45.7050859404948 -47.4598947388725 -47.3772874201779 -48.375156863519 -46.362088995813 -45.3390729008281 -44.0203051169188 -42.1203607318669 -41.8842608670965 -39.6427382868804 -39.0617239707774 -38.6523329361141 -38.1849604679546 -39.5112561558103
-9999 -9999 -9999 -9999 -9999 -9999 -19.994530439896 -18.5023057376583 -13.661863025467 -31.1995683777003 -48.4620604842796 -51.991646131582 -46.9778504539249 -38.7349072243619 -30.7232751705504 -25.3175361122051 -21.5251206604716 -19.2966295798916 -16.8191284647959 -15.1721833889312 -14.4608247949666 -13.6885017278243 -12.3837630874688 -11.5695641908467 -11.0651794499872 -10.7542998190636 -9.92061702836225 -9.11540115300352 -8.9872597177217 -9.39102233886726 -10.2745980020408 -10.9019752396565 -11.9933251490868 -13.6276397199474 -16.0743322733454 -19.7126671394066 -23.2722495219966 -26.7767952467122 -27.5286845065077 -28.9384010891999 -31.2012216356881 -32.7799212484417 -34.6286625373593 -35.9179030724795 -36.0757302053916 -36.2803507711915 -35.2803069692183 -34.3652447935991 -33.5440694056495 -32.5120338154847 -32.2889883232947 -32.4217532101347 -33.4652783734391 -34.4054410934861 -35.4254317417 -37.5861258290185
-9999 -9999 -9999 -9999 -9999 -9999 -26.0584375221344 -16.7936167143101 -13.9507671962146 -33.2703916847488 -62.8878256904929 -68.7042433851722 -62.4062436639755 -51.6335066057522 -39.5149687824421 -31.6137515054345 -24.5484101210995 -20.8236532109993 -16.8103080472619 -13.7916493277055 -12.7121901800541 -11.3586363797016 -10.4335252558427 -9.38653782954643 -8.45320667525452 -8.20364378934961 -7.35014322943574 -6.6513215025318 -6.29122971971319 -6.23893960674499 -6.75905880453383 -6.64857910428705 -7.11866835845323 -7.93986934803321 -9.38954231527877 -12.3354399587073 -14.472958082791 -18.3020737311382 -21.3355312772601 -21.3127946547542 -23.0048012158022 -23.3335781170005 -24.9269564669445 -25.8645125857904 -25.555512641891 -26.4305497633718 -25.4869049219379 -25.3799240707104 -25.1166461239641 -24.3881840951989 -25.0154448286502 -25.8989490644967 -28.13903882608 -30.0600700807969 -31.8268668584174 -35.3089548921577
-9999 -9999 -9999 -9999 -9999 -9999 -9999 -9999 -22.068548174975 -29.3743247512298 -61.3867597063634 -74.2317980068953 -72.9137673304451 -62.9567911972598 -48.2051792464995 -37.0219275506205 -27.4578421219919 -20.2613092642239 -16.0743557594359 -13.8277937831462 -11.7399498855871 -11.0444592446333 -11.042575737107 -10.2226046271361 -8.84589716782112 -7.88173753743254 -7.25662159899396 -6.73219394227799 -6.16530958483059 -5.49763475159914 -5.02153922760803 -4.55819174169583 -4.12514329829973 -4.15608521812938 -4.93780021487021 -6.45407080637635 -8.05258475105292 -10.2696606788293 -13.2846985995716 -16.9515322796779 -17.4716045752458 -17.6767800126393 -18.1498327112077 -18.6355015782631 -18.9561579813112 -19.3120758567689 -19.3156201586014 -19.3329384971748 -19.620346840667 -20.025900647259 -20.7993629535856 -22.0556850574733 -24.0042357458713 -26.2745680818786 -28.880568532753 -32.2138641959654
-9999 -9999 -9999 -9999 -9999 -9999 -9999 -9999 -30.5222235482061 -28.9651948473169 -51.4241030457105 -68.5303292024267 -76.5829601695429 -69.0089800498413 -53.1575289638127 -40.5753166364197 -27.6966773249002 -18.4536679201588 -14.6540570384448 -12.9770856844237 -11.567488724263 -11.6481946251637 -12.8766731368733 -12.4293770505918 -10.5227430645153 -9.24696959595188 -8.78430034504228 -8.59068564953765 -7.90819049993379 -6.69109260560707 -5.47951510694206 -4.5398628442351 -3.52116943584739 -2.79380901495294 -2.58287463474711 -2.94458656538865 -3.4824113059282 -4.59713896886786 -6.30046036700253 -8.55420154494545 -11.7452884406917 -14.1208680222899 -14.3214026297014 -14.2801124520447 -14.1344209801902 -14.6277884698824 -14.7287424349335 -15.2531214204254 -15.9959501122151 -16.7160262525033 -17.9730217383542 -19.0469702327746 -20.8695832080908 -23.0911984420652 -25.7216313654399 -29.3273395758914
-9999 -9999 -9999 -9999 -9999 -9999 -9999 -9999 -9999 -29.3566806675256 -31.4716862676513 -55.2738506393384 -73.0343699421223 -69.2774273299688 -53.4176709210107 -39.1605628157353 -26.7111639042242 -16.6223774418191 -13.0790198010716 -12.9138205705527 -11.8416322754909 -12.953917055062 -14.532951682272 -14.3541429598882 -12.6889892625048 -11.3164917886896 -11.0129998280784 -11.100019164685 -10.4154653959922 -9.02793257377865 -7.61129403917389 -6.23068258727979 -4.97118753860677 -3.62522185119786 -2.55085143705994 -1.92604829664959 -1.60839722491239 -1.66813302277432 -2.2651957163254 -3.46733177096585 -5.18702240423464 -7.0034875478707 -8.97074241708874 -11.2906377019566 -12.4025994591437 -12.2533463898705 -12.5767247396076 -13.1563968266028 -14.1417201205469 -15.4880330718011 -16.8251577521736 -17.8071811548539 -18.9371611169232 -20.8032846002136 -23.5936087094632 -26.8894042733722
-9999 -9999 -9999 -9999 -9999 -9999 -9999 -9999 -9999 -9999 -31.9546048539845 -54.7621022319139 -69.9029006427408 -67.0123319667876 -51.3425939496447 -35.5696098762946 -22.8395408898266 -13.7436721359768 -11.1119034455603 -12.0142579662877 -12.6027520392398 -14.112170866234 -15.9149544981099 -16.0908437300957 -14.778673928907 -13.6550955290557 -13.5192003234387 -13.7309565485617 -13.1834147258201 -12.0624099579289 -10.6526046209918 -9.13063677330613 -7.62959387123136 -6.02367148322732 -4.53679102333225 -3.22754708219774 -2.15783612907888 -1.36422552411668 -1.01930058691433 -1.16035662523606 -1.72636903005237 -2.59537367852598 -3.83657017992103 -5.56075294737364 -7.89372329506017 -10.1560969306682 -11.5270298443049 -12.5118563518603 -13.5526408078957 -14.7581817280319 -16.0890177440569 -16.8512757718597 -17.7746873550939 -19.241066030064 -21.2933128947031 -23.923674857255
-9999 -9999 -9999 -9999 -9999 -9999 -9999 -9999 -9999 -9999 -9999 -59.4582914210693 -66.8535950054161 -65.4633864831803 -50.6215586061255 -32.5079699145007 -20.7059954997343 -11.2725842968255 -8.64858543588467 -11.1807647110478 -13.7621233185535 -15.3044965797681 -16.7171158008594 -17.0065803422706 -16.5181429878899 -16.0900948189552 -15.9554776325562 -16.0574438629655 -15.6255640562829 -14.9098538506086 -13.8747458360062 -12.2593815273228 -10.8890636477345 -9.1367732947114 -7.44917902623346 -5.92115959555186 -4.29438385175533 -3.09590431453704 -2.00232131289843 -1.25735434944373 -0.965722696169713 -1.00729562673925 -1.40693755516547 -2.3394289524926 -4.08614113242942 -5.77079089786224 -7.04464381899763 -8.1779098473039 -9.50189376705678 -11.3739837680813 -13.6368314807776 -15.9737733718488 -16.6744795194876 -17.6214969425517 -18.9787397925327 -20.6485487897263
