data/03_saidas_enm/CCSM_Gower_0k_B.balansae1.asc
NCOLS 154 
NROWS 168 
XLLCORNER -112 
YLLCORNER -55.5 
CELLSIZE 0.5 
NODATA_value -9999 
[rows 56 to 83 of 168, columns 63 to 125 of 154]
-9999 0 0 0 0 0 0 0 0 0 0 0 0 0 0 0 0 0 0 0 0 0 0 0 0 0 0 0 0 0 0 0 0.0227089307078053 0.0615805246525303 0.0593410046554462 0.0538778461419691 0.0156499184341683 0 0 0 0 0 0 0 0 0 0 0 0.173721660829748 0.338206243505401 0.469578679071409 0.441197054417231 0.388484691322624 0.324198999299759 0.253781846931927 0.194926382248376 0.152694130859842 0.135908594676923 0.124374763383015 0 0 0 -9999
0 0 0 0.0850022146784963 0 0 0 0 0 0 0 0 0 0 0 0 0 0 0 0 0 0 0 0 0 0 0 0 0 0 0 0 0 0 0 0 0 0 0 0 0 0 0 0 0 0 0 0 0.0988739269411903 0.277287494546855 0.42686951883238 0.415725950260045 0.357045696427941 0.298390501659176 0.244915364364183 0.197543340127955 0.163255871529704 0.143235129232873 0.127657882488369 0.106214440781795 0 0 0
0 0 0.0620667980504985 0.071646066883727 0 0 0 0 0 0 0 0 0 0 0 0 0 0 0 0 0 0 0 0 0 0 0 0 0 0 0 0 0 0 0 0 0 0 0 0 0 0 0 0 0 0 0 0 0 0.192448189464262 0.351053779831796 0.366585127051113 0.3176459295645 0.271239661058506 0.233552871299061 0.203329677328197 0.177535314370729 0.161159419070238 0.148513132112795 0.142680183184662 0.110028861839467 0.0375919120958995 0
0 0.0701131480446837 0.164428660628388 0.109765680469241 0.0292627498931936 0 0 0 0 0 0 0 0 0 0 0 0 0 0 0 0 0 0 0 0 0 0 0 0 0 0 0 0 0 0 0 0 0 0 0 0 0 0 0 0 0 0 0 0 0.0816378014748993 0.249557828707384 0.305268466514151 0.277007141625265 0.242345859748204 0.223429181133808 0.210383289386469 0.196648335733268 0.186996980860777 0.0539777977336757 0 0 0 0
0 0.133597326441599 0.183874540531892 0.192524310187652 0.101124637741875 0.0415804643973522 0.0551323775653551 0 0 0 0 0 0 0 0 0 0 0 0 0 0 0 0 0 0 0 0 0 0 0 0 0 0 0 0 0 0 0 0 0 0 0 0 0 0 0 0 0 0 0 0.0973758672943453 0.179092593578 0.229539640528528 0.236260574779279 0.224503868986396 0.217030455281208 0.208535930142615 0 0 0 0 0 0
0 0.143726639116203 0.214999658191051 0.272894992966424 0.203076216796733 0.129650133164363 0.11525330985071 0 0 0 0 0 0 0 0 0 0 0 0 0 0 0 0 0 0 0 0 0 0 0 0 0 0 0 0 0 0 0 0 0 0 0 0 0 0 0 0 0 0 0 0 0 0.0550093518747615 0.0725802742699095 0.0677541695800007 0.0338095196288607 0.0127905716904166 0 0 0 0 0 0
0 0.0878558806054348 0.242101580632627 0.29640834221621 0.276582914123878 0.228212766200601 0.207015945125169 0.0573702444591001 0 0 0 0 0 0 0 0 0 0 0 0 0 0 0 0 0 0 0 0 0 0 0 0 0 0 0 0 0 0 0 0 0 0 0 0 0 0 0 0 0 0 0 0 0 0 0 0 0 0 0 0 0 0 0
-9999 0.0340288967264182 0.264962241019983 0.343483288763109 0.29871427473128 0.247015276470454 0.232051557153696 0.107203044611775 0.0230090124665444 0.0168004783580782 0 0 0.00248590852434671 0 0.00227222316642761 0.0153058119233499 0.0259757239218891 0.0260864818455987 0.0313536171052519 0.0170912505348557 0.0102137316067478 0.00103169961870331 0 0 0 0 0 0 0 0 0 0 0 0 0 0 0 0.0085026826454947 0.0441304528120035 0.0495758622159466 0.0386603805588029 0.0421916350469496 0.0700675571947041 0.0802961776071823 0.069102057839318 0.0677084047191434 0.065932362695038 0.0424937935010031 0.0371432200254525 0 0 0 0 0 0 0 0 0 0 0 0 0 0
0 0.203334882382398 0.287174669567368 0.323941427036776 0.299993814193071 0.259754194691884 0.256483675246175 0.187323221091758 0.112989602341614 0.0920772360658132 0.0837131422087939 0.0886716691766966 0.105607451867932 0.116710998973909 0.13374222663161 0.145614814811955 0.15795705835144 0.172221948079564 0.173462123605533 0.172819066406681 0.162567998590969 0.153506556141229 0.138520913357322 0.114793660117043 0.0945599362646008 0.0677115369149436 0.0523428091835948 0.0420090862009349 0.0274602977257058 0.0300621953757757 0.0290586746435936 0.0381788457645857 0.0625840453847123 0.0801271260394149 0.112086746902231 0.138210216935038 0.0871449119924308 0.0208996742538544 0 0 0 0 0 0.0327974132317385 0.117226883889104 0.211283187833731 0.238892597601457 0.228497210964073 0.209711634638365 0.191531413154655 0.162439230541408 0.142954014479755 0.12643759800398 0.0973999678009184 0.0347057924953812 0 0 0 0 0 0 0 0
0.16064396286438 0.256366296598741 0.300621163480259 0.330895036601609 0.300176489777938 0.263261060999911 0.263726336743111 0.192278267842105 0.151486028833836 0.13825641682309 0.148287534889283 0.162380240853839 0.166684399915834 0.194787417694316 0.208941984525925 0.240210637194872 0.238591613109672 0.236404648809487 0.235600919871255 0.233042916243301 0.231886474754968 0.229392583680856 0.226065447582715 0.22275539154267 0.219395201791952 0.215459432784153 0.205245819470909 0.184759953856557 0.181216744363113 0.177701289604675 0.184607607333057 0.191865253023684 0.206005637968754 0.226821869034942 0.177708955239247 0.0735374304353354 0 0 0 0 0 0 0 0 0.0404857532390585 0.119839853918709 0.186921141686704 0.257029660246976 0.274702299989818 0.262072095714817 0.244045387864847 0.229229543929203 0.222584653297677 0.155311269540007 0.00904015691204185 0 0 0 0 0 0 0 0
0.187547204958619 0.262783411564986 0.3052208729946 0.316760509326501 0.291857628780937 0.267265306080044 0.271220866761002 0.264867096921794 0.218106290605886 0.192823443922204 0.186549046696496 0.198268070277197 0.232081278211621 0.252636231944816 0.260552032880151 0.255188910221646 0.251269286232268 0.249596188570491 0.248472411134868 0.247164804898777 0.245569486954119 0.243256744233402 0.240843344491473 0.237765926323029 0.234728356428813 0.231534260892693 0.229439008400812 0.228022470042368 0.228884763632359 0.23333600443001 0.24035516027619 0.250457017264988 0.26131222013743 0.247223494131885 0.153477017085715 0.0613335322917486 0 0 0 0 0 0 0 0 0.00885483988866564 0.0542264314067055 0.0972543416947345 0.136855624397398 0.158680564671266 0.162271661114878 0.141446853651543 0.0984285952918151 0.0338481221465683 0 0 0 0 0 0 0 0 0 0
0.220332205052123 0.273751613982376 0.291562966610772 0.319420759543119 0.289788105464164 0.269614001076335 0.275658471563366 0.289268067563889 0.246245960875592 0.241267602467984 0.228741232218353 0.247428712811892 0.280197153635737 0.284422162102634 0.278231576082101 0.269752542788455 0.265298481287778 0.263924409314657 0.262890161928093 0.261572285839551 0.260574193320492 0.258608849007715 0.256742852660603 0.25489853365 0.251409386343849 0.24921977276458 0.247717351011817 0.24650851613359 0.247903704419413 0.252856422579754 0.259638966635707 0.269083303723744 0.278792319376308 0.262303859947689 0.186345307644276 0.10004510024364 0.0386074879917143 0 0 0 0 0 0 0 0.000884084459262913 0.0157519148138825 0.0279648857700721 0.0422036034380426 0.0374480983642169 0.0176070154333047 0 0 0 0 0 0 0 0 0 0 0 0 0
0.263994724298357 0.269882949655386 0.266360000664917 0.282584715633656 0.272912033842906 0.229973890795185 0.272395463603061 0.28698959404733 0.264947165127025 0.256980865936983 0.259625877682206 0.279974645879696 0.289491043358829 0.298901906026435 0.295637900690475 0.288489740536879 0.283937063518284 0.280392047591442 0.278038989076659 0.278579971865695 0.279742288519998 0.278804194380204 0.275910558260244 0.271847966704276 0.270441199510455 0.268595992212158 0.267911854848596 0.268179338532154 0.269940984451329 0.274889120917253 0.281299347757879 0.289706570004343 0.297901101892313 0.308091943490358 0.265015665723094 0.191787643935989 0.134917903271721 0.0965449249646224 0.0638457361898923 0.0497790158842427 0.039428287974418 0.0340189612774932 0.0323545827612958 0.0260302532614509 0.0216258853392099 0.00792516615472838 0 0 0 0 0 0 0 0 0 0 0 0 0 0 0 0 0
0.0805617121847813 0.282798839719654 0.233560071104573 0.190842812811882 0.0725318510042858 0 0.00523451372424266 0.159752916066085 0.267104377978917 0.277824677982725 0.276766649420379 0.285119265349715 0.295064690200576 0.314609045366047 0.313953177368715 0.306920245271297 0.30313224370043 0.297358062015987 0.294268753259652 0.29672946600923 0.301884308579716 0.302063555685768 0.297360960638985 0.292567386231645 0.292110276501622 0.291924795797724 0.291334006561901 0.291213853963425 0.292929589434467 0.297192372985249 0.303722440744458 0.311192410386836 0.317116104915607 0.325723830836777 0.336139923492976 0.306228048297734 0.253337025517639 0.21836384243523 0.17834173565865 0.161706058116448 0.139048349468784 0.121587045979727 0.108076662821338 0.0838624842158799 0.0594355771106708 0.021511606508128 0 0 0 0 0 0 0 0 0 0 0 0 0 0 0 0 0
-9999 0 0.21914523451834 0.0737449275134637 0 0 0 0 0.207428681897545 0.292067171172519 0.290884127805379 0.302142161354602 0.302915532671325 0.331190010451666 0.332818475552868 0.32493365997386 0.322483294996707 0.315664892169147 0.312638729758988 0.316685300968493 0.325131826049374 0.327416408491823 0.322862796433551 0.319255195184338 0.320165830325622 0.322549371133871 0.322502494478071 0.319584173310643 0.318265237510467 0.322372679802935 0.327892904711146 0.333983379150278 0.33957055289935 0.345957341412076 0.353994817802324 0.361885711139232 0.370072451029894 0.338563359375523 0.299819167905974 0.268019924926015 0.238882683771428 0.210130554556045 0.17841007131102 0.143031121162844 0.101861593149859 0.0504154640364004 0 0 0 0 0 0 0 0 0 0 0 0 0 0 0 0 0
-9999 0 0.231032830281987 0.0166117208204652 0 0 0 0 0.0612096290293511 0.323549770084133 0.316638455480683 0.32801673513235 0.316800092672821 0.352039088814224 0.350256030486449 0.34344323789695 0.341710547039768 0.332469051225629 0.329458535146064 0.334187373639777 0.346118947436225 0.350141581630003 0.345532895734765 0.344871853851221 0.347955240689602 0.354482659169726 0.354753820676013 0.349490918686872 0.346574155918905 0.348503298612193 0.352824366302832 0.357299061012378 0.36061748565753 0.366328988515635 0.372051680681872 0.37815608721219 0.384369644040784 0.388733411876666 0.392387796277711 0.378805337078796 0.335669518232364 0.293270334553852 0.248391956571985 0.199558411410999 0.148299722745142 0.08544192576303 0.0134159551265123 0 0 0 0 0 0 0 0 0 0 0 0 0 0 0 0
-9999 -9999 0.118472905331088 0.114743666783183 0 0 0 0 0 0.370770458148663 0.340523825849899 0.348469606015838 0.335299946183272 0.368300083322425 0.366203599694969 0.358483693946969 0.357843191768326 0.348816692743884 0.344517691989619 0.349842836453249 0.360850030025163 0.366520422305475 0.364923686217307 0.365971055327337 0.373210132505511 0.382770071665597 0.38608643922346 0.382032200688605 0.378439996426071 0.378814604488606 0.379752386948508 0.381192161042923 0.383752767197977 0.386080953657356 0.390917695729778 0.394994188208942 0.399269968811232 0.403580252377598 0.405222711905964 0.406258330684054 0.402265773599882 0.367327263943433 0.305155719063511 0.243873695895794 0.182869648263142 0.119006120352082 0.0409967263233051 0 0 0 0 0 0 0 0 0 0 0 0 0 0 0 0
-9999 -9999 -9999 0.241252648340911 0 0 0 0 0 0.311611085873231 0.369803159602961 0.368905053993347 0.353922227555411 0.375583107365411 0.374101536997442 0.373625165450076 0.373600324562661 0.364216920893565 0.359258374319239 0.362868780687483 0.373914342054137 0.379833860072351 0.379484872096962 0.383237840847936 0.393095808321022 0.407076521569288 0.413200345756894 0.411577802573645 0.410692351167657 0.410628113941857 0.410434872408641 0.408874821043795 0.406905315804456 0.406601988933286 0.409160101649202 0.412458547613259 0.415841926347964 0.418260406472137 0.419494783517536 0.418956138327692 0.413314233589534 0.402894618950553 0.363765702400422 0.291197679470529 0.223648273179942 0.151094728142501 0.0710688532531116 0 0 0 0 0 0 0 0 0 0 0 0 0 0 0 0
-9999 -9999 -9999 -9999 0 0 0 0 0 0.175538620720052 0.408864161591479 0.391297353006568 0.365173435314994 0.364414432441305 0.371322349733929 0.386379355986228 0.389253356272973 0.379438618800947 0.373607493200184 0.37501242148264 0.383199971741023 0.389455075499259 0.390793958812541 0.397280079706938 0.409059834227855 0.424183539977102 0.434728948620609 0.438891277742108 0.443926809249828 0.44330310661738 0.442178503230043 0.439546896395526 0.434010962820745 0.429599570297322 0.431864579242535 0.432731922046781 0.433425004623252 0.435967439840586 0.436107321776243 0.4353157795218 0.428489117177094 0.418491610616233 0.406688417767416 0.339841660759687 0.265093460265199 0.184349095833095 0.106220597009086 0.0274817102393318 0 0 0 0 0 0 0 0 0 0 0 0 0 0 0
-9999 -9999 -9999 -9999 0 0 0 0 0 0.0312492837751562 0.443424038415586 0.400274388432105 0.369269719467318 0.357743516538774 0.366356478682134 0.388478925244617 0.394954417854687 0.388212158424811 0.382409894382074 0.383138913650125 0.390576188071803 0.396992960190166 0.3999566931179 0.408292790012945 0.421454096824397 0.439074763694695 0.451758670415137 0.458650224513416 0.466214321483264 0.468122176439909 0.469871666843285 0.468707168429736 0.463436505611277 0.459562947909979 0.459752293444541 0.459453704107733 0.457364046269919 0.456340770015563 0.456462169333608 0.455531368503292 0.450696839358106 0.44372964054997 0.435378988203955 0.407825789900943 0.328881317058381 0.245083661627588 0.169710595294904 0.102084938770741 0.0353657913525929 0 0 0 0 0 0 0 0 0 0 0 0 0 0
-9999 -9999 -9999 -9999 0 0 0 0 0 0 0.193849189776782 0.420114683655299 0.368523183789321 0.358634079494995 0.369412063674124 0.386948950989376 0.395669972551391 0.393320249011455 0.386785007366035 0.391347190621344 0.397333034120637 0.403269227013088 0.406851114671188 0.415425428507905 0.43139624903639 0.451503716263249 0.465858975238072 0.471457992823051 0.480302720134313 0.487646303580371 0.493014833885007 0.496008706258324 0.493481481019733 0.493123080311597 0.494748896133715 0.493176003557307 0.488469699519805 0.483130030773195 0.480407943265948 0.479624785200608 0.477715964036296 0.475714137592127 0.473239742095278 0.474647163816874 0.406687055400009 0.324580417807525 0.253165607271016 0.188830486143177 0.133367031432341 0.0802750555050223 0.0348478688799696 0 0 0 0 0 0 0 0 0 0 0 0
-9999 -9999 -9999 -9999 -9999 0 0 0 0 0 0 0.114843687337145 0.334699338302068 0.364150252564606 0.375882257726025 0.386079675769797 0.393901189162682 0.398828256067888 0.401288096113767 0.401600118853932 0.401868973929016 0.406837182580003 0.411497576169371 0.416732563598486 0.417864117064764 0.426364145634471 0.443615719156169 0.467509659649843 0.490151835898459 0.501072039612436 0.512337085959236 0.520017751208798 0.521417193925151 0.525399527908856 0.532161610179881 0.537520821255738 0.531701196643 0.518373483937057 0.509897099922496 0.50543493474462 0.504204921217713 0.505990223640712 0.510618825881067 0.5196404315312 0.491019041581537 0.416305588028932 0.3501362144468 0.290546174310222 0.234990061087698 0.187437133773667 0.142352590603294 0.104572047655302 0.072914301944233 0.0403753351792968 0.00933898061223593 0 0 0 0 0 0 0 0
-9999 -9999 -9999 -9999 -9999 0 0 0 0 0 0 0 0 0.249120495529404 0.389927644551939 0.392634709088378 0.405728630707119 0.413454053189213 0.428059185933679 0.412531823555935 0.404596328826442 0.407262189281121 0.40211794836553 0.391437690754276 0.389885441906459 0.392080084494267 0.404248811011126 0.425197008725858 0.446175564972406 0.479870459539889 0.513101527475565 0.541901045789932 0.545998576661825 0.555410499041065 0.56850099218099 0.588887475247422 0.585675987973312 0.561825494584042 0.547765988659008 0.53756919397502 0.531382161105258 0.536203724366926 0.548644177923505 0.562790206186638 0.57006524574839 0.508663731708309 0.448987596371287 0.388642003287318 0.336278168831015 0.291845323859515 0.250910144665675 0.214605188516316 0.179384143915141 0.147364257854224 0.122126781810311 0.102022587313917 0.0788440606151393 0.0537959554044879 0.0384362627836573 0.0171958432876888 0.00512823037170995 0 0
-9999 -9999 -9999 -9999 -9999 -9999 0 0 0 0 0 0 0 0 0.135553178685498 0.422242241768015 0.43135666569007 0.43681913631424 0.436650953844364 0.419416209016692 0.405880387646671 0.4049760796072 0.392067832979944 0.374089636557283 0.367667050427336 0.367970095237507 0.375411268664899 0.390071827076567 0.409511196751599 0.437418434771239 0.469850940767017 0.508873519587237 0.553940901629091 0.575036607842282 0.590203387752642 0.610136937599608 0.612304172562611 0.598067632458759 0.584936745604794 0.569121858526419 0.562348181763402 0.568742731105445 0.585319675520453 0.605737887599919 0.61765278652213 0.595505798363754 0.543349673404485 0.492058361220971 0.444902707275804 0.405377095691019 0.36811157963716 0.333548024391838 0.299751218330736 0.267618983824398 0.244485242072936 0.223297908182622 0.205299185325774 0.19103305618143 0.176002301277092 0.162180353873152 0.149461814912564 0.139254900734422 0.137084568136694
-9999 -9999 -9999 -9999 -9999 -9999 0 0 0 0 0 0 0 0 0 0 0.0644028454914169 0.251407605050301 0.446612305537721 0.428026147865097 0.408829907971317 0.408494852087112 0.412252620708428 0.380629332750614 0.375087684551304 0.351002108238526 0.35351231740482 0.363597926148078 0.376997569515761 0.402249832313832 0.431962817426183 0.470889957979365 0.517745443388995 0.566891768938499 0.601043240390389 0.615554931503149 0.622827857117626 0.620543804530995 0.620320454720184 0.600220280802804 0.590361284786073 0.600049106205962 0.624217076733512 0.647436892094343 0.656029000775044 0.662751811379641 0.628473117706681 0.582351764398232 0.547056399949141 0.508834184762102 0.479705244265854 0.448766567213197 0.412984552539178 0.386315309451117 0.361208713554962 0.340414020107927 0.326081871774004 0.316374348366147 0.307031281770931 0.29203894154123 0.282210769029613 0.270472865984391 0.261252571917161
-9999 -9999 -9999 -9999 -9999 -9999 -9999 0 0 0 0 0 0 0 0 0 0 0 0 0.0419580583820691 0.434566220548848 0.442560092922165 0.43051933765945 0.4311207551796 0.436038004168199 0.386517806906868 0.344744196874628 0.345449199456197 0.355984691012176 0.373824517390716 0.399058853340623 0.437530950516751 0.487148599029042 0.539888028623244 0.594705962369319 0.612934950328615 0.621733673687776 0.626250788030661 0.628553445828996 0.622424231657119 0.621627951868313 0.633119722480224 0.653205409516211 0.673921866006736 0.681473716034684 0.686142930165003 0.688087388808198 0.660000922724346 0.628053451864161 0.595693431849922 0.568730191025817 0.542312477189276 0.516061355635208 0.496100974870497 0.477491864067904 0.462546625248312 0.450863738194405 0.441060081580672 0.431906385818718 0.419078200952632 0.404843730133114 0.390971978779142 0.380451376931222
-9999 -9999 -9999 -9999 -9999 -9999 -9999 0 0 0 0 0 0 0 0 0 0 0 0 0 0 0.106676554102018 0.426146811618595 0.439123510429848 0.451356104666264 0.463093252545905 0.37011068702683 0.33537239970617 0.339062717972714 0.355175280304867 0.373800284616062 0.409752893905489 0.465027344556338 0.51771934457487 0.577185473255922 0.61138534024016 0.62362257850697 0.631233344346023 0.637028562345329 0.641603507853294 0.648077631149704 0.658870204025658 0.674532380424009 0.693886317876089 0.693389645578405 0.698082838281771 0.698024450248617 0.685389412857419 0.675203215289769 0.660781236085137 0.636088296097481 0.61521291252985 0.597430778944074 0.592206769270525 0.576051757757705 0.570143426367627 0.561066173877815 0.548229109237693 0.547287853189795 0.530128655056555 0.51707171948974 0.503639130873456 0.492270124527892
-9999 -9999 -9999 -9999 -9999 -9999 -9999 -9999 0 0 0 0 0 0 0 0 0 0 0 0 0 0 0 0.252483988094411 0.475825812497533 0.483571431836647 0.441904470876143 0.370618043855274 0.352732724721342 0.354892594628792 0.369185427441436 0.403626145812582 0.456865281473394 0.509793000884889 0.5672829165502 0.613350107945136 0.633729800545648 0.642089836534286 0.650566420023979 0.660468519291946 0.671735061702229 0.67818506928644 0.678956140405558 0.683165315014867 0.685897924835277 0.692363113308108 0.692329148511313 0.685775397236023 0.684912517687834 0.684018270675286 0.676515964032025 0.66033297479637 0.653998993368224 0.650398438034878 0.64683378787481 0.644902437021811 0.637370265214399 0.626691564780911 0.620025363980651 0.616466504977564 0.615952829353393 0.609216169476536 0.598881270729125
