data/03_saidas_enm/CCSM_Maha_21k_B.balansae3.asc
NCOLS 154 
NROWS 168 
XLLCORNER -112 
YLLCORNER -55.5 
CELLSIZE 0.5 
NODATA_value -9999 
[rows 50 to 74 of 168, columns 56 to 111 of 154]
-9999 -9999 -9999 -9999 -9999 -9999 -9999 -9999 -9999 -9999 -9999 -9999 -9999 -1353.92804112372 -689.247161071427 -307.50545438659 -170.235035327346 -106.987189026143 -80.6355262281294 -67.5861235355023 -66.9339122258688 -49.798209341189 -37.1422832832312 -37.6253170828999 -58.8900183649843 -85.9351079928425 -133.211553347615 -221.476510882644 -297.251690096566 -406.180674211433 -464.454760183944 -414.03545933981 -303.372788122825 -197.518187137216 -93.1082280075185 -48.498097069162 -29.8474425966794 -18.9075971408222 -16.0393740733649 -14.2618858628663 -9.30378168734504 -11.5826412295298 -11.1057083496972 -12.2905945561618 -13.2458415950122 -8.56171225381807 -13.5519173764789 -14.9395485268145 -17.8700082817302 -23.0542794585212 -22.9819205533007 -29.5803167477449 -32.5154882512486 -28.9004893441924 -24.1599597457961 -22.514639018737
-9999 -9999 -9999 -9999 -9999 -9999 -9999 -9999 -9999 -9999 -9999 -9999 -9999 -860.943659076341 -509.239925869758 -262.120657321645 -154.929846399364 -102.139743976215 -78.3049450661924 -63.7726721556083 -57.1827140104672 -50.2822904814032 -43.6012932970763 -41.7747582846191 -55.8642264985982 -76.7209380314369 -119.210989357705 -184.535654741364 -247.070181008936 -322.693128588096 -368.7281456395 -321.944943154484 -248.173633390552 -157.506782945939 -82.6188262198753 -45.0191462395073 -25.2378312459582 -16.0944051451404 -13.370910263676 -12.1691506289193 -10.3332612319596 -11.8546699788865 -12.9076048369935 -12.1047940483588 -10.555531610445 -9.61825737615021 -11.7838861150993 -13.476957619466 -16.4800849533725 -21.8727008536942 -26.2477985972431 -30.41878299968 -29.4501100450672 -27.3595786306667 -23.8663772123988 -21.5571759872076
-9999 -9999 -9999 -9999 -9999 -9999 -9999 -9999 -9999 -9999 -9999 -790.183602859033 -617.839343718066 -545.490295912948 -391.77572034776 -230.427998301291 -154.332230158418 -100.671631736658 -73.8185499648524 -58.6811822217273 -52.8143423555202 -46.2896083741438 -44.4942923338878 -50.2828504827867 -69.3314699655739 -87.4491182680416 -122.086204475562 -185.141844014471 -239.876701797319 -300.640086872235 -343.202077363242 -278.687516046127 -203.53009939382 -128.340246626498 -65.8998904643347 -35.6360050209298 -23.5091287652628 -16.3288909187107 -14.4554689318181 -13.866116698588 -13.4141999249196 -15.683119641105 -15.9196459567429 -14.1360833463069 -13.9659843332006 -13.3712584423835 -15.84022046716 -17.2530667656055 -20.1201383981191 -26.2896968551324 -29.2360435214688 -27.935456682055 -26.8626382541692 -25.4701867043885 -22.6871751836347 -20.711748420153
-9999 -9999 -9999 -9999 -9999 -9999 -9999 -9999 -9999 -9999 -651.266154338388 -517.801181572152 -373.566636754216 -349.742506048737 -360.664554878249 -272.642767199606 -173.980631655013 -113.079368959724 -83.3512363530411 -66.9809504103178 -55.2580114384325 -55.5973850433605 -59.4426097733532 -72.2803602338198 -95.3046631980016 -122.746993943431 -167.199346524891 -223.189426869639 -279.86601875097 -337.609383689791 -351.234030956667 -286.695388929312 -195.990993542201 -122.329199892697 -58.7016811888467 -30.8918887925847 -21.7582819666394 -17.8255725155489 -16.2490179187912 -15.9845829984302 -16.2074130405502 -17.7945267077271 -18.627741583769 -18.7156152987909 -19.3913682741208 -21.1761016305726 -23.0061950547553 -25.6059059614909 -28.8176089519227 -30.9066391268462 -29.0204867921807 -29.2775970199044 -27.2812726665619 -26.1925922946725 -24.0970093963236 -22.3479207845231
-9999 -9999 -9999 -9999 -9999 -9999 -9999 -9999 -9999 -9999 -365.668802395224 -272.368981896321 -225.046653863594 -250.754854392482 -296.560703522343 -334.614596956155 -231.192408001917 -142.833694099819 -104.446509852192 -87.4024331884333 -77.6272749981683 -90.140519436455 -95.5036250502119 -112.194450470855 -149.146788806458 -178.91024193995 -236.494792023536 -299.666931144316 -354.962944169704 -405.691271203691 -412.72272412453 -329.965954380669 -220.23432845854 -139.646043143919 -65.9549283007881 -31.1418688294004 -22.7668179443452 -18.9763876609448 -17.5009917802665 -17.3499025363866 -18.0029904968829 -18.6480334162957 -19.762327936426 -21.4636480957078 -25.2413039869463 -28.0484697633516 -31.2135039961454 -31.728034347988 -32.5358513432413 -32.3078658828785 -31.3299772862357 -31.1921984975565 -30.14609404722 -29.1574761962826 -27.5376217857985 -26.4089141994397
-9999 -9999 -9999 -9999 -9999 -9999 -9999 -9999 -466.537243822958 -312.955745057827 -196.14665358202 -177.169771447751 -160.901615492778 -184.706446292563 -254.125320555173 -335.470921817572 -272.752113212193 -178.121267354869 -138.987099363812 -135.549135576467 -128.023660714992 -137.473474143709 -153.178704424119 -171.709340790419 -210.69266139893 -262.620422397409 -320.857802689789 -387.936168642004 -448.404642658086 -460.46435358595 -446.507284520072 -346.779713207439 -246.157130506382 -150.050785204217 -80.4439441691834 -41.012810040532 -25.4139417614146 -20.0378789385822 -18.3833604644648 -18.1350910911265 -19.0135207689321 -19.3149356398892 -19.308583463364 -20.9310191975737 -24.1592139426832 -26.7481363269813 -29.9795837388639 -32.282055726562 -33.6560583242735 -34.9736435515212 -35.6463664382508 -35.5881505216584 -36.6386832515456 -36.0986640667449 -33.6329355558961 -33.7426892971752
-9999 -9999 -9999 -9999 -9999 -9999 -9999 -9999 -321.174034472379 -179.224481605164 -112.069775441555 -111.770579186953 -118.785470352448 -156.876113322582 -210.984233037156 -266.011261999236 -265.561214389755 -217.851656422647 -186.137772923928 -183.821957643835 -199.706707650679 -215.890727920988 -217.558459170833 -245.042027680758 -310.519014468477 -371.36455129148 -422.444043064604 -478.323447073232 -507.797408051709 -515.426420128056 -483.21040675817 -372.996598240442 -256.786599385908 -167.927104421247 -92.0110531209393 -54.0848931021965 -35.7436119545217 -23.7454519213685 -20.5413560700542 -18.7359709497671 -18.9402636795637 -19.078848273496 -20.4068051274294 -21.9173175959502 -26.464452677251 -30.8504949629216 -35.4137444555356 -40.9704251729008 -43.6524101382175 -51.400762896266 -55.7996804017785 -55.9171073109599 -53.9704729598888 -49.5425337312003 -44.6704000451574 -42.4451021371486
-9999 -9999 -9999 -9999 -9999 -9999 -9999 -341.500750752095 -222.459636178148 -129.649542366241 -96.10689057678 -98.5891401917435 -104.801028912622 -129.567585064908 -170.081701688506 -210.526603473372 -205.662672073941 -203.942404197764 -187.755493749855 -235.579028182425 -276.741885892214 -294.787290291552 -311.077959424694 -341.370847641 -395.363977870385 -426.043650233673 -435.794369509072 -431.759324915381 -447.318101130802 -458.572832936687 -466.705952978337 -377.327807082424 -264.779949747274 -178.525983254456 -111.739412285236 -74.3224136384564 -49.8137468947686 -34.9227419283409 -29.1533901703927 -29.6405719642735 -29.8443270830203 -33.2526432328295 -41.3598476437935 -44.6535805334932 -53.5024892551586 -57.8407124222962 -65.6683003569436 -78.779435668137 -79.2157654898239 -89.9995156624957 -91.5312452781293 -88.861940629785 -82.4083905009901 -71.6411780081608 -60.2703534058699 -53.5540445445515
-9999 -9999 -9999 -9999 -9999 -9999 -9999 -255.946174731778 -156.168861594789 -89.1468350417039 -87.1745730862723 -96.8200237389818 -99.6859236698544 -108.244027631124 -124.217691367583 -141.144766184978 -142.412426066062 -145.707739201595 -153.845125785604 -184.236766740804 -228.249383971377 -265.902729890834 -299.855890367997 -301.882534555861 -308.311650015515 -321.321062757336 -321.016744329157 -331.281870553481 -327.407596326616 -317.66113859279 -319.945195107203 -316.867312116407 -260.181531334664 -190.746817078968 -132.612694380969 -95.5324463238272 -71.5014759314549 -54.4280942172073 -51.5175788420237 -55.2636607701649 -59.2610676899936 -67.3402400007865 -72.5185984376365 -81.7785240721837 -97.2493332049308 -109.630799420414 -128.446348662302 -135.005523166874 -142.933718106306 -161.152851005728 -166.635110846769 -159.042012498125 -133.102093294625 -112.66136383237 -96.4089531645804 -80.5866223952902
-9999 -9999 -9999 -9999 -9999 -9999 -283.970866238085 -172.778012647026 -96.9485665421904 -73.5911943672604 -90.2765848849382 -98.1667303816743 -96.6755240253041 -97.5712185784947 -100.341197099169 -106.57173507424 -104.269415760073 -108.021961439962 -110.092619729289 -140.700969848382 -182.853386051632 -205.059308154708 -227.680377665158 -232.004269025774 -240.471692670416 -245.425144429343 -247.973959777167 -237.974254259277 -237.558343229836 -243.070162094509 -236.650680074783 -243.787569873867 -242.339458820047 -191.935696592195 -147.267388884657 -116.312981051501 -99.9802385911645 -87.9264247209022 -84.7607758719607 -90.0740524084483 -96.4481509859181 -105.594000972844 -127.026849310545 -138.376087708063 -165.66159975616 -184.739619956434 -200.958453239458 -235.1421611094 -242.698783984009 -263.753106931884 -248.39771961158 -228.959300428377 -190.782643660802 -164.569588042307 -146.241915452271 -119.964928936993
-9999 -9999 -9999 -9999 -9999 -9999 -219.491200039132 -117.545181123644 -70.8298580233365 -62.7104252897255 -81.0999673544897 -91.4294351102141 -88.810711591883 -85.4697594471173 -79.8554505566322 -77.9485813108634 -78.7907123074892 -81.4867255519838 -85.4149751696317 -101.80304826231 -128.188345440316 -147.229962241818 -165.307884068862 -165.52439537264 -166.32826012904 -171.543387488187 -167.55714634922 -166.115428678434 -164.255428969864 -162.234966028214 -165.950897745173 -166.624906554466 -172.361988590436 -179.700094132823 -169.476985456849 -143.80368566822 -131.465576686851 -124.910835390643 -127.576935068901 -137.971584832573 -149.668947594188 -176.537362188072 -202.653250828758 -222.691302953658 -266.389709334467 -263.339925762675 -250.798523495921 -233.99456292417 -212.357446335786 -196.038709854737 -185.201328960624 -168.026206776959 -147.045837619681 -129.510426435852 -113.010694623974 -101.751519783423
-9999 -9999 -9999 -9999 -9999 -9999 -178.7771917782 -94.1683396551535 -65.1492785380837 -54.3988473997592 -65.2272537624982 -78.8864987565365 -80.25609208763 -75.9450326911983 -69.0411186585822 -65.9506744967307 -62.3592948772067 -63.0838531132701 -64.6193630651712 -78.5189194148755 -98.6631418556741 -108.292547599731 -119.80004695895 -119.936153208466 -123.507026471507 -123.261480432522 -125.015827252382 -119.868446725326 -119.764553944585 -122.570557618531 -120.430564899257 -127.387866626992 -127.870626922835 -135.399925928722 -151.20685535683 -156.335463929484 -159.90818113873 -161.664828546689 -166.886580118803 -188.508923493737 -210.799041237153 -223.966376543609 -225.95924267327 -217.811576073332 -220.627744179788 -202.357006246418 -193.098409742225 -178.461814365531 -162.620439021242 -154.586929698367 -137.834072620975 -132.334587189576 -115.975918898326 -102.412510968187 -93.3938582436312 -84.0209878813167
-9999 -9999 -9999 -9999 -9999 -9999 -9999 -80.8405539172932 -65.604617360788 -47.0034123729193 -52.2262405327859 -66.4498341941276 -70.9344017883594 -65.967419738257 -58.4588080564917 -53.1328405304091 -50.2337667541283 -50.882322039953 -52.580470387415 -59.4886510472927 -69.8940380598999 -77.3424771419337 -84.4252850131896 -84.5821519526739 -83.5831456423874 -84.2997172197458 -82.2426417199747 -82.2071284717192 -81.9358358898642 -81.4971539049194 -84.0014927741763 -85.0951465899788 -89.4230780359175 -94.3971371066195 -101.918388182365 -112.508499428124 -124.118813890891 -138.0309605087 -145.394643458291 -157.556816643982 -164.859415172111 -169.70608280959 -171.274552530712 -162.665151703011 -159.175737735928 -151.771789040113 -142.396307131894 -132.345857388516 -119.277781578125 -110.860003440027 -101.57964173956 -92.1523505410911 -80.6811848714527 -73.6217519202833 -65.9387385961781 -62.3402730412097
-9999 -9999 -9999 -9999 -9999 -9999 -9999 -9999 -63.4226012216392 -43.015449550855 -45.0546972445251 -57.0731719479144 -63.4223933723524 -58.4987539976626 -52.110971942163 -46.5356609286721 -42.5940430739537 -43.1748585926494 -44.6185012589666 -51.8232394884832 -60.0287540107606 -64.1933931361332 -67.6214580641625 -67.7910872742755 -66.7808292194643 -64.8668679595241 -62.3296574891097 -59.0516407896804 -59.1990009232989 -60.387207181924 -60.5149559037352 -63.8169351484101 -65.9665663198109 -70.292271860474 -77.4935962492241 -83.3290264867506 -92.7714367891559 -102.990882215405 -109.278283587603 -123.114765787588 -126.871476980935 -129.660246003338 -130.031047772076 -123.467453085199 -122.310792605573 -112.001023594838 -106.451135735669 -98.5947389097766 -90.7266555236801 -85.7317737840313 -78.9102569107546 -74.2768987042635 -68.4458923954678 -60.7228806787044 -53.3346145075857 -48.6276616254014
-9999 -9999 -9999 -9999 -9999 -9999 -85.6832037281908 -67.6491747374813 -61.541824696604 -44.3091144092287 -47.8284784896683 -56.4733881522396 -56.4481298233191 -50.9705119518535 -44.5616403480154 -38.2658979790495 -36.2099052505935 -37.0088817293387 -38.7907749187423 -42.5268400466614 -47.4198485587771 -50.5990797429183 -53.3590905827539 -52.6433490292305 -50.0083875712499 -48.2813328216443 -45.0812721082607 -43.266654867764 -42.3149322114984 -42.408183864028 -43.7127475161382 -45.0035524600889 -47.4927309358188 -49.7985043116922 -53.4376486298968 -58.6933676175917 -64.9626374472974 -72.9029739853677 -77.0888087412506 -85.8940260951251 -93.0735560593727 -97.5873631842416 -97.5673389629061 -92.0885156202624 -88.849857411494 -84.3772778749997 -78.6811898965894 -73.7542560480088 -71.3686009712446 -69.2883916810633 -67.8446698989029 -64.1992056320514 -60.6415630357133 -57.7281039586525 -52.9713437342049 -48.6452662441852
-9999 -9999 -9999 -9999 -9999 -81.0234894857641 -60.1588250986868 -57.4671596847849 -52.0004987545959 -46.2198260758791 -55.661746209413 -55.9685493941959 -49.8043512803157 -43.9311146799135 -39.8700154548129 -32.5664466629272 -30.624328858284 -31.9413859458678 -33.4423271699559 -38.2330849516783 -40.9760473095323 -41.667229228741 -43.0102430956354 -41.9422272501783 -39.5214202384612 -37.524571138504 -35.7894134326514 -33.9675249261136 -33.198092595667 -34.0342854907636 -34.3971631442639 -35.379855043374 -36.6781797188903 -37.7143394808892 -40.7006043712501 -42.7270335486326 -46.0033426411536 -51.2081739066805 -54.0480116924753 -63.4132515487421 -65.962258311177 -68.1565210644118 -72.2968058079288 -69.1430284975149 -69.6531614985653 -65.7473090178525 -64.9381230662868 -65.1198219544114 -63.7779106036943 -62.4610065069838 -60.5490347142582 -57.0896695347438 -53.3078233624181 -50.351101481311 -48.2198565077872 -47.6046400538231
-9999 -9999 -9999 -9999 -9999 -55.3584096883692 -42.474962405001 -52.0307186479757 -47.4747591142852 -51.0127779015868 -57.3785740134752 -58.4494892770553 -50.258708607426 -41.418551067738 -34.7235139997717 -29.5656052075325 -29.2781626155366 -30.4794509614716 -31.078100308276 -32.6572262519609 -34.8658705012516 -35.8010522294034 -35.6199437506727 -34.4747870234436 -32.5103660781842 -30.9072887026764 -29.3715914887897 -28.516756124804 -28.4768124021528 -29.1110191736864 -30.2112030793175 -31.2148781016706 -31.7061125768879 -31.8247810613556 -32.2330465090986 -33.3675549315292 -34.9515092653995 -37.5604956273698 -39.0470895636843 -42.7336547030268 -46.3244996392326 -50.1087741305321 -52.6597477571508 -56.0410919706068 -58.9849609999214 -59.1668078727531 -58.6267233971746 -58.5282446606931 -57.6257758705285 -55.6907012789426 -54.2686013684527 -51.0770644934348 -48.2703258675638 -46.2173314433906 -44.21650419343 -43.0557904205969
-9999 -9999 -9999 -9999 -9999 -9999 -30.5712301565685 -42.9120521467223 -43.1400519150292 -55.9039807988734 -70.7972929856223 -69.5711770515835 -56.9478104001127 -45.2305689329456 -38.5267227535061 -30.3714188759904 -29.4281552937485 -31.0696125475375 -30.2634756542387 -31.0124860164508 -32.8255633086027 -32.1660034427346 -31.4507499379459 -30.0591118481555 -28.4157854807511 -27.1102602062598 -26.2545588712117 -25.7841924218529 -25.5939349287474 -26.1766991274557 -26.7396175166362 -27.2055712745449 -28.1243785286084 -27.8253484503437 -27.783816060823 -27.776917959697 -27.6383367916976 -28.7184069995526 -29.996589962657 -33.1267405100824 -37.6870140424533 -41.5628472392702 -47.4939753952396 -51.4631929515381 -52.5323504746804 -53.0398485373757 -52.2709433991805 -52.2102105279775 -51.1734044386852 -49.8802557560342 -48.9370662468003 -46.338260100593 -44.4026373140164 -42.6349121805806 -40.4391764949818 -39.819781407217
-9999 -9999 -9999 -9999 -9999 -9999 -23.6226687584929 -29.6562197619111 -33.1410281171328 -59.0317276927377 -85.1985887851097 -84.8550075763577 -72.708466987835 -60.1559630292113 -49.0967705032071 -42.2131668442153 -35.592646865036 -34.4997377764489 -31.4915802429108 -30.5905575124801 -30.9087598712313 -31.1823479083847 -30.8831910807409 -29.6286851056141 -27.5330670751743 -26.1357866944444 -25.6131451720853 -25.6566008031395 -25.5319453156142 -25.4340038368856 -25.2155493483584 -25.4957451426256 -25.5096966056181 -24.602857022447 -23.7896189693671 -23.100814547779 -22.7687710652101 -23.1651120045996 -24.09488169956 -26.7334028097648 -30.7375498308566 -35.1350416920325 -40.3439486208711 -44.0306414838765 -46.0732924192249 -46.4819778415329 -45.9983854800744 -45.6447764715554 -45.2895840533172 -44.5530544689234 -43.9792254455775 -42.2779980479004 -40.9155708284912 -40.0747097337404 -38.6455545582161 -38.3302890373699
-9999 -9999 -9999 -9999 -9999 -9999 -23.5540687222254 -22.144039523581 -26.0132926506058 -57.0694559004015 -98.0252939439343 -102.071211913695 -89.923163701206 -77.3488930979088 -64.3940071258574 -53.7173755876139 -42.2910412140938 -36.7256662168255 -32.5978605481452 -31.1552563300147 -31.7512497943566 -31.9355073291212 -33.3444386788633 -32.0185195754408 -28.8585234942424 -26.9598670133992 -26.6239842772289 -27.3957564899201 -26.7275735286801 -25.8616637361244 -24.8772721841252 -24.1774739311434 -24.2418432822918 -22.6840455636308 -20.9263617144679 -19.7670154919345 -18.5400534469873 -18.6256938952743 -19.0686714431595 -21.0992536452404 -24.3352330891572 -27.4765041561534 -32.3209548995277 -35.6780806644562 -39.6552250343455 -40.2544361466515 -39.4715300905401 -39.7879802995517 -39.7781424608879 -39.4456720690258 -40.1138778822935 -38.5933934939503 -37.6378013881831 -37.1865790111125 -36.2872322615755 -37.1922558871168
-9999 -9999 -9999 -9999 -9999 -9999 -9999 -9999 -31.8465349241021 -48.8085456294883 -96.4665120718823 -110.674952769407 -100.647739081638 -90.0405915727053 -74.6641279012505 -62.7334038408355 -47.801606272641 -35.72733646147 -29.9919621220899 -31.2421926316181 -33.1089625848043 -34.7082543791914 -37.5313587492971 -36.7023132811297 -32.5916926002746 -29.792410301061 -29.4157135207737 -30.4683397861346 -29.7894615510838 -28.0427557567623 -26.4959178115459 -25.5520845051883 -24.9157176177013 -22.8025466643498 -20.4523217563091 -18.4851067416562 -16.868405159214 -15.9063834998646 -15.5802239638033 -16.3888915377153 -18.3047920729544 -21.0002459591671 -24.1744637705502 -26.9661363976547 -30.2988830313606 -33.0582145044326 -34.5539091177194 -35.0554466433603 -35.7519837273589 -36.3219125284495 -36.79947236213 -36.2896088784288 -35.1683387283521 -35.4068126291413 -35.9217288814211 -36.6142644267545
-9999 -9999 -9999 -9999 -9999 -9999 -9999 -9999 -26.7899720212752 -43.3202649753021 -86.7958920855096 -109.580073130327 -109.400133733443 -99.4835940449561 -82.6513468358096 -67.922776511245 -49.228473667532 -32.552509076212 -27.5962736738062 -31.6156044547228 -35.5209497750262 -38.3097464504846 -42.4439369751819 -42.0110194280651 -36.8526987332904 -33.4334813276519 -33.1865407440174 -34.6463300451905 -33.5353532415288 -31.2429150378789 -29.2323980425581 -27.3171941511079 -26.8464946785677 -24.2181164178437 -21.0151283305039 -18.5963303985345 -16.2697860274874 -14.7394200751203 -13.5253652744041 -13.1057526585864 -13.7697068221328 -14.9817807035731 -17.2396362610258 -19.2978169456776 -22.099681542337 -24.51397670676 -25.5669393960704 -26.9020354424715 -27.7934875690758 -28.7658105678183 -30.3903377732259 -32.029832312967 -34.0137488061124 -35.0181175665717 -35.5327828043877 -36.5568901220949
-9999 -9999 -9999 -9999 -9999 -9999 -9999 -9999 -9999 -43.6620285512005 -64.1084447597881 -99.1301369540703 -111.001321973506 -106.404181379531 -86.5434372338671 -68.1560288970111 -50.932598096696 -30.5367167307857 -25.5969867102454 -32.1580806425722 -37.58039644422 -41.9542694160764 -45.85333977493 -45.5550982488043 -41.0849317963747 -37.6112595165071 -37.2949596751393 -38.3334817341633 -37.7137711118919 -34.9503260555156 -32.7686298374121 -30.7788232660315 -29.4173365087028 -26.7299225458567 -23.4329281394531 -20.7052753412884 -17.7900679378686 -15.6275492742497 -13.5769178320161 -12.0635044093545 -11.3404804060381 -11.5959654155438 -12.2326369823571 -13.621338972388 -15.6326163154079 -17.583936141203 -19.0451860922889 -19.9885091381823 -21.445692372541 -23.3318176790211 -25.0551379359337 -26.6782172703891 -28.3679422838999 -30.979513443244 -35.4002860394887 -36.7556672752159
-9999 -9999 -9999 -9999 -9999 -9999 -9999 -9999 -9999 -9999 -59.2478066725396 -90.1714004407754 -111.100597438918 -106.691849430105 -87.25165044376 -66.7790522183245 -47.8205631165313 -30.2029843449846 -24.8622366460703 -32.1775839412999 -38.7701810695781 -43.6796928051109 -46.6679494399817 -48.3510012180386 -45.142708246529 -42.4279754042131 -41.9744855669158 -42.5086168466778 -41.3386151510771 -39.309804776075 -36.8325987204478 -34.3421909589842 -33.121867060167 -30.2490574296049 -26.7804396740916 -23.9534631750354 -20.935879771679 -18.320085976374 -15.7532672945046 -13.0457597523021 -11.4026915164811 -10.4882705223475 -10.0584542818563 -10.2394505308475 -11.0730690320399 -12.2356769432421 -13.4918260725198 -14.8708676212223 -16.5451137655057 -18.3953989792468 -20.4782747780381 -22.2558696288916 -24.2420433940279 -27.1783357972175 -31.0751185242132 -35.2286902840241
-9999 -9999 -9999 -9999 -9999 -9999 -9999 -9999 -9999 -9999 -9999 -86.1423269983487 -105.464956838869 -104.115217805369 -85.6381847358976 -63.984363348565 -47.6853150099795 -30.7881901030007 -26.3245756898824 -34.3596814633639 -38.2360584051441 -44.1519151265563 -47.2298208492157 -47.5773817012081 -48.2289279831361 -47.6241886011852 -46.9039520889888 -46.2437640457832 -45.4464633598744 -43.3653421299864 -41.3852923573444 -39.0668990311976 -36.7240261099554 -34.060472722083 -31.1924957233872 -28.6216027325335 -25.0831381384846 -22.4691601264046 -19.3626565904757 -16.0625386210081 -13.9736060507131 -11.938981635953 -10.6010712405167 -9.68090225214029 -9.28551821323837 -9.49573424346662 -10.4154468879113 -11.5306090377978 -13.0444168990997 -15.1159849836173 -17.2032535741653 -19.0902953652855 -21.5809010910212 -24.1961253621654 -26.6414685011498 -29.1242130037145
