data/03_saidas_enm/CCSM_SVM_6k_B.balansae4.asc
NCOLS 154 
NROWS 168 
XLLCORNER -112 
YLLCORNER -55.5 
CELLSIZE 0.5 
NODATA_value -9999 
[rows 75 to 99 of 168, columns 56 to 111 of 154]
-9999 -9999 -9999 -9999 -9999 -9999 -9999 -9999 -9999 -9999 -9999 0.20780775673379 0.217710985525276 0.214599864644882 0.224409670440613 0.267768309654354 0.357085562159131 0.458012360176091 0.458997917503952 0.346727415265872 0.243809443652495 0.211492974451731 0.209732087377709 0.19634415692913 0.173913650875805 0.154152826109469 0.138982739512943 0.126622134621298 0.115329483666977 0.101948488280918 0.100625823833001 0.112270919883786 0.13884316934427 0.17041801306444 0.206383079586303 0.25339632485909 0.307549678402175 0.372148555285829 0.4410131502723 0.508777448920866 0.572058861572066 0.636382185446483 0.685519771332206 0.710027295889924 0.71122460885679 0.700933027203433 0.692051711708219 0.66909154527734 0.629127023890946 0.569591898060432 0.491881960863713 0.416859010586981 0.337734228989832 0.285739459311912 0.255874890043382 0.235344296327911
-9999 -9999 -9999 -9999 -9999 -9999 -9999 -9999 -9999 -9999 -9999 0.207956485564381 0.219360590251444 0.216504285375172 0.225861797442033 0.253951824875099 0.313216716410733 0.394995148289041 0.456774948730262 0.42489799839033 0.318636212629426 0.248552609406065 0.218984000926254 0.197197199493378 0.173170105542579 0.155558479571862 0.143702805903032 0.130444746224314 0.118117773904334 0.107011860438883 0.105602878640151 0.116810314706485 0.143261554013704 0.172460077159842 0.199422506498105 0.241602678043252 0.293477589892991 0.360284950093062 0.433191295830033 0.503311662667932 0.582721832190724 0.663552427655554 0.729681305133325 0.765284719936111 0.7735764645554 0.76194714017019 0.761285943775606 0.746500207671763 0.714467259172427 0.661287873476935 0.599891780179152 0.52326010951424 0.451223388634296 0.404191057388192 0.379100027666151 0.363540387258105
-9999 -9999 -9999 -9999 -9999 -9999 -9999 -9999 -9999 -9999 -9999 -9999 0.218439376587534 0.224138901087632 0.227642798188918 0.240113098873306 0.258438431317052 0.27840578697452 0.307360772170502 0.378356450329648 0.41877457959909 0.366300755619032 0.27835278313649 0.219791141604746 0.188678764157124 0.169579141905896 0.149202797469174 0.13159511681751 0.119091881122042 0.11038403164649 0.110970769720038 0.120286707183406 0.142177435014361 0.166785600742694 0.191185696041404 0.227975970481562 0.276815380052594 0.339086953590532 0.413194425372274 0.490138090632607 0.583299954946268 0.692358849545125 0.786199666997209 0.837479762694414 0.844228232074441 0.82368945184486 0.807976221882365 0.788080579284101 0.761183280679075 0.729919408121934 0.688191794128013 0.626717365994459 0.56840424032082 0.530205571192273 0.506471812491223 0.484576869814453
-9999 -9999 -9999 -9999 -9999 -9999 -9999 -9999 -9999 -9999 -9999 -9999 0.210010308118488 0.221044075177527 0.229786563098414 0.226034768390132 0.215961260314723 0.213811809612962 0.222964923044751 0.274550338571494 0.390369092669843 0.450232474916668 0.418777270691042 0.324980162388635 0.238266309973415 0.224390780245023 0.16196995343532 0.133194928131527 0.116943108779379 0.10978103460908 0.1133467850789 0.120117383357516 0.137043153648122 0.15706411307955 0.178720319616272 0.211065467743307 0.25363961620814 0.309116199900654 0.377733073760194 0.453045386839327 0.553702671513593 0.687364675329351 0.827483642067313 0.896813178242893 0.896095277758957 0.865858438958522 0.831053538055692 0.788263074467747 0.762693732890265 0.75413098957442 0.74629764985913 0.699261428698015 0.649421263400161 0.619468260089234 0.593685139018461 0.570006831510011
-9999 -9999 -9999 -9999 -9999 -9999 -9999 -9999 -9999 -9999 -9999 -9999 -9999 0.210689940352923 0.219161447420457 0.206749926724221 0.186994297024269 0.19357706499428 0.199156143656048 0.210000256124596 0.249806703918383 0.350411434383334 0.567944358828952 0.639170587133628 0.577412586443989 0.410353418762968 0.270453426068052 0.174023981076115 0.117227847996193 0.106134817724208 0.107657308227524 0.116892701136049 0.13249432939972 0.150880381450561 0.172227905431765 0.2004686825123 0.239222254644926 0.285625803487742 0.34578390839199 0.413300741386051 0.507238017712486 0.648960567608725 0.797846230591145 0.893124537118011 0.931920544919262 0.915245759290528 0.847483870453137 0.771207667343571 0.733617056533452 0.739976868662911 0.749771486553975 0.725062235280451 0.68911291248721 0.666328624888446 0.647196138050289 0.631225768731686
-9999 -9999 -9999 -9999 -9999 -9999 -9999 -9999 -9999 -9999 -9999 -9999 -9999 0.207828715794664 0.211680784657432 0.187100940618284 0.167720538815312 0.182152972821849 0.18653731775384 0.191099533052907 0.199829677914008 0.216331101005055 0.265554579451898 0.358537509952044 0.421110875934272 0.66312903634292 0.57507897700589 0.364389349097647 0.203303325983328 0.127218093155308 0.109767264936036 0.127637304696887 0.131992185277235 0.147755017001905 0.17275103151035 0.19323653822851 0.23046064267503 0.27243150065414 0.324328384261988 0.377652773234517 0.440550964370747 0.56810693199558 0.736288558690151 0.849469296125271 0.926063571390213 0.963059217797875 0.855265161619955 0.732167228277415 0.685011652820061 0.705361565328678 0.7288945292604 0.715675438892103 0.695594195220525 0.682671127105648 0.670727486444449 0.657045433370537
-9999 -9999 -9999 -9999 -9999 -9999 -9999 -9999 -9999 -9999 -9999 -9999 -9999 -9999 0.208725274038718 0.207940005892719 0.188477158790435 0.159396359103676 0.155262652765208 0.180364180979563 0.19846735483268 0.205644263498598 0.20533801440469 0.19906715536629 0.19392336554736 0.193799901905536 0.25778733842419 0.574544289554623 0.572356520056195 0.442707033047773 0.246338864276466 0.186262877920085 0.17640022834381 0.169552606756461 0.181531501017695 0.202047817962629 0.236988897502128 0.284910886880687 0.331704502920103 0.377397482365725 0.427647734251672 0.520832189780031 0.632570590957694 0.747889519997666 0.865794149141013 0.89411563948112 0.828669712520635 0.721260295539919 0.676111717526012 0.683143991542957 0.693249965093808 0.692963109361799 0.677090112999318 0.676467662618829 0.690676337174353 0.684775874354133
-9999 -9999 -9999 -9999 -9999 -9999 -9999 -9999 -9999 -9999 -9999 -9999 -9999 -9999 0.207658418387771 0.206427021312835 0.204511173748325 0.137567869338999 0.110488407149312 0.172650294318331 0.201144495266205 0.207112232847282 0.207310168943565 0.207304163572545 0.20701259835371 0.203484926996855 0.196045375025568 0.195151726763296 0.274837796003104 0.485146856788557 0.509599283805935 0.378187981849372 0.262255389039685 0.212227575905786 0.202008568350624 0.212889013739059 0.248347640573359 0.302674282148404 0.345304726132395 0.381027606718297 0.409232022315034 0.47977065690352 0.542146967916722 0.654108693994294 0.782147660028417 0.837362072165548 0.800830786531025 0.715577915434617 0.682021974006917 0.690939258046189 0.673947977932648 0.691965151737957 0.672119269855338 0.671870511108577 0.699172747204913 0.719514752076339
-9999 -9999 -9999 -9999 -9999 -9999 -9999 -9999 -9999 -9999 -9999 -9999 -9999 -9999 -9999 0.208188172027512 0.210248736078346 0.157004582886565 0.0665705518873126 0.14502707201861 0.203014768292622 0.207166321557048 0.207312437056627 0.207313031198204 0.207313031829955 0.207313002486131 0.207310341923729 0.207221515334363 0.203639833938149 0.194772665649182 0.319834051967005 0.652598664123823 0.431759929104665 0.276445297746583 0.24236910393703 0.243448162110438 0.268320368463081 0.303182228902084 0.34000808393562 0.400519592277167 0.470446829304266 0.506684977720247 0.509430896892649 0.559923009667403 0.683179993962771 0.77125165489428 0.775600712907569 0.747855858802392 0.7450214304078 0.758132718233771 0.761289501642072 0.749816426442718 0.719470345044618 0.710940199718497 0.718558394533209 0.701313940341912
-9999 -9999 -9999 -9999 -9999 -9999 -9999 -9999 -9999 -9999 -9999 -9999 -9999 -9999 -9999 0.207375788956815 0.213368036933819 0.191168146754755 0.0911399694587826 0.0766933343524533 0.194891303472674 0.204688675584032 0.207222419376538 0.207310487049658 0.207313033064222 0.207313045798461 0.207313045773343 0.207313045778805 0.207313009877267 0.206665212111451 0.207324765470019 0.419036559565795 0.636719795690421 0.390516247812137 0.312318464393761 0.278035039809165 0.289030400850901 0.306177782655965 0.343496457333412 0.420017352249805 0.500878940316781 0.545798226779157 0.496014615093688 0.495600435147271 0.607924182969967 0.725411835679886 0.75819399146381 0.785109614248562 0.805271861650601 0.826443763651431 0.852243341977365 0.831721163074507 0.792508175077403 0.784151555902681 0.775411964501736 0.742115269367474
-9999 -9999 -9999 -9999 -9999 -9999 -9999 -9999 -9999 -9999 -9999 -9999 -9999 -9999 -9999 0.207316307415656 0.211960037820939 0.209260374861811 0.188666885530913 0.0886829328425287 0.0557489137906053 0.139403737623594 0.190548796620598 0.204562798661127 0.207130613869987 0.207297235768498 0.207312633309384 0.207313029936961 0.207312965456225 0.207299620904683 0.206709193719341 0.233554299213123 0.703436548243095 0.651495106427846 0.471547434896208 0.355711384101891 0.328798726465743 0.33858634375065 0.369567901384528 0.435786485134959 0.50185821668082 0.549926129694078 0.468282466058567 0.455114779911198 0.506155877558428 0.646179437192182 0.731631425358288 0.799430521024706 0.851102304696552 0.879853214217691 0.88557061934748 0.896752667055903 0.898576246476469 0.909390899109892 0.916704441241351 0.931619963393582
-9999 -9999 -9999 -9999 -9999 -9999 -9999 -9999 -9999 -9999 -9999 -9999 -9999 -9999 -9999 -9999 0.207493536925461 0.211979440250655 0.201618970942168 0.194759735587456 0.168341866218001 0.114454615813983 0.132728157881331 0.166729908334496 0.189363532354127 0.198654427557598 0.206213767675859 0.207111209659171 0.207228197415043 0.207263462418349 0.207204902623431 0.207024558810014 0.307309131086796 0.690552455078333 0.762782141785174 0.52508690663456 0.410706486481222 0.38770232408728 0.393425779562596 0.450809725827362 0.512619539529481 0.512160359612394 0.421387978397946 0.418274972071303 0.477178910919362 0.606045362761532 0.726020568835673 0.817614170974545 0.882237099658004 0.920840326642787 0.932538803703541 0.961566916273243 0.985658568742271 1.01611357297804 1.03843686326723 1.05820614231243
-9999 -9999 -9999 -9999 -9999 -9999 -9999 -9999 -9999 -9999 -9999 -9999 -9999 -9999 -9999 -9999 -9999 0.207563330807641 0.214681217951159 0.18737556953927 0.206684950005186 0.179798363488167 0.0805664502039389 0.0749445244068428 0.116730378334108 0.161408403434129 0.18932725586522 0.200642668371602 0.204971137567104 0.206986513683918 0.207269606363048 0.207115311407365 0.207210137615308 0.229973318682681 0.564231831451947 0.808207830119534 0.624902764508901 0.487567891525968 0.412047828611246 0.429511772105716 0.421205792259195 0.428461825967956 0.409252287961581 0.438777403656209 0.514997583148257 0.636306725162491 0.727387130281518 0.808838273045588 0.871724777877572 0.916418116668513 0.94553346854573 0.964447063758765 0.972242276312139 1.00338844798974 1.04020158256738 1.05823431475078
-9999 -9999 -9999 -9999 -9999 -9999 -9999 -9999 -9999 -9999 -9999 -9999 -9999 -9999 -9999 -9999 -9999 -9999 -9999 0.209919716818394 0.16274505984036 0.204724311874959 0.184708623887375 0.0939433928774672 0.0474915702799036 0.0878167073214326 0.133315758237123 0.177741254034922 0.193669772043833 0.204359718496092 0.207124707297728 0.207194850830052 0.207199475647769 0.206507549158803 0.218308602125702 0.549044689226334 0.822302909644183 0.708644326698513 0.515081133871495 0.452333207334196 0.382536186738802 0.416423786938497 0.434051723154426 0.468359997078465 0.561104535074425 0.630111298288933 0.691740445764885 0.756783575760426 0.814441767705459 0.859120792089584 0.876514275124855 0.909638770879293 0.908981753083477 0.945059401284072 0.994307114463404 1.02240144563017
-9999 -9999 -9999 -9999 -9999 -9999 -9999 -9999 -9999 -9999 -9999 -9999 -9999 -9999 -9999 -9999 -9999 -9999 -9999 -9999 -9999 0.2104105531703 0.211319846817675 0.207744627967903 0.160553995201888 0.0524278160657012 0.0716903269109035 0.140593458253092 0.171093545599806 0.189293387626359 0.199647995094781 0.206102715246602 0.207275276415405 0.207255936451083 0.206221493326711 0.20654320518247 0.329596621431642 0.852127061382435 0.73110742165112 0.647138344892342 0.540090409808936 0.489439439330525 0.479891482818774 0.525123701742968 0.565536766869536 0.613074072422213 0.671303264458623 0.712630922808505 0.766199135030838 0.829430616985268 0.858094818661721 0.87972403070626 0.888860863344898 0.910767749655216 0.952782614931411 0.980559218892323
-9999 -9999 -9999 -9999 -9999 -9999 -9999 -9999 -9999 -9999 -9999 -9999 -9999 -9999 -9999 -9999 -9999 -9999 -9999 -9999 -9999 -9999 -9999 0.209321569581289 0.20917474132732 0.180560508424173 0.0960053281564767 0.107922548800148 0.14638276937288 0.161869190272383 0.169956945241501 0.194657545496068 0.206662607895152 0.207241204483233 0.207215454091046 0.206496747446803 0.206680771870579 0.34252182842517 0.831956663691873 0.939863237261084 0.718879452520655 0.56613926772269 0.517423700495824 0.516168532201374 0.549591782199909 0.598136971018876 0.653896568647629 0.698474370833155 0.749816651039308 0.805656283568987 0.840138769551234 0.852634776053906 0.850446964589401 0.871991311125827 0.907741939776208 0.943662332071761
-9999 -9999 -9999 -9999 -9999 -9999 -9999 -9999 -9999 -9999 -9999 -9999 -9999 -9999 -9999 -9999 -9999 -9999 -9999 -9999 -9999 -9999 -9999 -9999 -9999 0.213670231562712 0.205825651899996 0.139946912245442 0.146941686104865 0.162130710829261 0.165851674858645 0.158017945937948 0.183678585646873 0.201020221861096 0.206710739266726 0.2072637816111 0.206897877290345 0.208084251264057 0.288481265140048 0.905800989559774 0.85859187046764 0.614427975608392 0.493186110081301 0.481431738569305 0.530540057616758 0.589060702262707 0.645290628085419 0.710289883076788 0.750300529950844 0.78887566903393 0.820597735240457 0.820341548408055 0.799072054000897 0.819116895417062 0.884116112669716 0.93286784713915
-9999 -9999 -9999 -9999 -9999 -9999 -9999 -9999 -9999 -9999 -9999 -9999 -9999 -9999 -9999 -9999 -9999 -9999 -9999 -9999 -9999 -9999 -9999 -9999 -9999 0.207930006145312 0.213811465575213 0.205235528166078 0.192561825698289 0.19517284445158 0.195019051823631 0.183239599071709 0.157140640520051 0.148830938206966 0.184114394866296 0.203766231970929 0.204390847689068 0.205546477306423 0.218515164240206 0.604790555214148 0.985757329383342 0.690942725454939 0.508038248336331 0.465855347254431 0.502022754703691 0.562682957825075 0.610016585640669 0.669571820784579 0.710845889096574 0.745032559725234 0.771947601653281 0.767887392649079 0.76974289749684 0.805003513101671 0.873434404600976 0.922113152532349
-9999 -9999 -9999 -9999 -9999 -9999 -9999 -9999 -9999 -9999 -9999 -9999 -9999 -9999 -9999 -9999 -9999 -9999 -9999 -9999 -9999 -9999 -9999 -9999 -9999 -9999 -9999 0.204049436001501 0.194509213172077 0.206509002994599 0.207124885905606 0.205965840910522 0.202679589088862 0.187442515274024 0.137753157174867 0.11747717259796 0.161724090786644 0.191479909288662 0.204645188734057 0.375404003189185 0.896022663437089 0.776941409395071 0.54456713595643 0.468505105484752 0.486958775083637 0.530509229040528 0.575841665726425 0.60727081123265 0.634330640583278 0.6796045769367 0.697818649193087 0.722239095198421 0.74707872598165 0.800126481928964 0.884866920153628 0.929485190551495
-9999 -9999 -9999 -9999 -9999 -9999 -9999 -9999 -9999 -9999 -9999 -9999 -9999 -9999 -9999 -9999 -9999 -9999 -9999 -9999 -9999 -9999 -9999 -9999 -9999 -9999 -9999 0.192163158707845 0.109458140277784 0.204845380310188 0.207252489965141 0.207121673567869 0.206623415547958 0.204609858779907 0.190924914056404 0.156538871879446 0.120244190834631 0.158408042599996 0.193301948575288 0.275850567289137 0.69876818999222 0.809745255395043 0.583882865521578 0.47339904928545 0.466142855797533 0.498041058086509 0.527344348028464 0.554509270129601 0.579097688238834 0.59845025595049 0.634644589860296 0.705994003696986 0.772600441380181 0.837875171078227 0.898006204019961 0.939162321588767
-9999 -9999 -9999 -9999 -9999 -9999 -9999 -9999 -9999 -9999 -9999 -9999 -9999 -9999 -9999 -9999 -9999 -9999 -9999 -9999 -9999 -9999 -9999 -9999 -9999 -9999 -9999 -9999 0.0581444055369792 0.189900350924414 0.207042424823745 0.20708594825469 0.206758259491159 0.206074977937089 0.201550150106199 0.184221814892092 0.135092507838334 0.140436990701258 0.183909238810347 0.242458963266195 0.565970550258042 0.777025118533861 0.545235802345977 0.426793237983698 0.439036586314613 0.468324459182798 0.49044786396576 0.510728128670526 0.539416497630382 0.557016842357663 0.586215287443158 0.68812518640568 0.784720917821195 0.851099274916181 0.909806072568322 0.948213281120766
-9999 -9999 -9999 -9999 -9999 -9999 -9999 -9999 -9999 -9999 -9999 -9999 -9999 -9999 -9999 -9999 -9999 -9999 -9999 -9999 -9999 -9999 -9999 -9999 -9999 -9999 -9999 -9999 0.0714486909465001 0.174477210471258 0.205528079759881 0.206987460357283 0.206716541766295 0.206391608336047 0.203260974287169 0.187857223475652 0.148911105272201 0.143876958168955 0.185092830801884 0.230042088230023 0.470881428946433 0.701601268702187 0.520744288660872 0.395902577313458 0.373573759485993 0.408734122760795 0.455102765153663 0.490557786700199 0.531783266715348 0.555956718215971 0.590985002972315 0.674242693920768 0.768597572213363 0.837970224352027 0.913061710132312 0.961269618133694
-9999 -9999 -9999 -9999 -9999 -9999 -9999 -9999 -9999 -9999 -9999 -9999 -9999 -9999 -9999 -9999 -9999 -9999 -9999 -9999 -9999 -9999 -9999 -9999 -9999 -9999 -9999 -9999 0.090227084543144 0.156648001015687 0.205182693690222 0.206919070741764 0.206810218220694 0.206642992707281 0.202695251591739 0.188970117489953 0.153601643877008 0.15445878122906 0.188864376637238 0.223149974194019 0.395860507807387 0.674152555616576 0.477238722927062 0.352035047696014 0.321676967126174 0.306596665587914 0.39755613169262 0.471342122097656 0.522088125733038 0.565779702923679 0.567634664041294 0.6776047849135 0.7548317450016 0.828223416969938 0.917328963276224 0.970833443548105
-9999 -9999 -9999 -9999 -9999 -9999 -9999 -9999 -9999 -9999 -9999 -9999 -9999 -9999 -9999 -9999 -9999 -9999 -9999 -9999 -9999 -9999 -9999 -9999 -9999 -9999 -9999 -9999 0.0854272017642184 0.145926747712744 0.204555041043644 0.206708231539952 0.206633349789782 0.206375752464429 0.201787671082925 0.179208563380312 0.14756097546554 0.166052871814311 0.195396853280305 0.224376751775015 0.404686030619824 0.591835325917082 0.430197934081562 0.321284737776471 0.281385120491027 0.281776922383128 0.327630219129095 0.405424110540794 0.482669104930258 0.559305545702926 0.628190090208636 0.69155785434901 0.75209519499397 0.829108842285217 0.914509769779589 0.972290384678743
-9999 -9999 -9999 -9999 -9999 -9999 -9999 -9999 -9999 -9999 -9999 -9999 -9999 -9999 -9999 -9999 -9999 -9999 -9999 -9999 -9999 -9999 -9999 -9999 -9999 -9999 -9999 -9999 0.0926677805676843 0.13923089857635 0.207116100235208 0.206370076524251 0.206498159913283 0.206119386749885 0.200014474486337 0.171903608803989 0.146683669602627 0.177816793805796 0.199943230986428 0.229397833345754 0.401968068178248 0.530660290872853 0.381590331847211 0.29627943263099 0.261430197072614 0.253618514801146 0.286743718915419 0.350653625510197 0.429939948035817 0.547552887590953 0.63079783585018 0.680675002421597 0.735346884015505 0.809090198675021 0.894826897434538 0.967691523765115
