data/03_saidas_enm/CCSM_Gower_0k_B.balansae3.asc
NCOLS 154 
NROWS 168 
XLLCORNER -112 
YLLCORNER -55.5 
CELLSIZE 0.5 
NODATA_value -9999 
[rows 84 to 111 of 168, columns 63 to 125 of 154]
-9999 -9999 -9999 -9999 -9999 -9999 -9999 -9999 0 0 0 0 0 0 0 0 0 0 0 0 0 0 0 0 0.402205472051362 0.532208542938061 0.535167133147572 0.428188244260191 0.356066191894748 0.34986503386926 0.354693301613236 0.384973639940348 0.438177546062863 0.484450994457477 0.538717957528427 0.584433530901871 0.629797130623278 0.661562127152929 0.672545510458938 0.68709562962455 0.700261657347438 0.701186615218706 0.688675900702942 0.675094387060713 0.670520430616939 0.677994206909735 0.677295462148555 0.673982097106987 0.688927762990298 0.683108017861336 0.679817052214693 0.678523123531209 0.673030617354752 0.659118440436934 0.688433222583078 0.692698743475522 0.685829293031557 0.690141148083153 0.694278867065635 0.686785766513679 0.67849062387509 0.693000669321454 0.679374585097082
-9999 -9999 -9999 -9999 -9999 -9999 -9999 -9999 0 0 0 0 0 0 0 0 0 0 0 0 0 0 0 0 0 0.527411783241262 0.598225149242722 0.579328807741297 0.455839500272056 0.399248185566172 0.398554263398292 0.424085428316544 0.468358482397714 0.503427460178186 0.552354227570334 0.584145671792227 0.618139763267798 0.655408097684721 0.68184166661472 0.696365916349273 0.707630675950572 0.705023448717229 0.685292453398662 0.661245684791891 0.642578669043745 0.629411527584709 0.627955733143832 0.634892069409034 0.6401874027299 0.663056603146305 0.680711631685793 0.690354442373505 0.694283445849774 0.701531428761405 0.707934487116031 0.701486540451764 0.699213622285217 0.70436402275318 0.708766358066355 0.707689819189465 0.706416083588313 0.713448758407983 0.67787073382089
-9999 -9999 -9999 -9999 -9999 -9999 -9999 -9999 -9999 0 0 0 0 0 0 0 0 0 0 0 0 0 0 0 0 0.181172839267854 0.502872893099654 0.63203693198937 0.611672017171484 0.525356201196633 0.474223354371963 0.467710194546841 0.501983458396586 0.504299265433765 0.563394025945413 0.583057243141597 0.604569460938517 0.628876105017098 0.654632854803597 0.676828274693365 0.700757309598341 0.699025302173656 0.674225697799332 0.649686898847408 0.630694838373197 0.609050477597488 0.611591479087318 0.624746427628968 0.629698086077675 0.66560530520734 0.69515096319476 0.708755229469126 0.715804485281436 0.717164823689105 0.707231418361531 0.703167905942525 0.704141515553756 0.713124596907247 0.72366717850072 0.727200520833333 0.729274348677106 0.710212012374658 0.67452813052088
-9999 -9999 -9999 -9999 -9999 -9999 -9999 -9999 -9999 -9999 0 0 0 0 0 0 0 0 0 0 0 0 0 0 0 0 0 0.439422728463717 0.668724057324166 0.645228662914041 0.591892849954469 0.52875640823693 0.529710687953415 0.549431623680839 0.561576529238651 0.576179510680695 0.590035046795122 0.599644815473148 0.612065380103232 0.630622100239008 0.644348068867924 0.665788013025728 0.662398235476237 0.649744148210022 0.635440069151379 0.631416564331769 0.639916922763645 0.653983800957065 0.666326746985241 0.69342335895342 0.709772777047062 0.719449693826453 0.723790073203217 0.71807183862791 0.707144575308975 0.696124919381449 0.703121334668227 0.72157340225282 0.732700712068035 0.740353812320014 0.741604531048895 0.709050219454875 0.675947785714849
-9999 -9999 -9999 -9999 -9999 -9999 -9999 -9999 -9999 -9999 -9999 -9999 0 0 0 0 0 0 0 0 0 0 0 0 0 0 0 0 0.381852064766241 0.63364490881577 0.669937697267398 0.652613825833914 0.586041464941365 0.549842409749323 0.550273117397819 0.556391204493732 0.563675090097533 0.569814025358576 0.579621928820761 0.598875595395284 0.611915736606856 0.632909221169175 0.647361945419366 0.609507317539597 0.605251070539357 0.584926309020278 0.586316922771178 0.609102687410007 0.628509259884209 0.681430144963403 0.718585700542115 0.724271007744206 0.724647031362491 0.715305347447204 0.705746087188025 0.698482280792537 0.708726198779098 0.721369028223268 0.721728890718037 0.741814103088771 0.746025721067315 0.724993981369262 0.689602431326688
-9999 -9999 -9999 -9999 -9999 -9999 -9999 -9999 -9999 -9999 -9999 -9999 -9999 -9999 0 0 0 0 0 0 0 0 0 0 0 0 0 0 0 0.0890996205119177 0.664969473465213 0.695454165393974 0.69776033063003 0.579910868946375 0.530269302955755 0.521414778363414 0.526890510327048 0.541728689957928 0.5625837272607 0.587867146483326 0.613573242950103 0.638260713511722 0.63200154300156 0.593810679520638 0.577435533282337 0.574195567479602 0.579654080798536 0.58874537849472 0.617465043421526 0.665197224847012 0.708655666921646 0.724133116225702 0.717812734356251 0.705346505512924 0.685679401806944 0.675050814185195 0.673852623805928 0.679402482578913 0.697437612509311 0.736905016531823 0.744394151592873 0.736925499085073 0.717797194099635
-9999 -9999 -9999 -9999 -9999 -9999 -9999 -9999 -9999 -9999 -9999 -9999 -9999 -9999 -9999 -9999 0 0 0 0 0 0 0 0 0 0 0 0 0 0 0.0975612730147013 0.585245412502825 0.719625364925207 0.656965532835345 0.538412300262996 0.487039294158344 0.484026386827666 0.508346633690532 0.543382567176134 0.578005655515215 0.614764985841265 0.645663356441337 0.631154110796136 0.591572221097312 0.577685488285937 0.575466940769738 0.575697547321214 0.578726929970602 0.595940246655268 0.634401126034917 0.680100351346892 0.70776563812395 0.685642647263974 0.637737424566963 0.610264368890008 0.602609038477476 0.614476084323364 0.640690335511323 0.677802385905199 0.73354864211525 0.739974080198584 0.733322187350012 0.720416844777418
-9999 -9999 -9999 -9999 -9999 -9999 -9999 -9999 -9999 -9999 -9999 -9999 -9999 -9999 -9999 -9999 -9999 -9999 0 0 0 0 0 0 0 0 0 0 0 0 0 0 0.538840283402328 0.719889374475042 0.559502368454513 0.455647523418152 0.441015039248601 0.474058731082864 0.51974662916056 0.565311439413945 0.610911318340157 0.647020803637567 0.628143401652868 0.588584741345692 0.575158490445764 0.576114888933885 0.571215474637029 0.559110843007559 0.560827193199544 0.591550979046676 0.624352417431606 0.6745389837563 0.644620986792559 0.556233646416149 0.544824295010288 0.544738585886976 0.572032501774668 0.621650362629381 0.67129505584477 0.718685495785337 0.730037900092993 0.729338206068515 0.722955991645668
-9999 -9999 -9999 -9999 -9999 -9999 -9999 -9999 -9999 -9999 -9999 -9999 -9999 -9999 -9999 -9999 -9999 -9999 0 0 0 0 0 0 0 0 0 0 0 0 0 0 0.265202736906048 0.573760358546316 0.602694515954509 0.455973423994539 0.415986276502265 0.443713673359185 0.491705879234044 0.542871516876461 0.591521752615158 0.63291879588205 0.632793292161627 0.594164576208903 0.577465230906527 0.573829971727262 0.565349612655988 0.553166481056516 0.549853996055316 0.570680729916607 0.60617025325474 0.669523628734701 0.626555279553304 0.5434836421693 0.533267655178556 0.546583455462399 0.584119032470116 0.64079322506701 0.684337193649508 0.711496533402328 0.724859789341853 0.726838749775018 0.722844400572954
-9999 -9999 -9999 -9999 -9999 -9999 -9999 -9999 -9999 -9999 -9999 -9999 -9999 -9999 -9999 -9999 -9999 -9999 -9999 -9999 0 0 0 0 0 0 0 0 0 0 0 0 0 0.401343001934845 0.650244547690049 0.468975652431745 0.403147680422852 0.41877754982068 0.461776060335105 0.511021594838303 0.562014186275524 0.606191448185618 0.635688754274658 0.597786655192585 0.576884552360811 0.570119906032517 0.563356872075234 0.554455252954764 0.561138680780538 0.586828756824454 0.617499484416247 0.679457652762779 0.632497971808133 0.567112913919728 0.573210616143069 0.599293215029005 0.640560420556394 0.691312576025022 0.71204380212083 0.723858056980442 0.730280580678546 0.730889231986441 0.72794378637209
-9999 -9999 -9999 -9999 -9999 -9999 -9999 -9999 -9999 -9999 -9999 -9999 -9999 -9999 -9999 -9999 -9999 -9999 -9999 -9999 0 0 0 0 0 0 0 0 0 0 0 0 0 0.252400417341613 0.657272252594792 0.507327608839004 0.408289983306025 0.399413671094199 0.43216602269001 0.476033875951873 0.523600888646604 0.573123169672663 0.624924682786159 0.591661313969882 0.565777603416727 0.553718211918047 0.554166263573914 0.565519249085073 0.588630187709983 0.621375230606551 0.6557734599982 0.702704555510559 0.665993830744815 0.636665674448437 0.644283748417727 0.673992383727724 0.707582406876909 0.730462141153708 0.736001797981161 0.740444405072594 0.743006106386489 0.741047919291457 0.736270051520878
-9999 -9999 -9999 -9999 -9999 -9999 -9999 -9999 -9999 -9999 -9999 -9999 -9999 -9999 -9999 -9999 -9999 -9999 -9999 -9999 -9999 0 0 0 0 0 0 0 0 0 0 0 0 0.150440261654068 0.598539726196904 0.536479649616986 0.410897123570935 0.384834098795594 0.401036276064711 0.444849891924141 0.486529447132399 0.540665163282315 0.576181033642309 0.568684089647828 0.556710472537197 0.532951848227142 0.545362980336573 0.582465905852532 0.619350636324094 0.664159495365371 0.700973131524478 0.722533938753753 0.708499468757866 0.712210956920484 0.718105338056858 0.741983243480316 0.745581644093472 0.745127686660067 0.745487039161867 0.745755648923086 0.746752300440965 0.744725906302496 0.739210097567195
-9999 -9999 -9999 -9999 -9999 -9999 -9999 -9999 -9999 -9999 -9999 -9999 -9999 -9999 -9999 -9999 -9999 -9999 -9999 -9999 -9999 0 0 0 0 0 0 0 0 0 0 0 0 0.100413263813895 0.563802786402088 0.573872159308809 0.427698814279912 0.38173221355522 0.393484028246432 0.431627676737103 0.475019786453017 0.491696617395608 0.531185177060835 0.558527877144828 0.56436250412467 0.543767295491361 0.564677647663187 0.611050562829974 0.661184164641829 0.709360535532157 0.730473896463283 0.739172319339453 0.738932713507919 0.736358919411447 0.740497744555435 0.743301114035877 0.745170601976842 0.746206175380969 0.746499851886849 0.746757512523998 0.746757512523998 0.742839657202424 0.723181873575114
-9999 -9999 -9999 -9999 -9999 -9999 -9999 -9999 -9999 -9999 -9999 -9999 -9999 -9999 -9999 -9999 -9999 -9999 -9999 -9999 -9999 0 0 0 0 0 0 0 0 0 0 0 0 0.0788453642458603 0.566792759704224 0.580569670964477 0.422563087577222 0.378762752771133 0.386047178882919 0.423969579438458 0.423345679220662 0.42966711100612 0.502823102276818 0.574684003404728 0.56002190762239 0.549430354946604 0.595211417461603 0.652656390613751 0.701825663321934 0.733319412571994 0.746416364815815 0.746757512523998 0.744615496385289 0.734766496805256 0.737526182280418 0.737009286132109 0.739219115595752 0.74279850424466 0.743208458948284 0.746757512523998 0.745031994315455 0.73335788449424 0.696065955348572
-9999 -9999 -9999 -9999 -9999 -9999 -9999 -9999 -9999 -9999 -9999 -9999 -9999 -9999 -9999 -9999 -9999 -9999 -9999 -9999 -9999 0 0 0 0 0 0 0 0 0 0 0 0 0.139423174271058 0.594709557610391 0.580960226591243 0.417035132246861 0.36654781282157 0.379897098861999 0.416697675094988 0.448273684980202 0.451198732226422 0.487453738075954 0.527137750854932 0.551258258714303 0.573590140913727 0.625488351556875 0.683427685160187 0.725365005174586 0.743437115655748 0.746757512523998 0.745844948029158 0.746757512523998 0.744953269363451 0.742753957808375 0.740419057100432 0.74168593075054 0.744331906572474 0.7461796087563 0.746467810700144 0.741755037721982 0.717519864035877 0.67419221149808
-9999 -9999 -9999 -9999 -9999 -9999 -9999 -9999 -9999 -9999 -9999 -9999 -9999 -9999 -9999 -9999 -9999 -9999 -9999 -9999 -9999 0 0 0 0 0 0 0 0 0 0 0 0 0.211412352636789 0.59837291542002 0.548620243980157 0.384015049029222 0.347098804087476 0.36579254299741 0.402187828326428 0.4489667289023 0.475492007514399 0.482733334458243 0.495686673191145 0.560519605306576 0.602049914131869 0.656092540721742 0.709485625524958 0.735141935520158 0.746057143553516 0.746262983336333 0.744903829568635 0.746562303140749 0.746757512523998 0.745705477936765 0.743311050740941 0.743175236606072 0.745429968727502 0.746757512523998 0.744613284062275 0.731993443649508 0.700383734926206 0.655106800830934
-9999 -9999 -9999 -9999 -9999 -9999 -9999 -9999 -9999 -9999 -9999 -9999 -9999 -9999 -9999 -9999 -9999 -9999 -9999 -9999 -9999 0 0 0 0 0 0 0 0 0 0 0 0 0.310306566099712 0.599175791931138 0.523721010111617 0.36667267016607 0.330769967780576 0.351016946469633 0.385885296741458 0.427576389221344 0.454188743025558 0.498791424811015 0.556679237535997 0.591755768913487 0.633297251844852 0.682504059050276 0.723333417701584 0.742277670911327 0.746757512523998 0.745203918061555 0.743623138273938 0.744263474547036 0.745438686780058 0.746449905882529 0.746757512523998 0.746757512523998 0.746757512523998 0.745861334218263 0.738760527282817 0.715790202408807 0.677703374355052 0.628290446139309
-9999 -9999 -9999 -9999 -9999 -9999 -9999 -9999 -9999 -9999 -9999 -9999 -9999 -9999 -9999 -9999 -9999 -9999 -9999 -9999 -9999 0 0 0 0 0 0 0 0 0 0 0 0 0.408595859206264 0.568268464436285 0.475523610675702 0.331912601660543 0.310289257995786 0.335373204033528 0.36794394494643 0.404896944431146 0.446804833738301 0.521127356686465 0.580109467023093 0.609295103266739 0.641751119285457 0.685944033852292 0.722526857226422 0.744385752264819 0.746757512523998 0.744838809770218 0.742369576058915 0.742166529802616 0.741187014413847 0.742839169741421 0.727890882254157 0.726034864068808 0.74308443761999 0.740624896883249 0.714761247225222 0.679711413711903 0.630132298791097 0.584741673791097
-9999 -9999 -9999 -9999 -9999 -9999 -9999 -9999 -9999 -9999 -9999 -9999 -9999 -9999 -9999 -9999 -9999 -9999 -9999 -9999 0 0 0 0 0 0 0 0 0 0 0 0 0.0965835076943845 0.501854367275618 0.51064360651037 0.441819083483775 0.313552285396452 0.294145635758361 0.320418068770118 0.353813534783233 0.391011924893069 0.443598403596797 0.504796023868833 0.560102641179399 0.59893798545982 0.613481024643029 0.655393465397768 0.707764513213943 0.733728036132109 0.746047713057955 0.736892780039189 0.72659245776218 0.725735412861575 0.726621880344011 0.723870095522292 0.692629173746283 0.692417773143121 0.714811305720542 0.695347962787977 0.650930009974202 0.594434648353132 0.545643307910367 0.514993916111711
-9999 -9999 -9999 -9999 -9999 -9999 -9999 -9999 -9999 -9999 -9999 -9999 -9999 -9999 -9999 -9999 -9999 -9999 -9999 -9999 0 0 0 0 0 0 0 0 0 0 0 0 0.185849897633189 0.49100055894594 0.481483434213725 0.396727076155516 0.286547348242088 0.276504323806494 0.305893094212601 0.338535265829549 0.376566398574706 0.428735418510185 0.490154589144438 0.547308508316359 0.583649176600431 0.601419045851332 0.639770490235781 0.694939564209863 0.727019522813175 0.732579479411465 0.709151732005161 0.700340549761773 0.704711132997966 0.707227270743855 0.72315689757991 0.70260851282195 0.694773358756299 0.665836942419606 0.621648977456803 0.566189939179866 0.504723281512479 0.452343046931245 0.436349076448884
-9999 -9999 -9999 -9999 -9999 -9999 -9999 -9999 -9999 -9999 -9999 -9999 -9999 -9999 -9999 -9999 -9999 -9999 -9999 -9999 0 0 0 0 0 0 0 0 0 0 0 0 0.285502862895968 0.529403943373997 0.489003463802536 0.371041145784269 0.273862301472704 0.265414933823806 0.289854967551504 0.323327443083222 0.360595108299783 0.413749744545631 0.477681781843771 0.537139313874016 0.577666062069878 0.613288009164956 0.649894298515868 0.690058063886066 0.703928101682448 0.700261782019395 0.688531439150735 0.689464010322838 0.698629053137266 0.710820441214056 0.697732303290737 0.679596972867171 0.639011025992921 0.592137825848932 0.540371773383129 0.480808988405928 0.414785114065875 0.38056872637689 0.371250253104752
-9999 -9999 -9999 -9999 -9999 -9999 -9999 -9999 -9999 -9999 -9999 -9999 -9999 -9999 -9999 -9999 -9999 -9999 -9999 -9999 0 0 0 0 0 0 0 0 0 0 0 0 0.333358267481444 0.519914977881117 0.478214751601515 0.344892450493329 0.262473508674124 0.251472626873954 0.273018143823512 0.305216301000146 0.34354919806632 0.395924331713354 0.461495163483075 0.521878701514503 0.550641711496624 0.573379948178023 0.601502184876045 0.633638742226184 0.658710006794622 0.670798931145756 0.674794750479468 0.685621678791015 0.688666537394412 0.683794807188425 0.643583035232181 0.608628894063475 0.558145595227382 0.506170215757739 0.445527217197624 0.381659607856372 0.327941499055076 0.318716955768539 0.353577073209143
-9999 -9999 -9999 -9999 -9999 -9999 -9999 -9999 -9999 -9999 -9999 -9999 -9999 -9999 -9999 -9999 -9999 -9999 -9999 -9999 0 0 0 0 0 0 0 0 0 0 0 0 0.335341931785833 0.458840496776191 0.440833943186989 0.328807563456924 0.255342760564743 0.240488056832613 0.255493716723369 0.28840051847585 0.32735936239619 0.378719241878353 0.442570595490516 0.48028387389016 0.492087016870194 0.51339599761461 0.542823333603456 0.573245551808471 0.606984858590833 0.640342037513792 0.644355020849034 0.637955657690233 0.630824431150552 0.624104175115477 0.575531698089153 0.51547340900228 0.448005393943484 0.396623723227142 0.329534090397768 0.275524911132109 0.241388392053636 0.279955369195464 0.384094475566955
-9999 -9999 -9999 -9999 -9999 -9999 -9999 -9999 -9999 -9999 -9999 -9999 -9999 -9999 -9999 -9999 -9999 -9999 -9999 -9999 0 0 0 0 0 0 0 0 0 0 0 0 0.355515234088861 0.410017379270794 0.398808256608133 0.309196756231414 0.248467981593901 0.234626826852643 0.245813894349735 0.277456003936957 0.317096917457224 0.365961181488683 0.424482611600743 0.426491465165616 0.434125295316698 0.453006996174649 0.48401404221808 0.520612675397859 0.561018507552004 0.598471225787751 0.589510236699999 0.571604185192987 0.548679810467549 0.533663012190401 0.515878255507261 0.452852068709503 0.372102091207703 0.3236952450054 0.266045013273938 0.214658561690065 0.193198934710223 0.262639629454644 0.284700059955698
-9999 -9999 -9999 -9999 -9999 -9999 -9999 -9999 -9999 -9999 -9999 -9999 -9999 -9999 -9999 -9999 -9999 -9999 -9999 -9999 0 0 0 0 0 0 0 0 0 0 0 0 0.4124135444609 0.360245250517908 0.351380825037453 0.287299040418158 0.236796580334672 0.227499649956734 0.241073349764776 0.270917884225249 0.311173374628143 0.357738163261209 0.376743049018936 0.362838801237577 0.374312976480635 0.394405640990477 0.427490419999044 0.466902533541951 0.515357951889092 0.553152220231994 0.51630278739081 0.497728272672372 0.473225087415028 0.445630150648748 0.4366150317073 0.406120550677539 0.350013639533837 0.295476033792297 0.247541931020518 0.184015169411447 0.15822351399388 0.186548969728677 0.0232818884126437
-9999 -9999 -9999 -9999 -9999 -9999 -9999 -9999 -9999 -9999 -9999 -9999 -9999 -9999 -9999 -9999 -9999 -9999 -9999 -9999 0 0 0 0 0 0 0 0 0 0 0 0 0.339419797491185 0.288976277004465 0.294392400828653 0.26074156665982 0.2237269042225 0.216668062978961 0.23014476090758 0.259571849469041 0.299680727081046 0.343894398696763 0.321338374236125 0.311043836737917 0.322130290506438 0.343397082260635 0.378720479239002 0.418837737370211 0.467238466285586 0.472239276370097 0.437597766140889 0.41009059376133 0.376092014339268 0.346880237348999 0.319626642514834 0.297392053305371 0.282106638520805 0.248141577969687 0.218203234921827 0.162411565801069 0.104258753618679 0.0524082525433023 0
-9999 -9999 -9999 -9999 -9999 -9999 -9999 -9999 -9999 -9999 -9999 -9999 -9999 -9999 -9999 -9999 -9999 -9999 -9999 0 0 0 0 0 0 0 0 0 0 0 0 0.0337280521585057 0.217722513469766 0.189729918984007 0.209805968877724 0.230905236338403 0.202843895631512 0.200535057862667 0.212075868531985 0.244306938784125 0.268585430419542 0.26344533030796 0.2626399494663 0.268106565433038 0.281315309924096 0.300387501220746 0.335984960406264 0.373841018320544 0.417404176094983 0.417566111616179 0.367831798665144 0.336968286201185 0.299053747284197 0.257931355261817 0.241253207100534 0.205112299923927 0.186580805716348 0.150977241433554 0.114054175220341 0.0706928660399497 0.00471828999837975 0 0
-9999 -9999 -9999 -9999 -9999 -9999 -9999 -9999 -9999 -9999 -9999 -9999 -9999 -9999 -9999 -9999 -9999 -9999 -9999 0 0 0 0 0 0 0 0 0 0 0 0 0.152573810993158 0.091508239777419 0.0824964520438928 0.109442550123321 0.158838202812184 0.182623118752117 0.182078061450095 0.182606288037934 0.192103922387551 0.201923459729919 0.212149801667695 0.218900912806511 0.228918803232328 0.251723423575052 0.279719134859734 0.316611686333668 0.350344801075503 0.382941603712813 0.337866089969027 0.293165598955212 0.257735342733912 0.211901519474529 0.172649221367708 0.133851908970245 0.105329813400079 0.0852235221347913 0.0442039363527077 0.0100315168235814 0 0 0 0
