data/03_saidas_enm/CCSM_Gower_21k_B.balansae4.asc
NCOLS 154 
NROWS 168 
XLLCORNER -112 
YLLCORNER -55.5 
CELLSIZE 0.5 
NODATA_value -9999 
[rows 56 to 83 of 168, columns 63 to 125 of 154]
-9999 0 0 0 0 0 0 0 0 0 0 0 0 0 0 0 0 0 0 0 0 0 0 0 0 0 0 0 0.124275631680072 0.196763025622165 0.209497642661081 0.221375545180078 0.22578352480868 0.224480360011054 0.22081364867027 0.208557584937965 0.194073524247657 0.183572670244752 0.172837947234672 0.167104860544027 0.16574539077386 0.162754650783459 0.16148856030902 0.158184332682961 0.138995568769731 0.127480223114792 0.133064272701598 0.147830098721715 0.150801168415808 0.157113281884147 0.146756349796942 0.112338524248412 0.0493563575547956 0 0 0 0 0 0.0239066516612828 0.0196343835610187 0.108938059080283 0.206515520619703 -9999
0 0 0 0 0 0 0 0 0 0 0 0 0 0 0 0 0 0 0 0 0 0 0 0 0 0 0 0 0 0.182235438834899 0.194631633846774 0.199920202675045 0.198311466911024 0.191115650901898 0.183082849710034 0.171095391708899 0.161695889773367 0.155011197619597 0.150132612521636 0.149704878621461 0.0687418716496248 0 0 0 0 0 0 0 0.00885655716269729 0.0216049184273253 0.012530794475485 0 0 0 0 0 0 0 0 0.0388544719651431 0.0869072953722668 0.109372312361703 0.111107590556173
0 0 0 0 0 0 0 0 0 0 0 0 0 0 0 0 0 0 0 0 0 0 0 0 0 0 0 0 0 0 0.166590864088461 0.177820617832661 0.174216148966366 0.165103657459643 0.157196977536191 0.145835964950557 0.127152841595799 0.0167359207379907 0 0 0 0 0 0 0 0 0 0 0 0 0 0 0 0 0 0 0 0 0 0 0 0.0590428254765804 0.111145151816832
0 0 0 0 0 0 0 0 0 0 0 0 0 0 0 0 0 0 0 0 0 0 0 0 0 0 0 0 0 0 0 0 0 0 0 0 0 0 0 0 0 0 0 0 0 0 0 0 0 0 0 0 0 0 0 0 0 0 0 0 0 0 0.0231443228883869
0 0 0 0 0 0 0 0 0 0 0 0 0 0 0 0 0 0 0 0 0 0 0 0 0 0 0 0 0 0 0 0 0 0 0 0 0 0 0 0 0 0 0 0 0 0 0 0 0 0 0 0 0 0 0 0 0 0 0 0 0 0 0.0537865043950086
0 0 0 0 0 0 0 0 0 0 0 0 0 0 0 0 0 0 0 0 0 0 0 0 0 0 0 0 0 0 0 0 0 0 0 0 0 0 0 0 0 0 0 0 0 0 0 0 0 0 0 0 0 0 0 0 0 0 0 0 0 0 0
0 0 0 0 0 0 0 0 0.0584482645515202 0.0171647089861044 0 0 0 0 0 0 0 0 0 0 0 0 0 0 0 0 0 0 0 0 0 0 0 0 0 0 0 0 0 0 0 0 0 0 0 0 0 0 0 0 0 0 0 0 0 0 0 0 0 0 0 0 0
-9999 0 0 0 0 0 0 0 0.150204265333616 0.125121931123446 0.0634145918816365 0.0280193060903899 0 0 0 0 0 0 0 0 0 0 0 0 0 0 0 0 0 0 0 0 0 0 0 0 0 0 0 0 0 0 0.0160778613307093 0.0555043465308367 0.0730213397144031 0.107531637096332 0.127667161952479 0.136109337211721 0.150594017629545 0.127947353342608 0.131242421439837 0.107276255222481 0.0808356433693879 0.0635623212740172 0.0276083876337209 0.00972610468426172 0 0 0 0 0.0149153706746354 0 0
0 0 0 0 0 0 0 0.0832533989312636 0.226634005730754 0.199095147260875 0.146229624682124 0.106141696958859 0.0603716960355234 0.0175905478511643 0.00314525037176749 0 0.0134240238080418 0.0446582505894716 0.0580684881100388 0.0790223800171072 0.084364319953805 0.0883672399839917 0.0907758449803761 0.0746768110732953 0.0581960923004041 0.0249854318865597 0.00378249060455005 0 0 0 0 0 0 0 0 0 0 0.00854227437432664 0.0499562100200408 0.10423387985573 0.141227037289756 0.167306696704976 0.188072829201497 0.190670790191642 0.192706994927929 0.194703772157843 0.196427174954235 0.197550578373987 0.19674686501975 0.19367675574478 0.189444283063522 0.185915178395181 0.184266469684975 0.18087805732001 0.176365025983714 0.171530029318689 0.168166052657279 0.167658061184841 0.169005235183257 0.148521562665209 0.0450685274040122 0 0
0.0183696771901523 0 0 0 0 0 0.0282831702102024 0.200226689044038 0.258006098536559 0.248991474516013 0.216486618171526 0.181611031023705 0.101241990987139 0.0776016448506883 0.083999377174154 0.0886050990526398 0.115358779242258 0.147168742945138 0.174617870309575 0.18971645613543 0.19745433162325 0.192037568855283 0.185448235164557 0.18146434278139 0.177309291385376 0.173893295349944 0.169732130534081 0.122787928169016 0.102941269359039 0.0752829092908901 0.0419468133506907 0.0326572976893488 0.00862503059295916 0.0179464689885325 0.0360830061065576 0.0674323455736534 0.0984512673921421 0.144016633179467 0.188437291355603 0.200308742828765 0.201863604723405 0.177902804567241 0.127898287464796 0.107457240670704 0.148662673856967 0.174324641707552 0.212311613400573 0.210328285158011 0.208325071738322 0.208106303621928 0.205807633248349 0.203596342332571 0.203351393105225 0.201783191311196 0.196857713973441 0.192424223345655 0.156526485920797 0.0687767519279405 0 0 0 0 0
0.0485099735430979 0 0 0 0 0 0.126838132884236 0.272747840577813 0.280206340400155 0.259973422016652 0.240272915225147 0.212595427711149 0.192375758691404 0.152490991412623 0.142447995127547 0.156257787305369 0.185197133831114 0.219680894853749 0.214140597760476 0.208237146840709 0.204303824520065 0.199570373163946 0.194483975497805 0.18970085795085 0.186131873840291 0.183367257611742 0.181791123564454 0.182375710370421 0.183696937017805 0.185902041087721 0.181163245278861 0.171999338636995 0.159562310777683 0.150737583187026 0.164319665643768 0.180548732644906 0.209261497154856 0.214358446421188 0.217031195001486 0.216565919839062 0.144536088431224 0.114444271567684 0.0829365168224102 0.062284478875661 0.0774858798723578 0.101584621415338 0.138959783374695 0.176896880599727 0.206999314584398 0.225176212037679 0.224358010069338 0.206275226923269 0.175527465012403 0.137259113608086 0.0792987050458221 0.0223195115146217 0 0 0 0 0 0 0
0.103334338687863 0 0 0 0 0 0.0903649746879236 0.232225147887845 0.298649686346135 0.26397585935341 0.238732967213353 0.230263408988433 0.22822921458745 0.183896802890546 0.196942704857386 0.20892075666556 0.231227886831109 0.22659116532956 0.220502451881819 0.215662842354388 0.210734902745484 0.20675797640791 0.202741606979967 0.200284057781296 0.197059589039673 0.194689247874863 0.193454340973646 0.194279903088332 0.196408474160698 0.198702375831926 0.202342812557791 0.205807430656419 0.210720207038563 0.215585654829064 0.219967765026607 0.224778061060169 0.228880080122511 0.232755071551314 0.235364611449457 0.185983591979273 0.117709132834728 0.0933638810429436 0.0589402787579847 0.037480374412455 0.0497784753762579 0.0522350841673886 0.0680563319995655 0.0965107957461507 0.103444354960345 0.100358247405433 0.0909603578574675 0.0568427216996453 0.0301561051406427 0 0 0 0 0 0 0 0 0 0
0.24520845900265 0.0590292943650944 0 0 0 0 0 0 0.171372432907598 0.243849847172959 0.232241360752852 0.228524858549276 0.232375819458383 0.247676430714025 0.233743111434177 0.240603389414935 0.2329119400411 0.23155765974114 0.229279856336348 0.221473568506201 0.214500962051934 0.211536948612297 0.211070052133657 0.21057067861024 0.208776851742187 0.207250882573562 0.206887245643235 0.208226238044479 0.210855554031787 0.21398150075946 0.218165476049478 0.221873500559985 0.226943083095937 0.232325358483823 0.238057463382807 0.24326295393579 0.247352848650322 0.251687225072362 0.253688646332671 0.20553511706116 0.153649632171447 0.124885727603537 0.093059652262901 0.0651267787216935 0.056839053966891 0.0410332492199955 0.034255472128577 0.0373813456280883 0.0190019507190557 0.0114261521957236 0 0 0 0 0 0 0 0 0 0 0 0 0
0.165501278428206 0.143367207388562 0 0 0 0 0 0 0 0.220525064258004 0.227910256969682 0.231341883751712 0.233693321531055 0.258945345891955 0.252699530194509 0.237723280202301 0.230841808948537 0.232422290930323 0.234724140438804 0.226522611337252 0.217619818062058 0.216185264605839 0.21798870679857 0.220228812520389 0.219192710638466 0.218777708861891 0.219612153853506 0.221652690940297 0.225722606973734 0.228733154221289 0.234279840752354 0.23935149595959 0.245035228139292 0.25099133737686 0.256941057176637 0.26307594600042 0.267416150836445 0.272012587711916 0.273839437064557 0.266668500533044 0.213360707488918 0.18210757061222 0.139582911865798 0.109087644399282 0.0850265453766749 0.051621800643153 0.0233416507216812 0.0028432714734814 0 0 0 0 0 0 0 0 0 0 0 0 0 0 0
-9999 0.156618128769837 0 0 0 0 0 0 0 0.15333823225743 0.230189010998144 0.245327583878254 0.239828054514891 0.266301084853812 0.259317055331492 0.234362217747884 0.223725564815911 0.232468575394327 0.23757186611063 0.231783315983153 0.221943581783765 0.221011549817875 0.22584614129904 0.229522826396378 0.231489900532557 0.231749467546851 0.233554499307032 0.236539893987279 0.239957495174156 0.244839742510852 0.250753120435188 0.256288835834045 0.262930859010562 0.270706243779389 0.277223750838938 0.283649530506189 0.288450304719041 0.293100662215878 0.294750383885734 0.294436054714366 0.289858443304389 0.256387073468419 0.208241131679585 0.16631701591204 0.123469596683237 0.0828676020543422 0.0354814600613502 0 0 0 0 0 0 0 0 0 0 0 0 0 0 0 0
-9999 0 0 0 0 0 0 0 0 0.0730124392767801 0.25824437781421 0.272085614310678 0.246258634052483 0.275279242326961 0.2580323108155 0.229957604262119 0.22130803531541 0.231812177541178 0.241816260547767 0.234251540218134 0.225355837660489 0.226031871346852 0.232229672756892 0.238763948194646 0.242472970080808 0.245307293517266 0.248612066583137 0.251939311769241 0.256536465508464 0.258925149034935 0.265280520214519 0.272138288212474 0.279713917338337 0.289913797653258 0.296809060742255 0.304920716946867 0.310243523811305 0.316038775056466 0.317836264163254 0.314713574490455 0.308475332614392 0.293265166863025 0.273062013909235 0.227923150832099 0.172494636101712 0.120515720546047 0.0590860228753275 0 0 0 0 0 0 0 0 0 0 0 0 0 0 0 0
-9999 -9999 0 0 0 0 0 0 0 0 0.28140739886507 0.297313047128078 0.262572146622533 0.281115791157849 0.263321549755539 0.23214813729707 0.222424098673698 0.234867076837405 0.24394512771603 0.238849504325078 0.229796793021695 0.229891995644793 0.239127740964919 0.24795152338742 0.255069824607335 0.259911366550098 0.265208116975541 0.269093019824919 0.272205174717358 0.275854291728223 0.27872664011154 0.2836842204782 0.29276171033302 0.304404762053181 0.312729326792211 0.322327135059209 0.330360684282814 0.337179990982062 0.340965467945801 0.335928284534652 0.32442499007819 0.305269206234429 0.281822681153548 0.261023097557884 0.21932463398601 0.160673726473103 0.0977196032465484 0.0156973235074129 0 0 0 0 0 0 0 0 0 0 0 0 0 0 0
-9999 -9999 -9999 0 0 0 0 0 0 0 0.297712870093899 0.307395985147414 0.277911659529197 0.28313613138762 0.262767850426898 0.245856317647523 0.232442550123321 0.237323831252351 0.244246335163933 0.239494712870094 0.235256458526835 0.235929344246285 0.242974431859503 0.253860007937448 0.263398098337084 0.273635941262885 0.280884961029624 0.286022318358153 0.289459493042266 0.290734949497468 0.293850345860787 0.296704866154265 0.303464673162076 0.313137097595286 0.32150551569516 0.333354338480207 0.344396876551906 0.354516218782661 0.360810625375314 0.355761379952334 0.342437158061185 0.320014594930423 0.29308722881252 0.272786613556413 0.270724040701238 0.207604683527427 0.134219721386151 0.0629280694547613 0 0 0 0 0 0 0 0 0 0 0 0 0 0 0
-9999 -9999 -9999 -9999 0 0 0 0 0 0 0.254088993828014 0.298320895227765 0.265528991424647 0.270750907507953 0.256050276044491 0.260180096953225 0.255663450130178 0.243381672806761 0.241858212661268 0.23716755495436 0.240179255417516 0.240816329117343 0.246529203366974 0.257339820430825 0.26860100194696 0.284646999665464 0.295381566835597 0.30251894286492 0.308206259363383 0.31073488716149 0.3100930759273 0.310549655801506 0.316106939448908 0.31895404176095 0.329212798407523 0.341155530344115 0.353385568805414 0.368841182471954 0.378609386136063 0.375346939199565 0.361814577476349 0.3421457373619 0.316839948219581 0.297642492774221 0.301660888121464 0.254464602389457 0.183678904539598 0.124391355835968 0.0649507275494861 0.0188452034034501 0 0 0 0 0 0 0 0 0 0 0 0 0
-9999 -9999 -9999 -9999 0 0 0 0 0 0 0 0.29385788851418 0.249910712022325 0.241950875093244 0.248032092639575 0.262966234678336 0.262721659466861 0.251924631646314 0.242262087465689 0.231572277528088 0.239184903057164 0.24241312754149 0.248792716248704 0.260381192819726 0.272421511730592 0.290554829687718 0.303204358116041 0.313477327365702 0.322630867114239 0.325343947072599 0.32759287333537 0.328372758761841 0.331758412759759 0.336425850314693 0.34417256053343 0.352901062412859 0.364110473898887 0.381252462790616 0.396607840203797 0.39605033838047 0.386482544887099 0.372065853805508 0.352565663680773 0.340233456550784 0.343227484764048 0.329674744172423 0.260526399439519 0.209883117722124 0.156304105492745 0.116775212252338 0.0813549518510339 0.0409556477164568 0 0 0 0 0 0 0 0 0 0 0
-9999 -9999 -9999 -9999 0 0 0 0 0 0 0 0 0.1244002934318 0.207718417995981 0.235430407074718 0.271530637094478 0.280016839025647 0.260909334397201 0.241492643315609 0.239214325638996 0.246879438061933 0.249205505098044 0.252679582681403 0.260815051229785 0.273153055605771 0.292201902078489 0.307099795745777 0.318950987298005 0.332547929094902 0.339790216575968 0.343373163945701 0.347445604586266 0.354978377726939 0.360803425569803 0.363618954708756 0.369982678909453 0.37830294246597 0.394474890028945 0.414549662035103 0.415351458558003 0.411597959951212 0.406008292763001 0.394963167748196 0.392293099614971 0.393342993332128 0.400130726858287 0.34790318292283 0.295051153933071 0.247963063486009 0.20818901126676 0.171630402441655 0.135940853240757 0.0917016259509723 0.0562765395855179 0.000768299927366045 0 0 0 0 0 0 0 0
-9999 -9999 -9999 -9999 -9999 0 0 0 0 0 0 0 0 0.0477652557222882 0.228274112075934 0.256172361058299 0.270466187926352 0.275625113503427 0.272181300037609 0.267470912993519 0.257494444825387 0.252602473076052 0.251939155929294 0.261072841668693 0.265976750757902 0.282833303204277 0.298121638272628 0.315009514548178 0.333405703326456 0.347258066795079 0.356850451831951 0.364428574396951 0.37084151285264 0.378691202107787 0.382837292706898 0.388913149359082 0.393405453982542 0.404098443055045 0.419623436665607 0.424297731178171 0.427882392787312 0.430267180315129 0.430089366936582 0.435581945838346 0.435650210620805 0.436130223824074 0.437721066613358 0.394388413928222 0.346406168843369 0.307082668637204 0.267437180102923 0.230799039388619 0.193181034913212 0.155160351989095 0.10238129157729 0.0498805927776809 0.00153504911158509 0 0 0 0 0 0
-9999 -9999 -9999 -9999 -9999 0 0 0 0 0 0 0 0 0 0 0.241117474229268 0.261634925186436 0.295410179049709 0.328898001716317 0.294596943874763 0.26926949297993 0.259653731951137 0.244192235268197 0.251824304533524 0.245897634479673 0.255590776514362 0.27197897861493 0.30060843182161 0.321896242285535 0.350613051491596 0.366750901274355 0.379793925566686 0.38833242738378 0.39507568418931 0.402727394376879 0.416749841562721 0.418612502934986 0.41995977043737 0.429322260385693 0.435779613226032 0.439681507946562 0.429158409780957 0.425441213104554 0.430586245665256 0.433550588703844 0.441358648509073 0.448129391646221 0.446383387204064 0.436214273065664 0.402775167467391 0.361952143680406 0.326090790155754 0.290896577915256 0.251043186845374 0.213721882645936 0.169502345289885 0.128311196957506 0.0434836807770137 0 0 0 0 0
-9999 -9999 -9999 -9999 -9999 -9999 0 0 0 0 0 0 0 0 0 0.0137860160027646 0.288089192395842 0.306922075871197 0.32200962675294 0.302022654972437 0.273862220864683 0.267677930777974 0.274226138306913 0.245600451607291 0.222332355013881 0.225304280256994 0.231620598656349 0.240047890294381 0.267424233649762 0.298528730830627 0.338644409834774 0.381833652285756 0.397713867469554 0.410661580050825 0.419096666479659 0.431244265609449 0.435038189098269 0.436234634700777 0.444186960144453 0.442570013548072 0.422728499263321 0.40825023177393 0.404901471381876 0.411048371693711 0.422889181649161 0.438446897716121 0.449452914733926 0.451946813839722 0.463722324178215 0.484140048016817 0.461379166608755 0.428425359965449 0.395440281074448 0.358803491630105 0.319869543250162 0.277727293903018 0.241582173686321 0.173435892149611 0.109124128688259 0.0312377002260353 0 0 0
-9999 -9999 -9999 -9999 -9999 -9999 0 0 0 0 0 0 0 0 0 0 0.0561620000007749 0.183456155113613 0.309750185864677 0.299041623810681 0.271532631845789 0.268208378786651 0.285878104071994 0.262441232625886 0.236573485663927 0.205109743711704 0.20457029743897 0.197626024584362 0.21749036866248 0.246200222431905 0.28681794970393 0.332393100389835 0.391925524949076 0.427820929512553 0.433025952545697 0.438087727500348 0.444452916596539 0.451151509673505 0.460976757133078 0.43392541741584 0.406933682243657 0.388447072055057 0.388859674203145 0.386135628331084 0.409230888287872 0.432278205037311 0.448730860974772 0.455215513918252 0.467930439926871 0.498022948040411 0.535611274925141 0.536150145654033 0.50246530196122 0.470784198583663 0.439110237633049 0.392159397606425 0.357404927219313 0.29140233895822 0.238137786552882 0.167012533865399 0.0912993335793931 0.0455912758407859 0.00868423240401994
-9999 -9999 -9999 -9999 -9999 -9999 -9999 0 0 0 0 0 0 0 0 0 0 0 0 0.0869855007446141 0.281454462528804 0.278171974575232 0.274430288636359 0.281063989959752 0.288603464218109 0.243261017225732 0.191486915588611 0.182259286055872 0.186670989443622 0.202231731730959 0.236037031488966 0.281576470040157 0.347292988015651 0.414594610002898 0.436208858773685 0.4450615339222 0.452786083700596 0.459607416319144 0.473756654885167 0.445387621315686 0.420357199171386 0.398471560864241 0.386280039082915 0.385147707694817 0.400087392234324 0.423762038587793 0.442522360905617 0.454098195049627 0.472140182838927 0.49187383943539 0.515671801529456 0.542738831750917 0.567088440979878 0.576255259014 0.538349240998097 0.506386687391287 0.475667881265324 0.413020882397302 0.357342189685357 0.288516026319135 0.222059025273639 0.182158146716517 0.145830025939236
-9999 -9999 -9999 -9999 -9999 -9999 -9999 0 0 0 0 0 0 0 0 0 0 0 0 0 0 0.190673270902087 0.275963971882318 0.257906329803039 0.291486472053742 0.304940664459973 0.223444739750553 0.171825068966245 0.154535376762378 0.177794690101034 0.196370598270271 0.23581995962148 0.313033745200418 0.380486123873105 0.437400379833895 0.452702428817507 0.464414642305766 0.47218775181138 0.484491128551333 0.464417936532104 0.442163222697845 0.416207060804384 0.393956182426713 0.381645238474356 0.393740002146306 0.413677402845754 0.428134749662848 0.442079540008655 0.46539314979705 0.469507974844054 0.478881482066916 0.512721056927861 0.557539858723475 0.597992536305513 0.585879163783628 0.567726365833235 0.566705364842093 0.508405484714691 0.477246357619644 0.421002834063534 0.349486678279867 0.320609653112271 0.287257221830139
-9999 -9999 -9999 -9999 -9999 -9999 -9999 -9999 0 0 0 0 0 0 0 0 0 0 0 0 0 0 0 0.161006239784223 0.355508015367897 0.335053212069077 0.291180621295912 0.217036824551623 0.172397428314485 0.168445156713856 0.178820786598696 0.218879667222103 0.2858961905512 0.358306378714899 0.42991305671679 0.457738334341098 0.4774834113572 0.488460901835379 0.501759939991231 0.480486097632129 0.456739352443205 0.428779513160459 0.403205153536427 0.386873953724248 0.391714474277065 0.399961287070753 0.412974816934432 0.428202160718028 0.431750539191586 0.448084644652695 0.459579837353395 0.498513460321814 0.551320878947179 0.574181505746338 0.586031699922911 0.594555833296971 0.603194141249171 0.602351949715255 0.552837364493361 0.508408766370314 0.472913800043961 0.452529120511146 0.432351764398232
