data/03_saidas_enm/CCSM_Maha_21k_B.balansae2.asc
NCOLS 154 
NROWS 168 
XLLCORNER -112 
YLLCORNER -55.5 
CELLSIZE 0.5 
NODATA_value -9999 
[rows 75 to 99 of 168, columns 56 to 111 of 154]
-9999 -9999 -9999 -9999 -9999 -9999 -9999 -9999 -9999 -9999 -9999 -111.843702086026 -131.437416549415 -129.375193869209 -105.488377295925 -76.7800323195693 -58.0154742878197 -40.9775517799911 -31.3888905910389 -36.2495234947483 -43.5454881843158 -47.075357678252 -50.637407285132 -53.4630940532691 -57.6190827690061 -59.864260334367 -60.8978821217088 -59.4788803570123 -58.508677996468 -55.9871614937505 -52.8063847809302 -48.8966475267753 -44.6966399293543 -41.1784199967593 -38.0739987078149 -35.5351814342267 -32.6707733148344 -30.3156295545123 -28.1899909167932 -26.0833116880716 -24.5581921271485 -21.4746185603911 -18.9906056011938 -16.9947754302723 -15.1136814460588 -13.9583388974831 -14.1512233112903 -14.9609797515203 -16.3337121836499 -18.4338595175429 -20.7305050098354 -22.9611992577194 -25.5649537985029 -27.9499030311501 -29.9507481198304 -31.6502898040385
-9999 -9999 -9999 -9999 -9999 -9999 -9999 -9999 -9999 -9999 -9999 -99.0529291996645 -125.444865665489 -127.837219867582 -104.661999210439 -83.4249970982336 -67.1384601245458 -52.7156835571044 -42.2710994535825 -41.4457823868336 -42.4930854140868 -43.7717884292554 -46.3171637636868 -48.6799417371039 -59.020692391565 -62.3637438859408 -63.6687932496671 -61.7273789384978 -60.0624369488439 -58.6248403268487 -56.8629963848677 -52.7409709124695 -48.2560546456811 -44.8123323098484 -41.6134257220765 -39.1146275500467 -35.6328264134489 -33.0388117590793 -30.4186304883203 -27.7950879660516 -26.145427523285 -23.7702798810982 -22.402226609563 -20.7742912295093 -18.1098806244122 -16.9152206945262 -15.8876192788003 -15.6148920658038 -16.0680056731314 -17.1827641926753 -18.3609220586 -20.0920117838185 -22.1011951834391 -23.6820362825898 -25.1144583275006 -26.2840406605436
-9999 -9999 -9999 -9999 -9999 -9999 -9999 -9999 -9999 -9999 -9999 -9999 -117.111661165461 -121.44594985438 -110.425434465367 -94.6932142504688 -86.6476289456469 -84.1565504838958 -73.8510671799615 -57.7412014156826 -46.5680242823587 -40.588719297003 -40.4028634944838 -43.6895122032476 -50.8854746691745 -58.8045017432681 -60.2654758007926 -60.6456091943717 -60.8422752573735 -61.4619968370152 -59.8863758118944 -57.2628725104127 -53.0162905220047 -49.41362583338 -45.9600228553366 -42.707307476051 -39.013763422187 -35.8569536616822 -32.7517718370691 -29.9653174669244 -27.1191512131732 -23.8513992657285 -21.4421927171556 -20.3356250876179 -19.5368241001138 -19.0927830615657 -18.911521183208 -18.5606308862368 -18.1309903361707 -18.0750997367592 -18.0460310536868 -18.7934623875535 -19.6189728728879 -20.4008244337574 -21.4692870940868 -22.43267626286
-9999 -9999 -9999 -9999 -9999 -9999 -9999 -9999 -9999 -9999 -9999 -9999 -107.534435938931 -119.394090617263 -113.832667000258 -110.326974841781 -115.409019212893 -131.939147082383 -125.032132000786 -95.8703034074947 -63.9863746241867 -47.7917734023671 -37.880564534743 -36.3651263166905 -46.2026006761463 -50.2990207857168 -55.9164773253362 -58.0668464253666 -58.8130565951426 -62.8939166020934 -61.4821930388119 -59.2570128541572 -57.1935039477218 -53.9377820894068 -49.5943266463937 -46.1461250146038 -42.5550091671555 -39.2189685374467 -35.4946163345817 -31.9124569331777 -28.3699134587399 -23.9270923044273 -19.4729374139548 -18.3026442607325 -18.69337552421 -18.8950881122973 -19.2052570333163 -19.331340361674 -18.9463459944528 -18.171184969599 -17.5119340495507 -17.6341517655179 -17.9384381161454 -18.350076434668 -19.6163242074133 -20.3284404240669
-9999 -9999 -9999 -9999 -9999 -9999 -9999 -9999 -9999 -9999 -9999 -9999 -9999 -106.358939976563 -123.166326041024 -139.147125827856 -152.290295011617 -170.159722350417 -166.838400579555 -138.747965275198 -102.56100531913 -69.6412055538999 -42.0013754893373 -28.448950263618 -28.2990259572026 -37.4479360790097 -44.7382722006496 -51.1401870769171 -55.6636149924959 -56.6791135029647 -57.8407126285021 -58.3510991849314 -57.7019998170141 -55.6236166656423 -53.4000148141675 -50.366748221828 -46.3370358434491 -42.802153082612 -38.9630076926045 -35.0795390030281 -30.6249392040294 -25.0907597705322 -20.0248332362499 -18.1703276635888 -18.3834419078722 -19.1435466595225 -20.2462179418869 -20.5601621188743 -20.0282226811146 -18.4091987744886 -16.6833321682572 -15.7641736264497 -15.230304441918 -15.1495887711378 -15.8741170998167 -16.2386707504611
-9999 -9999 -9999 -9999 -9999 -9999 -9999 -9999 -9999 -9999 -9999 -9999 -9999 -77.1391932951289 -121.725651583606 -173.007083356386 -185.323839442512 -207.060458327716 -203.448405969065 -174.904182730372 -152.882488190694 -120.571314086057 -76.4591876455635 -50.0933000858761 -38.2326698431255 -26.9069074374208 -27.3368437272894 -35.8928921301584 -45.3492516165606 -49.0620148012923 -51.0961754933444 -52.0393506083762 -55.4950197719103 -54.013500618844 -53.7561556924359 -53.2524175990148 -47.0323325250678 -43.7135171070515 -40.3892122788811 -36.6823051794532 -33.4169466181216 -27.6719469319276 -21.4433040931757 -19.0770807353765 -18.7443766180271 -19.3563643006004 -21.0992570951844 -22.5883726423699 -22.2765025964049 -19.838834640104 -17.6609849554913 -15.7910478296715 -14.3926580702444 -13.7510951512113 -14.1030354324619 -14.0482943679305
-9999 -9999 -9999 -9999 -9999 -9999 -9999 -9999 -9999 -9999 -9999 -9999 -9999 -9999 -102.069163384815 -148.91123618037 -184.167243367562 -207.205984682969 -210.874905037191 -197.318746347228 -180.062651197215 -172.5675445641 -190.397351671544 -184.678002962341 -134.076512028402 -89.5573214244696 -54.154240595206 -24.4453843435907 -20.9223746344912 -26.0549501219983 -37.6437666969845 -41.5742154650124 -46.0123872840874 -47.5939285865508 -47.2494482842132 -45.4601766942274 -42.2574590853279 -39.0785427135114 -36.9076409040912 -35.4166096410584 -34.0181980451093 -29.8190360609141 -25.3654538715461 -22.6609164194739 -20.900401315753 -20.7551627796154 -22.058708096122 -23.5187882113757 -23.5795060877336 -21.9054673844955 -19.7470360777954 -17.3591195748729 -15.2680564380758 -14.0421825585749 -13.8195773350192 -13.4128108095726
-9999 -9999 -9999 -9999 -9999 -9999 -9999 -9999 -9999 -9999 -9999 -9999 -9999 -9999 -76.5201661264092 -119.937310167236 -162.512676246006 -195.994963472942 -215.513510390052 -211.937910811298 -214.21841200197 -248.497795001182 -357.040520425751 -404.465598478439 -326.01018824478 -276.920665707515 -189.989161609576 -97.5699585524646 -47.5927741169912 -26.9710444845342 -19.0925863887119 -27.2623292090312 -35.7543573664649 -38.4540311938052 -40.3232473419992 -38.0333280596848 -35.5225816651725 -33.2428195940361 -32.2369250790044 -31.7619056941809 -33.6997474735815 -30.0610756469587 -28.2172991447382 -25.9110951418378 -23.0077323040735 -22.0930964511397 -22.6619824899067 -23.9512021892679 -24.3669060460824 -23.1751718814426 -22.3771795748716 -19.3135583962633 -16.7735216841511 -15.315265710423 -14.6315133619673 -13.8639779319833
-9999 -9999 -9999 -9999 -9999 -9999 -9999 -9999 -9999 -9999 -9999 -9999 -9999 -9999 -9999 -88.6353873317888 -131.715180236109 -185.694613949765 -229.058232809776 -240.921093232164 -269.251181975047 -297.286980921972 -374.337952521994 -431.219861119258 -455.717424471539 -487.258291109588 -431.303105882164 -377.867241012011 -251.552979998869 -106.099043359111 -36.8350929424832 -17.6458763035686 -27.2704472833951 -31.3882114638022 -31.7071081568705 -31.5398125882869 -31.8296773030504 -31.9344205473854 -29.9467482567255 -26.0491000211928 -23.7445821676601 -24.9105361526711 -28.0773137120608 -28.7460971550881 -25.9169492500179 -23.6803922061297 -22.9843404885391 -23.0491692271278 -23.161173362981 -23.003172391968 -22.3773671956827 -20.2423199472571 -18.3586002703639 -16.7601260590573 -15.5432973055931 -15.3622481343542
-9999 -9999 -9999 -9999 -9999 -9999 -9999 -9999 -9999 -9999 -9999 -9999 -9999 -9999 -9999 -65.8656458262034 -107.018919355613 -175.109465964607 -237.056974476221 -263.563591739186 -310.772164796659 -333.821061996645 -400.194282610391 -418.744855732271 -447.862877473852 -573.537647656684 -539.941912947673 -635.888185041753 -510.410786217317 -216.804752171177 -85.2554502210643 -32.5291444681993 -17.5386300017912 -24.5843486730409 -24.5129434243907 -24.8498818352053 -25.5285152214996 -27.7379873625996 -25.5748239075372 -18.610514525727 -15.6200744970499 -18.4908317416283 -26.291272396665 -30.9690436309701 -28.4904444574916 -25.2457733985672 -24.2225767083829 -22.4707341934226 -22.3456583883048 -23.0557006418694 -22.454530613081 -20.6105236928445 -18.6167914817415 -16.4385663372952 -14.9354011529658 -14.8994251896733
-9999 -9999 -9999 -9999 -9999 -9999 -9999 -9999 -9999 -9999 -9999 -9999 -9999 -9999 -9999 -63.3892238231395 -90.0353415884985 -148.236139600359 -212.665355335835 -241.64044557853 -279.786608039198 -309.354656980952 -347.714013501166 -369.003178703412 -375.277764248604 -393.601058483229 -403.994272405516 -439.51261768374 -379.614155740182 -246.775371066943 -146.098212209971 -68.3444941686231 -21.8752454328078 -15.6901178458681 -19.0579995253882 -17.7841838813511 -21.0923653573814 -21.6447426626093 -18.2661747308147 -12.7951944305657 -9.35172130071975 -12.9349643926584 -23.6474228118888 -30.90465148751 -31.5273914069063 -28.4262592415306 -25.2340464402803 -22.802666164938 -21.8207586994845 -22.128306529929 -22.653293632906 -18.9199014720039 -15.3293991320677 -12.6684995909567 -10.6806773428368 -9.54883796462563
-9999 -9999 -9999 -9999 -9999 -9999 -9999 -9999 -9999 -9999 -9999 -9999 -9999 -9999 -9999 -9999 -83.704968447066 -115.819025179354 -165.640847331536 -192.046570528866 -241.616863875299 -274.064207835248 -314.548642503114 -333.014906003274 -333.141329925608 -345.656949097757 -340.478830327758 -360.755738369843 -323.596477781928 -253.908200241752 -189.103926464035 -116.801225149262 -48.1677746880339 -17.2712705086394 -10.0748012506861 -12.2949496694175 -15.640210607188 -17.2819022941191 -15.195873756076 -10.1001529346934 -6.70062043118379 -12.1582658120779 -24.2159031519875 -32.0118061276329 -33.1488015856615 -30.2495619699679 -25.6350120600597 -22.0291351243572 -19.6380851949152 -18.8216080202811 -19.359326190125 -14.1215999832251 -9.96263228090902 -7.32021530038574 -5.7755995128849 -5.46957242466105
-9999 -9999 -9999 -9999 -9999 -9999 -9999 -9999 -9999 -9999 -9999 -9999 -9999 -9999 -9999 -9999 -9999 -81.4777105146414 -97.9783335945281 -137.950719521005 -189.055990947408 -219.338627401416 -255.5641469611 -288.809653686014 -301.003696711206 -318.246320594255 -330.785292868486 -333.336497567436 -295.230838964303 -267.131060778551 -231.555674054039 -171.406502673567 -116.681265854223 -63.8832694158811 -19.6651775209052 -10.4361767682219 -14.3152188039015 -16.9836868908644 -17.560285204931 -15.4707490074774 -16.6483255364338 -19.9888758274506 -26.417249819968 -30.0785169343154 -30.6268508898833 -27.9605519707536 -24.1928747614315 -19.7473422489464 -16.2019448338075 -13.2171667715158 -10.0147375506726 -7.44596961947047 -4.43783265012678 -2.83611243566921 -2.53493639891665 -2.97324319734251
-9999 -9999 -9999 -9999 -9999 -9999 -9999 -9999 -9999 -9999 -9999 -9999 -9999 -9999 -9999 -9999 -9999 -9999 -9999 -99.2019994866989 -141.887197172868 -157.240869169915 -187.192275418713 -227.004123428599 -258.960871865387 -286.128531539847 -314.220695887251 -332.003258239835 -298.62794778414 -261.964563203414 -254.170055935299 -214.187388759755 -188.302978588482 -134.876187624252 -65.2565770963087 -20.6301086815787 -8.7949398660075 -15.8451825623886 -17.8170180488234 -20.0356519641155 -27.1877771930305 -24.7554244026683 -26.2703641325571 -27.3761610183086 -26.5627384492284 -25.3656218894979 -22.8025817311899 -18.289204154619 -14.1186602505687 -9.73054041509869 -5.92535992502735 -3.68909157571926 -1.55369656297422 -0.692954344148424 -1.04555852695215 -1.89580038617092
-9999 -9999 -9999 -9999 -9999 -9999 -9999 -9999 -9999 -9999 -9999 -9999 -9999 -9999 -9999 -9999 -9999 -9999 -9999 -9999 -9999 -103.826966048408 -127.687923922671 -164.261278686467 -202.370560215037 -253.3443386615 -284.935438349899 -307.828502084995 -301.781855484328 -269.873988091526 -248.615259073801 -237.79702562671 -243.103089402674 -214.384484716426 -135.393596530192 -74.9517141526593 -34.8721950187169 -11.3165559998094 -15.7201596660703 -16.6591191925234 -18.7467180590595 -20.677481800495 -22.8360617168589 -21.0888981823034 -22.1142177120823 -21.9825355774977 -19.8425246303878 -17.54510161497 -13.2310654359755 -7.60553630291001 -3.93797846586518 -1.68918011330824 -0.341978624925044 -0.0172636952104761 -0.485873376383608 -1.5427908946687
-9999 -9999 -9999 -9999 -9999 -9999 -9999 -9999 -9999 -9999 -9999 -9999 -9999 -9999 -9999 -9999 -9999 -9999 -9999 -9999 -9999 -9999 -9999 -111.340163679532 -141.431452084554 -186.672959812943 -229.861321574477 -271.800599948511 -291.554136024395 -281.345544084475 -261.479091222521 -235.078500227821 -244.075570544399 -229.406835082194 -193.972690287159 -146.092074016003 -76.4661116413454 -34.5687512467616 -11.9117664018518 -11.6723263662623 -13.7495062402428 -15.6865904219563 -17.1927200692821 -16.5435151596542 -16.6038963483284 -16.8630895284969 -15.6037417648347 -13.661573997269 -10.3231771908513 -5.48824084733294 -2.34293084403524 -0.756335083236911 0.159121338444519 0.321710643066122 -0.163891401471997 -1.1070841180778
-9999 -9999 -9999 -9999 -9999 -9999 -9999 -9999 -9999 -9999 -9999 -9999 -9999 -9999 -9999 -9999 -9999 -9999 -9999 -9999 -9999 -9999 -9999 -9999 -9999 -111.896493276378 -165.826701634802 -219.281334810929 -262.527151583299 -275.842184848184 -261.951984930549 -242.577762473983 -240.967812041025 -230.874753125252 -208.180948958476 -197.358214313877 -129.482935042681 -74.3111226490105 -34.5512685158516 -12.2271344292251 -12.1297107376539 -11.8252993515181 -12.4751608086812 -11.0922871414111 -11.3199183792405 -11.1240255752165 -10.6030222204069 -8.49451051235589 -6.22562619684508 -3.44370048294535 -1.32824008137192 -0.27235632889949 0.40000759051509 0.521375635165648 -0.161095407984621 -1.29605966490498
-9999 -9999 -9999 -9999 -9999 -9999 -9999 -9999 -9999 -9999 -9999 -9999 -9999 -9999 -9999 -9999 -9999 -9999 -9999 -9999 -9999 -9999 -9999 -9999 -9999 -92.1290298637253 -126.769827212989 -174.267987449992 -225.008969835642 -260.261620569723 -270.183781487198 -272.494180093794 -268.12285895878 -234.047809976999 -207.683122539081 -192.347034183918 -144.995535854473 -101.318535416773 -54.912657027953 -21.4371821455143 -13.2710839888943 -9.13703417793259 -7.79333091995223 -7.20511484178645 -7.37767190898921 -7.3960702589637 -6.97320087124273 -5.79600990127418 -4.41815580563538 -2.38058016081229 -0.910244885410207 -0.0302724585189595 0.572318034750082 0.553979324347663 -0.395909705808996 -1.82532247348235
-9999 -9999 -9999 -9999 -9999 -9999 -9999 -9999 -9999 -9999 -9999 -9999 -9999 -9999 -9999 -9999 -9999 -9999 -9999 -9999 -9999 -9999 -9999 -9999 -9999 -9999 -9999 -143.922031762489 -196.240687070013 -251.039222736787 -301.152686633723 -295.956501937232 -285.539205769481 -257.171302604539 -228.676254194897 -202.686419099314 -156.425094163894 -120.503221246745 -72.1371775851742 -33.3714452263823 -17.108465100603 -7.83423527969851 -5.81261575434677 -6.86811546274304 -6.74946312813536 -6.21908977866281 -5.4751406763417 -5.14779702894112 -4.09105153931428 -2.24771986066592 -1.03328240389411 -0.0271865807782647 0.54290047535029 0.348445766432183 -0.966323148302216 -2.38036847639168
-9999 -9999 -9999 -9999 -9999 -9999 -9999 -9999 -9999 -9999 -9999 -9999 -9999 -9999 -9999 -9999 -9999 -9999 -9999 -9999 -9999 -9999 -9999 -9999 -9999 -9999 -9999 -146.923187163403 -193.314894154594 -243.252301554796 -283.687710753155 -297.759493350918 -288.215453587273 -269.738926819756 -251.093509297274 -227.292799334782 -176.612612114943 -133.012460709775 -85.8532886309859 -43.8466798235901 -20.3874753045812 -8.39061618701466 -6.10496490246219 -7.69218750849856 -7.69330913260104 -6.68167506043963 -5.61085524415754 -4.82567269869574 -3.76559908293499 -2.48414848725285 -1.24588353229025 -0.217879551558026 -0.0516706461584413 -0.507962468456872 -1.56963449909235 -2.60374652645392
-9999 -9999 -9999 -9999 -9999 -9999 -9999 -9999 -9999 -9999 -9999 -9999 -9999 -9999 -9999 -9999 -9999 -9999 -9999 -9999 -9999 -9999 -9999 -9999 -9999 -9999 -9999 -9999 -207.398522724354 -232.941419298167 -259.48483229386 -270.739039584742 -265.787630771535 -259.190253112428 -254.670990201212 -236.512491722315 -192.12262061305 -149.841695329157 -100.39159700162 -53.5771550695502 -22.4585853081474 -9.88084631513172 -9.12280684001271 -10.486309594692 -9.96298602546625 -7.19976784287865 -8.04770516645789 -7.33167167353364 -5.49019484030703 -3.48458947643683 -2.09402473868658 -1.1156725810385 -1.79328404675723 -1.43338026169817 -1.40064765557795 -1.87280138344462
-9999 -9999 -9999 -9999 -9999 -9999 -9999 -9999 -9999 -9999 -9999 -9999 -9999 -9999 -9999 -9999 -9999 -9999 -9999 -9999 -9999 -9999 -9999 -9999 -9999 -9999 -9999 -9999 -216.478737883054 -235.446492639557 -242.211427492965 -242.811622186442 -235.156951883226 -237.461665099877 -242.496997517432 -230.159740965062 -197.806098089719 -160.265417019776 -107.591018416248 -59.8230388717904 -25.9137075758217 -11.7139847370098 -11.2204263053186 -13.4411698775979 -13.6543108370773 -12.7831448768262 -9.72028851442934 -6.89454342315391 -5.79942841855758 -5.17280328659693 -2.88370554736993 -2.30337889069144 -1.32037460725469 -0.936373091936812 -0.866696731981151 -1.34217176678768
-9999 -9999 -9999 -9999 -9999 -9999 -9999 -9999 -9999 -9999 -9999 -9999 -9999 -9999 -9999 -9999 -9999 -9999 -9999 -9999 -9999 -9999 -9999 -9999 -9999 -9999 -9999 -9999 -215.940091651585 -223.417437442988 -241.828354417939 -225.076592025635 -213.706062213432 -221.786190770445 -236.897657434005 -231.985806833658 -198.644520150354 -165.640859896131 -110.657191495974 -62.2656375947317 -27.5710247892467 -12.8687739210138 -14.3354372937661 -18.380355028516 -20.0267924536707 -19.824029909322 -12.4404771324266 -4.60340926715788 -2.76567146423204 -3.95631450875155 -3.28872400480066 -2.92524060133694 -1.43871583722482 -0.746245399287974 -0.684995475732604 -1.0516065460902
-9999 -9999 -9999 -9999 -9999 -9999 -9999 -9999 -9999 -9999 -9999 -9999 -9999 -9999 -9999 -9999 -9999 -9999 -9999 -9999 -9999 -9999 -9999 -9999 -9999 -9999 -9999 -9999 -199.543607760573 -204.098403066992 -203.908716245761 -213.306468990181 -217.276231927487 -230.296543269834 -244.066561427402 -236.442623596948 -203.386059301467 -159.991686204093 -103.474815087341 -55.6129703915129 -25.3421163428049 -13.9029887673066 -16.7134734993766 -23.1143266676929 -26.5163054369186 -25.0833601432827 -17.6269489034516 -8.41697837997373 -4.10828056615267 -2.2195532672007 -1.32999826815371 -0.729873152992064 -0.501335565411316 -0.992659280502865 -0.801736387567969 -0.647362134603776
-9999 -9999 -9999 -9999 -9999 -9999 -9999 -9999 -9999 -9999 -9999 -9999 -9999 -9999 -9999 -9999 -9999 -9999 -9999 -9999 -9999 -9999 -9999 -9999 -9999 -9999 -9999 -9999 -185.525114409828 -174.567722814969 -180.489568358514 -205.277587168345 -224.77359427062 -243.358927764257 -256.857835699214 -256.396747909298 -203.405651889672 -151.329210909346 -93.9860451706447 -45.9358200070889 -21.7435288282861 -14.0742337131508 -20.1895753229406 -28.5037343911686 -32.5443280289838 -31.9628065542161 -21.3572454980172 -12.6294452767997 -6.25794215940295 -1.60752602183711 -0.321462376534897 -0.210445221430084 -0.187609955747397 -0.930601501786275 -1.01525702830692 -0.700308573363968
