data/03_saidas_enm/CCSM_Maxent_0k_B.balansae5.asc
NCOLS 154 
NROWS 168 
XLLCORNER -112 
YLLCORNER -55.5 
CELLSIZE 0.5 
NODATA_value -9999 
[rows 50 to 74 of 168, columns 56 to 111 of 154]
-9999 -9999 -9999 -9999 -9999 -9999 -9999 -9999 -9999 -9999 -9999 -9999 -9999 0.00435179378837347 0.00570565462112427 0.00728180725127459 0.0198546424508095 0.0443159826099873 0.0621005445718765 0.0741676166653633 0.0570476464927197 0.0531350858509541 0.0449557490646839 0.0415941812098026 0.0313358269631863 0.024488840252161 0.0210471209138632 0.0146611919626594 0.0123913418501616 0.0105674508959055 0.00932631641626358 0.0107640223577619 0.0136701688170433 0.0204553324729204 0.0402142219245434 0.0721935629844666 0.0991551578044891 0.116801157593727 0.133139416575432 0.148243710398674 0.195415735244751 0.172270655632019 0.181297019124031 0.184928461909294 0.181819558143616 0.207112118601799 0.170817226171494 0.172966465353966 0.166159510612488 0.154012501239777 0.178639590740204 0.174621298909187 0.166754588484764 0.157115086913109 0.141501143574715 0.135322064161301
-9999 -9999 -9999 -9999 -9999 -9999 -9999 -9999 -9999 -9999 -9999 -9999 -9999 0.00522712618112564 0.00855308398604393 0.0180383715778589 0.032193910330534 0.0516916140913963 0.0673107281327248 0.067258894443512 0.0650757029652596 0.0608960874378681 0.0570372082293034 0.0522150211036205 0.0431043431162834 0.0344508104026318 0.0270967036485672 0.0223244037479162 0.0183562729507685 0.0143892886117101 0.0123255364596844 0.0120699051767588 0.0138976676389575 0.0186304245144129 0.0334678664803505 0.0576460510492325 0.0868885219097137 0.117779217660427 0.130542129278183 0.141266852617264 0.157763868570328 0.157671794295311 0.165068835020065 0.168762475252151 0.169178053736687 0.178391665220261 0.166256248950958 0.167687863111496 0.163210839033127 0.1594378054142 0.171906352043152 0.170566588640213 0.162894576787949 0.155136466026306 0.145983278751373 0.137401893734932
-9999 -9999 -9999 -9999 -9999 -9999 -9999 -9999 -9999 -9999 -9999 0.00542363664135337 0.00799694284796715 0.0138752656057477 0.0237869620323181 0.0352609343826771 0.0457308888435364 0.0592184998095036 0.0603155381977558 0.0596840307116508 0.0573417246341705 0.0543708503246307 0.0495209060609341 0.0433707423508167 0.0343852266669273 0.029485234990716 0.0255126021802425 0.021572208032012 0.0186771340668201 0.0152658568695188 0.0133272996172309 0.0139518352225423 0.0156227806583047 0.0198038872331381 0.0318953953683376 0.0503266118466854 0.0721562951803207 0.101904921233654 0.118880674242973 0.120196744799614 0.124549806118011 0.127680122852325 0.135199010372162 0.139063775539398 0.138642936944962 0.146299287676811 0.136446192860603 0.140451475977898 0.141862884163857 0.145079523324966 0.151651471853256 0.149260267615318 0.145053312182426 0.143615081906319 0.141267582774162 0.13901349902153
-9999 -9999 -9999 -9999 -9999 -9999 -9999 -9999 -9999 -9999 0.00817058421671391 0.0116015737876296 0.0200069919228554 0.0308867618441582 0.0376333296298981 0.0467431545257568 0.0532867051661015 0.0551669262349606 0.0585778690874577 0.0565591305494308 0.0530200488865376 0.0458637997508049 0.0403166748583317 0.0368802510201931 0.0325733721256256 0.0286226272583008 0.0248930789530277 0.0217648893594742 0.0192095637321472 0.0169486273080111 0.0155676966533065 0.01638656668365 0.0187607947736979 0.0232722479850054 0.0328051820397377 0.0503559038043022 0.0692901238799095 0.0883185490965843 0.10425753891468 0.110434219241142 0.108365379273891 0.111274793744087 0.114478580653667 0.115662984549999 0.111574724316597 0.109612725675106 0.110128112137318 0.112922705709934 0.11872124671936 0.126917704939842 0.127559676766396 0.128101751208305 0.124843753874302 0.127807140350342 0.134985208511353 0.137387931346893
-9999 -9999 -9999 -9999 -9999 -9999 -9999 -9999 -9999 -9999 0.0161956455558538 0.0285672470927238 0.0424256399273872 0.0521216467022896 0.0496646128594875 0.04995446652174 0.0538228303194046 0.0569619983434677 0.0566264763474464 0.0500508733093739 0.0465368442237377 0.0421448200941086 0.0380388647317886 0.0351362936198711 0.0313907787203789 0.028271971270442 0.0258054696023464 0.0230504143983126 0.0212637335062027 0.0195814296603203 0.0181606225669384 0.0202910732477903 0.0226378664374352 0.0268790777772665 0.0349532477557659 0.0501687563955784 0.0637356713414192 0.0783744007349014 0.0882525369524956 0.0988623052835464 0.10524158924818 0.105531722307205 0.105239264667034 0.105667807161808 0.10495974868536 0.103449955582619 0.10457281768322 0.108632951974869 0.105200745165348 0.108900107443333 0.114974714815617 0.122214235365391 0.125330358743668 0.129184946417809 0.141095399856567 0.1458340883255
-9999 -9999 -9999 -9999 -9999 -9999 -9999 -9999 0.0229249000549316 0.0304311588406563 0.0442556850612164 0.0562736056745052 0.0659378841519356 0.0461257956922054 0.047587662935257 0.0557309724390507 0.057384729385376 0.0601661019027233 0.0583177506923676 0.0502855852246284 0.0429741702973843 0.0395123995840549 0.0373226329684258 0.0345256738364697 0.031001141294837 0.0280924867838621 0.0261623188853264 0.0250579547137022 0.023507222533226 0.0221097096800804 0.0216572619974613 0.0233259331434965 0.0264482498168945 0.0306599475443363 0.0355725027620792 0.0466270819306374 0.0578342862427235 0.0668046250939369 0.0753086283802986 0.0813009813427925 0.0858484357595444 0.0915578156709671 0.0947609096765518 0.0970285832881927 0.0957295075058937 0.0929789841175079 0.0896587297320366 0.0860228762030602 0.0854202657938004 0.0893782749772072 0.0991938635706902 0.120231658220291 0.140284582972527 0.150498136878014 0.161080405116081 0.160168826580048
-9999 -9999 -9999 -9999 -9999 -9999 -9999 -9999 0.0246614031493664 0.0465362034738064 0.0851899087429047 0.0849906951189041 0.0494471751153469 0.0431650429964066 0.0460153892636299 0.0569277964532375 0.0612563602626324 0.0627912655472755 0.0608990788459778 0.0510198846459389 0.0425096079707146 0.0399216860532761 0.0377526991069317 0.0359420329332352 0.0326470844447613 0.0299422424286604 0.0288247857242823 0.0275734700262547 0.0268698502331972 0.0262112505733967 0.0261605642735958 0.0278937444090843 0.0302074998617172 0.0333208553493023 0.0376537777483463 0.0432246811687946 0.0515779405832291 0.0591805167496204 0.063482441008091 0.0667744800448418 0.0670104920864105 0.06761634349823 0.0686398968100548 0.0698108822107315 0.0678628012537956 0.0659589171409607 0.0628618225455284 0.0615077316761017 0.0611793510615826 0.0642079859972 0.0726722404360771 0.0908481404185295 0.11567971855402 0.154553934931755 0.185064554214478 0.182311028242111
-9999 -9999 -9999 -9999 -9999 -9999 -9999 0.0171580519527197 0.0259422175586224 0.0551608130335808 0.0971618518233299 0.0777926370501518 0.0478891171514988 0.0418523475527763 0.0468913689255714 0.0566660650074482 0.0640683695673943 0.0651772767305374 0.0627402067184448 0.0529542937874794 0.0449225977063179 0.0424382388591766 0.0406023226678371 0.0388841703534126 0.0357967540621758 0.0331580191850662 0.0322121046483517 0.0317277759313583 0.0310987178236246 0.0306480191648006 0.0306692905724049 0.0319474563002586 0.0339471884071827 0.0366136245429516 0.0383618511259556 0.0403673499822617 0.0454552844166756 0.0517148934304714 0.0536868013441563 0.0517366230487823 0.050342433154583 0.048653531819582 0.0475380718708038 0.0480619668960571 0.0476128794252872 0.045489389449358 0.0432217158377171 0.0420802012085915 0.0433580577373505 0.0493788793683052 0.0590997077524662 0.075019583106041 0.0992028340697289 0.138458535075188 0.196760624647141 0.202417314052582
-9999 -9999 -9999 -9999 -9999 -9999 -9999 0.0176491029560566 0.0311581213027239 0.0663511157035828 0.111576661467552 0.0735090747475624 0.0435502678155899 0.0418032072484493 0.0484373345971107 0.0593092776834965 0.0684518590569496 0.0679921954870224 0.0656768903136253 0.0569749101996422 0.0491700209677219 0.0459545366466045 0.0441543348133564 0.0427974723279476 0.0402882471680641 0.0378314889967442 0.0369539298117161 0.0362900719046593 0.0362366214394569 0.0365133807063103 0.0365479364991188 0.0374915525317192 0.0383917763829231 0.0395120568573475 0.0405440106987953 0.0410776808857918 0.0410470962524414 0.0405065082013607 0.0402460098266602 0.037545520812273 0.0358716361224651 0.0335730239748955 0.0335545092821121 0.0348402969539165 0.0346949733793736 0.0341606587171555 0.033751804381609 0.0356200784444809 0.0391133949160576 0.044784639030695 0.0550182722508907 0.0709684640169144 0.0945231840014458 0.124963872134686 0.17223784327507 0.206468269228935
-9999 -9999 -9999 -9999 -9999 -9999 0.0144248325377703 0.0215591210871935 0.0393919348716736 0.0780524909496307 0.126409739255905 0.0764809176325798 0.0444290600717068 0.0397137738764286 0.0510960556566715 0.0659222006797791 0.0742383897304535 0.0789460241794586 0.0751523599028587 0.0644058361649513 0.0543344207108021 0.051049716770649 0.0491228178143501 0.0480427481234074 0.0449715070426464 0.0427388623356819 0.0418996699154377 0.0421554185450077 0.042493399232626 0.041672807186842 0.0421382896602154 0.042341660708189 0.0431489795446396 0.0438036769628525 0.0427757799625397 0.0413945205509663 0.039231039583683 0.0368121862411499 0.0351222269237041 0.0330292135477066 0.0309179481118917 0.030849676579237 0.0310953613370657 0.0325841009616852 0.0316660068929195 0.0315183214843273 0.0327234975993633 0.0345215573906898 0.0380719192326069 0.044558223336935 0.0533894747495651 0.0692309737205505 0.0934009104967117 0.116618104279041 0.149848863482475 0.178889960050583
-9999 -9999 -9999 -9999 -9999 -9999 0.0156149221584201 0.0236328486353159 0.0428064242005348 0.08323023468256 0.12951534986496 0.0799689069390297 0.0486254952847958 0.0453125834465027 0.0590882524847984 0.07716965675354 0.0843986496329308 0.0849339962005615 0.0816328674554825 0.0710890367627144 0.0610059127211571 0.0573450811207294 0.0549898482859135 0.052898894995451 0.0500580631196499 0.047477699816227 0.0491319932043552 0.052523422986269 0.0540076456964016 0.0536498911678791 0.0528649389743805 0.0525855459272861 0.0517472773790359 0.0508288629353046 0.0486940890550613 0.044203445315361 0.0407711863517761 0.0373054780066013 0.0352372191846371 0.0336566939949989 0.0321105383336544 0.0325708612799644 0.0335982702672482 0.0337981954216957 0.0343181155622005 0.0358866453170776 0.0383244790136814 0.0409386605024338 0.0455310456454754 0.0530721433460712 0.0628570839762688 0.0777831450104713 0.0958588719367981 0.112148441374302 0.127220630645752 0.143562257289886
-9999 -9999 -9999 -9999 -9999 -9999 0.0164038855582476 0.023181239143014 0.0415365509688854 0.0826153829693794 0.146797984838486 0.0932292714715004 0.0539028160274029 0.0511709824204445 0.0681581944227219 0.0873300358653069 0.0874569118022919 0.0857122093439102 0.0816524550318718 0.0725203827023506 0.0634889453649521 0.0603950172662735 0.0584405921399593 0.0566774755716324 0.0542190857231617 0.0530996806919575 0.0554956346750259 0.0601045712828636 0.0651959180831909 0.0632835999131203 0.062854677438736 0.0613403990864754 0.0605212710797787 0.0590572357177734 0.0557347647845745 0.0519084967672825 0.0477615520358086 0.0445968843996525 0.0424781106412411 0.0407154262065887 0.0403872467577457 0.0409027859568596 0.0407920703291893 0.0421164259314537 0.0432531647384167 0.045469731092453 0.0485355593264103 0.052895326167345 0.0583039447665215 0.0658089444041252 0.0758175477385521 0.0852126032114029 0.0961314141750336 0.107272736728191 0.116637445986271 0.119512781500816
-9999 -9999 -9999 -9999 -9999 -9999 -9999 0.0232450757175684 0.0409111641347408 0.0889292880892754 0.156406506896019 0.106294021010399 0.0646193847060204 0.0614808648824692 0.0789462476968765 0.0983076244592667 0.096348911523819 0.0904733538627625 0.0847044959664345 0.0776216238737106 0.0703420341014862 0.0667756125330925 0.064341813325882 0.0627442821860313 0.061761312186718 0.0618152134120464 0.0649472028017044 0.0696365982294083 0.075274869799614 0.0763875544071198 0.074479378759861 0.0730334520339966 0.0709884539246559 0.0692425146698952 0.0666123330593109 0.0622838959097862 0.0582691319286823 0.0547259077429771 0.0527622513473034 0.0520538352429867 0.0516777560114861 0.0523603186011314 0.0535520762205124 0.0560313239693642 0.0588623881340027 0.0614532120525837 0.065594881772995 0.0695829913020134 0.0751561671495438 0.0826940387487411 0.0898397862911224 0.0968307927250862 0.101761065423489 0.106933780014515 0.112078167498112 0.111297085881233
-9999 -9999 -9999 -9999 -9999 -9999 -9999 -9999 0.0418060757219791 0.100657150149345 0.186281532049179 0.11915947496891 0.0744150578975677 0.0713873282074928 0.0894241407513618 0.110249117016792 0.109069362282753 0.100993745028973 0.0939886793494225 0.0860688164830208 0.0784248486161232 0.0748823583126068 0.0718723461031914 0.0700545534491539 0.06997250020504 0.0708747804164886 0.0746666640043259 0.0796430557966232 0.084781140089035 0.0879312381148338 0.0859940052032471 0.0836903676390648 0.0815478414297104 0.0792989432811737 0.0758930742740631 0.0729279890656471 0.0695379599928856 0.0664197504520416 0.06440070271492 0.062225379049778 0.0631971806287766 0.0651958361268044 0.0684138536453247 0.0677039250731468 0.0665786042809486 0.065412737429142 0.0658729076385498 0.0659381821751595 0.0684640184044838 0.0738773122429848 0.078037865459919 0.0862054899334908 0.0924204215407372 0.0993809103965759 0.108665019273758 0.107580825686455
-9999 -9999 -9999 -9999 -9999 -9999 0.0288886334747076 0.0352256819605827 0.0579158887267113 0.122756607830524 0.161829963326454 0.115741737186909 0.0831843689084053 0.0822187438607216 0.0984639599919319 0.120815642178059 0.127161592245102 0.114861957728863 0.106507338583469 0.10037500411272 0.0942816138267517 0.0896766632795334 0.0856305435299873 0.0835970938205719 0.0839371532201767 0.0852274149656296 0.0885157883167267 0.092382937669754 0.0961850360035896 0.0993871465325356 0.099762074649334 0.0971364602446556 0.0940864533185959 0.0914856120944023 0.0881893113255501 0.0846334770321846 0.0814757198095322 0.078128844499588 0.0772461220622063 0.0737025961279869 0.0697731599211693 0.0673568695783615 0.0651091560721397 0.0642175376415253 0.0642349645495415 0.0639235451817513 0.0643349662423134 0.0646515339612961 0.0669571086764336 0.0716214925050735 0.0759515315294266 0.0818636491894722 0.0864078402519226 0.0899092480540276 0.0930453017354012 0.0916526466608047
-9999 -9999 -9999 -9999 -9999 0.054897602647543 0.0429385229945183 0.0533891469240189 0.0929470434784889 0.151049137115479 0.1406389772892 0.109030768275261 0.0865439102053642 0.0887178033590317 0.105417720973492 0.129425078630447 0.137915402650833 0.133503168821335 0.123321607708931 0.118329420685768 0.113567002117634 0.10806106030941 0.102681793272495 0.100296869874001 0.10120490193367 0.103218227624893 0.105809651315212 0.108925461769104 0.111511804163456 0.11311849206686 0.113687671720982 0.112193197011948 0.109356448054314 0.105444312095642 0.100486122071743 0.0950951278209686 0.090172603726387 0.0839938074350357 0.079048678278923 0.0737620741128922 0.0685713216662407 0.0668773055076599 0.0641159415245056 0.0636256858706474 0.0644354820251465 0.0647622272372246 0.0660161226987839 0.0666173025965691 0.0687230378389359 0.0726241618394852 0.0766163021326065 0.0803451463580132 0.084211990237236 0.0846644192934036 0.0828502923250198 0.0772290453314781
-9999 -9999 -9999 -9999 -9999 0.0636118575930595 0.0575912073254585 0.0725667029619217 0.121657699346542 0.147507697343826 0.121938176453114 0.0985156297683716 0.088173933327198 0.0937902107834816 0.10937312245369 0.128944739699364 0.136733382940292 0.141541197896004 0.14300662279129 0.143413722515106 0.138740092515945 0.131734922528267 0.125440061092377 0.122163183987141 0.122310191392899 0.123585887253284 0.125819995999336 0.127801045775414 0.129139244556427 0.1280906945467 0.1247413828969 0.12303801625967 0.120982259511948 0.115930125117302 0.109543308615685 0.102520562708378 0.0965876430273056 0.0899891555309296 0.0844311639666557 0.0790293365716934 0.074011467397213 0.0714392066001892 0.0691692903637886 0.0687058120965958 0.0697125941514969 0.0703258439898491 0.0719180330634117 0.0728369504213333 0.0745267048478127 0.0770789980888367 0.0784866884350777 0.0808901190757751 0.081407330930233 0.0802661404013634 0.0782472640275955 0.0737503841519356
-9999 -9999 -9999 -9999 -9999 -9999 0.0766445323824883 0.0936812236905098 0.143837869167328 0.12375046312809 0.105170324444771 0.0893750786781311 0.0845547989010811 0.0915074720978737 0.104691706597805 0.125046029686928 0.127742052078247 0.131933867931366 0.138538390398026 0.14649073779583 0.153861030936241 0.152397155761719 0.151448041200638 0.148272022604942 0.146711632609367 0.146899193525314 0.145275324583054 0.143065050244331 0.139839053153992 0.136905208230019 0.135158121585846 0.133543387055397 0.134236022830009 0.128998994827271 0.12133251875639 0.112977094948292 0.107149876654148 0.100013718008995 0.0941428020596504 0.0882606357336044 0.082199789583683 0.0804200544953346 0.0781267434358597 0.0777826979756355 0.078444741666317 0.0788057819008827 0.0811873823404312 0.0823323577642441 0.0836564600467682 0.0848109051585197 0.0831386595964432 0.0837680399417877 0.0816223844885826 0.0787609070539474 0.0764943063259125 0.0724478662014008
-9999 -9999 -9999 -9999 -9999 -9999 0.0981842800974846 0.118220590054989 0.132835075259209 0.107566080987453 0.0916669815778732 0.078788623213768 0.071034163236618 0.0775982141494751 0.0919782742857933 0.105447843670845 0.11208264529705 0.117201641201973 0.126026049256325 0.136606812477112 0.146427378058434 0.151325061917305 0.153190225362778 0.15309827029705 0.151988610625267 0.150147452950478 0.149801790714264 0.149167850613594 0.14653392136097 0.144418105483055 0.142948180437088 0.144498601555824 0.146042540669441 0.146428108215332 0.138199478387833 0.12916074693203 0.12272035330534 0.115729562938213 0.109232895076275 0.102790117263794 0.0968583971261978 0.0939790606498718 0.0916139408946037 0.0908475145697594 0.0912533476948738 0.0916631817817688 0.0934719815850258 0.0948409736156464 0.0960215479135513 0.0971528738737106 0.0958631634712219 0.0916791930794716 0.0860720351338387 0.0813003927469254 0.0769920349121094 0.0715188384056091
-9999 -9999 -9999 -9999 -9999 -9999 0.0986187607049942 0.115857824683189 0.118888564407825 0.0951753035187721 0.08746687322855 0.078171543776989 0.0647099837660789 0.0690261870622635 0.0840145647525787 0.0948748663067818 0.0982649475336075 0.105235084891319 0.115923285484314 0.126249670982361 0.139075234532356 0.144649624824524 0.147282153367996 0.147532671689987 0.145821243524551 0.14529088139534 0.146428138017654 0.150089427828789 0.149699509143829 0.147734507918358 0.147854194045067 0.151548504829407 0.15834341943264 0.161872684955597 0.161212116479874 0.150304734706879 0.143975630402565 0.136581733822823 0.129802420735359 0.122633785009384 0.115427583456039 0.11279085278511 0.109270922839642 0.108007252216339 0.107923336327076 0.107194684445858 0.108835659921169 0.109620794653893 0.110163517296314 0.111143864691257 0.109912514686584 0.10118280351162 0.092361755669117 0.0852353498339653 0.0790815055370331 0.0723590478301048
-9999 -9999 -9999 -9999 -9999 -9999 -9999 -9999 0.0964590832591057 0.0933685526251793 0.10607223212719 0.0904564559459686 0.0695202425122261 0.072344496846199 0.0860590115189552 0.0941739082336426 0.0931409001350403 0.0996728613972664 0.111931636929512 0.120644234120846 0.135990098118782 0.143070429563522 0.144440710544586 0.144963771104813 0.143059298396111 0.142045244574547 0.145557641983032 0.150960579514503 0.152410298585892 0.152046829462051 0.153277724981308 0.159040406346321 0.168008595705032 0.176624625921249 0.181251347064972 0.179453685879707 0.171580702066422 0.163987725973129 0.156094253063202 0.148165792226791 0.140521451830864 0.136034771800041 0.132246538996696 0.12954406440258 0.127397641539574 0.125609785318375 0.125483706593513 0.12515664100647 0.123991310596466 0.122210457921028 0.117428779602051 0.109058916568756 0.0990495011210442 0.090726226568222 0.0830715373158455 0.0755630210042
-9999 -9999 -9999 -9999 -9999 -9999 -9999 -9999 0.0930409952998161 0.0993242040276527 0.144401207566261 0.119015976786613 0.0849944874644279 0.0846724510192871 0.100570976734161 0.107310399413109 0.10079962015152 0.106002099812031 0.117498941719532 0.121876232326031 0.138505876064301 0.143427044153214 0.145186975598335 0.145448550581932 0.141823574900627 0.140779614448547 0.144183948636055 0.151663169264793 0.154212892055511 0.153864860534668 0.157200217247009 0.163781702518463 0.175648927688599 0.184310778975487 0.191548570990562 0.199280351400375 0.205304220318794 0.197399690747261 0.188523724675179 0.179168373346329 0.170128703117371 0.164774894714355 0.159195482730865 0.154835075139999 0.150450080633163 0.146289020776749 0.144581720232964 0.141840472817421 0.137924209237099 0.133066177368164 0.126473113894463 0.117747820913792 0.107073150575161 0.097416952252388 0.088616818189621 0.0802901536226273
-9999 -9999 -9999 -9999 -9999 -9999 -9999 -9999 -9999 0.0844953060150146 0.117920659482479 0.114221580326557 0.109787300229073 0.115154571831226 0.135895609855652 0.143559381365776 0.124186150729656 0.123685240745544 0.133988454937935 0.132034778594971 0.145171225070953 0.14826862514019 0.148694843053818 0.149320006370544 0.145055890083313 0.142695754766464 0.145962834358215 0.151714786887169 0.154653832316399 0.155554860830307 0.15872523188591 0.167671129107475 0.179877549409866 0.19007283449173 0.197961658239365 0.206956371665001 0.21958190202713 0.227584391832352 0.226341024041176 0.215126052498817 0.204307526350021 0.196716025471687 0.189728140830994 0.182745859026909 0.175454691052437 0.16869643330574 0.16446952521801 0.159380003809929 0.152474835515022 0.144453406333923 0.135575577616692 0.128486648201942 0.120286852121353 0.109869457781315 0.0970581769943237 0.0865431502461433
-9999 -9999 -9999 -9999 -9999 -9999 -9999 -9999 -9999 -9999 0.0726271718740463 0.0662896633148193 0.106675781309605 0.166687041521072 0.197718784213066 0.206533923745155 0.174072250723839 0.159109368920326 0.161772012710571 0.150978803634644 0.153317004442215 0.15304559469223 0.155480623245239 0.155369848012924 0.150017559528351 0.146763578057289 0.14813044667244 0.153222158551216 0.155320286750793 0.155448511242867 0.159110575914383 0.168195620179176 0.182227611541748 0.193255454301834 0.201527491211891 0.211778372526169 0.223948910832405 0.2379210293293 0.247985765337944 0.251712739467621 0.242338746786118 0.232367545366287 0.223128169775009 0.213708057999611 0.203121572732925 0.193838775157928 0.187161400914192 0.179385140538216 0.16972404718399 0.158772379159927 0.148139789700508 0.141356199979782 0.134506046772003 0.12383820861578 0.109665431082249 0.0986295938491821
-9999 -9999 -9999 -9999 -9999 -9999 -9999 -9999 -9999 -9999 -9999 0.038983691483736 0.0963568240404129 0.200811505317688 0.262394309043884 0.282758921384811 0.245536923408508 0.216920211911201 0.207499578595161 0.174020484089851 0.158329144120216 0.156499609351158 0.160031020641327 0.159366831183434 0.157503426074982 0.153528839349747 0.152535244822502 0.154871001839638 0.156166255474091 0.156017795205116 0.1593057513237 0.168370455503464 0.181211844086647 0.193826511502266 0.205445945262909 0.218739822506905 0.230181723833084 0.242755085229874 0.254372000694275 0.264718860387802 0.269235998392105 0.26982444524765 0.258937984704971 0.246217638254166 0.232266709208488 0.220976963639259 0.212159395217896 0.201990246772766 0.190383762121201 0.177131623029709 0.164285510778427 0.156372278928757 0.145484954118729 0.137261062860489 0.129451185464859 0.122176922857761
