data/03_saidas_enm/CCSM_SVM_0k_B.balansae5.asc
NCOLS 154 
NROWS 168 
XLLCORNER -112 
YLLCORNER -55.5 
CELLSIZE 0.5 
NODATA_value -9999 
[rows 75 to 99 of 168, columns 56 to 111 of 154]
-9999 -9999 -9999 -9999 -9999 -9999 -9999 -9999 -9999 -9999 -9999 0.0633932995744753 0.101675149558827 0.211100027389366 0.289688315371809 0.371159739320619 0.424588970660657 0.464491632832058 0.487978314360921 0.455447091755872 0.410605255068282 0.395040023019645 0.396945367310063 0.394225049568693 0.391359340958928 0.387490571274778 0.387446123487495 0.393000274869821 0.397152035961692 0.402770909568765 0.415252039293631 0.438334976361709 0.470451055887722 0.50257528688306 0.53507943827518 0.568724692786546 0.597002832177541 0.622992773275982 0.639124038282312 0.642694424430213 0.639483001030449 0.627206857370658 0.610055758926159 0.57908311470219 0.53667980060523 0.499502950455115 0.468742221639256 0.434211624989728 0.388833732702453 0.330948850631117 0.263441350944951 0.197632248463462 0.126131934471787 0.0709590645636661 0.0299216393305203 -0.00354693513728943
-9999 -9999 -9999 -9999 -9999 -9999 -9999 -9999 -9999 -9999 -9999 0.0525644677373381 0.0773865307276214 0.191420638729684 0.250456899213909 0.300084495098786 0.337115435640996 0.342200361747594 0.372705089808685 0.422162328162608 0.441827387447246 0.431173407682482 0.421401179276658 0.414364759091446 0.401063989093145 0.391410578740128 0.392451862489295 0.394419221615354 0.396370324744318 0.39924188324661 0.406176879900376 0.429209652082643 0.45956078926904 0.490298755137653 0.520629524711442 0.553008061447015 0.588265324341783 0.622443714211918 0.649788868863714 0.668317362491796 0.675096197391828 0.67794391356822 0.666239297776265 0.644009896740084 0.620468859462922 0.594270678583785 0.567657727242891 0.535523154710151 0.493124514160161 0.43796041696209 0.381014590165078 0.312429541319153 0.242414278371951 0.1916080697823 0.153691231006761 0.125465931387727
-9999 -9999 -9999 -9999 -9999 -9999 -9999 -9999 -9999 -9999 -9999 -9999 0.0443102741683568 0.128913834181318 0.194308712086291 0.236253121379454 0.226810149718398 0.183022317167871 0.17626164206401 0.261301397229337 0.399169547551762 0.458469832123712 0.458239044840071 0.442046863240139 0.431438603573654 0.41423720680416 0.404275588146914 0.397764015581826 0.393602167390662 0.393178626518955 0.400436321380821 0.418408677229633 0.443869367623224 0.471113851563978 0.499490977054295 0.531871050759504 0.569351981175749 0.608805516426119 0.646023124519717 0.676956855767806 0.701568633865314 0.720410060882636 0.725441141766804 0.715238739059683 0.69755499613785 0.675941555772896 0.650286496073563 0.619735302644674 0.583564533939162 0.539528540492277 0.493463488631141 0.43830194549123 0.382780882736975 0.338429695837967 0.302531520845848 0.270095164674384
-9999 -9999 -9999 -9999 -9999 -9999 -9999 -9999 -9999 -9999 -9999 -9999 0.0475573739413616 0.0627966929249285 0.135102203964488 0.20397305220068 0.159971006013973 0.122116752093365 0.115402135107959 0.154505732118429 0.272644358283646 0.39433371388736 0.483625441315829 0.500395453563723 0.476144306618225 0.4597335382759 0.421402177916337 0.400619212103551 0.390956667356434 0.385561136825794 0.39122524351818 0.404856175543518 0.424451199707972 0.448234938546657 0.476257419575914 0.505163504724015 0.543362582856642 0.583950993622788 0.627230743255251 0.669227198776689 0.709400076069799 0.748788524045884 0.778382051247344 0.782280216933724 0.767511675538236 0.749987326344512 0.714930091126357 0.682095030529336 0.653196684424281 0.623254448293532 0.593221921563291 0.558005827875172 0.520272848575666 0.485298348944016 0.445566686899177 0.413947957311359
-9999 -9999 -9999 -9999 -9999 -9999 -9999 -9999 -9999 -9999 -9999 -9999 -9999 0.0434315535913625 0.0827597168450798 0.130185917710929 0.117566967983987 0.11421395277923 0.120778258501372 0.139747801395241 0.180472364813885 0.230329017449746 0.380873007946399 0.515185697254785 0.562417650481836 0.547454249089409 0.500164973421724 0.440489145349164 0.389950526775286 0.384209698818032 0.383991286624023 0.39508875349165 0.410480539258333 0.430050115819899 0.45455730113521 0.481539511292897 0.517856332528438 0.557080213308096 0.602118354249949 0.648168196844464 0.699141703799879 0.755831236242343 0.802233440879455 0.821463364815461 0.814217288491041 0.792426017919728 0.757563393734592 0.725087508236491 0.702062644993548 0.689910324437252 0.67859060808727 0.656381298133779 0.63131390327038 0.605358587073645 0.575279337411107 0.550791978958653
-9999 -9999 -9999 -9999 -9999 -9999 -9999 -9999 -9999 -9999 -9999 -9999 -9999 0.0516072632814114 0.059314216724378 0.100438073846244 0.0985263417576259 0.103594904293868 0.106944804477735 0.120023540341848 0.133267071627019 0.126753712322989 0.101840712995829 0.13055042752591 0.231545779160679 0.531887706440025 0.557215662123483 0.519759507450374 0.444745716688741 0.406242533006641 0.387444354165179 0.402835276763078 0.404691933176593 0.41986052160792 0.441355555596018 0.459821493181999 0.498528094826643 0.536769011896005 0.580452203010401 0.627125592913812 0.673729178211885 0.741495452131269 0.801786313401134 0.836295733317517 0.841223788395105 0.820923733658946 0.791018535189011 0.751585148701828 0.732331041006031 0.738670628129627 0.741161364633986 0.729105251327092 0.712811509167251 0.694471291852444 0.670325491015374 0.660334636285583
-9999 -9999 -9999 -9999 -9999 -9999 -9999 -9999 -9999 -9999 -9999 -9999 -9999 -9999 0.0436815734772005 0.079714280079633 0.0987763734689292 0.0968047769988543 0.0935576145625744 0.102875959947655 0.114029973824428 0.11863263885716 0.121159851129243 0.112690797186318 0.0614087832445908 0.0101377495055456 0.104492165245241 0.429566616613642 0.568365402050884 0.563824451527753 0.486374891945455 0.455302376844845 0.438768792628242 0.425281621803145 0.44050363163946 0.460253441434198 0.492350953083984 0.530890284812032 0.574237746940356 0.620785180057329 0.667099864875261 0.725482032169663 0.78224787887125 0.825326375298253 0.847352358368854 0.842353377587394 0.818002819530136 0.786945473784903 0.770332811202672 0.774307370278363 0.779742967143545 0.773748449507764 0.761761950947638 0.748178130161521 0.729523398678845 0.718474168243915
-9999 -9999 -9999 -9999 -9999 -9999 -9999 -9999 -9999 -9999 -9999 -9999 -9999 -9999 0.0557651975542865 0.0566794939469064 0.0926093642562632 0.0948900974098975 0.0812828323893866 0.0947010181171458 0.110647644816032 0.12310527534895 0.127413356835061 0.127831354055349 0.129883077222957 0.1307113912022 0.106232262754702 0.0191594099569164 0.151437415162431 0.309761799876128 0.555039853247815 0.541210155838384 0.489312381160158 0.450401184415965 0.44428207014356 0.456483182355657 0.48315682991437 0.51767370769666 0.561644658237383 0.616643111424808 0.664880853047382 0.719958653254374 0.763383650121605 0.803655133475287 0.840170085774104 0.848871192480453 0.837702665443245 0.815943945321025 0.803792444901488 0.807020765527404 0.806650655228893 0.802527811490322 0.790998714554588 0.779434511467385 0.762514715358485 0.750422340030311
-9999 -9999 -9999 -9999 -9999 -9999 -9999 -9999 -9999 -9999 -9999 -9999 -9999 -9999 -9999 0.0394337635491552 0.0745727257090839 0.103184256701529 0.0723716702503131 0.0838335270262577 0.109906611355725 0.1212341487119 0.126003656841291 0.126626290016228 0.126810932492895 0.12700102569376 0.127700089538179 0.129484119804673 0.129588014909602 0.0546819376073487 0.171663334050103 0.524911094497884 0.570698455715995 0.490588842949452 0.465381208594923 0.458816173645311 0.476898545023116 0.502095322971016 0.540166935823444 0.589588489278247 0.648488433852362 0.722732386468892 0.760800729869251 0.785833615669796 0.823674715340141 0.847313276543932 0.851598157049967 0.847628921412356 0.842803051454314 0.838054957669378 0.832363929535671 0.823176678499245 0.810390190274151 0.797790758426586 0.783834153136455 0.766715029666031
-9999 -9999 -9999 -9999 -9999 -9999 -9999 -9999 -9999 -9999 -9999 -9999 -9999 -9999 -9999 0.0867541238958071 0.0426973012776091 0.124799318911269 0.0760402242224956 0.0699274096607133 0.100548299951412 0.107881912591834 0.120293519759961 0.124641843305156 0.126358859164515 0.126747927476904 0.126762181572819 0.126789614486525 0.127034770921163 0.128496695999597 0.113461674230544 0.317912394003668 0.611548355414872 0.573891018758489 0.522513530462973 0.472270379159064 0.488311422442305 0.501099630078325 0.521275465566375 0.534335172594188 0.554000488869846 0.705598087562014 0.765238083316463 0.765030810263374 0.802279955210482 0.840590076821418 0.85671326302159 0.87150109476328 0.870357448702605 0.855503419129136 0.839358039761698 0.82808889496169 0.819653718316455 0.810206633563295 0.798668444187223 0.787302761274076
-9999 -9999 -9999 -9999 -9999 -9999 -9999 -9999 -9999 -9999 -9999 -9999 -9999 -9999 -9999 0.115078627298676 0.0485790492437345 0.115302711442838 0.126806579808822 0.0768416012356811 0.0528444135197232 0.0643003276599343 0.084559560004117 0.102298405488956 0.115659310627665 0.121743610509697 0.125310544195753 0.126327823168805 0.126273719341516 0.126292828299094 0.131968903760819 0.206089939166112 0.561069876496454 0.699306812328246 0.64412129482925 0.572726978300471 0.546356671889542 0.538255537159022 0.537697269271576 0.514834744534563 0.523008002995724 0.706870527815246 0.772347935253926 0.752450036095383 0.771711358837315 0.815342151615462 0.853581083763852 0.880089229212415 0.883699964017113 0.864501809914848 0.835669248576109 0.827276085994949 0.816719617413935 0.811716559760657 0.814467941399416 0.802931935716616
-9999 -9999 -9999 -9999 -9999 -9999 -9999 -9999 -9999 -9999 -9999 -9999 -9999 -9999 -9999 -9999 0.0997294827650028 0.0449989726927984 0.141624148312303 0.154562910232747 0.0849139607432772 0.0589231611248058 0.0530541085870744 0.062101285556242 0.0744215441310631 0.0831975203844396 0.105153598346181 0.11531711496478 0.119434026346817 0.123021268343417 0.128612334859273 0.152818160221989 0.323060856348727 0.620729916415513 0.739030267651715 0.702005149848862 0.647234665034008 0.617982174995096 0.613985833902494 0.605827963858378 0.580987606970761 0.753569105978413 0.7644164602113 0.734530682341028 0.756241606412193 0.798508892789688 0.847251965327814 0.878391721161205 0.884255310893834 0.866615274970898 0.841811452110415 0.844886637354238 0.833978026137208 0.831865934141269 0.835001299661234 0.809812594452303
-9999 -9999 -9999 -9999 -9999 -9999 -9999 -9999 -9999 -9999 -9999 -9999 -9999 -9999 -9999 -9999 -9999 0.099970122832287 0.0522383020276553 0.146794447098422 0.190612781637909 0.128424261040695 0.0697809152563224 0.0504245120027414 0.0523165540116584 0.0590326357201019 0.073777195959944 0.0897150458583373 0.103781796167144 0.118076790611045 0.125186673053516 0.131754218900857 0.147856550328194 0.211728331101239 0.513908922379333 0.780079345027876 0.771082556568182 0.727877130364415 0.700980556997111 0.726433302744961 0.76159445333276 0.772564511027669 0.752905296134032 0.746225463883058 0.770615711881274 0.805777622643314 0.835850318834581 0.849355291679778 0.853508404423482 0.855512210136603 0.851986053373483 0.868405589182474 0.886604712311322 0.893314254323139 0.881825225569486 0.857671092652378
-9999 -9999 -9999 -9999 -9999 -9999 -9999 -9999 -9999 -9999 -9999 -9999 -9999 -9999 -9999 -9999 -9999 -9999 -9999 0.0568862934653449 0.0899179811542487 0.144781040493218 0.136638447571227 0.0968026215331564 0.0734882186230234 0.0600522925681024 0.059759165824429 0.071506075667697 0.0859549180132662 0.106783989761112 0.121019194632539 0.124922223808705 0.128839271443914 0.132435035019134 0.178553751725354 0.502692849027071 0.724301063684378 0.810167334710576 0.770755514269285 0.750126256905584 0.71842619051953 0.741775971503477 0.746866064214449 0.758158934497059 0.781364398395632 0.799800574300917 0.818995676828483 0.82672338634297 0.833136330465249 0.843558988642044 0.843754448610609 0.881359907260428 0.916831073872035 0.931980077237058 0.924620162715554 0.900076401035996
-9999 -9999 -9999 -9999 -9999 -9999 -9999 -9999 -9999 -9999 -9999 -9999 -9999 -9999 -9999 -9999 -9999 -9999 -9999 -9999 -9999 0.0744395052276682 0.0782154174890134 0.119823793258763 0.120808983727887 0.0725639979161415 0.0622300134091527 0.0636959437442569 0.069566098726648 0.0847276204881007 0.0996419056811687 0.116072521252898 0.125043155527214 0.127982999385187 0.128258273374292 0.124891131986623 0.289111343758765 0.702134971019299 0.827309236215419 0.820022504835859 0.76731729492541 0.742697232397201 0.748822856519795 0.761636205433827 0.778414910758507 0.79717948978129 0.818284738814049 0.837508149466048 0.85469330383261 0.86160656262775 0.875813832461349 0.909535904867182 0.942384177705775 0.955090720780139 0.949600626672902 0.934219526743186
-9999 -9999 -9999 -9999 -9999 -9999 -9999 -9999 -9999 -9999 -9999 -9999 -9999 -9999 -9999 -9999 -9999 -9999 -9999 -9999 -9999 -9999 -9999 0.0819452817094473 0.107549519090539 0.124717031300022 0.102045902265288 0.0739338547945327 0.0663057436980666 0.0686353693700241 0.0761725754178295 0.0983267588368869 0.118161103648193 0.124048850977408 0.126887577368185 0.128917130759705 0.128989955093857 0.284140374867598 0.650934224937646 0.839472934600976 0.803579040151349 0.743220167154829 0.718858029484956 0.727148062725087 0.754215963593827 0.786586412181552 0.817393032686159 0.847772547711982 0.869916847549384 0.882859360741176 0.903672377147722 0.935409696025951 0.961809659845948 0.969411961478969 0.963171072969327 0.949665859190482
-9999 -9999 -9999 -9999 -9999 -9999 -9999 -9999 -9999 -9999 -9999 -9999 -9999 -9999 -9999 -9999 -9999 -9999 -9999 -9999 -9999 -9999 -9999 -9999 -9999 0.0526859245968226 0.142234951499727 0.120965648455695 0.0827414822738272 0.081568899113651 0.0837638525300106 0.0770596506810557 0.0907159201943494 0.106722752925017 0.119890519749687 0.126277918090895 0.130279166077529 0.140997140944648 0.259032153200819 0.709748989954498 0.838271267431544 0.753358478592091 0.668698734737564 0.666445397548854 0.71471419564511 0.759095987855221 0.805060789906589 0.837577985430482 0.86744210605055 0.895853186169784 0.916654679493161 0.954845187552763 0.973595330108298 0.976326438392398 0.972549954639891 0.957100280991742
-9999 -9999 -9999 -9999 -9999 -9999 -9999 -9999 -9999 -9999 -9999 -9999 -9999 -9999 -9999 -9999 -9999 -9999 -9999 -9999 -9999 -9999 -9999 -9999 -9999 0.0772139141869026 0.0664992429265999 0.168657558881096 0.152666715146066 0.124929726066358 0.105875245738777 0.0841180590816473 0.071257975625284 0.0765181857923296 0.0969486552847211 0.114194092304394 0.121029652366024 0.134825827821946 0.203384785110414 0.586665587070796 0.88462912216467 0.811821704740511 0.671439979473184 0.635161272048674 0.677465074942323 0.733218312730785 0.788831363675626 0.833275008321765 0.873563973952153 0.910690725879727 0.942271837718192 0.973062106693165 0.984117557695331 0.985597625683778 0.979449491672191 0.962095602810164
-9999 -9999 -9999 -9999 -9999 -9999 -9999 -9999 -9999 -9999 -9999 -9999 -9999 -9999 -9999 -9999 -9999 -9999 -9999 -9999 -9999 -9999 -9999 -9999 -9999 -9999 -9999 0.078819804445309 0.17602571981479 0.167161681176217 0.127046159199319 0.112186312147842 0.101231592635049 0.0859497058971447 0.0737872789165954 0.0747509847489576 0.0998958864636161 0.121644479251926 0.18824981693541 0.510940590101976 0.909776953387066 0.897401908546339 0.710592659146083 0.631833883598616 0.666535090778434 0.719977204894433 0.775697527686657 0.837804235648316 0.88687837408677 0.930114426857077 0.965246915206845 0.984649944432346 0.994558275775166 0.995804279499852 0.985460524394983 0.96407534899418
-9999 -9999 -9999 -9999 -9999 -9999 -9999 -9999 -9999 -9999 -9999 -9999 -9999 -9999 -9999 -9999 -9999 -9999 -9999 -9999 -9999 -9999 -9999 -9999 -9999 -9999 -9999 0.0608223462253923 0.139795708757339 0.179027913586093 0.145570772157034 0.128806315175317 0.121394943953219 0.111135348446844 0.0945747612493383 0.0826710809527361 0.0876243504066871 0.109340835645963 0.175556977421052 0.438649747286577 0.857776815972315 0.953521446276408 0.801602437078729 0.687506040997085 0.670725332124851 0.700450125936398 0.755620972925028 0.822238401019331 0.878039825658381 0.928079430758551 0.96406509267342 0.983220974882895 0.992495179459179 0.993868977187189 0.986336242756165 0.971826590337208
-9999 -9999 -9999 -9999 -9999 -9999 -9999 -9999 -9999 -9999 -9999 -9999 -9999 -9999 -9999 -9999 -9999 -9999 -9999 -9999 -9999 -9999 -9999 -9999 -9999 -9999 -9999 -9999 0.110816860624228 0.174831919803327 0.163651443805066 0.143476767702723 0.132054381849599 0.123153515496694 0.112797973919395 0.102490236167888 0.0911146035765638 0.099109973673312 0.15176839305121 0.375791401303108 0.797286660493877 0.971358851020955 0.84232479191587 0.720596254673387 0.687608362178407 0.660811481948322 0.727033873848537 0.786812681854048 0.846830516121182 0.914139358856624 0.954584734165447 0.976511887101793 0.965869867112249 0.965180380137205 0.98363743474104 0.984289820821694
-9999 -9999 -9999 -9999 -9999 -9999 -9999 -9999 -9999 -9999 -9999 -9999 -9999 -9999 -9999 -9999 -9999 -9999 -9999 -9999 -9999 -9999 -9999 -9999 -9999 -9999 -9999 -9999 0.096334192180362 0.161800601111196 0.174035076267674 0.154477077120218 0.139528265708182 0.129886866410381 0.120396771790262 0.107669258027993 0.0899295901058661 0.0929931808701377 0.135213499809219 0.319143972445687 0.715624342232694 0.950496303605062 0.854275138252972 0.719852591129589 0.686369658721027 0.70395883246784 0.725619866121362 0.75147294872661 0.807237215303624 0.895958248641358 0.950301049736199 0.973665801820499 0.958107109982694 0.960360782704039 0.984127994151289 1.00082890882551
-9999 -9999 -9999 -9999 -9999 -9999 -9999 -9999 -9999 -9999 -9999 -9999 -9999 -9999 -9999 -9999 -9999 -9999 -9999 -9999 -9999 -9999 -9999 -9999 -9999 -9999 -9999 -9999 0.0889174374212859 0.160625464009588 0.177321878880371 0.159572193472161 0.140740218215741 0.130512488577323 0.118267507148491 0.104137407340723 0.0864173391378417 0.0863020724374187 0.115197299278285 0.274890682020615 0.640863441997062 0.920133041630644 0.823311305943258 0.673965360295269 0.630722590564931 0.633218662500145 0.714315308031542 0.730876472320895 0.768369263429584 0.882645882933083 0.95317517888945 0.968052167171767 0.954263223210558 0.967758018942935 1.00155353321074 1.01549666274175
-9999 -9999 -9999 -9999 -9999 -9999 -9999 -9999 -9999 -9999 -9999 -9999 -9999 -9999 -9999 -9999 -9999 -9999 -9999 -9999 -9999 -9999 -9999 -9999 -9999 -9999 -9999 -9999 0.0861688031738105 0.171173752125764 0.192639583616383 0.159797085028157 0.136711541617512 0.125280610610768 0.110796998577977 0.0904342738186884 0.0784142685700491 0.0866842081664856 0.10993718814184 0.255054937666741 0.626682415770616 0.876372931790239 0.782532204354919 0.621467003031145 0.557400649659661 0.577428568400268 0.664871689551096 0.746693178128881 0.802931157748702 0.864772819179114 0.919827174472449 0.947960774129346 0.967289112716914 0.998055264679457 1.02831535477407 1.04096437136176
-9999 -9999 -9999 -9999 -9999 -9999 -9999 -9999 -9999 -9999 -9999 -9999 -9999 -9999 -9999 -9999 -9999 -9999 -9999 -9999 -9999 -9999 -9999 -9999 -9999 -9999 -9999 -9999 0.0826678820184558 0.185393032914823 0.1994801343802 0.155479567328949 0.130947381564668 0.119526211165979 0.102800600346041 0.0795692626510246 0.0771970875933553 0.0896661913319671 0.105915740263477 0.256102040697304 0.632113257827068 0.845567158050143 0.721725122379563 0.558526412601854 0.499726543962759 0.503613118203847 0.602706488512661 0.700848437693312 0.78508047373977 0.842385866397353 0.854122470246135 0.929937627878092 0.979371247878016 1.01841440217194 1.04895420756937 1.05826692413383
