data/03_saidas_enm/CCSM_Gower_6k_B.balansae4.asc
NCOLS 154 
NROWS 168 
XLLCORNER -112 
YLLCORNER -55.5 
CELLSIZE 0.5 
NODATA_value -9999 
[rows 84 to 111 of 168, columns 63 to 125 of 154]
-9999 -9999 -9999 -9999 -9999 -9999 -9999 -9999 0 0 0 0 0 0 0 0 0 0 0 0 0 0 0 0 0.471060112392585 0.642554462343775 0.536284281718939 0.437709433974891 0.379976244674066 0.378398682035625 0.388038101437391 0.420373090784236 0.47412067072408 0.526461842452733 0.583510227440612 0.637713294746211 0.624575211780933 0.688098400628535 0.719866590035019 0.734401517678549 0.739761858824979 0.745495808310853 0.748643052264101 0.749312281325704 0.749125080050628 0.748980572443833 0.74736859590133 0.745344055952725 0.741996840846832 0.741982471963393 0.740659741983326 0.73450304105217 0.701480922090254 0.664636731896548 0.632869775788506 0.61221934821258 0.599489196603568 0.605848984127021 0.611006317268194 0.593525526513272 0.574413930610779 0.594509902257844 0.64324447277775
-9999 -9999 -9999 -9999 -9999 -9999 -9999 -9999 0 0 0 0 0 0 0 0 0 0 0 0 0 0 0 0 0.12801198718018 0.525695403598226 0.653207668633409 0.589771008644524 0.466056304459397 0.414365704871315 0.414471194013025 0.438661809044191 0.479639662727769 0.485301610233153 0.564838461416275 0.621121707212487 0.602023243880329 0.611894403921626 0.708207549222602 0.726381519840352 0.734678019230747 0.739894298303217 0.74455627641477 0.74825001481881 0.744161650548063 0.739248430659013 0.734485084141782 0.725811431520247 0.722466661552725 0.721811321493008 0.722727956875521 0.712913314032076 0.691356711409786 0.664117240609814 0.638915307694662 0.62444817852617 0.618969190048424 0.626456466211758 0.632512865244913 0.626944634603024 0.619536372719598 0.642838979784044 0.686898516143204
-9999 -9999 -9999 -9999 -9999 -9999 -9999 -9999 -9999 0 0 0 0 0 0 0 0 0 0 0 0 0 0 0 0 0.305526777795108 0.504637086181735 0.650878468546873 0.62143365753517 0.524895411704932 0.473862108434138 0.465003568639624 0.490427756075809 0.478220253225367 0.568292302342664 0.601432236771325 0.578835473694462 0.610334051822027 0.700169893292949 0.700078191012712 0.709003918364437 0.715613998486738 0.723249191551613 0.734467824587136 0.712657442587283 0.691806854542052 0.674955175522503 0.653318086424847 0.655065563062461 0.674620425394752 0.687931648676826 0.688447168910021 0.68149315680935 0.658735668855202 0.636301870191877 0.62515305021465 0.624557489038924 0.640129016623799 0.660650414016231 0.67164666805363 0.675089203422157 0.700623348864995 0.688620613675115
-9999 -9999 -9999 -9999 -9999 -9999 -9999 -9999 -9999 -9999 0 0 0 0 0 0 0 0 0 0 0 0 0 0 0 0 0.00796998970975749 0.511758620239065 0.680582086968467 0.684577367551805 0.581059718668168 0.515882788527023 0.516789722317884 0.537565967712627 0.555078773891096 0.576758201693901 0.602250256998678 0.628942703322374 0.649209460095561 0.648476248644515 0.638156313452108 0.631881506474367 0.631738529176008 0.610607681605964 0.596400336822824 0.561617762658072 0.548925733163024 0.559306648240978 0.576278931062123 0.630324311099695 0.678001806538795 0.692033495158608 0.681016824094726 0.658138403032103 0.633333226792873 0.609066777236294 0.618710238615764 0.65500206494784 0.691751066082593 0.711834097906422 0.730085408644654 0.731158930079283 0.693528155524811
-9999 -9999 -9999 -9999 -9999 -9999 -9999 -9999 -9999 -9999 -9999 -9999 0 0 0 0 0 0 0 0 0 0 0 0 0 0 0 0 0.459110577380925 0.6455940733868 0.698359965581835 0.632768988512614 0.570274576769379 0.535326154100371 0.535801788257799 0.544470609749632 0.561801560729675 0.58391298310475 0.607767916938851 0.608528631683428 0.58439996799912 0.564237766927439 0.541712459693807 0.48894413173205 0.481659960428936 0.45240298135077 0.452171691695927 0.485151388183462 0.513802248894788 0.598878274230497 0.668718510029719 0.687805252948362 0.674698199931117 0.648630306150794 0.626252760850759 0.608084164252072 0.625652298813837 0.673422697534731 0.712910195302224 0.733061258053006 0.74385248950189 0.747459525909572 0.714717508878648
-9999 -9999 -9999 -9999 -9999 -9999 -9999 -9999 -9999 -9999 -9999 -9999 -9999 -9999 0 0 0 0 0 0 0 0 0 0 0 0 0 0 0 0.190416915686417 0.682071438664171 0.686142826932953 0.681879592065755 0.563882529340575 0.51322873989057 0.505844448493965 0.517556793233046 0.543433683788415 0.575157834766194 0.590980352389354 0.590880882340977 0.562178049255786 0.513487567115648 0.46347205095036 0.441813634389556 0.435511572424849 0.440974773543408 0.451855266527428 0.493394133068648 0.570300655243205 0.640335065874935 0.671687366509645 0.652107360628612 0.632047922674096 0.646136833206841 0.645814015610696 0.673129072024838 0.698108254226129 0.711897462289273 0.741227758710264 0.746771039513339 0.749997413972452 0.748709506845501
-9999 -9999 -9999 -9999 -9999 -9999 -9999 -9999 -9999 -9999 -9999 -9999 -9999 -9999 -9999 -9999 0 0 0 0 0 0 0 0 0 0 0 0 0 0 0.20276539971595 0.654885851148219 0.746905566350668 0.636067370716925 0.52024037033548 0.472689167499306 0.473608314196777 0.50409666444801 0.544763552208181 0.58649058846906 0.592827725237188 0.567542438939725 0.513489019940113 0.460759046544234 0.441390862470212 0.434579440248042 0.430725968636813 0.433936129574896 0.456915744704261 0.512653645872681 0.587205023363355 0.63291303121558 0.648008749102639 0.661406886946835 0.640509690021245 0.636656640243548 0.647877779047543 0.670475671478217 0.699752479516034 0.748953930445373 0.749997413972452 0.749997413972452 0.749997413972452
-9999 -9999 -9999 -9999 -9999 -9999 -9999 -9999 -9999 -9999 -9999 -9999 -9999 -9999 -9999 -9999 -9999 -9999 0 0 0 0 0 0 0 0 0 0 0 0 0 0.117352590603294 0.6431430268881 0.718589555995855 0.541842325327123 0.444131569681517 0.432755858463094 0.469334633383729 0.516540445182967 0.563275307227312 0.590344247725555 0.564305565402477 0.511292349348883 0.458892748236368 0.436987351516497 0.43121644217623 0.420620993352263 0.404212793843434 0.405139405287274 0.445214987027246 0.491690551100873 0.572469102297826 0.66159883719804 0.591874009390425 0.586163349491948 0.591163434428917 0.617310315157337 0.659740964122109 0.699364008705782 0.749863909089606 0.749997413972452 0.749997413972452 0.749997413972452
-9999 -9999 -9999 -9999 -9999 -9999 -9999 -9999 -9999 -9999 -9999 -9999 -9999 -9999 -9999 -9999 -9999 -9999 0 0 0 0 0 0 0 0 0 0 0 0 0 0 0.314491914353867 0.652250492894914 0.584778722465622 0.445132410300126 0.407718898012321 0.436577880508613 0.484054699150682 0.530009691822938 0.574522506237719 0.569681926360008 0.514340375076661 0.462250806704998 0.435984612070686 0.423373805148732 0.407714681934108 0.391480530796198 0.385693640386816 0.410561055626131 0.459372470874744 0.559856358276586 0.660698049332421 0.585909117700504 0.581469616759248 0.598832470579636 0.63429925327535 0.682863934321588 0.725312587349951 0.748915369681839 0.749997413972452 0.749997413972452 0.749997413972452
-9999 -9999 -9999 -9999 -9999 -9999 -9999 -9999 -9999 -9999 -9999 -9999 -9999 -9999 -9999 -9999 -9999 -9999 -9999 -9999 0 0 0 0 0 0 0 0 0 0 0 0 0 0.419820235249086 0.628987179407984 0.455956816243243 0.392796733735986 0.407716826065045 0.449877890237757 0.491123044326288 0.53329563290139 0.571096148906346 0.510739694922359 0.459466032770296 0.428872745749132 0.414224207232431 0.400964568904365 0.386696089267734 0.390712277219054 0.424984696915634 0.469001210299634 0.570473405757602 0.670654939959858 0.612118156847181 0.621920848268084 0.650573562621968 0.688374593396434 0.728366650502904 0.749500644860353 0.749997413972452 0.749997413972452 0.749997413972452 0.749997413972452
-9999 -9999 -9999 -9999 -9999 -9999 -9999 -9999 -9999 -9999 -9999 -9999 -9999 -9999 -9999 -9999 -9999 -9999 -9999 -9999 0 0 0 0 0 0 0 0 0 0 0 0 0 0.185385215438371 0.639060009011386 0.487305925460345 0.390001496692349 0.380033268266467 0.408003475466343 0.445587608108032 0.483066290215724 0.525277441461698 0.488922629929966 0.443253092869576 0.407553127853589 0.391538353209909 0.387527685991557 0.395261070619279 0.419810026735844 0.465854683073123 0.523592832965091 0.604664660994065 0.682381917333126 0.680406785022472 0.688936901870003 0.714988498762237 0.743698198100809 0.749997413972452 0.749997413972452 0.748807531364543 0.747275963813436 0.748393708843904 0.749663264345479
-9999 -9999 -9999 -9999 -9999 -9999 -9999 -9999 -9999 -9999 -9999 -9999 -9999 -9999 -9999 -9999 -9999 -9999 -9999 -9999 -9999 0 0 0 0 0 0 0 0 0 0 0 0 0.0493857361306597 0.540149046230424 0.50552239581966 0.381447417324156 0.354138611728406 0.365595128890564 0.400226466411032 0.434990498641781 0.475263464873998 0.454361098164831 0.416849461040865 0.392312708649807 0.366864454189345 0.375937633538782 0.412066762901759 0.456651621216506 0.529383791282976 0.593409687975921 0.645401490946579 0.679865412278652 0.701825415827418 0.728967198710357 0.736664727630281 0.740609087940046 0.741675461097429 0.740077528524756 0.739466470554735 0.7362143520461 0.742245375078598 0.74873382473668
-9999 -9999 -9999 -9999 -9999 -9999 -9999 -9999 -9999 -9999 -9999 -9999 -9999 -9999 -9999 -9999 -9999 -9999 -9999 -9999 -9999 0 0 0 0 0 0 0 0 0 0 0 0 0 0.496009546412705 0.531190161261844 0.384159956646112 0.336215727289527 0.341605042321775 0.371494593375843 0.408709649148545 0.427665158053742 0.43093256027575 0.422217356874514 0.401743863947444 0.374100391720218 0.393696378670367 0.445887644754587 0.519213438897496 0.604141121169822 0.660923157595812 0.692343992803289 0.692601665750419 0.685224513681538 0.698052895595385 0.707850801900992 0.715970754062388 0.722945454383443 0.72474428352315 0.732076359291626 0.735737883734526 0.746507477784377 0.749997413972452
-9999 -9999 -9999 -9999 -9999 -9999 -9999 -9999 -9999 -9999 -9999 -9999 -9999 -9999 -9999 -9999 -9999 -9999 -9999 -9999 -9999 0 0 0 0 0 0 0 0 0 0 0 0 0 0.50925593498165 0.523295186338841 0.364534832393622 0.316848090745628 0.316426108440315 0.349182513846013 0.391821567246658 0.407785870332898 0.431974235417226 0.455049736961288 0.425768350432109 0.397380450948966 0.43047550169903 0.503054834631771 0.582498201403312 0.665589842858632 0.719464273884144 0.731232578213289 0.708284983335135 0.673568018723227 0.685116772219207 0.684901637972415 0.691840501956664 0.704656835112947 0.706564393635622 0.731693801553476 0.741879437652329 0.749997413972452 0.740705264919636
-9999 -9999 -9999 -9999 -9999 -9999 -9999 -9999 -9999 -9999 -9999 -9999 -9999 -9999 -9999 -9999 -9999 -9999 -9999 -9999 -9999 0 0 0 0 0 0 0 0 0 0 0 0 0.0494328076433289 0.54166959168659 0.505071689375724 0.341958534543865 0.288500473845333 0.296712430962974 0.329770767989779 0.373034140286016 0.429468759153245 0.459513394847858 0.467148277976847 0.460648050755101 0.459562209749886 0.506186833613632 0.582019486056566 0.653608302639995 0.711428256234845 0.7351420513649 0.739209553076327 0.73197547516077 0.708613399148219 0.6997889627182 0.692835454263342 0.697857984665147 0.711787316958646 0.726710904203079 0.741476598484646 0.749997413972452 0.747031075721599 0.711414677168844
-9999 -9999 -9999 -9999 -9999 -9999 -9999 -9999 -9999 -9999 -9999 -9999 -9999 -9999 -9999 -9999 -9999 -9999 -9999 -9999 -9999 0 0 0 0 0 0 0 0 0 0 0 0 0.127697042708003 0.505597540280048 0.45478973081158 0.291919186849492 0.25398623995363 0.269716373582646 0.303365408621463 0.348476970756459 0.403417805722899 0.468555935112274 0.494837368892277 0.512303515176592 0.531118463694304 0.583563160478216 0.652523081506552 0.71072342328835 0.735827029043704 0.745170375630671 0.747468782676444 0.743388631706674 0.735328419687282 0.732223036449622 0.721750438462424 0.723181121882674 0.733453753110497 0.741168483472088 0.749997413972452 0.748960581579193 0.724829360923826 0.676606552664499
-9999 -9999 -9999 -9999 -9999 -9999 -9999 -9999 -9999 -9999 -9999 -9999 -9999 -9999 -9999 -9999 -9999 -9999 -9999 -9999 -9999 0 0 0 0 0 0 0 0 0 0 0 0 0.230257151867422 0.508830042249501 0.435564067698368 0.261264276488881 0.225678002920802 0.243744385795038 0.277750252623137 0.318920842348234 0.372998286589688 0.437844110547782 0.495117752238347 0.539016794097859 0.579820874366898 0.629905888551372 0.694832170983781 0.735836617685174 0.746956187463171 0.749997413972452 0.749997413972452 0.749997413972452 0.749997413972452 0.74953351743525 0.748620853106274 0.748828006504004 0.749404777816649 0.749997413972452 0.747737497089508 0.714285190365702 0.678158711581026 0.618869642516075
-9999 -9999 -9999 -9999 -9999 -9999 -9999 -9999 -9999 -9999 -9999 -9999 -9999 -9999 -9999 -9999 -9999 -9999 -9999 -9999 -9999 0 0 0 0 0 0 0 0 0 0 0 0 0.332497349079626 0.525823556838033 0.41137255182056 0.235972556607916 0.19484115371172 0.218188975232895 0.250538281606719 0.288091811201076 0.34135388627815 0.40633429672447 0.465148115917857 0.503952117169777 0.541157064156239 0.587715225131871 0.649207891982825 0.71106796270186 0.749997413972452 0.749997413972452 0.74577597280489 0.747102931245494 0.737905448070971 0.718659499947925 0.675556009056211 0.670881290499492 0.708501113435654 0.734271386763457 0.705762492643865 0.655205886534797 0.593179386241714 0.544298797177569
-9999 -9999 -9999 -9999 -9999 -9999 -9999 -9999 -9999 -9999 -9999 -9999 -9999 -9999 -9999 -9999 -9999 -9999 -9999 -9999 0 0 0 0 0 0 0 0 0 0 0 0 0.00416715578423654 0.435372430583079 0.551097965225654 0.394219080498112 0.238870065483829 0.173480278150557 0.196544719056819 0.229051737939079 0.265670574796782 0.318729348090746 0.38150254913861 0.438243545948584 0.478084177169252 0.509839240056069 0.553876555440419 0.608800596051615 0.662221007795155 0.717758447753726 0.732812615970893 0.722665016841104 0.722070580950541 0.704192716371043 0.674407356681998 0.631109423863331 0.62865164748549 0.659110835912266 0.664719387923116 0.616335451745113 0.556847132647523 0.505702597533918 0.469213187074589
-9999 -9999 -9999 -9999 -9999 -9999 -9999 -9999 -9999 -9999 -9999 -9999 -9999 -9999 -9999 -9999 -9999 -9999 -9999 -9999 0 0 0 0 0 0 0 0 0 0 0 0 0.0962587929779376 0.504950634961775 0.53622207815685 0.348793348096923 0.22643828531306 0.168545054171769 0.176270747141614 0.206933958160564 0.244232194251363 0.29616111281843 0.360518858066207 0.4188191303278 0.458344439485498 0.489836422979929 0.530310831985924 0.58173828783543 0.628648203686059 0.68314067440983 0.717394385190634 0.707076359495743 0.70833966874661 0.700632933400682 0.677626169128563 0.634973418453435 0.634913843677902 0.631908800203318 0.588315911062348 0.528997669282138 0.457914164418663 0.394668066414611 0.377100803547526
-9999 -9999 -9999 -9999 -9999 -9999 -9999 -9999 -9999 -9999 -9999 -9999 -9999 -9999 -9999 -9999 -9999 -9999 -9999 -9999 0 0 0 0 0 0 0 0 0 0 0 0 0.19859981620802 0.495359044707911 0.510949610757035 0.326891404739071 0.21763090073854 0.185451371783527 0.169887058282719 0.187564854523563 0.224331751961401 0.277408091764872 0.344081469739017 0.403702563346249 0.449027761262256 0.486877720878588 0.526714632889551 0.572797050319234 0.61872154289806 0.665726588154021 0.702343163717136 0.699900391262158 0.707144754531306 0.692665454429933 0.668954255012922 0.64630379179437 0.606703574219378 0.556653868251679 0.501951734071911 0.428330880965636 0.355967147183516 0.319113930107133 0.308399059112134
-9999 -9999 -9999 -9999 -9999 -9999 -9999 -9999 -9999 -9999 -9999 -9999 -9999 -9999 -9999 -9999 -9999 -9999 -9999 -9999 0 0 0 0 0 0 0 0 0 0 0 0 0.273795976567297 0.46260914278447 0.461664342482332 0.289123505817153 0.221154723241895 0.194866538283151 0.192113229216052 0.199762575433037 0.209638718028309 0.256385516290653 0.323627315626292 0.385347722942814 0.432858645064879 0.477540451874971 0.519192151618152 0.562783599391954 0.606084620643184 0.646254093061061 0.689074525498335 0.699629188198553 0.686641036906003 0.651386120451158 0.610863998583593 0.573513896169154 0.520162268870156 0.459500648734551 0.388304404692584 0.321935605783249 0.264227384075262 0.253686852016075 0.288907094393686
-9999 -9999 -9999 -9999 -9999 -9999 -9999 -9999 -9999 -9999 -9999 -9999 -9999 -9999 -9999 -9999 -9999 -9999 -9999 -9999 0 0 0 0 0 0 0 0 0 0 0 0 0.384574713725782 0.476050986712501 0.423168958420522 0.275498843827682 0.217726647867284 0.203811269797392 0.207704664635386 0.218196986333384 0.233926540846703 0.252285666706304 0.301534920419208 0.363118971727314 0.413177037727972 0.459781547263305 0.502519944744641 0.548626511298933 0.589772089660494 0.624858316127162 0.659692820303745 0.683878889996904 0.6582353742224 0.59500239038052 0.536934720528875 0.470099177546385 0.388975900160353 0.335616563206194 0.266157316094699 0.208953515040995 0.173484258550066 0.211941684400811 0.318943659079824
-9999 -9999 -9999 -9999 -9999 -9999 -9999 -9999 -9999 -9999 -9999 -9999 -9999 -9999 -9999 -9999 -9999 -9999 -9999 -9999 0 0 0 0 0 0 0 0 0 0 0 0 0.443624056125354 0.454405569438732 0.370264307117667 0.246037587440036 0.217460158126898 0.209582350767032 0.213704013709342 0.228893349795662 0.244844609102052 0.267470948982738 0.296132929187792 0.337373585477734 0.388588068311973 0.43763871751354 0.482989750424299 0.527357316187391 0.569088238958065 0.600705485177984 0.630846526875859 0.628467141895228 0.606773319177162 0.558139042274867 0.487469398674017 0.391401535887283 0.307669160100869 0.257331698034115 0.198151765142983 0.14434176203975 0.122616806118444 0.194399410114525 0.339077043071506
-9999 -9999 -9999 -9999 -9999 -9999 -9999 -9999 -9999 -9999 -9999 -9999 -9999 -9999 -9999 -9999 -9999 -9999 -9999 -9999 0 0 0 0 0 0 0 0 0 0 0 0 0.453040419795135 0.408550996025042 0.327957846297031 0.221274407152825 0.199212994635587 0.201018098266411 0.20739551337191 0.224492939164025 0.245156945501867 0.268625802203934 0.300809578007399 0.329165302527467 0.363523722123301 0.413906453253523 0.460713994317974 0.50591019742955 0.547127000587352 0.576717740810463 0.584336324218291 0.568637038702451 0.546067399578054 0.518042344449734 0.461728235430398 0.369829126534812 0.282399021919828 0.226587026703688 0.177600110259691 0.112878523728885 0.0869217807056388 0.189537678324518 0
-9999 -9999 -9999 -9999 -9999 -9999 -9999 -9999 -9999 -9999 -9999 -9999 -9999 -9999 -9999 -9999 -9999 -9999 -9999 -9999 0 0 0 0 0 0 0 0 0 0 0 0 0.387895529055838 0.329134394291687 0.273686597769916 0.169518065063777 0.16766759736994 0.172459683252026 0.184465427307596 0.206562358920981 0.230966197917551 0.258449098561374 0.291260249704394 0.322698896643034 0.352110986107915 0.388442851833377 0.432822282203286 0.470397878083293 0.515758223673958 0.545367620858319 0.51427648541984 0.488341218545976 0.456575865707563 0.427897267776207 0.401059611133007 0.359896456231823 0.271214016927923 0.212267988775672 0.162304774291128 0.0934580379741196 0.0740703860522652 0.12469678623087 0
-9999 -9999 -9999 -9999 -9999 -9999 -9999 -9999 -9999 -9999 -9999 -9999 -9999 -9999 -9999 -9999 -9999 -9999 -9999 0 0 0 0 0 0 0 0 0 0 0 0 0.257892581244785 0.262337902560554 0.224397981976591 0.221475263780766 0.109168900766337 0.113163158255076 0.132061247790995 0.147146343051667 0.1750319221442 0.205546396948035 0.235699793114134 0.274557491260501 0.305556396345754 0.338762510829464 0.359293662716644 0.394098831615977 0.429202889064815 0.469539486725553 0.493572117102243 0.447944634994559 0.419225439672931 0.384347475669354 0.340889692747578 0.322930621742842 0.284056908758073 0.261007925060602 0.20328866188668 0.145641458806228 0.0827393896355115 0.0526420968867328 0.0242412331447898 0
-9999 -9999 -9999 -9999 -9999 -9999 -9999 -9999 -9999 -9999 -9999 -9999 -9999 -9999 -9999 -9999 -9999 -9999 -9999 0 0 0 0 0 0 0 0 0 0 0 0.0234922208031743 0.202718900060881 0.131246212569842 0.110931291206679 0.135495157533407 0.0872990790258708 0.0666393195364809 0.0687523196801016 0.0956865082000209 0.129590257626696 0.16669516559363 0.201804826942212 0.240638009190695 0.278130056001775 0.309131651508635 0.336526568632951 0.37275287316914 0.405475355470917 0.447360362213592 0.416400537933132 0.37382425042584 0.337148128537703 0.290532123109298 0.252634256881221 0.212215130790306 0.181108074466439 0.157681645347963 0.114233676353721 0.0766973987049593 0.0222219467115319 0 0 0
