data/03_saidas_enm/CCSM_SVM_0k_B.balansae3.asc
NCOLS 154 
NROWS 168 
XLLCORNER -112 
YLLCORNER -55.5 
CELLSIZE 0.5 
NODATA_value -9999 
[rows 75 to 99 of 168, columns 56 to 111 of 154]
-9999 -9999 -9999 -9999 -9999 -9999 -9999 -9999 -9999 -9999 -9999 0.191897086013661 0.194551665638634 0.190695600494606 0.211273298402087 0.262328088565197 0.307318654642517 0.30958025342675 0.29420976238674 0.230890565640286 0.17671994261889 0.161629878420593 0.167632529393167 0.163246507946267 0.152810057617405 0.143671402767663 0.137365101192351 0.136552124257514 0.135691375781839 0.13558880660847 0.142908845364955 0.159834233382989 0.187994781144409 0.218058144497773 0.250758727218558 0.288217175273459 0.323621828006669 0.360289277707499 0.389981709341873 0.408629337224639 0.420516891275475 0.426220301198565 0.424503017952868 0.406657314588325 0.377888528922606 0.353253390253556 0.335565344270661 0.308599180050363 0.267933869394222 0.215714086165424 0.156413265508933 0.10576613139382 0.0553484457668184 0.0219484667915344 0.00265233828720923 -0.00830616041483023
-9999 -9999 -9999 -9999 -9999 -9999 -9999 -9999 -9999 -9999 -9999 0.19112519537256 0.193942289267887 0.189253887356437 0.20475553343829 0.235599389985612 0.267824206294271 0.269026688949705 0.256333821001858 0.24140393119556 0.206416169882286 0.183416875080013 0.175905494510886 0.168857471175884 0.156983453938835 0.147673512541859 0.143776073875114 0.140267129980551 0.138336304381694 0.137900616058656 0.142393300925167 0.158964195361737 0.184975981046459 0.213097118837513 0.24147634942206 0.275566230476373 0.315365113086165 0.359569954554381 0.40045342839873 0.43502110055946 0.462228578606058 0.486503831693412 0.494635766298287 0.486343410538225 0.475388827785649 0.459505153202171 0.443890740306953 0.419597953490739 0.381260549144071 0.329053676616064 0.276139750793851 0.214051088344809 0.156691941941511 0.118891061690944 0.0947117052832879 0.0796934514048927
-9999 -9999 -9999 -9999 -9999 -9999 -9999 -9999 -9999 -9999 -9999 -9999 0.193827054195942 0.198070934576059 0.202104719215415 0.212827753303482 0.218092191151062 0.21431605637995 0.204629358895015 0.204852650780225 0.224765003426768 0.228232988651517 0.203013762831937 0.182085177065984 0.173255619029235 0.163039678506849 0.152208540648083 0.14280713453289 0.138109605186797 0.137165848293958 0.142817206071822 0.155964217788118 0.177351736148451 0.20117853782855 0.226658230296193 0.258458165400727 0.298082844186781 0.344288860630411 0.393589420897362 0.441124978622671 0.490199872438867 0.541539183592131 0.57674618065194 0.584616778284856 0.575495996995959 0.557393209519714 0.538090741446926 0.511512765683712 0.478707254507741 0.441123373146247 0.399520472480635 0.345348121814381 0.293194518110834 0.255432421200417 0.229034709793132 0.206635738534811
-9999 -9999 -9999 -9999 -9999 -9999 -9999 -9999 -9999 -9999 -9999 -9999 0.192193249945759 0.196495877059708 0.202326785512168 0.197501924276805 0.182823019899863 0.187309624252887 0.191654589277362 0.205831175709008 0.224560498264078 0.241254284599899 0.250227542920267 0.237697690393374 0.210198991515635 0.204978365340919 0.164053730950069 0.143787719481525 0.136272348152123 0.134359109603349 0.140439994681754 0.15045602823641 0.166888656034763 0.18683655017877 0.210665967387147 0.238006759758329 0.274560987673091 0.317454113415641 0.368467640391449 0.425047342498748 0.490638905421009 0.572456394167455 0.654577572259739 0.684600696261536 0.67172079617936 0.648441694042638 0.610009399556209 0.57188105457737 0.545154005548895 0.527857524413396 0.509727709046279 0.471214567210908 0.430197755684065 0.397978075763848 0.363051156777882 0.336843046362281
-9999 -9999 -9999 -9999 -9999 -9999 -9999 -9999 -9999 -9999 -9999 -9999 -9999 0.192415188142103 0.196875394065864 0.17696121853124 0.154088607675057 0.168771502146357 0.175765200628334 0.183718570377059 0.204220844952994 0.219059754944411 0.25648111826486 0.339543950415219 0.357127343962103 0.30067127682188 0.227570547228429 0.167473411023208 0.134280341101069 0.132832321472953 0.136642406113186 0.146485947616555 0.159950810089203 0.176488820265272 0.196996583070315 0.220564127470588 0.254008156667559 0.292359723509926 0.340579768793329 0.395343935172387 0.46717601764313 0.568813715352678 0.672589012615574 0.730947418762449 0.741795639609473 0.718236973414098 0.663769716787471 0.610015340322242 0.582491508086428 0.585140244386499 0.589316715342561 0.568201519046588 0.538663174995877 0.512761421527093 0.48462732815341 0.463996071995092
-9999 -9999 -9999 -9999 -9999 -9999 -9999 -9999 -9999 -9999 -9999 -9999 -9999 0.190598331188341 0.194563089368654 0.159533847590382 0.14182092400594 0.154543482873916 0.159277171620885 0.169181541403521 0.180836094567648 0.189699871979242 0.167919593088261 0.136257282060766 0.173587691074119 0.363161512294959 0.337519283082874 0.247656816301022 0.170996266648755 0.143720913717871 0.136764786094202 0.151235254869841 0.158899565981723 0.172862015726515 0.191311465481976 0.206734187956385 0.241669243181276 0.277920784143906 0.321663721272349 0.370857187388738 0.425009189084987 0.530309830489794 0.647939572710535 0.729397452753133 0.772452055839943 0.777219149298131 0.703240842702547 0.621223966279007 0.592098308981994 0.615249413170968 0.637143342086263 0.626860219552042 0.610160392985251 0.593231342322223 0.571028473113116 0.56123260275522
-9999 -9999 -9999 -9999 -9999 -9999 -9999 -9999 -9999 -9999 -9999 -9999 -9999 -9999 0.19263834755304 0.190800356394426 0.167079394796863 0.140484466640595 0.138214974004411 0.164588433271465 0.184625384572039 0.191085052834116 0.188420871142498 0.177161414525314 0.155116087693298 0.128814112250411 0.11558882874096 0.291728938616117 0.357707552742071 0.29474672344745 0.205407507216519 0.1871509292499 0.184443440522585 0.184057436399813 0.198116640751368 0.215293876821296 0.247124531315122 0.286578224363425 0.329503610852675 0.374853566284706 0.423579266098034 0.503442643529232 0.594971651485278 0.679903934961417 0.752178580615168 0.767342170092982 0.720411397954185 0.649451953335299 0.620992475161234 0.636719866612669 0.654048199754047 0.655440228080664 0.642885987313176 0.634630641703708 0.62790268052512 0.619605949164662
-9999 -9999 -9999 -9999 -9999 -9999 -9999 -9999 -9999 -9999 -9999 -9999 -9999 -9999 0.191395507049028 0.192096000661454 0.18611579010875 0.126153540353009 0.106550481048654 0.161572169712154 0.187796059307329 0.192814558617105 0.192984479499571 0.192979723541708 0.192649550183596 0.188143511500129 0.170623059472461 0.131715051353463 0.132285417567667 0.181551009528243 0.305879874195383 0.262561383192769 0.222143517024158 0.210748942658087 0.212600033241095 0.223873952974302 0.25423128398522 0.294816863340144 0.338780379260109 0.390573449953925 0.432627573893988 0.5034677474339 0.556298420156355 0.62117309729807 0.707172882693952 0.744790664717439 0.725783905038002 0.673613840145276 0.654282123240412 0.671698234681588 0.66958241739305 0.68053914511585 0.665905266311924 0.658311864349503 0.65926270252036 0.660318490655583
-9999 -9999 -9999 -9999 -9999 -9999 -9999 -9999 -9999 -9999 -9999 -9999 -9999 -9999 -9999 0.190836995892823 0.19493542775449 0.142107331745329 0.0805486115709171 0.142100351005201 0.188375675677422 0.192764494155402 0.19298749547121 0.192989218463268 0.192989223229294 0.192989024749938 0.192979316706204 0.192795140135164 0.18716305369077 0.152108214110142 0.123424668932789 0.318157806895049 0.297319322799975 0.242997878306181 0.235683191332018 0.239285512022317 0.260492133285931 0.288460334622595 0.328639945805755 0.38560619925737 0.456892249792578 0.535795284538297 0.55540876565144 0.5803905973286 0.654381897676227 0.715172159870532 0.730949804779324 0.724402217475825 0.72576020239989 0.735682860344413 0.738471401046257 0.730267492254018 0.707073674119211 0.693766506712851 0.687584700677158 0.665316163796691
-9999 -9999 -9999 -9999 -9999 -9999 -9999 -9999 -9999 -9999 -9999 -9999 -9999 -9999 -9999 0.176600253475919 0.196766741496612 0.172628349578408 0.0857202629927386 0.0938150286918811 0.17966075317283 0.189330019265709 0.192788906066357 0.192976724011869 0.192989053148554 0.192989321705502 0.192989320117525 0.192989321159102 0.192988988130001 0.191240533404576 0.176668573311196 0.230225061207798 0.388464258629652 0.31556741320601 0.278848071431387 0.255521070831442 0.274548403820587 0.291186910242081 0.317510256748938 0.336596471981952 0.359684377882909 0.541479429370817 0.566281389550337 0.539723787075392 0.604818940699806 0.68880949192595 0.730455933157242 0.771130468339834 0.790267551224945 0.791945790868735 0.792093776338409 0.775987299278736 0.754518231971348 0.743992459191927 0.733679578876743 0.708888981095713
-9999 -9999 -9999 -9999 -9999 -9999 -9999 -9999 -9999 -9999 -9999 -9999 -9999 -9999 -9999 0.175753483182404 0.196957638489331 0.190049549618673 0.167243826345397 0.0844694651808919 0.0661435050444489 0.125631550309086 0.171415679718721 0.187655329885126 0.192151645665823 0.192864053410492 0.192982769783136 0.192988904817222 0.192988008348367 0.192905734461902 0.190531196602654 0.19736362574217 0.418962238906558 0.499905173716278 0.397122117233052 0.333699709063203 0.32500709289711 0.330317122829946 0.339199765890655 0.318339818878984 0.326798548812464 0.555638555960783 0.57725269822082 0.517944377239658 0.548691161021086 0.633091063972357 0.718886945274173 0.793064394230613 0.83068814979421 0.828110690358597 0.803307909881272 0.8031419676622 0.798212713270526 0.803502848078303 0.817697278764932 0.821489798093855
-9999 -9999 -9999 -9999 -9999 -9999 -9999 -9999 -9999 -9999 -9999 -9999 -9999 -9999 -9999 -9999 0.184323700323378 0.186411564651071 0.17698601051012 0.176166765237258 0.139469069787942 0.0894822526341111 0.0974001292860668 0.130322621150979 0.154495252046106 0.168952824009065 0.188025612205848 0.191859487570988 0.192491557281286 0.192749076870989 0.192572409631142 0.190134016335828 0.238756793892173 0.481414292284202 0.580527535149941 0.473069405076879 0.411455102125725 0.405314912212672 0.42173132741393 0.425764038698033 0.398952001898682 0.614338940931253 0.552048765135619 0.491776859936086 0.527172060419773 0.603930103813432 0.712078550166295 0.801803874868737 0.847210598716326 0.847168225038705 0.826010019191585 0.843401736468587 0.845165781891326 0.864093146882134 0.889882849819845 0.881621922817417
-9999 -9999 -9999 -9999 -9999 -9999 -9999 -9999 -9999 -9999 -9999 -9999 -9999 -9999 -9999 -9999 -9999 0.1838832951671 0.19753213206214 0.156183353449816 0.186926219433326 0.157836766945015 0.0664176564105465 0.0502059124082813 0.070142702263467 0.102913596324388 0.142807580233955 0.169752344245768 0.183517248597769 0.191523946444357 0.192758512186012 0.192288023536085 0.189871007052979 0.197138820403075 0.384039312717391 0.644540951098363 0.57987051212941 0.516745340221285 0.49378396360943 0.549272406816345 0.589384956620413 0.591603066215805 0.534359274717901 0.518153809975355 0.561667543996446 0.634653812397403 0.709742363222215 0.765142922546819 0.800796713661548 0.827827090383704 0.837675821459237 0.868212140951681 0.899259802072818 0.930577875571878 0.950462074991232 0.95130340557381
-9999 -9999 -9999 -9999 -9999 -9999 -9999 -9999 -9999 -9999 -9999 -9999 -9999 -9999 -9999 -9999 -9999 -9999 -9999 0.186408682567316 0.126737787416725 0.181763918567225 0.171930056918676 0.100309931433923 0.0502059731021509 0.0488843421587108 0.0788698757313888 0.122932040765977 0.152563145858741 0.18374951209815 0.192233715460712 0.192613621530733 0.192483527053311 0.18907144492699 0.189878009179662 0.379050432584877 0.607370075421435 0.653758138599809 0.562452414306336 0.53960855196798 0.494685626536101 0.533697821513179 0.537742248286836 0.555682901841442 0.604149561664583 0.64675693475143 0.694352319219995 0.729756018353425 0.760812184416003 0.795384969245769 0.803699328940326 0.865927731524102 0.914817079996075 0.954958957088794 0.986322536470594 0.991494865843347
-9999 -9999 -9999 -9999 -9999 -9999 -9999 -9999 -9999 -9999 -9999 -9999 -9999 -9999 -9999 -9999 -9999 -9999 -9999 -9999 -9999 0.198143677458499 0.200633066509648 0.194825882940783 0.152217199711085 0.0604020107983618 0.048621163101477 0.0810614925522272 0.111508870328498 0.148165255850386 0.17588484417266 0.190669672208643 0.192882329869645 0.192703493962373 0.188929872937448 0.178517284102668 0.231335844983095 0.596115805116383 0.684210814476515 0.658192587513474 0.588762269130477 0.561113724612344 0.577378408433176 0.601908553364788 0.630426428422054 0.663093529094497 0.705403420186317 0.742635593734943 0.784648068583979 0.8189151195683 0.848077205761168 0.900700832861711 0.946978477665154 0.976723358534115 0.996981665360962 1.00714555446859
-9999 -9999 -9999 -9999 -9999 -9999 -9999 -9999 -9999 -9999 -9999 -9999 -9999 -9999 -9999 -9999 -9999 -9999 -9999 -9999 -9999 -9999 -9999 0.198280145332677 0.198801171890807 0.169158448511905 0.0940241877060698 0.0578335548082185 0.0781292844626407 0.0953087937098828 0.122388065192658 0.174193565051661 0.191944498322615 0.192829374623282 0.192654227555339 0.190315384743605 0.183910797035595 0.245074927078158 0.556077413961847 0.763938622897549 0.680611459385119 0.596019471008333 0.577106146791998 0.592326529065038 0.62930390613458 0.676837657681796 0.726479780599995 0.776684277722832 0.821957219792488 0.857614989684256 0.89373136150252 0.937360206371118 0.96541331074085 0.979846078214129 0.994176648944127 1.00414940493867
-9999 -9999 -9999 -9999 -9999 -9999 -9999 -9999 -9999 -9999 -9999 -9999 -9999 -9999 -9999 -9999 -9999 -9999 -9999 -9999 -9999 -9999 -9999 -9999 -9999 0.199669323329453 0.192241693992516 0.115742167801233 0.0886562646029425 0.0934287457081067 0.0994195898645916 0.115247391379701 0.1644341201565 0.185706620559909 0.192069708786289 0.192848437828614 0.191619192741185 0.190188342675316 0.247697566125978 0.656401166736864 0.773112505420831 0.630897580315422 0.534098875103013 0.535826974547287 0.60152232311178 0.66538852191783 0.733069442983253 0.790754694067302 0.840499843696428 0.885993185990102 0.917460916269446 0.961020689633594 0.963853021029399 0.968694193112739 0.997222969133163 1.008564994453
-9999 -9999 -9999 -9999 -9999 -9999 -9999 -9999 -9999 -9999 -9999 -9999 -9999 -9999 -9999 -9999 -9999 -9999 -9999 -9999 -9999 -9999 -9999 -9999 -9999 0.184945507528363 0.199610884044772 0.188596307408832 0.162367395884178 0.153553413212303 0.144718519678849 0.122417842638346 0.104271307179548 0.125626120634153 0.171922232923415 0.189350121503741 0.190074186635576 0.190870045166791 0.207156710249109 0.499000770522256 0.873938876993543 0.735063312074802 0.555836222353833 0.512784591284992 0.566539057117383 0.642673585618117 0.720592101614565 0.789964867560824 0.850783831559406 0.903106373876468 0.944524465557063 0.97328164456584 0.969689798157019 0.977469805969042 1.00616861369539 1.01306132919312
-9999 -9999 -9999 -9999 -9999 -9999 -9999 -9999 -9999 -9999 -9999 -9999 -9999 -9999 -9999 -9999 -9999 -9999 -9999 -9999 -9999 -9999 -9999 -9999 -9999 -9999 -9999 0.180876405114236 0.171232051959239 0.186743600542353 0.189411128989654 0.179698895693782 0.163467838028355 0.130865408073912 0.0951189855593314 0.103340955779594 0.158299440536169 0.180346747435123 0.193969993986792 0.376767132040563 0.859884828321041 0.873001072773105 0.621967987838503 0.522478890258417 0.564259335798049 0.633404532896393 0.707448330664489 0.793907776513382 0.859355076657166 0.914419402636047 0.953033751095956 0.973905988871269 0.980805474266119 0.996724945040761 1.02248522402375 1.02259425085772
-9999 -9999 -9999 -9999 -9999 -9999 -9999 -9999 -9999 -9999 -9999 -9999 -9999 -9999 -9999 -9999 -9999 -9999 -9999 -9999 -9999 -9999 -9999 -9999 -9999 -9999 -9999 0.16417323272529 0.0963007200108463 0.182503127000478 0.191401793943192 0.188809914962407 0.183079867177363 0.170485033646208 0.131742753105199 0.0929380719316527 0.106094928041672 0.153631627144031 0.182043913563881 0.297620393793096 0.756953701350468 0.959105546546111 0.741369706564123 0.597580965567282 0.576167297836625 0.611593992775144 0.67900786988849 0.763574349897826 0.83258591240785 0.891752161868629 0.932998817083587 0.965699212209311 0.994785567487083 1.01743272158519 1.03389675135663 1.03781423734225
-9999 -9999 -9999 -9999 -9999 -9999 -9999 -9999 -9999 -9999 -9999 -9999 -9999 -9999 -9999 -9999 -9999 -9999 -9999 -9999 -9999 -9999 -9999 -9999 -9999 -9999 -9999 -9999 0.0505860890709778 0.154229850467228 0.189658838907136 0.188837465287898 0.185593838960323 0.180660789618729 0.158469156784352 0.118762338788482 0.0943463129255039 0.13227029820492 0.171577487656657 0.25654038225762 0.667614955462253 0.984712158819261 0.780333380397891 0.624844853875102 0.598397736780314 0.561901605007551 0.637293252230871 0.705012784187038 0.774673780514789 0.852778569599139 0.900759520249856 0.952609008797396 0.964612592808303 0.986502395689986 1.0352998388251 1.05414102881588
-9999 -9999 -9999 -9999 -9999 -9999 -9999 -9999 -9999 -9999 -9999 -9999 -9999 -9999 -9999 -9999 -9999 -9999 -9999 -9999 -9999 -9999 -9999 -9999 -9999 -9999 -9999 -9999 0.0583191099984888 0.133395708255868 0.185595771928707 0.188504156517766 0.186920054846191 0.184757650044428 0.167991485569497 0.129028636910557 0.100574993432883 0.132924875285188 0.170906556762016 0.236140899792995 0.575527440878647 0.963422635556163 0.789801015200969 0.607703020240108 0.579392433297391 0.606069090285517 0.625535646859699 0.64808147672438 0.711187985913831 0.820983223703871 0.888953862934284 0.944891568489417 0.946560353144921 0.971757306539119 1.03327894514985 1.07267630664153
-9999 -9999 -9999 -9999 -9999 -9999 -9999 -9999 -9999 -9999 -9999 -9999 -9999 -9999 -9999 -9999 -9999 -9999 -9999 -9999 -9999 -9999 -9999 -9999 -9999 -9999 -9999 -9999 0.071179024931341 0.118988988559483 0.185201552004125 0.188460585929695 0.188469430305648 0.187365691207267 0.167942350104377 0.131137759044558 0.110120275066599 0.144440365245354 0.174680509490384 0.223687422941333 0.507049173518255 0.9266833629225 0.744410958324756 0.543163307576629 0.496613984575393 0.492640825848025 0.59473171759754 0.61077662967686 0.648359789026168 0.79672378267163 0.877741406464151 0.929166013750163 0.927589499536279 0.972428982906629 1.04946794692882 1.08576765655794
-9999 -9999 -9999 -9999 -9999 -9999 -9999 -9999 -9999 -9999 -9999 -9999 -9999 -9999 -9999 -9999 -9999 -9999 -9999 -9999 -9999 -9999 -9999 -9999 -9999 -9999 -9999 -9999 0.0681531058357818 0.115742576033159 0.185595061162654 0.187347752219779 0.187133080955573 0.185427142367449 0.165611018384805 0.12076593221841 0.115638928770848 0.158842327839163 0.18139955142572 0.222450234414359 0.512144874652509 0.873540245129109 0.687186964892828 0.482675211596517 0.418018991847155 0.432547757066647 0.521187591845677 0.619904285850399 0.687713587290921 0.765377690789606 0.842461988853299 0.89127823848931 0.931408979054714 0.997299089664697 1.06487644202646 1.09758384960392
-9999 -9999 -9999 -9999 -9999 -9999 -9999 -9999 -9999 -9999 -9999 -9999 -9999 -9999 -9999 -9999 -9999 -9999 -9999 -9999 -9999 -9999 -9999 -9999 -9999 -9999 -9999 -9999 0.0707879923989618 0.118169874143194 0.189575294251689 0.186299986158253 0.18655448658249 0.184178633307857 0.160628085706043 0.115619894361875 0.126902252445976 0.172312407535548 0.186473933438808 0.226600856601928 0.532368908411886 0.830822424588484 0.608148752368478 0.423024381918118 0.369894605915528 0.368142911277409 0.454339328104147 0.556020441092077 0.656903898754203 0.729539727722622 0.737917750224328 0.853615718456257 0.932751424250867 1.00530772943867 1.06802611416257 1.09879426360349
