data/03_saidas_enm/CCSM_Maxent_21k_B.balansae5.asc
NCOLS 154 
NROWS 168 
XLLCORNER -112 
YLLCORNER -55.5 
CELLSIZE 0.5 
NODATA_value -9999 
[rows 75 to 99 of 168, columns 56 to 111 of 154]
-9999 -9999 -9999 -9999 -9999 -9999 -9999 -9999 -9999 -9999 -9999 0.0290887672454119 0.0713816732168198 0.140130892395973 0.18348428606987 0.19390195608139 0.184247091412544 0.17348937690258 0.189899861812592 0.149158954620361 0.119424052536488 0.107266612350941 0.102207891643047 0.0961854606866837 0.0890161693096161 0.084155946969986 0.0799802020192146 0.0827810615301132 0.0833373591303825 0.0855092331767082 0.0901274159550667 0.0958172753453255 0.104649886488914 0.112823031842709 0.122761979699135 0.133084297180176 0.142135068774223 0.15212844312191 0.161451548337936 0.1737399995327 0.18681712448597 0.201179012656212 0.213936313986778 0.223185107111931 0.221950381994247 0.219728261232376 0.210862264037132 0.199492737650871 0.185545071959496 0.168633013963699 0.154644876718521 0.146764904260635 0.139725163578987 0.13470521569252 0.132423117756844 0.132731303572655
-9999 -9999 -9999 -9999 -9999 -9999 -9999 -9999 -9999 -9999 -9999 0.0342208594083786 0.0714479833841324 0.13095098733902 0.159267380833626 0.176812142133713 0.161786213517189 0.133152768015862 0.135293900966644 0.144171953201294 0.128302603960037 0.118966192007065 0.113242611289024 0.107879869639874 0.0914970338344574 0.085030809044838 0.0808500573039055 0.0820883736014366 0.0821493044495583 0.0830857828259468 0.0851003900170326 0.0904139578342438 0.0981941968202591 0.105696104466915 0.116423919796944 0.126120984554291 0.137049823999405 0.146457388997078 0.156835973262787 0.171691507101059 0.183686450123787 0.194661468267441 0.208310216665268 0.223313942551613 0.239147186279297 0.248411148786545 0.239627942442894 0.230260595679283 0.218718513846397 0.202318787574768 0.191600114107132 0.180473610758781 0.171878486871719 0.167891100049019 0.167376294732094 0.171142488718033
-9999 -9999 -9999 -9999 -9999 -9999 -9999 -9999 -9999 -9999 -9999 -9999 0.0603468827903271 0.0964641124010086 0.134823948144913 0.157122433185577 0.12697996199131 0.0890933573246002 0.0812301784753799 0.0955588147044182 0.126233235001564 0.140347898006439 0.125056385993958 0.117011703550816 0.109655551612377 0.096687525510788 0.0906029045581818 0.0845747888088226 0.0805966481566429 0.0780971795320511 0.0808558315038681 0.0823144465684891 0.0891022980213165 0.0959363877773285 0.105503596365452 0.116832263767719 0.128923326730728 0.140321627259254 0.151427537202835 0.1638393253088 0.177190542221069 0.187163576483727 0.199872478842735 0.214727789163589 0.237098857760429 0.258254885673523 0.264351963996887 0.257549047470093 0.249601155519485 0.238079473376274 0.229259580373764 0.220466896891594 0.213664039969444 0.20985846221447 0.207784458994865 0.208471015095711
-9999 -9999 -9999 -9999 -9999 -9999 -9999 -9999 -9999 -9999 -9999 -9999 0.0564218275249004 0.0628428608179092 0.103790991008282 0.14752471446991 0.10128066688776 0.0552883259952068 0.0497357472777367 0.0646071881055832 0.092812217772007 0.127346813678741 0.143932357430458 0.13544487953186 0.129052668809891 0.124741680920124 0.10240638256073 0.0896097049117088 0.0834268257021904 0.0746677592396736 0.0794764831662178 0.0792409628629684 0.0821256786584854 0.0881659537553787 0.0979426428675652 0.106938436627388 0.120050869882107 0.131813570857048 0.14594854414463 0.161060333251953 0.171431005001068 0.183455213904381 0.198624417185783 0.212947100400925 0.234646767377853 0.260210305452347 0.27748441696167 0.281385391950607 0.278818577528 0.271879583597183 0.267384141683578 0.263675212860107 0.259713232517242 0.256283700466156 0.248282358050346 0.24518695473671
-9999 -9999 -9999 -9999 -9999 -9999 -9999 -9999 -9999 -9999 -9999 -9999 -9999 0.0582332387566566 0.0729895755648613 0.0996188595890999 0.0819799602031708 0.0542542822659016 0.0493320189416409 0.059300784021616 0.0745665952563286 0.0929430946707726 0.130100727081299 0.173299059271812 0.202521815896034 0.16918221116066 0.135955721139908 0.105208769440651 0.0890356972813606 0.0856135040521622 0.083517923951149 0.0808745250105858 0.0811698734760284 0.0841179415583611 0.0882468223571777 0.0973222330212593 0.107378959655762 0.119090586900711 0.132794514298439 0.149209350347519 0.168163478374481 0.182673752307892 0.198010146617889 0.213852778077126 0.233933746814728 0.260194957256317 0.282949268817902 0.302402049303055 0.30600580573082 0.30699947476387 0.308181405067444 0.303195208311081 0.295953512191772 0.289547622203827 0.279802143573761 0.274473607540131
-9999 -9999 -9999 -9999 -9999 -9999 -9999 -9999 -9999 -9999 -9999 -9999 -9999 0.0615052320063114 0.0587699338793755 0.0735226348042488 0.0671210438013077 0.0584625266492367 0.0607615225017071 0.0642057955265045 0.0665665566921234 0.0600792765617371 0.0773687288165092 0.0988376438617706 0.116674907505512 0.186713144183159 0.195982456207275 0.140075951814651 0.109104700386524 0.0970418229699135 0.0925243869423866 0.0854285210371017 0.0810608491301537 0.082960270345211 0.0828481987118721 0.0891844034194946 0.0992418825626373 0.111652813851833 0.124705500900745 0.142439618706703 0.160472974181175 0.181657865643501 0.199590191245079 0.217109471559525 0.239609628915787 0.264165967702866 0.289636075496674 0.301505953073502 0.314601987600327 0.326154589653015 0.333391636610031 0.327841907739639 0.322096645832062 0.315438032150269 0.302148550748825 0.295175462961197
-9999 -9999 -9999 -9999 -9999 -9999 -9999 -9999 -9999 -9999 -9999 -9999 -9999 -9999 0.0641460567712784 0.0480142347514629 0.0559157133102417 0.0715985000133514 0.0817002803087234 0.0703194066882133 0.0540287904441357 0.0326815396547318 0.0189954675734043 0.0190414637327194 0.0269959680736065 0.050496943295002 0.0830821543931961 0.149371042847633 0.194322690367699 0.151569351553917 0.110918559134007 0.0956793949007988 0.0850392729043961 0.0814562514424324 0.0828821957111359 0.0862697139382362 0.0900209322571754 0.0996965169906616 0.114100739359856 0.136482313275337 0.154423698782921 0.173470959067345 0.196809768676758 0.221056044101715 0.240239217877388 0.266857892274857 0.286007881164551 0.297191113233566 0.312819391489029 0.331522345542908 0.34602877497673 0.344484597444534 0.339960932731628 0.332973837852478 0.318984359502792 0.309947401285172
-9999 -9999 -9999 -9999 -9999 -9999 -9999 -9999 -9999 -9999 -9999 -9999 -9999 -9999 0.0618180111050606 0.0371246002614498 0.0541839599609375 0.0858275815844536 0.101802907884121 0.0773364901542664 0.0485994443297386 0.0163129270076752 0.0139468275010586 0.0134042855352163 0.0138814272359014 0.0166124682873487 0.0160412061959505 0.041961845010519 0.0904458835721016 0.127684518694878 0.149153888225555 0.123387813568115 0.0976340547204018 0.0850750431418419 0.0816841050982475 0.0799480602145195 0.0817411839962006 0.0853837355971336 0.0980029404163361 0.121304072439671 0.14988049864769 0.168739169836044 0.189326211810112 0.213021248579025 0.23928764462471 0.262348830699921 0.278463363647461 0.290092706680298 0.304836630821228 0.326867491006851 0.342379480600357 0.355343580245972 0.352789998054504 0.347482889890671 0.33167827129364 0.32097914814949
-9999 -9999 -9999 -9999 -9999 -9999 -9999 -9999 -9999 -9999 -9999 -9999 -9999 -9999 -9999 0.0549727641046047 0.0688164681196213 0.0914078131318092 0.0930844023823738 0.0688087791204453 0.035568542778492 0.0175074953585863 0.01073391828686 0.00975330360233784 0.0095814997330308 0.0090990262106061 0.0104472786188126 0.0114772897213697 0.014073689468205 0.0414947606623173 0.122680731117725 0.206126242876053 0.127612084150314 0.0977252125740051 0.0895921513438225 0.0810199603438377 0.0802073180675507 0.079541951417923 0.0880796834826469 0.104759402573109 0.126392692327499 0.158582448959351 0.186976104974747 0.20565091073513 0.229794099926949 0.253716439008713 0.274442583322525 0.290838003158569 0.304688364267349 0.317627608776093 0.332717031240463 0.349384427070618 0.358536511659622 0.353920221328735 0.344506323337555 0.334589004516602
-9999 -9999 -9999 -9999 -9999 -9999 -9999 -9999 -9999 -9999 -9999 -9999 -9999 -9999 -9999 0.0197321679443121 0.0623743012547493 0.106952786445618 0.0851139053702354 0.0601670332252979 0.0332142524421215 0.0255424082279205 0.0129878725856543 0.0116612194105983 0.0110416300594807 0.00843269005417824 0.00914124306291342 0.010365042835474 0.0129800299182534 0.0188869629055262 0.0775705650448799 0.16214756667614 0.195430666208267 0.138886794447899 0.116078935563564 0.095214381814003 0.0940563306212425 0.0864181369543076 0.0870213285088539 0.100091367959976 0.110243782401085 0.147292211651802 0.188900515437126 0.202522173523903 0.223958700895309 0.247594103217125 0.268636971712112 0.2909896671772 0.303264766931534 0.307668298482895 0.316626995801926 0.334224611520767 0.35251921415329 0.358306556940079 0.352665424346924 0.349067807197571
-9999 -9999 -9999 -9999 -9999 -9999 -9999 -9999 -9999 -9999 -9999 -9999 -9999 -9999 -9999 0.0155284330248833 0.0339347273111343 0.0914516896009445 0.0930026918649673 0.0792729407548904 0.0718468874692917 0.0580437853932381 0.0489414408802986 0.0353257060050964 0.0224014408886433 0.0163404867053032 0.0136215277016163 0.0123479384928942 0.0127645367756486 0.0172401051968336 0.0426854193210602 0.113474011421204 0.230006381869316 0.232943370938301 0.179212391376495 0.146944254636765 0.123954214155674 0.105925276875496 0.104950718581676 0.10943940281868 0.12438926845789 0.159368589520454 0.200643837451935 0.206081673502922 0.219844281673431 0.239578932523727 0.261387020349503 0.283616960048676 0.294663816690445 0.295313268899918 0.295748382806778 0.307841956615448 0.329598039388657 0.344115704298019 0.357812196016312 0.353595554828644
-9999 -9999 -9999 -9999 -9999 -9999 -9999 -9999 -9999 -9999 -9999 -9999 -9999 -9999 -9999 -9999 0.0184428319334984 0.0369751267135143 0.0897533968091011 0.13001374900341 0.119020774960518 0.105549328029156 0.11054153740406 0.098109245300293 0.0777263939380646 0.0749159082770348 0.0399412885308266 0.0238935574889183 0.0205816272646189 0.0205819476395845 0.0336715877056122 0.069613553583622 0.15991672873497 0.26523095369339 0.300375819206238 0.236230939626694 0.192240759730339 0.151644915342331 0.145706921815872 0.150145202875137 0.156980961561203 0.193607226014137 0.215830564498901 0.213128581643105 0.217788606882095 0.230436429381371 0.245375797152519 0.266617059707642 0.270864218473434 0.264838725328445 0.265506356954575 0.277149975299835 0.29824885725975 0.325073421001434 0.343089729547501 0.350427776575089
-9999 -9999 -9999 -9999 -9999 -9999 -9999 -9999 -9999 -9999 -9999 -9999 -9999 -9999 -9999 -9999 -9999 0.0189945343881845 0.0377991646528244 0.085448369383812 0.162498846650124 0.119893379509449 0.098440870642662 0.0901266559958458 0.0985572934150696 0.113764993846416 0.0877804681658745 0.067921482026577 0.05334347859025 0.0324806831777096 0.026730865240097 0.0403260290622711 0.0694657415151596 0.133314430713654 0.254641711711884 0.353235214948654 0.276465237140656 0.22369883954525 0.206608489155769 0.212043821811676 0.236849814653397 0.23388347029686 0.226467132568359 0.222038403153419 0.216338247060776 0.219305455684662 0.230091765522957 0.234864875674248 0.233018636703491 0.238049238920212 0.241136565804482 0.265011787414551 0.297568917274475 0.328303843736649 0.356246024370193 0.371205896139145
-9999 -9999 -9999 -9999 -9999 -9999 -9999 -9999 -9999 -9999 -9999 -9999 -9999 -9999 -9999 -9999 -9999 -9999 -9999 0.0260405670851469 0.0437163263559341 0.0950484350323677 0.091973289847374 0.0789918228983879 0.0935172513127327 0.125160411000252 0.126208752393723 0.124842241406441 0.0998466834425926 0.0578936226665974 0.0307877119630575 0.0307782497256994 0.0331699587404728 0.0562366358935833 0.132232367992401 0.261728972196579 0.341997921466827 0.317371547222137 0.260902464389801 0.24958273768425 0.241427704691887 0.242458239197731 0.237133651971817 0.231359556317329 0.221273079514503 0.218540176749229 0.224982425570488 0.222031384706497 0.220703080296516 0.229264736175537 0.234645292162895 0.266575872898102 0.310132652521133 0.346378773450851 0.376515597105026 0.390591770410538
-9999 -9999 -9999 -9999 -9999 -9999 -9999 -9999 -9999 -9999 -9999 -9999 -9999 -9999 -9999 -9999 -9999 -9999 -9999 -9999 -9999 0.0283799301832914 0.0505755208432674 0.0845449268817902 0.0867186486721039 0.0969905331730843 0.127612248063087 0.16523140668869 0.16071230173111 0.110419690608978 0.0725791156291962 0.0389490015804768 0.0218004956841469 0.0261676702648401 0.0537312068045139 0.110392227768898 0.210171744227409 0.341097712516785 0.338053345680237 0.300149410963058 0.264658391475677 0.254302322864532 0.247415825724602 0.247550636529922 0.24112007021904 0.23458631336689 0.238035872578621 0.243549466133118 0.245266541838646 0.246538579463959 0.259672343730927 0.295540362596512 0.341565996408463 0.375586330890656 0.398826837539673 0.405996441841125
-9999 -9999 -9999 -9999 -9999 -9999 -9999 -9999 -9999 -9999 -9999 -9999 -9999 -9999 -9999 -9999 -9999 -9999 -9999 -9999 -9999 -9999 -9999 0.0367295183241367 0.0863363221287727 0.0925337374210358 0.119687587022781 0.18272790312767 0.199550539255142 0.176307499408722 0.125450268387794 0.0713865011930466 0.0318709090352058 0.0255478229373693 0.0314374826848507 0.0486231967806816 0.111217148602009 0.223526999354362 0.343458503484726 0.381618708372116 0.295335024595261 0.266515851020813 0.247881144285202 0.249303668737411 0.252433001995087 0.252269923686981 0.259572416543961 0.267907917499542 0.272111028432846 0.278226792812347 0.294796049594879 0.326567232608795 0.368127286434174 0.400191754102707 0.415973097085953 0.418634295463562
-9999 -9999 -9999 -9999 -9999 -9999 -9999 -9999 -9999 -9999 -9999 -9999 -9999 -9999 -9999 -9999 -9999 -9999 -9999 -9999 -9999 -9999 -9999 -9999 -9999 0.0453569255769253 0.116451032459736 0.155403658747673 0.199638858437538 0.229028448462486 0.211569607257843 0.155230134725571 0.0953736454248428 0.0610804446041584 0.0391683019697666 0.0326189398765564 0.0638775900006294 0.12470618635416 0.238113671541214 0.398900806903839 0.346303015947342 0.288098245859146 0.251621276140213 0.250323832035065 0.259865969419479 0.268441677093506 0.280026316642761 0.289685159921646 0.300061285495758 0.311399519443512 0.32641413807869 0.351860165596008 0.386408358812332 0.412000596523285 0.432528078556061 0.435572654008865
-9999 -9999 -9999 -9999 -9999 -9999 -9999 -9999 -9999 -9999 -9999 -9999 -9999 -9999 -9999 -9999 -9999 -9999 -9999 -9999 -9999 -9999 -9999 -9999 -9999 0.0173316039144993 0.0433559641242027 0.137188419699669 0.192533120512962 0.257559597492218 0.290484368801117 0.285073935985565 0.22386035323143 0.159435108304024 0.0914818122982979 0.0586045756936073 0.0749137401580811 0.109587721526623 0.200670823454857 0.379390299320221 0.431261450052261 0.341632872819901 0.291825264692307 0.277582079172134 0.282896667718887 0.294239372014999 0.305334448814392 0.31678169965744 0.327945232391357 0.341541260480881 0.35744434595108 0.378207951784134 0.403853327035904 0.424647152423859 0.444113373756409 0.45067822933197
-9999 -9999 -9999 -9999 -9999 -9999 -9999 -9999 -9999 -9999 -9999 -9999 -9999 -9999 -9999 -9999 -9999 -9999 -9999 -9999 -9999 -9999 -9999 -9999 -9999 -9999 -9999 0.0416321381926537 0.108406230807304 0.255225598812103 0.308173030614853 0.334385544061661 0.370772063732147 0.322835505008698 0.217794165015221 0.16820003092289 0.12467610090971 0.133980393409729 0.213224023580551 0.392817944288254 0.506825804710388 0.412035495042801 0.349910199642181 0.322838664054871 0.315014064311981 0.327146202325821 0.336451441049576 0.350918889045715 0.362927675247192 0.376650303602219 0.393222272396088 0.402726292610168 0.420951545238495 0.440535098314285 0.45830112695694 0.464920610189438
-9999 -9999 -9999 -9999 -9999 -9999 -9999 -9999 -9999 -9999 -9999 -9999 -9999 -9999 -9999 -9999 -9999 -9999 -9999 -9999 -9999 -9999 -9999 -9999 -9999 -9999 -9999 0.0207758061587811 0.0600932985544205 0.185517549514771 0.304698824882507 0.366084516048431 0.439724296331406 0.425937592983246 0.338609308004379 0.256295621395111 0.180957034230232 0.171902179718018 0.231902003288269 0.395178347826004 0.53533935546875 0.457996726036072 0.400507599115372 0.371044605970383 0.358352601528168 0.364936292171478 0.373245537281036 0.389095097780228 0.401103049516678 0.413024991750717 0.423203349113464 0.428589195013046 0.438081592321396 0.450766950845718 0.473810434341431 0.48694121837616
-9999 -9999 -9999 -9999 -9999 -9999 -9999 -9999 -9999 -9999 -9999 -9999 -9999 -9999 -9999 -9999 -9999 -9999 -9999 -9999 -9999 -9999 -9999 -9999 -9999 -9999 -9999 -9999 0.0407169982790947 0.13387057185173 0.261606246232986 0.381763428449631 0.432573676109314 0.422031790018082 0.398265808820724 0.29770889878273 0.216601669788361 0.186643034219742 0.234737664461136 0.391936123371124 0.532416224479675 0.492999196052551 0.427641004323959 0.401445895433426 0.380848318338394 0.369445234537125 0.393035560846329 0.417151212692261 0.435795575380325 0.445992678403854 0.451527059078217 0.45057013630867 0.45107689499855 0.464921623468399 0.496302276849747 0.513182699680328
-9999 -9999 -9999 -9999 -9999 -9999 -9999 -9999 -9999 -9999 -9999 -9999 -9999 -9999 -9999 -9999 -9999 -9999 -9999 -9999 -9999 -9999 -9999 -9999 -9999 -9999 -9999 -9999 0.0339233241975307 0.108447805047035 0.251490771770477 0.400048404932022 0.388792902231216 0.385574370622635 0.38662201166153 0.31444263458252 0.22092579305172 0.189712032675743 0.235031858086586 0.391084432601929 0.510050714015961 0.497988075017929 0.421122819185257 0.386546075344086 0.391756504774094 0.399635851383209 0.403903394937515 0.414912432432175 0.442005097866058 0.475697189569473 0.481430500745773 0.480040013790131 0.480788201093674 0.492630541324615 0.518920004367828 0.540117681026459
-9999 -9999 -9999 -9999 -9999 -9999 -9999 -9999 -9999 -9999 -9999 -9999 -9999 -9999 -9999 -9999 -9999 -9999 -9999 -9999 -9999 -9999 -9999 -9999 -9999 -9999 -9999 -9999 0.0323621295392513 0.106644593179226 0.243121922016144 0.420078963041306 0.357121109962463 0.351109951734543 0.368678838014603 0.318182021379471 0.21442224085331 0.167824357748032 0.212263375520706 0.374168038368225 0.467606574296951 0.49883234500885 0.417393088340759 0.375298887491226 0.367727994918823 0.373958736658096 0.423015832901001 0.417576372623444 0.436709731817245 0.484488427639008 0.512947559356689 0.513900816440582 0.515951573848724 0.529301047325134 0.553596317768097 0.566553056240082
-9999 -9999 -9999 -9999 -9999 -9999 -9999 -9999 -9999 -9999 -9999 -9999 -9999 -9999 -9999 -9999 -9999 -9999 -9999 -9999 -9999 -9999 -9999 -9999 -9999 -9999 -9999 -9999 0.0343971438705921 0.128657549619675 0.331930130720139 0.440115004777908 0.375441491603851 0.344549775123596 0.348016172647476 0.293810307979584 0.195041760802269 0.155711993575096 0.208240658044815 0.344893842935562 0.460122615098953 0.500281989574432 0.415325850248337 0.369113445281982 0.3593390583992 0.367830216884613 0.393280655145645 0.445264041423798 0.457372516393661 0.480455756187439 0.504647493362427 0.522732615470886 0.538400828838348 0.561660885810852 0.586689889431 0.604252815246582
-9999 -9999 -9999 -9999 -9999 -9999 -9999 -9999 -9999 -9999 -9999 -9999 -9999 -9999 -9999 -9999 -9999 -9999 -9999 -9999 -9999 -9999 -9999 -9999 -9999 -9999 -9999 -9999 0.0364183485507965 0.159878149628639 0.381800025701523 0.414297372102737 0.370543003082275 0.348019242286682 0.346253454685211 0.274110376834869 0.178020015358925 0.140233442187309 0.203704491257668 0.332539975643158 0.467065393924713 0.484304666519165 0.39540296792984 0.353476375341415 0.346759706735611 0.357248842716217 0.381806641817093 0.419548898935318 0.464486837387085 0.470389842987061 0.478409290313721 0.508429527282715 0.532092094421387 0.555883347988129 0.583211123943329 0.602682769298553
