data/03_saidas_enm/CCSM_Maxent_0k_B.balansae1.asc
NCOLS 154 
NROWS 168 
XLLCORNER -112 
YLLCORNER -55.5 
CELLSIZE 0.5 
NODATA_value -9999 
[rows 100 to 124 of 168, columns 56 to 111 of 154]
-9999 -9999 -9999 -9999 -9999 -9999 -9999 -9999 -9999 -9999 -9999 -9999 -9999 -9999 -9999 -9999 -9999 -9999 -9999 -9999 -9999 -9999 -9999 -9999 -9999 -9999 -9999 -9999 0.142096698284149 0.300001472234726 0.42632982134819 0.454601168632507 0.411267846822739 0.387881457805634 0.331534177064896 0.204066962003708 0.172212570905685 0.187490075826645 0.217343851923943 0.224098712205887 0.401766955852509 0.506407499313354 0.516869485378265 0.521551787853241 0.517207741737366 0.521007239818573 0.542529582977295 0.619731962680817 0.607463896274567 0.61279684305191 0.619062662124634 0.611892819404602 0.607324481010437 0.606792151927948 0.611123383045197 0.614555895328522
-9999 -9999 -9999 -9999 -9999 -9999 -9999 -9999 -9999 -9999 -9999 -9999 -9999 -9999 -9999 -9999 -9999 -9999 -9999 -9999 -9999 -9999 -9999 -9999 -9999 -9999 -9999 -9999 0.142677336931229 0.323743760585785 0.448215395212173 0.416272222995758 0.358975529670715 0.349514991044998 0.321590185165405 0.186532601714134 0.171763852238655 0.194287821650505 0.239155277609825 0.243274509906769 0.426138401031494 0.496826589107513 0.50786155462265 0.510061502456665 0.5058513879776 0.50999242067337 0.543263852596283 0.591788053512573 0.583433985710144 0.610640704631805 0.633074343204498 0.629203736782074 0.621416211128235 0.617765963077545 0.619690954685211 0.627053916454315
-9999 -9999 -9999 -9999 -9999 -9999 -9999 -9999 -9999 -9999 -9999 -9999 -9999 -9999 -9999 -9999 -9999 -9999 -9999 -9999 -9999 -9999 -9999 -9999 -9999 -9999 -9999 0.0794148221611977 0.152188196778297 0.331393986940384 0.451424300670624 0.376300811767578 0.350007295608521 0.3614761531353 0.318719565868378 0.178981006145477 0.174075543880463 0.202162399888039 0.254687666893005 0.273697853088379 0.453709363937378 0.485168635845184 0.495789885520935 0.496265798807144 0.494507372379303 0.496851116418839 0.520752012729645 0.598852932453156 0.592083632946014 0.605124294757843 0.61819064617157 0.623087763786316 0.621927320957184 0.623584508895874 0.627676010131836 0.631404995918274
-9999 -9999 -9999 -9999 -9999 -9999 -9999 -9999 -9999 -9999 -9999 -9999 -9999 -9999 -9999 -9999 -9999 -9999 -9999 -9999 -9999 -9999 -9999 -9999 -9999 -9999 -9999 0.0805323347449303 0.164486199617386 0.338618040084839 0.404518067836761 0.338781595230103 0.334576308727264 0.370183408260345 0.295228809118271 0.174195572733879 0.182041689753532 0.220627784729004 0.262503445148468 0.29342857003212 0.467284709215164 0.477385014295578 0.485403895378113 0.482688397169113 0.480759918689728 0.482829123735428 0.49315357208252 0.560439705848694 0.597173631191254 0.601985812187195 0.605026364326477 0.612637460231781 0.615593492984772 0.618882417678833 0.615223169326782 0.606280028820038
-9999 -9999 -9999 -9999 -9999 -9999 -9999 -9999 -9999 -9999 -9999 -9999 -9999 -9999 -9999 -9999 -9999 -9999 -9999 -9999 -9999 -9999 -9999 -9999 -9999 -9999 -9999 0.0852249562740326 0.195116594433784 0.356913655996323 0.350656807422638 0.312411427497864 0.320319443941116 0.377160757780075 0.267755895853043 0.177268013358116 0.199077025055885 0.221527025103569 0.213293746113777 0.308566093444824 0.47799363732338 0.473876923322678 0.475460082292557 0.471692234277725 0.469304203987122 0.4700987637043 0.478837758302689 0.513796746730804 0.554968416690826 0.569472372531891 0.56465619802475 0.577680587768555 0.578646957874298 0.577324450016022 0.575136423110962 0.56737756729126
-9999 -9999 -9999 -9999 -9999 -9999 -9999 -9999 -9999 -9999 -9999 -9999 -9999 -9999 -9999 -9999 -9999 -9999 -9999 -9999 -9999 -9999 -9999 -9999 -9999 -9999 -9999 0.0965277180075645 0.235589042305946 0.371944487094879 0.298683434724808 0.274062693119049 0.304686903953552 0.368993908166885 0.229240745306015 0.186202451586723 0.220312342047691 0.202304184436798 0.216517820954323 0.324279755353928 0.480315357446671 0.468416273593903 0.465343743562698 0.462039560079575 0.45866733789444 0.459232002496719 0.466679632663727 0.50283545255661 0.539503455162048 0.559150815010071 0.553549408912659 0.557797849178314 0.546734809875488 0.540674984455109 0.542677938938141 0.538642704486847
-9999 -9999 -9999 -9999 -9999 -9999 -9999 -9999 -9999 -9999 -9999 -9999 -9999 -9999 -9999 -9999 -9999 -9999 -9999 -9999 -9999 -9999 -9999 -9999 -9999 -9999 -9999 0.113168492913246 0.278897047042847 0.361427217721939 0.255952596664429 0.238798528909683 0.287404090166092 0.361411452293396 0.19056399166584 0.207236766815186 0.226570010185242 0.208318486809731 0.219410225749016 0.324517071247101 0.473638206720352 0.458429574966431 0.454977244138718 0.452596455812454 0.450519561767578 0.452311396598816 0.4755639731884 0.516879677772522 0.55035924911499 0.550030410289764 0.544399201869965 0.557309091091156 0.534029364585876 0.524164199829102 0.522040903568268 0.529855132102966
-9999 -9999 -9999 -9999 -9999 -9999 -9999 -9999 -9999 -9999 -9999 -9999 -9999 -9999 -9999 -9999 -9999 -9999 -9999 -9999 -9999 -9999 -9999 -9999 -9999 -9999 -9999 0.138218969106674 0.301754623651505 0.324424505233765 0.216202154755592 0.212412104010582 0.268347144126892 0.334920883178711 0.190079584717751 0.217910468578339 0.231857359409332 0.207973271608353 0.219169765710831 0.328823357820511 0.466328948736191 0.447230756282806 0.442338585853577 0.441917419433594 0.441319435834885 0.442107349634171 0.458960443735123 0.49405711889267 0.528761565685272 0.529595255851746 0.519092440605164 0.529611945152283 0.51757937669754 0.505136966705322 0.505904495716095 0.513075590133667
-9999 -9999 -9999 -9999 -9999 -9999 -9999 -9999 -9999 -9999 -9999 -9999 -9999 -9999 -9999 -9999 -9999 -9999 -9999 -9999 -9999 -9999 -9999 -9999 -9999 -9999 -9999 0.164005100727081 0.322184652090073 0.291519969701767 0.191869050264359 0.196664214134216 0.246368005871773 0.315130442380905 0.190468177199364 0.213426381349564 0.244990140199661 0.223339647054672 0.216927275061607 0.339681953191757 0.454157531261444 0.435953468084335 0.428807884454727 0.429193913936615 0.428570240736008 0.430550694465637 0.431849807500839 0.438293248414993 0.474313318729401 0.512778103351593 0.505020499229431 0.511386096477509 0.487813651561737 0.480969369411469 0.487722188234329 0.493679612874985
-9999 -9999 -9999 -9999 -9999 -9999 -9999 -9999 -9999 -9999 -9999 -9999 -9999 -9999 -9999 -9999 -9999 -9999 -9999 -9999 -9999 -9999 -9999 -9999 -9999 -9999 -9999 0.17827695608139 0.332386285066605 0.266381353139877 0.190400123596191 0.19910891354084 0.261231452226639 0.300810575485229 0.1965401917696 0.210297465324402 0.23278720676899 0.261431664228439 0.246621787548065 0.385032117366791 0.440893799066544 0.421992570161819 0.414184302091599 0.415144383907318 0.41401407122612 0.413412511348724 0.412613034248352 0.411749064922333 0.435051381587982 0.467331260442734 0.479805111885071 0.475574731826782 0.46023240685463 0.459324210882187 0.465897977352142 0.470131993293762
-9999 -9999 -9999 -9999 -9999 -9999 -9999 -9999 -9999 -9999 -9999 -9999 -9999 -9999 -9999 -9999 -9999 -9999 -9999 -9999 -9999 -9999 -9999 -9999 -9999 -9999 0.0765029117465019 0.194585710763931 0.325569212436676 0.238929510116577 0.190597116947174 0.211184233427048 0.284481704235077 0.304069399833679 0.206816211342812 0.207527294754982 0.217322245240211 0.224484860897064 0.27097749710083 0.474088340997696 0.416298598051071 0.401086062192917 0.397170156240463 0.397854506969452 0.393689006567001 0.392931997776031 0.391246765851974 0.387625426054001 0.414323657751083 0.431374371051788 0.439611673355103 0.445845544338226 0.438564211130142 0.442619532346725 0.446795433759689 0.448299765586853
-9999 -9999 -9999 -9999 -9999 -9999 -9999 -9999 -9999 -9999 -9999 -9999 -9999 -9999 -9999 -9999 -9999 -9999 -9999 -9999 -9999 -9999 -9999 -9999 -9999 -9999 0.114902265369892 0.253599047660828 0.328735798597336 0.225649565458298 0.195171147584915 0.233279079198837 0.317158907651901 0.305246561765671 0.219049215316772 0.214654371142387 0.21290411055088 0.215803816914558 0.37487068772316 0.482790738344193 0.392733484506607 0.373853594064713 0.371887981891632 0.372689336538315 0.369152516126633 0.366050451993942 0.365573614835739 0.371088087558746 0.391630858182907 0.406125545501709 0.414758235216141 0.418121427297592 0.416976869106293 0.421064257621765 0.42223197221756 0.420028656721115
-9999 -9999 -9999 -9999 -9999 -9999 -9999 -9999 -9999 -9999 -9999 -9999 -9999 -9999 -9999 -9999 -9999 -9999 -9999 -9999 -9999 -9999 -9999 -9999 -9999 -9999 0.170714542269707 0.278625041246414 0.275904655456543 0.207650080323219 0.188821598887444 0.260622173547745 0.34983965754509 0.333004653453827 0.221273854374886 0.217261433601379 0.20761775970459 0.318657040596008 0.473755359649658 0.4540895819664 0.387157082557678 0.354563266038895 0.344474911689758 0.345004767179489 0.341848343610764 0.337057709693909 0.350098580121994 0.359049886465073 0.370086938142776 0.381983488798141 0.394231498241425 0.39777547121048 0.395983099937439 0.400502264499664 0.398172616958618 0.394257456064224
-9999 -9999 -9999 -9999 -9999 -9999 -9999 -9999 -9999 -9999 -9999 -9999 -9999 -9999 -9999 -9999 -9999 -9999 -9999 -9999 -9999 -9999 -9999 -9999 -9999 -9999 0.244278892874718 0.268895924091339 0.202766299247742 0.192951500415802 0.226522445678711 0.303056091070175 0.379087418317795 0.438412427902222 0.264460891485214 0.202733218669891 0.274707615375519 0.444436937570572 0.443408638238907 0.424409478902817 0.406071245670319 0.37971755862236 0.356695860624313 0.353637486696243 0.367949545383453 0.378923207521439 0.36723268032074 0.348483562469482 0.346801251173019 0.353372782468796 0.364580124616623 0.371313720941544 0.372771769762039 0.376852601766586 0.373201072216034 0.367415219545364
-9999 -9999 -9999 -9999 -9999 -9999 -9999 -9999 -9999 -9999 -9999 -9999 -9999 -9999 -9999 -9999 -9999 -9999 -9999 -9999 -9999 -9999 -9999 -9999 -9999 0.232268899679184 0.276472300291061 0.254269152879715 0.167806178331375 0.195443525910378 0.260336518287659 0.335189491510391 0.466283023357391 0.445135593414307 0.326550722122192 0.269568502902985 0.366924792528152 0.403670996427536 0.402633607387543 0.373200058937073 0.349992126226425 0.369879961013794 0.375960141420364 0.379298090934753 0.365103960037231 0.349375188350677 0.379788964986801 0.339009702205658 0.3215192258358 0.323735654354095 0.33475187420845 0.345645993947983 0.347881734371185 0.350250095129013 0.341475933790207 0.33012068271637
-9999 -9999 -9999 -9999 -9999 -9999 -9999 -9999 -9999 -9999 -9999 -9999 -9999 -9999 -9999 -9999 -9999 -9999 -9999 -9999 -9999 -9999 -9999 -9999 -9999 0.266815960407257 0.293737977743149 0.195777282118797 0.165425598621368 0.203294709324837 0.283334642648697 0.344192922115326 0.45123028755188 0.412620455026627 0.349250316619873 0.308643788099289 0.316973596811295 0.346037924289703 0.34687477350235 0.340619653463364 0.334021955728531 0.345549434423447 0.354449480772018 0.354827582836151 0.338292896747589 0.328596591949463 0.351849675178528 0.327977269887924 0.306228041648865 0.303731650114059 0.313833773136139 0.316247969865799 0.316184639930725 0.320581525564194 0.311367005109787 0.295961171388626
-9999 -9999 -9999 -9999 -9999 -9999 -9999 -9999 -9999 -9999 -9999 -9999 -9999 -9999 -9999 -9999 -9999 -9999 -9999 -9999 -9999 -9999 -9999 -9999 -9999 0.274674087762833 0.299796670675278 0.182659819722176 0.158926889300346 0.214716479182243 0.301824510097504 0.365133762359619 0.409520357847214 0.36495578289032 0.306769549846649 0.259463757276535 0.276299923658371 0.29924875497818 0.310296058654785 0.312566637992859 0.318190395832062 0.331667274236679 0.343938112258911 0.346774905920029 0.329046934843063 0.311490595340729 0.338369488716125 0.301580488681793 0.283892542123795 0.283179819583893 0.293681174516678 0.291267573833466 0.286666423082352 0.288036197423935 0.278891295194626 0.265870124101639
-9999 -9999 -9999 -9999 -9999 -9999 -9999 -9999 -9999 -9999 -9999 -9999 -9999 -9999 -9999 -9999 -9999 -9999 -9999 -9999 -9999 -9999 -9999 -9999 -9999 0.244428679347038 0.278603821992874 0.175724312663078 0.155322179198265 0.208838507533073 0.285997927188873 0.369592785835266 0.376921445131302 0.333850234746933 0.279170036315918 0.242448180913925 0.250012397766113 0.278513312339783 0.292460024356842 0.292561829090118 0.295383960008621 0.317761480808258 0.311174511909485 0.298428744077682 0.301793277263641 0.30414029955864 0.292558193206787 0.276081830263138 0.270359486341476 0.265995442867279 0.266415655612946 0.264698833227158 0.261970400810242 0.26499417424202 0.253175467252731 0.236849188804626
-9999 -9999 -9999 -9999 -9999 -9999 -9999 -9999 -9999 -9999 -9999 -9999 -9999 -9999 -9999 -9999 -9999 -9999 -9999 -9999 -9999 -9999 -9999 -9999 -9999 0.223558470606804 0.254836559295654 0.165028646588326 0.146290570497513 0.200204119086266 0.304060131311417 0.362185716629028 0.345562666654587 0.300234436988831 0.24947614967823 0.218023166060448 0.231077998876572 0.262516468763351 0.278231501579285 0.273685455322266 0.275723725557327 0.305834293365479 0.268111228942871 0.248045340180397 0.241797685623169 0.238754242658615 0.245652511715889 0.250073373317719 0.252773016691208 0.246757298707962 0.244311809539795 0.244300708174706 0.241530284285545 0.243210658431053 0.228079855442047 0.213725298643112
-9999 -9999 -9999 -9999 -9999 -9999 -9999 -9999 -9999 -9999 -9999 -9999 -9999 -9999 -9999 -9999 -9999 -9999 -9999 -9999 -9999 -9999 -9999 -9999 -9999 0.212545394897461 0.235281586647034 0.175333678722382 0.139712929725647 0.184509456157684 0.275688409805298 0.33538082242012 0.309753090143204 0.269597679376602 0.231243267655373 0.208187013864517 0.22078013420105 0.244631096720695 0.25919172167778 0.262860715389252 0.270044565200806 0.276276797056198 0.226133063435555 0.228970259428024 0.229725107550621 0.230892077088356 0.231176346540451 0.229656785726547 0.233550325036049 0.23144842684269 0.228334277868271 0.225838452577591 0.222701489925385 0.226499930024147 0.215202838182449 0.197791516780853
-9999 -9999 -9999 -9999 -9999 -9999 -9999 -9999 -9999 -9999 -9999 -9999 -9999 -9999 -9999 -9999 -9999 -9999 -9999 -9999 -9999 -9999 -9999 -9999 -9999 0.205528452992439 0.226584479212761 0.174314364790916 0.132466927170753 0.16992250084877 0.24667726457119 0.298458486795425 0.289792686700821 0.256044149398804 0.227605774998665 0.207909286022186 0.220570668578148 0.239763125777245 0.252656221389771 0.257290750741959 0.265245199203491 0.244193956255913 0.21085786819458 0.214162960648537 0.217827498912811 0.222641482949257 0.223426192998886 0.219925731420517 0.218349158763885 0.21497443318367 0.215725377202034 0.21582455933094 0.211751520633698 0.214540466666222 0.202861115336418 0.187427863478661
-9999 -9999 -9999 -9999 -9999 -9999 -9999 -9999 -9999 -9999 -9999 -9999 -9999 -9999 -9999 -9999 -9999 -9999 -9999 -9999 -9999 -9999 -9999 -9999 -9999 0.196810394525528 0.216964617371559 0.166754066944122 0.12748609483242 0.154015362262726 0.21387705206871 0.252250969409943 0.266817808151245 0.262098848819733 0.241993084549904 0.234641566872597 0.236382976174355 0.248707130551338 0.254471004009247 0.258221000432968 0.266775727272034 0.223634168505669 0.202225461602211 0.20452618598938 0.209039941430092 0.213794022798538 0.214150384068489 0.212468445301056 0.210192799568176 0.204493790864944 0.204525306820869 0.205031275749207 0.20562955737114 0.209760323166847 0.198698535561562 0.179905652999878
-9999 -9999 -9999 -9999 -9999 -9999 -9999 -9999 -9999 -9999 -9999 -9999 -9999 -9999 -9999 -9999 -9999 -9999 -9999 -9999 -9999 -9999 -9999 -9999 -9999 0.187619850039482 0.207296669483185 0.166178122162819 0.119148731231689 0.142168700695038 0.186189100146294 0.202669486403465 0.211964070796967 0.222101911902428 0.228132173418999 0.224920749664307 0.233127310872078 0.229169949889183 0.235743388533592 0.253212481737137 0.25925025343895 0.218682929873466 0.195401296019554 0.196478128433228 0.198783680796623 0.203659638762474 0.206099420785904 0.204773589968681 0.204927891492844 0.197163552045822 0.19635121524334 0.199784502387047 0.198574855923653 0.200142696499825 0.197164759039879 0.179548174142838
-9999 -9999 -9999 -9999 -9999 -9999 -9999 -9999 -9999 -9999 -9999 -9999 -9999 -9999 -9999 -9999 -9999 -9999 -9999 -9999 -9999 -9999 -9999 -9999 -9999 0.177297428250313 0.190706118941307 0.175170585513115 0.109025366604328 0.129136487841606 0.166039362549782 0.182125136256218 0.184029057621956 0.18620477616787 0.204213038086891 0.220944538712502 0.221167579293251 0.226314470171928 0.240318685770035 0.245501831173897 0.250559031963348 0.22434763610363 0.190014615654945 0.189446404576302 0.189146786928177 0.191652461886406 0.195502683520317 0.198191240429878 0.19983021914959 0.19497886300087 0.192782938480377 0.197208344936371 0.189324855804443 0.199549615383148 0.193776041269302 0.181335270404816
-9999 -9999 -9999 -9999 -9999 -9999 -9999 -9999 -9999 -9999 -9999 -9999 -9999 -9999 -9999 -9999 -9999 -9999 -9999 -9999 -9999 -9999 -9999 -9999 0.146354734897614 0.181498989462852 0.178772240877151 0.159230053424835 0.104498945176601 0.116879150271416 0.145564720034599 0.165967136621475 0.171548366546631 0.169901371002197 0.175921961665154 0.193832755088806 0.198034465312958 0.204902485013008 0.221732929348946 0.239118948578835 0.24140103161335 0.224832981824875 0.184195682406425 0.183435082435608 0.182373970746994 0.183115124702454 0.185803577303886 0.188876241445541 0.192762032151222 0.193718612194061 0.201461359858513 0.200812354683876 0.19573549926281 0.211900025606155 0.177906006574631 0.154640302062035
