data/03_saidas_enm/CCSM_Maxent_6k_B.balansae1.asc
NCOLS 154 
NROWS 168 
XLLCORNER -112 
YLLCORNER -55.5 
CELLSIZE 0.5 
NODATA_value -9999 
[rows 75 to 99 of 168, columns 56 to 111 of 154]
-9999 -9999 -9999 -9999 -9999 -9999 -9999 -9999 -9999 -9999 -9999 0.0525211803615093 0.134897753596306 0.248911738395691 0.291703283786774 0.302087217569351 0.318857997655869 0.348307639360428 0.375659853219986 0.35825052857399 0.344532936811447 0.360710144042969 0.354161024093628 0.353770107030869 0.361007332801819 0.366906404495239 0.37962794303894 0.393637716770172 0.408817827701569 0.415929287672043 0.423808366060257 0.435916274785995 0.45217090845108 0.46273273229599 0.469116598367691 0.477281808853149 0.479789167642593 0.484656691551208 0.484131842851639 0.479182094335556 0.477429330348969 0.475723743438721 0.472279399633408 0.463529497385025 0.450631618499756 0.443807780742645 0.433211594820023 0.418985992670059 0.404401451349258 0.38853594660759 0.371168971061707 0.354147255420685 0.335318744182587 0.327618658542633 0.326228022575378 0.32094019651413
-9999 -9999 -9999 -9999 -9999 -9999 -9999 -9999 -9999 -9999 -9999 0.0554780848324299 0.145682781934738 0.268230885267258 0.291732341051102 0.295154094696045 0.314737349748611 0.314473152160645 0.334316343069077 0.346914768218994 0.36625936627388 0.380783826112747 0.376120448112488 0.37028294801712 0.369052022695541 0.366667479276657 0.378752201795578 0.395189464092255 0.409168064594269 0.420647442340851 0.433219462633133 0.454929769039154 0.47258734703064 0.483253985643387 0.487867623567581 0.494858086109161 0.502453327178955 0.508022248744965 0.50981330871582 0.509021282196045 0.506640791893005 0.506410598754883 0.505721390247345 0.498675376176834 0.488277733325958 0.481381833553314 0.482194602489471 0.470686227083206 0.455689489841461 0.438108801841736 0.422224909067154 0.405014246702194 0.387987852096558 0.37712150812149 0.37212723493576 0.36932584643364
-9999 -9999 -9999 -9999 -9999 -9999 -9999 -9999 -9999 -9999 -9999 -9999 0.104487679898739 0.196213141083717 0.254701465368271 0.289089649915695 0.269687712192535 0.211075961589813 0.221027821302414 0.290889710187912 0.344664871692657 0.379022717475891 0.40517583489418 0.398693799972534 0.389656454324722 0.381740748882294 0.389656662940979 0.402921110391617 0.413835048675537 0.422986209392548 0.433626055717468 0.45375120639801 0.475967913866043 0.488798141479492 0.495410084724426 0.501323759555817 0.509527087211609 0.519299268722534 0.529271006584167 0.530066311359406 0.529105186462402 0.527443051338196 0.526825547218323 0.525406181812286 0.521428883075714 0.520153760910034 0.520319759845734 0.521672546863556 0.505890727043152 0.487975746393204 0.470308542251587 0.453631043434143 0.438364148139954 0.429037749767303 0.42489105463028 0.421110451221466
-9999 -9999 -9999 -9999 -9999 -9999 -9999 -9999 -9999 -9999 -9999 -9999 0.0590039193630219 0.11384628713131 0.190470412373543 0.277207911014557 0.21354004740715 0.115808762609959 0.114458404481411 0.188386797904968 0.296493738889694 0.353426665067673 0.407975077629089 0.433767527341843 0.416473180055618 0.396749585866928 0.404136270284653 0.415106475353241 0.422731101512909 0.427446722984314 0.433871120214462 0.450048983097076 0.464538216590881 0.474995702505112 0.484835624694824 0.491154283285141 0.496465295553207 0.502619385719299 0.515587449073792 0.530849575996399 0.551739096641541 0.549155950546265 0.548829555511475 0.54896867275238 0.547428131103516 0.548744857311249 0.546800792217255 0.547939777374268 0.543529868125916 0.525790393352509 0.509995520114899 0.499268561601639 0.487274974584579 0.477682888507843 0.473140776157379 0.472162693738937
-9999 -9999 -9999 -9999 -9999 -9999 -9999 -9999 -9999 -9999 -9999 -9999 -9999 0.0634258985519409 0.131445541977882 0.189558535814285 0.148713558912277 0.090396985411644 0.0864941999316216 0.117882415652275 0.172640219330788 0.260426700115204 0.386902332305908 0.452749967575073 0.442030549049377 0.427048742771149 0.432144522666931 0.433681070804596 0.433521836996078 0.438836842775345 0.440119653940201 0.45309242606163 0.460162222385406 0.466640084981918 0.474013209342957 0.476960450410843 0.485805809497833 0.491790771484375 0.503430247306824 0.515666842460632 0.536542475223541 0.570182681083679 0.569514513015747 0.569223165512085 0.567120611667633 0.565140604972839 0.565927267074585 0.553308665752411 0.543389916419983 0.539031088352203 0.533737778663635 0.520358741283417 0.504228591918945 0.494991153478622 0.490432471036911 0.49039214849472
-9999 -9999 -9999 -9999 -9999 -9999 -9999 -9999 -9999 -9999 -9999 -9999 -9999 0.0410581603646278 0.0881807804107666 0.134440839290619 0.104680217802525 0.0761464536190033 0.0780089795589447 0.0912606716156006 0.0866755321621895 0.121606536209583 0.200028076767921 0.285045832395554 0.316648036241531 0.449670195579529 0.467539876699448 0.458146542310715 0.452545672655106 0.462868601083755 0.451228618621826 0.468806326389313 0.47014519572258 0.471877038478851 0.470139384269714 0.463099807500839 0.482787191867828 0.490026295185089 0.498697876930237 0.500137567520142 0.507762253284454 0.544789493083954 0.584978759288788 0.585206508636475 0.582303822040558 0.575295090675354 0.579336702823639 0.540413796901703 0.526387631893158 0.534996867179871 0.538093030452728 0.527726769447327 0.517886936664581 0.511542439460754 0.507369041442871 0.506730794906616
-9999 -9999 -9999 -9999 -9999 -9999 -9999 -9999 -9999 -9999 -9999 -9999 -9999 -9999 0.0600596740841866 0.0685152560472488 0.0730058997869492 0.082831546664238 0.087721973657608 0.0681952387094498 0.0597057044506073 0.0652204751968384 0.0710842907428741 0.0831453651189804 0.100237175822258 0.130314096808434 0.223702803254128 0.435116469860077 0.48355171084404 0.504597544670105 0.507263481616974 0.508791208267212 0.507427155971527 0.498319238424301 0.493610739707947 0.489434033632278 0.503825664520264 0.513341188430786 0.516435563564301 0.513943612575531 0.511300981044769 0.533029437065125 0.557464838027954 0.579294085502625 0.596629858016968 0.594942510128021 0.574055731296539 0.539277374744415 0.524714052677155 0.528601169586182 0.534837067127228 0.537052631378174 0.527509331703186 0.524066507816315 0.527669548988342 0.527466773986816
-9999 -9999 -9999 -9999 -9999 -9999 -9999 -9999 -9999 -9999 -9999 -9999 -9999 -9999 0.0431968867778778 0.0437759757041931 0.0629232674837112 0.0965670868754387 0.0996180400252342 0.0643593296408653 0.0541288554668427 0.0438356399536133 0.0329472310841084 0.0323496423661709 0.0400073751807213 0.0598248466849327 0.0760305225849152 0.134486898779869 0.252652704715729 0.374181509017944 0.497888654470444 0.503181636333466 0.515057265758514 0.518950223922729 0.526597082614899 0.518011569976807 0.539622843265533 0.551463007926941 0.541543066501617 0.529637396335602 0.509218215942383 0.520439386367798 0.526887834072113 0.551607966423035 0.580740928649902 0.587859570980072 0.570835828781128 0.542612314224243 0.531062185764313 0.534820079803467 0.531487345695496 0.540096163749695 0.539069533348083 0.536738395690918 0.542542099952698 0.536522746086121
-9999 -9999 -9999 -9999 -9999 -9999 -9999 -9999 -9999 -9999 -9999 -9999 -9999 -9999 -9999 0.0497449673712254 0.086735799908638 0.109451055526733 0.105226777493954 0.0640920251607895 0.0392346754670143 0.0284511540085077 0.0210660267621279 0.0179813597351313 0.0176520720124245 0.016402255743742 0.0234682559967041 0.0342280641198158 0.055110789835453 0.100024349987507 0.265194118022919 0.470349907875061 0.511491298675537 0.528033316135406 0.524059176445007 0.51997435092926 0.535559833049774 0.555928647518158 0.557015001773834 0.565281987190247 0.568386554718018 0.545921623706818 0.520295321941376 0.52336311340332 0.55458801984787 0.574979364871979 0.570964932441711 0.559437870979309 0.556542038917542 0.560184717178345 0.561741352081299 0.560040831565857 0.553605496883392 0.554154276847839 0.552416622638702 0.527565658092499
-9999 -9999 -9999 -9999 -9999 -9999 -9999 -9999 -9999 -9999 -9999 -9999 -9999 -9999 -9999 0.0264715421944857 0.0792675688862801 0.151985555887222 0.134546607732773 0.0680501535534859 0.0365521907806396 0.0361682027578354 0.0274871569126844 0.0206157900393009 0.0153766935691237 0.00828616414219141 0.0126785486936569 0.0157369151711464 0.0223163031041622 0.0512005500495434 0.105491816997528 0.297634184360504 0.501800835132599 0.539115011692047 0.540749907493591 0.512256681919098 0.533087730407715 0.551073431968689 0.550372123718262 0.533626735210419 0.526247560977936 0.574986577033997 0.522361874580383 0.520038664340973 0.53599750995636 0.566589951515198 0.573515832424164 0.579393684864044 0.582704305648804 0.58720850944519 0.593322038650513 0.586434066295624 0.575848698616028 0.57496041059494 0.556857228279114 0.539687871932983
-9999 -9999 -9999 -9999 -9999 -9999 -9999 -9999 -9999 -9999 -9999 -9999 -9999 -9999 -9999 0.0295910444110632 0.0544544644653797 0.139696776866913 0.189289286732674 0.123524084687233 0.0881453454494476 0.0742591470479965 0.0661176815629005 0.0532658249139786 0.0346896573901176 0.027819124981761 0.0209093205630779 0.0174263678491116 0.0203473456203938 0.0325554795563221 0.0577829740941525 0.14176581799984 0.448861569166183 0.520005464553833 0.536744296550751 0.554781377315521 0.559726297855377 0.555744528770447 0.546548366546631 0.520241379737854 0.510307610034943 0.568813502788544 0.516412317752838 0.519484281539917 0.5259148478508 0.547504305839539 0.572767853736877 0.593490183353424 0.607857823371887 0.612136244773865 0.600512564182281 0.595077335834503 0.592605352401733 0.585258841514587 0.575265526771545 0.563381612300873
-9999 -9999 -9999 -9999 -9999 -9999 -9999 -9999 -9999 -9999 -9999 -9999 -9999 -9999 -9999 -9999 0.0387625806033611 0.0746331140398979 0.160127490758896 0.226156756281853 0.113282889127731 0.0895882546901703 0.0724580138921738 0.0717699080705643 0.0659747645258904 0.0545408129692078 0.0388808697462082 0.0276619773358107 0.021402245387435 0.0238185748457909 0.0331134386360645 0.063849039375782 0.231854900717735 0.445157915353775 0.515201568603516 0.533971309661865 0.528976321220398 0.560386836528778 0.567606925964355 0.541315138339996 0.522274792194366 0.572097778320312 0.50987184047699 0.520261585712433 0.523930966854095 0.54402756690979 0.583477199077606 0.61303037405014 0.613884806632996 0.600315690040588 0.589988529682159 0.584766685962677 0.575812458992004 0.562325596809387 0.552313804626465 0.538319945335388
-9999 -9999 -9999 -9999 -9999 -9999 -9999 -9999 -9999 -9999 -9999 -9999 -9999 -9999 -9999 -9999 -9999 0.0445368327200413 0.0721386969089508 0.148118108510971 0.20425508916378 0.164732083678246 0.11453028768301 0.0881475508213043 0.0913980752229691 0.0795355215668678 0.0593467019498348 0.0406691506505013 0.0284194424748421 0.0216897539794445 0.0204366315156221 0.0395833104848862 0.0807526409626007 0.161314636468887 0.391699999570847 0.513779759407043 0.525008380413055 0.533039093017578 0.53143835067749 0.545969307422638 0.524483680725098 0.518343448638916 0.514275252819061 0.520734548568726 0.533670246601105 0.576983034610748 0.605069696903229 0.602804958820343 0.592835605144501 0.586627125740051 0.580431282520294 0.582100391387939 0.585880041122437 0.575389802455902 0.560614109039307 0.547245860099792
-9999 -9999 -9999 -9999 -9999 -9999 -9999 -9999 -9999 -9999 -9999 -9999 -9999 -9999 -9999 -9999 -9999 -9999 -9999 0.0589407384395599 0.11042133718729 0.140299245715141 0.12763611972332 0.105300568044186 0.116940893232822 0.12660713493824 0.117706090211868 0.0916526317596436 0.0562868118286133 0.0295231007039547 0.0215737149119377 0.0303608551621437 0.0510378107428551 0.0812608003616333 0.147613823413849 0.386118203401566 0.524326920509338 0.52442741394043 0.514529049396515 0.51362407207489 0.510424375534058 0.510916650295258 0.520600736141205 0.534693539142609 0.575005292892456 0.597963094711304 0.607808589935303 0.597360968589783 0.589901804924011 0.586192786693573 0.58245575428009 0.586455821990967 0.596306920051575 0.595027565956116 0.581553637981415 0.567138731479645
-9999 -9999 -9999 -9999 -9999 -9999 -9999 -9999 -9999 -9999 -9999 -9999 -9999 -9999 -9999 -9999 -9999 -9999 -9999 -9999 -9999 0.0503442920744419 0.0728900209069252 0.106804527342319 0.103476524353027 0.0997877269983292 0.129391357302666 0.146983608603477 0.123347654938698 0.0618790909647942 0.0399302653968334 0.0366104319691658 0.0358143858611584 0.0515254735946655 0.0883085876703262 0.144307464361191 0.277319610118866 0.521104753017426 0.526744544506073 0.545078158378601 0.563682675361633 0.566197991371155 0.564462959766388 0.592234253883362 0.600524485111237 0.604329586029053 0.60176682472229 0.60522872209549 0.600941777229309 0.588904142379761 0.585807263851166 0.593634784221649 0.605683982372284 0.612374424934387 0.601011991500854 0.591511905193329
-9999 -9999 -9999 -9999 -9999 -9999 -9999 -9999 -9999 -9999 -9999 -9999 -9999 -9999 -9999 -9999 -9999 -9999 -9999 -9999 -9999 -9999 -9999 0.0550672225654125 0.0953823551535606 0.105504363775253 0.150814563035965 0.197685226798058 0.178294345736504 0.155448392033577 0.0989938825368881 0.0523363575339317 0.0420712120831013 0.0437174886465073 0.0597149841487408 0.0837544053792953 0.128492221236229 0.275637179613113 0.485690772533417 0.564386069774628 0.569745123386383 0.574560344219208 0.574512898921967 0.581176519393921 0.588211059570312 0.595308184623718 0.597277820110321 0.603227853775024 0.601917505264282 0.595037341117859 0.593612253665924 0.604516267776489 0.618395805358887 0.622563064098358 0.618514716625214 0.614860832691193
-9999 -9999 -9999 -9999 -9999 -9999 -9999 -9999 -9999 -9999 -9999 -9999 -9999 -9999 -9999 -9999 -9999 -9999 -9999 -9999 -9999 -9999 -9999 -9999 -9999 0.07077506929636 0.151495963335037 0.226920902729034 0.191466197371483 0.220756873488426 0.226372197270393 0.124195955693722 0.0666887313127518 0.0592821277678013 0.0534185543656349 0.0514216087758541 0.0825673639774323 0.129516586661339 0.226150780916214 0.492715984582901 0.55705451965332 0.562923192977905 0.551224589347839 0.556110978126526 0.573564827442169 0.584038257598877 0.591170966625214 0.588992118835449 0.594656646251678 0.598535120487213 0.599254369735718 0.613630890846252 0.629404902458191 0.633126139640808 0.621981620788574 0.611264944076538
-9999 -9999 -9999 -9999 -9999 -9999 -9999 -9999 -9999 -9999 -9999 -9999 -9999 -9999 -9999 -9999 -9999 -9999 -9999 -9999 -9999 -9999 -9999 -9999 -9999 0.0333680659532547 0.0819850265979767 0.198979884386063 0.30936661362648 0.282800197601318 0.284188657999039 0.226083979010582 0.209845080971718 0.118182428181171 0.0798637345433235 0.0674446672201157 0.0864586308598518 0.114094421267509 0.154768913984299 0.397686183452606 0.553713798522949 0.564929664134979 0.551531553268433 0.554579436779022 0.568962216377258 0.579411208629608 0.593232333660126 0.592205405235291 0.598850965499878 0.606594860553741 0.612474322319031 0.625116109848022 0.630288541316986 0.634208798408508 0.623858034610748 0.611506223678589
-9999 -9999 -9999 -9999 -9999 -9999 -9999 -9999 -9999 -9999 -9999 -9999 -9999 -9999 -9999 -9999 -9999 -9999 -9999 -9999 -9999 -9999 -9999 -9999 -9999 -9999 -9999 0.104344196617603 0.232014656066895 0.285413563251495 0.31673276424408 0.31595316529274 0.3049276471138 0.238612174987793 0.194173961877823 0.146277323365211 0.118374653160572 0.121184550225735 0.1524678170681 0.367626577615738 0.554471373558044 0.578589797019958 0.56220817565918 0.562680602073669 0.576528429985046 0.585697591304779 0.594590544700623 0.606526017189026 0.616665661334991 0.621605217456818 0.630612730979919 0.633037209510803 0.629417836666107 0.633662581443787 0.620681762695312 0.609829425811768
-9999 -9999 -9999 -9999 -9999 -9999 -9999 -9999 -9999 -9999 -9999 -9999 -9999 -9999 -9999 -9999 -9999 -9999 -9999 -9999 -9999 -9999 -9999 -9999 -9999 -9999 -9999 0.0750104635953903 0.190780758857727 0.2522973716259 0.310371994972229 0.336810529232025 0.345349937677383 0.333021759986877 0.273725241422653 0.19767139852047 0.174670606851578 0.146024197340012 0.178148537874222 0.360109210014343 0.526431739330292 0.560239791870117 0.590701639652252 0.590995609760284 0.587687849998474 0.593776345252991 0.604768931865692 0.614934325218201 0.625195503234863 0.620929598808289 0.62447464466095 0.6284499168396 0.623173952102661 0.620007872581482 0.617435455322266 0.613332092761993
-9999 -9999 -9999 -9999 -9999 -9999 -9999 -9999 -9999 -9999 -9999 -9999 -9999 -9999 -9999 -9999 -9999 -9999 -9999 -9999 -9999 -9999 -9999 -9999 -9999 -9999 -9999 -9999 0.175432741641998 0.220332741737366 0.300685882568359 0.333870679140091 0.348760068416595 0.340729117393494 0.342810153961182 0.272959560155869 0.202067419886589 0.167211785912514 0.198795095086098 0.339467823505402 0.513333737850189 0.526236832141876 0.547032237052917 0.573879301548004 0.606571912765503 0.589070558547974 0.607292592525482 0.619340777397156 0.626952111721039 0.618312895298004 0.615513920783997 0.626232087612152 0.605851709842682 0.601348400115967 0.611907005310059 0.617755651473999
-9999 -9999 -9999 -9999 -9999 -9999 -9999 -9999 -9999 -9999 -9999 -9999 -9999 -9999 -9999 -9999 -9999 -9999 -9999 -9999 -9999 -9999 -9999 -9999 -9999 -9999 -9999 -9999 0.16207167506218 0.199555307626724 0.297342926263809 0.33990079164505 0.408996909856796 0.408391058444977 0.394892632961273 0.309408754110336 0.210021927952766 0.169830068945885 0.194663256406784 0.298780530691147 0.456443816423416 0.501625835895538 0.514280676841736 0.536006510257721 0.555754899978638 0.59582245349884 0.617709040641785 0.615222752094269 0.615277945995331 0.631410419940948 0.622929930686951 0.627196431159973 0.603587925434113 0.600981891155243 0.609645545482635 0.622446835041046
-9999 -9999 -9999 -9999 -9999 -9999 -9999 -9999 -9999 -9999 -9999 -9999 -9999 -9999 -9999 -9999 -9999 -9999 -9999 -9999 -9999 -9999 -9999 -9999 -9999 -9999 -9999 -9999 0.164977833628654 0.19654569029808 0.300448447465897 0.358041763305664 0.381192475557327 0.35959193110466 0.422953754663467 0.310132890939713 0.206261143088341 0.161664068698883 0.173808798193932 0.265108168125153 0.436968863010406 0.502865791320801 0.513860523700714 0.518980622291565 0.519985258579254 0.523215591907501 0.586894929409027 0.617732465267181 0.609274983406067 0.626909494400024 0.608007609844208 0.626742422580719 0.603696405887604 0.601771175861359 0.612635254859924 0.624525606632233
-9999 -9999 -9999 -9999 -9999 -9999 -9999 -9999 -9999 -9999 -9999 -9999 -9999 -9999 -9999 -9999 -9999 -9999 -9999 -9999 -9999 -9999 -9999 -9999 -9999 -9999 -9999 -9999 0.156878352165222 0.236128687858582 0.325681656599045 0.410326093435287 0.394415706396103 0.37652251124382 0.420917689800262 0.292293578386307 0.183745786547661 0.165816739201546 0.17378032207489 0.25318655371666 0.441535592079163 0.502078533172607 0.512131631374359 0.513853192329407 0.510957717895508 0.514395833015442 0.527517378330231 0.585963666439056 0.631138682365417 0.627198815345764 0.626545071601868 0.617564618587494 0.607903242111206 0.610483288764954 0.617537200450897 0.627438127994537
-9999 -9999 -9999 -9999 -9999 -9999 -9999 -9999 -9999 -9999 -9999 -9999 -9999 -9999 -9999 -9999 -9999 -9999 -9999 -9999 -9999 -9999 -9999 -9999 -9999 -9999 -9999 -9999 0.147843390703201 0.306058883666992 0.398291528224945 0.440247148275375 0.406226187944412 0.394317537546158 0.392258375883102 0.264713644981384 0.176353484392166 0.176597267389297 0.181116119027138 0.259699106216431 0.45866259932518 0.498602509498596 0.509598135948181 0.507266402244568 0.502966940402985 0.505132377147675 0.517059683799744 0.531742691993713 0.588204264640808 0.627916038036346 0.609097898006439 0.612793505191803 0.614116191864014 0.616563260555267 0.62167489528656 0.625902116298676
