data/03_saidas_enm/CCSM_Gower_0k_B.balansae5.asc
NCOLS 154 
NROWS 168 
XLLCORNER -112 
YLLCORNER -55.5 
CELLSIZE 0.5 
NODATA_value -9999 
[rows 84 to 111 of 168, columns 63 to 125 of 154]
-9999 -9999 -9999 -9999 -9999 -9999 -9999 -9999 0 0 0 0 0 0 0 0 0 0 0 0 0 0 0 0 0.403688284926982 0.508420262933157 0.511378853142668 0.42670543138457 0.354583379019127 0.348382220993639 0.353210488737615 0.383490827064728 0.437141559556001 0.48697450398097 0.545415848826609 0.594911812261501 0.628039302834417 0.637469024213372 0.647667880140381 0.661158217024787 0.673240251172436 0.674081121964498 0.662616928789456 0.650034694127743 0.645787448858524 0.652727383987549 0.652078549566453 0.649001853456426 0.662849417054708 0.657475922728321 0.654420026056439 0.653218520850346 0.648118336543636 0.635199886548519 0.662392918217274 0.676373564973829 0.682152895610093 0.684920949667853 0.687069521238907 0.687404406738104 0.686782563083426 0.681353414971095 0.635611625096819
-9999 -9999 -9999 -9999 -9999 -9999 -9999 -9999 0 0 0 0 0 0 0 0 0 0 0 0 0 0 0 0 0 0.552562626814094 0.574436869237818 0.555540527736394 0.45616212562744 0.397765372690551 0.397071450522671 0.422602615440923 0.469644106378149 0.52074922643012 0.560159233652336 0.594599964892719 0.631426897324588 0.647126068282831 0.656300025142178 0.669696542223275 0.680144692195328 0.677537464961985 0.659493746662428 0.637175184878123 0.618790389038842 0.605623247579806 0.604167453138928 0.61110378940413 0.616399122724997 0.638856751921506 0.655250706993889 0.664166351869975 0.667787610932068 0.674394588821497 0.683019939201642 0.69209742490073 0.698602475153918 0.701361714904325 0.702742913957649 0.703980873243944 0.70494611262449 0.677007656604065 0.633784626265669
-9999 -9999 -9999 -9999 -9999 -9999 -9999 -9999 -9999 0 0 0 0 0 0 0 0 0 0 0 0 0 0 0 0 0.182655652143474 0.532367966202656 0.608248651984466 0.58788373716658 0.531026265084677 0.475960122350417 0.468945950231054 0.505855618992318 0.533386433250463 0.572119015225338 0.593420833854537 0.616725736467868 0.643057934219663 0.659152544450747 0.666073034910226 0.675961997909667 0.672116291923543 0.649228054099318 0.625898618842504 0.606906558368293 0.585262197592584 0.587803199082414 0.600958147624064 0.605909806072771 0.641223403835325 0.668582835164972 0.681269245713882 0.688318501526193 0.695376796055379 0.697480926229525 0.703516594876398 0.706405541478689 0.712596931407567 0.718324282149261 0.722682797140025 0.708301418898037 0.673075398598744 0.629723764384709
-9999 -9999 -9999 -9999 -9999 -9999 -9999 -9999 -9999 -9999 0 0 0 0 0 0 0 0 0 0 0 0 0 0 0 0 0 0.440905541339338 0.644119387943806 0.621440382909137 0.602992741235148 0.534688026512689 0.535715712361212 0.556993079438716 0.570150060459679 0.585969957021894 0.600980121145856 0.611390703880384 0.624846315562975 0.644949429043399 0.647402133552756 0.641645551392897 0.638245410513586 0.625955868205119 0.611651789146475 0.607628284326865 0.616128642758741 0.630195520952161 0.649893744168989 0.666999197943744 0.682286793291818 0.691963710071208 0.696304089447973 0.700390138032635 0.701911285513326 0.703100750634184 0.709614689580625 0.722563091282729 0.733521224361732 0.741969316153538 0.71121354153396 0.671663959621974 0.631448475079897
-9999 -9999 -9999 -9999 -9999 -9999 -9999 -9999 -9999 -9999 -9999 -9999 0 0 0 0 0 0 0 0 0 0 0 0 0 0 0 0 0.383334877641861 0.637950916792505 0.645246339319665 0.643641325013558 0.596653740804286 0.557438097679573 0.557904697632112 0.56453262531935 0.572423501390135 0.579074014589597 0.589699243340298 0.610557382129365 0.624684201775234 0.628290350598322 0.632059848772916 0.629285686543788 0.62568320104175 0.608453395091225 0.609640218386937 0.628943207788337 0.645368921798502 0.681509700517181 0.691099716786871 0.696785023988962 0.697320082782179 0.700892782117055 0.702360058845164 0.705295547208872 0.714833039424768 0.723534438337562 0.723921982562698 0.745552211269643 0.733366360026691 0.691033717019458 0.648037230874805
-9999 -9999 -9999 -9999 -9999 -9999 -9999 -9999 -9999 -9999 -9999 -9999 -9999 -9999 0 0 0 0 0 0 0 0 0 0 0 0 0 0 0 0.0905824333875386 0.662771346652629 0.668860770514251 0.670966317792974 0.590012261809713 0.536317297748347 0.526781655879672 0.532678597994355 0.548658176058379 0.571241191650233 0.598631562474744 0.626479833647085 0.647065614850924 0.645992850063271 0.61600005934902 0.601479187040618 0.598462650919975 0.603544742396889 0.61171279089202 0.636021102067659 0.675781070193744 0.693471575832757 0.697422679491255 0.697445486147907 0.69996252984335 0.687162214682565 0.676533627060815 0.675335436681549 0.680885295454534 0.698920425384932 0.740265502669852 0.75713955999235 0.733059037953766 0.68229048413612
-9999 -9999 -9999 -9999 -9999 -9999 -9999 -9999 -9999 -9999 -9999 -9999 -9999 -9999 -9999 -9999 0 0 0 0 0 0 0 0 0 0 0 0 0 0 0.0990440858903222 0.586728225378446 0.692139381169963 0.673488147689431 0.545086679463837 0.489761903658827 0.486517234225789 0.512708269308876 0.550439934891952 0.587948280592623 0.627770888445844 0.661244123262589 0.647585136387102 0.614105429169781 0.601711905020622 0.599646349664351 0.599861053471285 0.602681528359449 0.617802523991623 0.650294506419077 0.688181244924241 0.700800657852359 0.687125460139595 0.639220237442584 0.611747181765629 0.604091851353097 0.615958897198985 0.642173148386944 0.67928519878082 0.73665094560585 0.760796786160758 0.75891719458929 0.724627017296174
-9999 -9999 -9999 -9999 -9999 -9999 -9999 -9999 -9999 -9999 -9999 -9999 -9999 -9999 -9999 -9999 -9999 -9999 0 0 0 0 0 0 0 0 0 0 0 0 0 0 0.579355076894074 0.721461913756096 0.567903052943529 0.455955381323236 0.440197321448335 0.475782835731387 0.524985187507368 0.574196213149581 0.62359608198631 0.662714691058505 0.645059259559883 0.611575694656275 0.599359170230881 0.600249614995054 0.595688066788594 0.58441817668465 0.586016166498438 0.6140874499079 0.641850572259832 0.683512222625156 0.64610379966818 0.55771645929177 0.546307107885909 0.546221398762597 0.573515314650289 0.623133175505002 0.672777868720391 0.740873754322134 0.756622552016579 0.756101397800333 0.75128374111783
-9999 -9999 -9999 -9999 -9999 -9999 -9999 -9999 -9999 -9999 -9999 -9999 -9999 -9999 -9999 -9999 -9999 -9999 0 0 0 0 0 0 0 0 0 0 0 0 0 0 0.320971333987045 0.617778313082662 0.614694546068525 0.45630635117473 0.414503463626644 0.443103542798194 0.494787456817273 0.549888912739876 0.602590719117561 0.647437515990028 0.648958664716877 0.616299597343084 0.601506836701608 0.598122266835811 0.590226717619546 0.578883740943274 0.575799686584809 0.595190198334824 0.62646119686899 0.679361561647267 0.628038092428924 0.544966455044921 0.534750468054176 0.54806626833802 0.585601845345737 0.642276037942631 0.69718251204432 0.742392734283529 0.752760833487161 0.75423972378268 0.751197161371294
-9999 -9999 -9999 -9999 -9999 -9999 -9999 -9999 -9999 -9999 -9999 -9999 -9999 -9999 -9999 -9999 -9999 -9999 -9999 -9999 0 0 0 0 0 0 0 0 0 0 0 0 0.0541060226599794 0.446433852680896 0.666207080448694 0.470308751030182 0.401664867547231 0.417294736945059 0.462555344156877 0.515588996698783 0.570624188916292 0.618482889318893 0.651360135525232 0.619365323327787 0.600966202042392 0.594668049149716 0.58837139743813 0.580083638478937 0.586306173738146 0.610077044628281 0.636050252909738 0.687582867159874 0.633980784683754 0.568595726795349 0.57469342901869 0.600776027904626 0.642043233432015 0.692795388900643 0.742528609602408 0.751983623161653 0.756793302637671 0.757218311441836 0.755062789953782
-9999 -9999 -9999 -9999 -9999 -9999 -9999 -9999 -9999 -9999 -9999 -9999 -9999 -9999 -9999 -9999 -9999 -9999 -9999 -9999 0 0 0 0 0 0 0 0 0 0 0 0 0 0.309051868861358 0.696556194575761 0.511610857930307 0.406807170430404 0.397930858218578 0.43068320981439 0.477909914821089 0.529135928492338 0.582658920929859 0.638777226802813 0.614180837336119 0.59062519392074 0.579397424165263 0.579814577952101 0.590384655834598 0.611614480986276 0.639330682701375 0.667982050412628 0.709226651724678 0.667476643620436 0.638148487324058 0.645766561293348 0.675475196603345 0.70906521975253 0.744140944921207 0.76078831208333 0.763759847682486 0.765323973643799 0.764134444731007 0.760975628063184
-9999 -9999 -9999 -9999 -9999 -9999 -9999 -9999 -9999 -9999 -9999 -9999 -9999 -9999 -9999 -9999 -9999 -9999 -9999 -9999 -9999 0 0 0 0 0 0 0 0 0 0 0 0 0.214122937130623 0.641873892933496 0.543005363383518 0.409414310695315 0.383351285919973 0.39955346318909 0.444327162791224 0.489212837630887 0.547512839638488 0.600311198330896 0.593331247389843 0.582183336977189 0.56006311942812 0.571618373583751 0.606162662571584 0.637617067032536 0.674922254966007 0.707614627613266 0.724788957370393 0.709982281633487 0.713693769796105 0.720019695081429 0.745734362460536 0.76466883028755 0.765091482586518 0.764756911215176 0.764506824919082 0.763578902994464 0.765360438379789 0.762993721659207
-9999 -9999 -9999 -9999 -9999 -9999 -9999 -9999 -9999 -9999 -9999 -9999 -9999 -9999 -9999 -9999 -9999 -9999 -9999 -9999 -9999 0 0 0 0 0 0 0 0 0 0 0 0 0.16754582638928 0.606821803258872 0.583470326369017 0.426216001404291 0.380249400679599 0.392001215370812 0.430144863861482 0.476817818437705 0.521652870201512 0.558418278799875 0.583875412442958 0.589307680592303 0.570132727973331 0.589601091672852 0.630591888647274 0.672459899045572 0.715423631994184 0.737297027443249 0.748095127750947 0.746796460650761 0.744602612491485 0.749740492047013 0.75347118888742 0.756340452160981 0.758268771636754 0.758815620487456 0.761111764241255 0.763364024631589 0.765246488261768 0.751458995282189
-9999 -9999 -9999 -9999 -9999 -9999 -9999 -9999 -9999 -9999 -9999 -9999 -9999 -9999 -9999 -9999 -9999 -9999 -9999 -9999 -9999 0 0 0 0 0 0 0 0 0 0 0 0 0.147465260094897 0.610111728893677 0.590725963995991 0.421080274701601 0.377279939895512 0.384564366007298 0.422486766562838 0.458015447327963 0.463900949977068 0.532012067052174 0.598917404056418 0.585266413822387 0.575405259981436 0.617185643297554 0.665402392900112 0.708408368386348 0.740829411279543 0.758660160966761 0.761824301590772 0.755306801703142 0.742625801375413 0.746051636265568 0.745409968627934 0.748153219967978 0.752769264539092 0.753341790568655 0.760843332115806 0.765180575938598 0.758942121177607 0.730136777671153
-9999 -9999 -9999 -9999 -9999 -9999 -9999 -9999 -9999 -9999 -9999 -9999 -9999 -9999 -9999 -9999 -9999 -9999 -9999 -9999 -9999 0 0 0 0 0 0 0 0 0 0 0 0 0.2038655936713 0.629672329875454 0.591149065924987 0.41555231937124 0.365064999945949 0.378414285986378 0.415214862219367 0.465067715355111 0.483947739696945 0.517702581987834 0.55464996515427 0.577107110579879 0.5978989748766 0.642812026380639 0.691279124113201 0.730954921364731 0.753661123206383 0.762234054205729 0.764423683924576 0.761663151546413 0.755935761668301 0.752707052801863 0.749642810542655 0.751215489745057 0.754910751729522 0.758219302483189 0.763843774178725 0.764573348188044 0.747066033203158 0.712309344546807
-9999 -9999 -9999 -9999 -9999 -9999 -9999 -9999 -9999 -9999 -9999 -9999 -9999 -9999 -9999 -9999 -9999 -9999 -9999 -9999 -9999 0 0 0 0 0 0 0 0 0 0 0 0 0.270890361850101 0.587091790840213 0.556114084762977 0.382532236153601 0.345615991211855 0.364309730121789 0.400705015450807 0.448760679536934 0.506565738421814 0.513307699793457 0.525367769729294 0.585729790022295 0.622973743731805 0.668246118639563 0.71554009571775 0.743091865736807 0.757991262602393 0.764034476543827 0.76529990237959 0.763755797984664 0.759501695156378 0.757336433446838 0.753485066084697 0.753295393599645 0.756823413537424 0.760849825596796 0.765360438379789 0.757989359942641 0.733582511938535 0.694540073461868
-9999 -9999 -9999 -9999 -9999 -9999 -9999 -9999 -9999 -9999 -9999 -9999 -9999 -9999 -9999 -9999 -9999 -9999 -9999 -9999 -9999 0 0 0 0 0 0 0 0 0 0 0 0 0.362964780284256 0.587992158789701 0.529265290070045 0.365189857290449 0.329287154904956 0.349534133594013 0.384402483865837 0.426093576345723 0.484274126088673 0.528258416105578 0.582154255957485 0.614260783956913 0.649380950448369 0.690419191727445 0.728432937134987 0.752041889934624 0.761046550141849 0.765020508141071 0.765360438379789 0.765360438379789 0.764801929192255 0.763860444271052 0.762393772891375 0.762305412674245 0.762589450100784 0.764408427735368 0.762714676532568 0.74572404713185 0.715177525573536 0.669572988166416
-9999 -9999 -9999 -9999 -9999 -9999 -9999 -9999 -9999 -9999 -9999 -9999 -9999 -9999 -9999 -9999 -9999 -9999 -9999 -9999 -9999 0 0 0 0 0 0 0 0 0 0 0 0.00695252847061467 0.452736369472086 0.592056744441189 0.477360398369828 0.330429788784923 0.308806445120165 0.333890391157907 0.36646113207081 0.403414131555525 0.457797342450931 0.528980982870015 0.590227409726158 0.629106068480914 0.656377292192244 0.693621944125516 0.727681997478539 0.754985950428731 0.761626983555521 0.765360438379789 0.763968310466419 0.764342924762552 0.760004415465141 0.765246261339045 0.732336824921516 0.73025543473932 0.765360438379789 0.763871877685161 0.74492571553753 0.716813394026434 0.67128782572684 0.629027361207299
-9999 -9999 -9999 -9999 -9999 -9999 -9999 -9999 -9999 -9999 -9999 -9999 -9999 -9999 -9999 -9999 -9999 -9999 -9999 -9999 0 0 0 0 0 0 0 0 0 0 0 0 0.101868240111149 0.538658755791439 0.534431886515273 0.44106321524006 0.312069472520831 0.29266282288274 0.318935255894497 0.352330721907612 0.389529112017449 0.442979406131008 0.508884535654738 0.568553348395489 0.610624971365946 0.632649030407208 0.667667570430049 0.713937672183071 0.741336670842918 0.757973702274769 0.741587192449866 0.731617724612114 0.730832100119893 0.731644695312127 0.727827803353479 0.692793368680036 0.692556298190423 0.72415000710921 0.729551858169807 0.690651316217251 0.638051903336157 0.586840576750283 0.553116456304939
-9999 -9999 -9999 -9999 -9999 -9999 -9999 -9999 -9999 -9999 -9999 -9999 -9999 -9999 -9999 -9999 -9999 -9999 -9999 -9999 0 0 0 0 0 0 0 0 0 0 0 0 0.211361838180146 0.514788838950844 0.505271714218629 0.395244263279895 0.285064535366467 0.275021510930873 0.30441028133698 0.337052452953928 0.375083585699085 0.427252605634564 0.493116836720774 0.554693037793863 0.594062095101608 0.622439777109519 0.654738142087663 0.701997138155354 0.73300881638417 0.737273891822143 0.716119994680663 0.708664378936257 0.712362564751498 0.714491604382635 0.7284684611117 0.703984475825891 0.705278259682927 0.704530259054108 0.663389518526713 0.609448433775003 0.541815477787975 0.490751371682401 0.476853088047326
-9999 -9999 -9999 -9999 -9999 -9999 -9999 -9999 -9999 -9999 -9999 -9999 -9999 -9999 -9999 -9999 -9999 -9999 -9999 -9999 0 0 0 0 0 0 0 0 0 0 0 0 0.288416656499969 0.553192223378901 0.51279174380744 0.369558332908648 0.272379488597083 0.263932120948185 0.288372154675883 0.321844630207601 0.359112295424162 0.41226693167001 0.479684582704671 0.543715771044936 0.587580387693508 0.626170830379843 0.665827643843331 0.699963813964506 0.711699999792213 0.708597729308091 0.698672054573071 0.699461153257159 0.707216189484752 0.717531979395881 0.723926118300964 0.716720163698561 0.679554271405686 0.635913470874687 0.581040205033408 0.51718650734946 0.458114647469004 0.428381626416249 0.419705759778733
-9999 -9999 -9999 -9999 -9999 -9999 -9999 -9999 -9999 -9999 -9999 -9999 -9999 -9999 -9999 -9999 -9999 -9999 -9999 -9999 0 0 0 0 0 0 0 0 0 0 0 0 0.334841080357065 0.543703257886021 0.502003031606419 0.343409637617708 0.260990695798503 0.249989813998333 0.271535330947891 0.303733488124525 0.342066385190699 0.394441518837733 0.462252839854691 0.527281265426999 0.574124441410736 0.597044977486322 0.623158482991628 0.65167769182339 0.673167347167765 0.68352928232588 0.686954270326204 0.683068476080469 0.679737391401352 0.676335589940655 0.674778821293871 0.651267306676023 0.600597086050406 0.543407567610971 0.484828618795573 0.429329569907254 0.379383599334767 0.370795185223491 0.403251331316339
-9999 -9999 -9999 -9999 -9999 -9999 -9999 -9999 -9999 -9999 -9999 -9999 -9999 -9999 -9999 -9999 -9999 -9999 -9999 -9999 0 0 0 0 0 0 0 0 0 0 0 0 0.336824744661454 0.482628776781095 0.464622223191893 0.327324750581304 0.253859947689122 0.239005243956992 0.254010903847748 0.286917705600229 0.325876549520569 0.377236429002732 0.441872535862705 0.502624732512894 0.515875296875097 0.537184277619514 0.56661161360836 0.596920180857452 0.62824953715536 0.657423373498482 0.646520134961313 0.641399970122805 0.63569423746194 0.630317324509401 0.61971129320205 0.553644051635393 0.486982080523528 0.442332940146077 0.380866364772167 0.330581685852546 0.298799238412431 0.334706617284791 0.431445397374417
-9999 -9999 -9999 -9999 -9999 -9999 -9999 -9999 -9999 -9999 -9999 -9999 -9999 -9999 -9999 -9999 -9999 -9999 -9999 -9999 0 0 0 0 0 0 0 0 0 0 0 0 0.356998046964481 0.433805659275697 0.422596536613037 0.307713943355793 0.246985168718281 0.233144013977022 0.244331081474115 0.275973191061336 0.315614104581603 0.364478368613062 0.422999798725122 0.45027974517052 0.457913575321602 0.476795276179553 0.507802322222984 0.544400955402763 0.584806787556908 0.609808264061007 0.602638528556583 0.588311800560748 0.569969885201165 0.557707172728915 0.543070931105907 0.491193696435873 0.420498854694835 0.375430169114159 0.321755526550177 0.273912710683565 0.253932950444878 0.318584979723146 0.2415776937229
-9999 -9999 -9999 -9999 -9999 -9999 -9999 -9999 -9999 -9999 -9999 -9999 -9999 -9999 -9999 -9999 -9999 -9999 -9999 -9999 0 0 0 0 0 0 0 0 0 0 0 0 0.413896357336521 0.384033530522812 0.375169105042357 0.285816227542537 0.235313767459051 0.226016837081113 0.239590536889155 0.269435071349628 0.309690561752523 0.356255350385588 0.400531329023839 0.386627081242481 0.398101256485539 0.418193920995381 0.451278700003948 0.490690813546855 0.539146231893996 0.573548284277926 0.543420306210386 0.528134120951136 0.507968844228527 0.485259162601801 0.477840030508064 0.452744123913912 0.399933633831385 0.349156968993192 0.304528426216731 0.245382502250681 0.221369452448562 0.260922366350344 0
-9999 -9999 -9999 -9999 -9999 -9999 -9999 -9999 -9999 -9999 -9999 -9999 -9999 -9999 -9999 -9999 -9999 -9999 -9999 -9999 0 0 0 0 0 0 0 0 0 0 0 0 0.363208077496088 0.312764557009369 0.318180680833557 0.259258753784199 0.222244091346879 0.21518525010334 0.228661948031959 0.25808903659342 0.298197914205425 0.343710880734597 0.345126654241028 0.33483211674282 0.345918570511342 0.367185362265539 0.402508759243906 0.442626017375115 0.49102674629049 0.507157555724258 0.478648787067264 0.456011332505143 0.428031673737473 0.403991388346765 0.379693555280425 0.359870396530265 0.346242746341544 0.315961332958063 0.289269923399578 0.228127123854858 0.182803054683799 0.1330200173639 0
-9999 -9999 -9999 -9999 -9999 -9999 -9999 -9999 -9999 -9999 -9999 -9999 -9999 -9999 -9999 -9999 -9999 -9999 -9999 0 0 0 0 0 0 0 0 0 0 0 0 0.0352108650341266 0.24151079347467 0.21351819898891 0.233594248882628 0.229422423462782 0.201361082755891 0.199052244987046 0.210593055656365 0.242824125908504 0.282000530727364 0.287233610312864 0.286428229471204 0.291894845437941 0.305103589928999 0.32417578122565 0.359773240411168 0.397629298325448 0.441192456099887 0.462163425982161 0.42123380100755 0.395154428091915 0.361351873126308 0.324689369602339 0.309820033562657 0.277557300979906 0.260950895152461 0.227658710351159 0.1922078980131 0.150575558336594 0.0872316231166173 0.0372571074508616 0
-9999 -9999 -9999 -9999 -9999 -9999 -9999 -9999 -9999 -9999 -9999 -9999 -9999 -9999 -9999 -9999 -9999 -9999 -9999 0 0 0 0 0 0 0 0 0 0 0 0 0.176362090998061 0.115296519782323 0.106284732048797 0.133230830128225 0.182626482817088 0.181977115149306 0.180595248574475 0.194443449223393 0.215892202392455 0.225711739734823 0.235938081672599 0.242689192811415 0.252707083237232 0.275511703579955 0.303507414864637 0.340399966338572 0.374133081080407 0.419295273062754 0.395954861436951 0.35610231812125 0.324514615419967 0.283641242935478 0.248466551422737 0.211216225756898 0.183831407505149 0.164526825530725 0.125142836418109 0.0923329927049955 0.040917850267482 0 0 0
