data/03_saidas_enm/CCSM_Maha_0k_B.balansae3.asc
NCOLS 154 
NROWS 168 
XLLCORNER -112 
YLLCORNER -55.5 
CELLSIZE 0.5 
NODATA_value -9999 
[rows 100 to 124 of 168, columns 56 to 111 of 154]
-9999 -9999 -9999 -9999 -9999 -9999 -9999 -9999 -9999 -9999 -9999 -9999 -9999 -9999 -9999 -9999 -9999 -9999 -9999 -9999 -9999 -9999 -9999 -9999 -9999 -9999 -9999 -9999 -123.402439212401 -106.219379800399 -103.147734805978 -117.316097964155 -128.688079077257 -135.575927107276 -135.010262093132 -120.956899878616 -105.105219180775 -97.7956729476053 -65.5799235823683 -21.17982634312 -1.54199834428318 -3.71735672269559 -10.0747559497428 -13.9973985980576 -16.8135536162866 -15.4883268312658 -9.38115344408375 -4.55450836607287 -2.31873210907154 -0.848283826392338 0.23610578537758 0.796100768837104 1 0.761319079886336 1 0.749977020769085
-9999 -9999 -9999 -9999 -9999 -9999 -9999 -9999 -9999 -9999 -9999 -9999 -9999 -9999 -9999 -9999 -9999 -9999 -9999 -9999 -9999 -9999 -9999 -9999 -9999 -9999 -9999 -9999 -126.502910257639 -105.285678800751 -102.888642546683 -119.098017369715 -128.995721829032 -131.261258409297 -124.552800073755 -113.322826614151 -98.5156012843824 -91.8470122329154 -60.6301725243105 -16.8064725743949 -1.04694784820796 -5.0828449819341 -10.8400757583931 -15.3727790310061 -18.0227020664635 -16.6800472195502 -9.73678144148691 -5.6529813737207 -3.82951921954443 -1.54630834452903 -0.616787200916823 0.40150968028886 0.814169193649577 0.780163641261878 0.871244181578289 0.725315951359971
-9999 -9999 -9999 -9999 -9999 -9999 -9999 -9999 -9999 -9999 -9999 -9999 -9999 -9999 -9999 -9999 -9999 -9999 -9999 -9999 -9999 -9999 -9999 -9999 -9999 -9999 -9999 -119.584702613294 -130.807758758591 -114.472898539414 -110.124802945572 -120.142763994387 -122.666582979533 -119.17556790489 -109.5916377179 -96.9891657415839 -90.9712799985538 -80.4846904989039 -50.3629086560605 -12.119855530505 -1.65440620974429 -8.02894246650406 -11.5593855893034 -16.1278424094046 -19.0059089919306 -17.3393379448134 -11.173049142856 -6.42685596913047 -4.12944337053364 -2.40158000804479 -1.1449808242669 -0.24803538911063 0.37013211635391 0.728559675963165 0.544747005636815 0.623002401435045
-9999 -9999 -9999 -9999 -9999 -9999 -9999 -9999 -9999 -9999 -9999 -9999 -9999 -9999 -9999 -9999 -9999 -9999 -9999 -9999 -9999 -9999 -9999 -9999 -9999 -9999 -9999 -126.830699325987 -141.412424199178 -124.945098640788 -120.197156415259 -125.748156243377 -119.78713446683 -109.900653304769 -96.2006220600647 -89.9094495730604 -86.2413123363418 -73.4604415066739 -43.9986451255615 -7.78715489875503 -2.49686292909719 -10.3614020715408 -14.3087627783926 -18.4366037425656 -21.2054629848155 -19.8086616771251 -13.5853826419901 -7.94420235927742 -5.04331289673071 -3.35350307865437 -2.07074778583759 -1.07953170417138 -0.48011745943044 0.155222433993557 0.289311627827002 0.121050216424512
-9999 -9999 -9999 -9999 -9999 -9999 -9999 -9999 -9999 -9999 -9999 -9999 -9999 -9999 -9999 -9999 -9999 -9999 -9999 -9999 -9999 -9999 -9999 -9999 -9999 -9999 -9999 -133.966317796658 -150.81304971217 -138.440776556987 -131.369810313685 -131.598654917678 -120.365729454137 -103.697353044404 -86.8498988030986 -88.0471849463598 -86.3546080136145 -68.1151402470841 -35.8847539916745 -4.99281413855487 -3.07076645615124 -13.3331207094636 -18.4193455382209 -22.0298892877124 -23.3848177493278 -22.3050675558986 -15.6234290095238 -9.97758039615611 -6.6771314260262 -4.59230987383592 -3.28132459756813 -2.13967750866214 -1.32540103902436 -0.679018919291744 -0.386712739057754 -0.641765172541628
-9999 -9999 -9999 -9999 -9999 -9999 -9999 -9999 -9999 -9999 -9999 -9999 -9999 -9999 -9999 -9999 -9999 -9999 -9999 -9999 -9999 -9999 -9999 -9999 -9999 -9999 -9999 -139.603262152506 -159.52428910206 -149.111512856231 -143.757210965544 -142.702264105365 -123.880775238183 -101.175659750306 -82.5963725300128 -94.8984140197539 -92.9677439564913 -69.8653231782634 -33.4298112311404 -4.12043398583934 -4.6122775770765 -16.0592584088128 -22.4866031323052 -24.2861946748451 -23.9819173612842 -21.6283483610967 -15.3984608428937 -10.8109772269946 -7.62886974683173 -5.41589370616672 -4.10477543706973 -2.97608573756913 -2.2484902046327 -1.55546782675809 -1.09012864627387 -1.24361440116207
-9999 -9999 -9999 -9999 -9999 -9999 -9999 -9999 -9999 -9999 -9999 -9999 -9999 -9999 -9999 -9999 -9999 -9999 -9999 -9999 -9999 -9999 -9999 -9999 -9999 -9999 -9999 -141.583337325847 -162.370234580174 -158.95739049287 -157.193950503738 -153.521782197883 -131.356332795484 -97.7733194444249 -82.4456468646583 -110.082413241368 -105.814804770221 -79.2454920944808 -39.7031865433228 -5.70371576586701 -5.89280207480148 -18.1673971587599 -24.3609278966925 -25.2410250511636 -22.5277407670812 -17.6300038601315 -14.3335497591155 -10.4733761314535 -7.99537301317773 -6.21730881880308 -5.08311328881091 -4.00764588197412 -3.09265349717933 -2.2732789952175 -1.74422353426865 -1.47424775768989
-9999 -9999 -9999 -9999 -9999 -9999 -9999 -9999 -9999 -9999 -9999 -9999 -9999 -9999 -9999 -9999 -9999 -9999 -9999 -9999 -9999 -9999 -9999 -9999 -9999 -9999 -9999 -138.204005743354 -161.807276078663 -171.693391743034 -177.209251435801 -168.329292713444 -138.353032635409 -95.3445157449512 -84.3521954472227 -130.057110053362 -124.859670394419 -92.0455971770616 -45.6477222339118 -8.13549940909456 -7.75433129697471 -20.1202534411759 -27.1017032230688 -27.0378891668263 -23.5026811213504 -18.4132953561161 -14.8525800985164 -11.3458602865015 -8.69995427322517 -7.09019185818673 -6.2771454344478 -5.19358064758766 -4.15598780529206 -3.15706149627885 -2.46610833428289 -2.15428188571984
-9999 -9999 -9999 -9999 -9999 -9999 -9999 -9999 -9999 -9999 -9999 -9999 -9999 -9999 -9999 -9999 -9999 -9999 -9999 -9999 -9999 -9999 -9999 -9999 -9999 -9999 -9999 -131.828615128444 -157.767446625893 -181.997204382845 -203.945438015653 -184.678905841987 -146.822971031747 -93.5114121206854 -88.0615664976831 -155.819561192954 -145.517592286293 -105.489466221286 -51.3101804194801 -9.88531940458747 -11.3857182988876 -22.677166097133 -30.063636770515 -30.5298148746419 -27.7250684612316 -24.4338512556808 -18.2595942375707 -13.6172266278616 -10.2714304806577 -8.39993800095555 -7.64842514862625 -6.49697695041238 -5.3142604765197 -4.19417466079128 -3.37536285818102 -2.08803657414992
-9999 -9999 -9999 -9999 -9999 -9999 -9999 -9999 -9999 -9999 -9999 -9999 -9999 -9999 -9999 -9999 -9999 -9999 -9999 -9999 -9999 -9999 -9999 -9999 -9999 -9999 -9999 -128.113656017481 -156.28234254842 -188.149661776476 -207.258147229079 -187.079434158061 -140.141622077326 -83.6272661378112 -84.2362436240308 -150.43678075468 -147.023582733285 -104.16949497767 -50.8305782555276 -12.9527580432871 -15.1944887680956 -25.5498319046895 -31.8640902668655 -32.3329639746307 -29.9976739897911 -26.5285796832988 -20.6104397411222 -15.8440514340597 -12.2546871517661 -9.9661773400269 -8.7689153043116 -7.59999648209817 -6.4890035585134 -4.65134884488888 -2.63861442866971 -1.23139004908129
-9999 -9999 -9999 -9999 -9999 -9999 -9999 -9999 -9999 -9999 -9999 -9999 -9999 -9999 -9999 -9999 -9999 -9999 -9999 -9999 -9999 -9999 -9999 -9999 -9999 -9999 -107.456406179669 -126.690476329635 -156.150861718832 -189.781258990942 -209.605420507613 -179.607436652096 -130.61383238756 -72.6975119324931 -74.5964612372223 -148.698167599715 -130.937992445111 -94.7220040380735 -51.3201819070722 -19.1213514883196 -20.8684526696503 -28.5640651901242 -32.6332285151286 -32.8651446613367 -30.0043395813573 -26.3914848892852 -21.80270598357 -17.3809201967899 -14.2159794006987 -11.6782343728848 -9.91277275927341 -8.5552748921456 -6.44074082334895 -4.24819677294987 -2.2361396057754 -0.720758204017062
-9999 -9999 -9999 -9999 -9999 -9999 -9999 -9999 -9999 -9999 -9999 -9999 -9999 -9999 -9999 -9999 -9999 -9999 -9999 -9999 -9999 -9999 -9999 -9999 -9999 -9999 -105.181386019711 -129.861368056726 -162.341034163762 -192.373027487997 -194.362267890577 -161.436851630934 -109.476611921785 -58.8290262438549 -55.2817240945275 -98.6045406098425 -91.2606617302482 -65.8040152468248 -39.6085137516982 -26.3057360191647 -27.1150048778924 -32.9327933308917 -34.2758227629452 -33.4621407428042 -30.9111717664885 -27.5395882946055 -23.0694905794032 -18.9100061190873 -15.5232882147791 -12.7767541055703 -10.7863696304215 -8.03751283757411 -5.2334572156121 -3.085721681393 -1.27933883067047 0.0360729922585272
-9999 -9999 -9999 -9999 -9999 -9999 -9999 -9999 -9999 -9999 -9999 -9999 -9999 -9999 -9999 -9999 -9999 -9999 -9999 -9999 -9999 -9999 -9999 -9999 -9999 -9999 -106.852489949051 -141.176325008833 -176.194328911047 -192.616549541171 -191.0081510349 -136.013487501319 -89.5365783534823 -44.9910142362882 -35.7259033011667 -71.8962211770769 -60.5257690898275 -40.9715164355008 -36.8776932421118 -34.183556456334 -38.5742482687571 -39.1083772181525 -38.0192298011371 -36.2139228604619 -33.1933986198763 -31.048943098079 -25.2008523546499 -20.1060074266083 -16.5780130934125 -13.8252477214649 -11.0119055348706 -7.57489258661205 -4.20714507371434 -2.16277542621439 -0.651265937186557 0.502549067479663
-9999 -9999 -9999 -9999 -9999 -9999 -9999 -9999 -9999 -9999 -9999 -9999 -9999 -9999 -9999 -9999 -9999 -9999 -9999 -9999 -9999 -9999 -9999 -9999 -9999 -9999 -115.549347816014 -156.221209512734 -183.920125162284 -178.516994304229 -145.312946442985 -98.7050815913393 -55.1942859515844 -21.1853661223766 -20.6564928729545 -45.807064789268 -44.6007909389813 -38.8758411410853 -40.8826752694164 -45.0080887517227 -47.6093275746119 -46.0278645004344 -42.5867442333098 -39.4178132266652 -35.9040148687836 -32.0579470697646 -26.2458354318242 -21.3739127718114 -17.8998455244423 -14.6506250127705 -10.6773559523451 -7.00331134827435 -3.8695382957941 -1.83348133915458 -0.371652799598986 0.611969878829107
-9999 -9999 -9999 -9999 -9999 -9999 -9999 -9999 -9999 -9999 -9999 -9999 -9999 -9999 -9999 -9999 -9999 -9999 -9999 -9999 -9999 -9999 -9999 -9999 -9999 -89.4382705138853 -134.505651941129 -177.066792004898 -191.811619168757 -155.408056689911 -118.948491424992 -67.296570556434 -30.0901371197294 -9.05193555231413 -22.7362979721463 -54.3881999244147 -51.4283641046036 -45.5425881204304 -53.066624800833 -56.8772574560031 -59.8287557683498 -53.6857971554171 -48.1686745478636 -43.7603439938296 -39.7778367367952 -36.9979426152638 -28.695430311496 -22.7216276329186 -19.418397373684 -14.5902106829758 -10.9413843363354 -7.24634306062974 -3.93605018344173 -1.86330349405099 -0.399038522917772 0.39559749073191
-9999 -9999 -9999 -9999 -9999 -9999 -9999 -9999 -9999 -9999 -9999 -9999 -9999 -9999 -9999 -9999 -9999 -9999 -9999 -9999 -9999 -9999 -9999 -9999 -9999 -100.448340352492 -148.306847349423 -184.388253189061 -183.695548885786 -133.832745379341 -87.2759190699332 -47.7817087246254 -18.3050805604288 -12.5420593312379 -32.3254728326878 -56.5178924386352 -59.9151092815732 -59.0582904752211 -64.819464714245 -65.5980824617433 -64.996676416668 -58.5744776390006 -52.3558834947825 -47.5432168258305 -43.7180531027313 -39.6081523355613 -31.0985665841344 -24.8854071628221 -20.6990422276443 -15.4106836038043 -10.9163470427278 -7.10600999095025 -4.14585935278035 -2.0876190676202 -0.541654756277991 0.310498418358461
-9999 -9999 -9999 -9999 -9999 -9999 -9999 -9999 -9999 -9999 -9999 -9999 -9999 -9999 -9999 -9999 -9999 -9999 -9999 -9999 -9999 -9999 -9999 -9999 -9999 -104.72916519974 -153.090487346737 -188.780172436674 -175.645432444489 -111.716997921392 -68.0849863250558 -37.0417214078304 -19.2723177005801 -25.3227709157314 -44.4753548500732 -67.1488232280073 -67.0102587602394 -66.4715720390173 -69.4988228028489 -68.1578551253027 -68.0086358379516 -60.557451845266 -54.1384176854706 -49.4825487174388 -45.6222238020362 -42.6406185621647 -33.6321488791025 -27.2254306672417 -21.7171395210441 -15.7543469981657 -11.250284782376 -7.39799349640838 -4.38286921414563 -2.24183236484505 -0.665341347337249 0.100310286759006
-9999 -9999 -9999 -9999 -9999 -9999 -9999 -9999 -9999 -9999 -9999 -9999 -9999 -9999 -9999 -9999 -9999 -9999 -9999 -9999 -9999 -9999 -9999 -9999 -9999 -86.8513199890891 -141.977863740027 -173.547204300725 -153.627891782881 -94.7792722252089 -54.0574565222277 -31.2705709238319 -29.4618204308594 -38.8702130000485 -55.6168225802713 -69.5624056097869 -68.3286683759278 -62.4778550493504 -62.84808745779 -64.6259770726519 -64.5740397845457 -59.4969672266937 -53.9988964280884 -50.4159607231117 -47.4039603694261 -43.1033874139254 -35.7105084069185 -28.7862042683664 -22.4831453902932 -16.6950312830215 -11.9142301873416 -7.79365716547834 -4.616297989361 -2.51037148710964 -0.996957057659202 -0.256820877193949
-9999 -9999 -9999 -9999 -9999 -9999 -9999 -9999 -9999 -9999 -9999 -9999 -9999 -9999 -9999 -9999 -9999 -9999 -9999 -9999 -9999 -9999 -9999 -9999 -9999 -71.0639185075597 -124.35641939777 -162.87816840684 -140.35393724656 -81.6776616412055 -41.818555709502 -31.1916411834765 -40.3005166239376 -52.7186042644693 -65.4997904737961 -75.8218920856216 -69.7123368854004 -60.9191895686067 -59.9059482456243 -61.3681198219642 -62.7528655694611 -59.4244488175981 -55.8883731943046 -53.5120063690019 -50.5223536174558 -46.9214490180464 -38.2669172334275 -30.2923634507134 -23.5972724058341 -17.3886613776035 -13.0680547286222 -8.67913067643968 -5.21573896095877 -2.99061768341738 -1.45022641844389 -0.814031895618935
-9999 -9999 -9999 -9999 -9999 -9999 -9999 -9999 -9999 -9999 -9999 -9999 -9999 -9999 -9999 -9999 -9999 -9999 -9999 -9999 -9999 -9999 -9999 -9999 -9999 -65.3126657693599 -112.383699956943 -147.188167626574 -127.663429712795 -76.7403409527341 -41.2682355779037 -36.3810656890207 -47.8420085937081 -62.1792963083952 -73.8359120868181 -78.2009757235132 -70.6400051214202 -63.207981161632 -61.366735090208 -61.0700848753704 -61.7327268891161 -61.4553154111312 -62.1768827367015 -60.4999809028869 -54.5208883735551 -47.4816066488956 -40.0396772826916 -32.6128088696573 -25.8520034788604 -19.384591428176 -14.1988428196113 -9.71660782513516 -6.25240763457571 -3.9598089026665 -2.30888901383615 -1.65807737640599
-9999 -9999 -9999 -9999 -9999 -9999 -9999 -9999 -9999 -9999 -9999 -9999 -9999 -9999 -9999 -9999 -9999 -9999 -9999 -9999 -9999 -9999 -9999 -9999 -9999 -56.2810558090809 -102.004932296298 -143.894954256679 -124.67693475683 -72.5350501248141 -42.2094487868664 -41.7082515146179 -54.3614374305041 -68.4439714364463 -75.4799619083581 -78.1241790315275 -71.0349210397189 -65.035281254719 -62.9124207483369 -60.912221824987 -61.2569255686366 -62.9090202207359 -66.9701462822417 -65.5005445399124 -56.8949903198525 -48.8536608420558 -41.7792406136321 -34.7543733548984 -28.139815921806 -21.1575861704532 -16.0579455190157 -11.4363483506697 -7.61720499753152 -5.12431769492797 -3.31858960388822 -2.74924652987939
-9999 -9999 -9999 -9999 -9999 -9999 -9999 -9999 -9999 -9999 -9999 -9999 -9999 -9999 -9999 -9999 -9999 -9999 -9999 -9999 -9999 -9999 -9999 -9999 -9999 -48.6621888831715 -93.3225223453278 -146.585225139498 -129.325986676034 -76.3465064906331 -47.0403090389966 -48.3701723505616 -59.1366580066867 -69.8558966153007 -74.632024938063 -74.0190897728591 -70.4420971270106 -66.9356579048356 -64.5265030722296 -61.0022827548909 -59.7897099056401 -63.0113539796313 -67.9717898644413 -66.9623511436414 -59.1012701797381 -50.2452268489773 -43.2874275729898 -37.000044242866 -30.2020847295069 -23.7443321194437 -18.1705056128345 -12.9924638379883 -9.0573343415295 -6.39746740411971 -4.62795861672553 -3.92582514882623
-9999 -9999 -9999 -9999 -9999 -9999 -9999 -9999 -9999 -9999 -9999 -9999 -9999 -9999 -9999 -9999 -9999 -9999 -9999 -9999 -9999 -9999 -9999 -9999 -9999 -38.6123775208316 -80.5248975980561 -135.053880760074 -132.624331625754 -82.1307258381111 -53.2100239191916 -53.561979512257 -63.5966202050284 -71.9651989679695 -73.5352701071758 -72.3569229515079 -69.6657162889765 -67.2559964184561 -64.9257311699558 -60.3741961886841 -58.7291548786226 -62.3705490528825 -68.1860201810252 -68.0839916778776 -60.5862974864794 -52.364123937661 -45.7707380137926 -39.1988314547142 -32.6500338811395 -25.6367993329945 -20.3729813066538 -15.4899851878617 -11.0865669985856 -8.58076831366004 -6.43108002767307 -5.60809952188638
-9999 -9999 -9999 -9999 -9999 -9999 -9999 -9999 -9999 -9999 -9999 -9999 -9999 -9999 -9999 -9999 -9999 -9999 -9999 -9999 -9999 -9999 -9999 -9999 -9999 -29.7391019654528 -69.4168804751057 -118.272101684727 -128.301453869683 -88.3544340246513 -63.5190946145103 -60.4454302581463 -67.8190210333451 -73.737688969661 -73.5359998123533 -69.9391247413473 -68.9861593903127 -66.1413363362579 -63.4973197052099 -60.3713605599859 -58.088174431839 -62.0124200790026 -68.1202243561225 -68.4520117933188 -62.7336016948155 -56.0400977302777 -48.7791003714679 -41.8390928384503 -34.8262187639199 -27.6840289184856 -22.5070983888632 -17.5216710409786 -14.070045271324 -10.7520304559386 -7.82830460350246 -7.35588880760327
-9999 -9999 -9999 -9999 -9999 -9999 -9999 -9999 -9999 -9999 -9999 -9999 -9999 -9999 -9999 -9999 -9999 -9999 -9999 -9999 -9999 -9999 -9999 -9999 -22.4535873047269 -28.4166932284209 -58.8437049403958 -101.348109923245 -124.311815223767 -91.8047421170379 -67.0704056754739 -65.7802303618282 -71.6222284116386 -76.1381507723418 -75.6241414979826 -72.7360451475796 -70.9603831416846 -68.3484625358748 -65.8196080095596 -62.7077839685274 -61.0958461220172 -63.7043397588772 -68.3057398784103 -68.4604517159816 -63.8524463234428 -57.7833558000154 -51.1070981702442 -44.4562971972473 -37.4624931992369 -29.8662478217273 -23.5692801236795 -19.1106638314973 -15.6903062802647 -11.7298434788475 -7.61025485087275 -6.02201418175712
