data/03_saidas_enm/CCSM_Gower_6k_B.balansae1.asc
NCOLS 154 
NROWS 168 
XLLCORNER -112 
YLLCORNER -55.5 
CELLSIZE 0.5 
NODATA_value -9999 
[rows 84 to 111 of 168, columns 63 to 125 of 154]
-9999 -9999 -9999 -9999 -9999 -9999 -9999 -9999 0 0 0 0 0 0 0 0 0 0 0 0 0 0 0 0 0.435777147266884 0.629006781155873 0.546527332716639 0.447952484972591 0.390219295671766 0.388641733033326 0.398281152435091 0.430616141781936 0.48436372172178 0.536704893450433 0.593753278438313 0.647956345743911 0.668064009270987 0.725679730519169 0.751531313808379 0.764629031533094 0.769459343521291 0.774626321552117 0.777462366830182 0.778065422693756 0.777896731832763 0.777766513101078 0.776313928385807 0.774489574428253 0.769955805750696 0.755480963308774 0.739102027059374 0.729944856603232 0.730455289179493 0.709302409002897 0.685881260939748 0.670717097623464 0.661892945714412 0.666301355994185 0.669876261657609 0.657759111929197 0.644511537929479 0.65844145110099 0.693530319712297
-9999 -9999 -9999 -9999 -9999 -9999 -9999 -9999 0 0 0 0 0 0 0 0 0 0 0 0 0 0 0 0 0.11776893618248 0.494790743930371 0.641634506941451 0.600014059642225 0.476299355457097 0.424608755869016 0.424714245010725 0.448904860041892 0.492869341975284 0.540819722827505 0.586910447350147 0.631364758210188 0.647118821132416 0.656286682009221 0.743111050731867 0.757402049024909 0.764878192682702 0.769578687417877 0.773779690329034 0.777108192826711 0.77342408496685 0.768996683000739 0.764704334965868 0.756888330891732 0.75387429092104 0.753283750718407 0.754109749429311 0.745265575953872 0.728627933576228 0.70891939835804 0.690338511971701 0.679672183943559 0.67559977639384 0.681152854709672 0.685618117859298 0.681512771603589 0.676025692888896 0.693231357752837 0.711651821888085
-9999 -9999 -9999 -9999 -9999 -9999 -9999 -9999 -9999 0 0 0 0 0 0 0 0 0 0 0 0 0 0 0 0 0.295283726797408 0.47204487723862 0.638873601051443 0.631676708532871 0.535138462702633 0.484105159431839 0.475246619637324 0.507441932712418 0.544226287271243 0.578535353340365 0.611675287769025 0.625583130269539 0.654837501679036 0.723550943134957 0.734740568415237 0.741742740327528 0.747699217422079 0.754579444554269 0.764688782031561 0.745035005011937 0.728943425983263 0.71690999328396 0.700957395695189 0.70224577563714 0.71666318863955 0.726227405369952 0.726588718711393 0.721700401784136 0.704951672005896 0.688411676221423 0.680191871889904 0.679752776421333 0.691233355545577 0.70636337571988 0.714470696203277 0.717008809401932 0.73512265391361 0.71045177657226
-9999 -9999 -9999 -9999 -9999 -9999 -9999 -9999 -9999 -9999 0 0 0 0 0 0 0 0 0 0 0 0 0 0 0 0 0 0.479737109296152 0.674365689136181 0.711698452396947 0.591302769665868 0.526125839524724 0.527032773315584 0.547809018710327 0.565321824888797 0.587001252691601 0.612493307996378 0.639185754320074 0.665771025631918 0.692436292125519 0.689778920537335 0.685152629532509 0.685047215199982 0.669599939603645 0.65975184254705 0.635520632730374 0.625713835609325 0.633735553859454 0.645804299225539 0.684004540200015 0.719156214038749 0.729102271889206 0.721357015337794 0.704511319734553 0.686222954193466 0.668531831803132 0.675405321076015 0.702198959733872 0.728904325452569 0.74329658779883 0.759705869710808 0.753251624363197 0.7153894906604
-9999 -9999 -9999 -9999 -9999 -9999 -9999 -9999 -9999 -9999 -9999 -9999 0 0 0 0 0 0 0 0 0 0 0 0 0 0 0 0 0.448867526383224 0.632609769186198 0.73457481743683 0.644078123737206 0.580517627767079 0.545569205098071 0.546044839255499 0.554713660747332 0.572044611727376 0.59415603410245 0.618010967936552 0.647019413759892 0.651433553753847 0.637418404916543 0.620080479016412 0.574687538320484 0.568123624008249 0.541759567520202 0.541551147727129 0.571269820281567 0.597087691231488 0.661469473002524 0.712311823241163 0.726138818230099 0.716720530266036 0.697501188071371 0.681002666778382 0.667850714522923 0.680559958001841 0.715780127591665 0.719946668591905 0.73864278831082 0.767536646441373 0.776989300198942 0.736709119056502
-9999 -9999 -9999 -9999 -9999 -9999 -9999 -9999 -9999 -9999 -9999 -9999 -9999 -9999 0 0 0 0 0 0 0 0 0 0 0 0 0 0 0 0.180173864688716 0.676158244792588 0.723984570173232 0.692122643063455 0.574125580338276 0.523471790888271 0.516087499491665 0.527799844230746 0.553676734786116 0.585400885763895 0.620316311707351 0.653572686999033 0.635953391818301 0.596804125105988 0.551734130355758 0.532217292471533 0.526538376778125 0.531461377970778 0.541266010598164 0.578697524665845 0.641660341195769 0.691385271580678 0.714500702369466 0.700064751526164 0.685275324903154 0.690181472982065 0.684517528416564 0.684399414552637 0.687865203228428 0.701654411291572 0.738044021286749 0.775775458220254 0.778180123402322 0.770910104475581
-9999 -9999 -9999 -9999 -9999 -9999 -9999 -9999 -9999 -9999 -9999 -9999 -9999 -9999 -9999 -9999 0 0 0 0 0 0 0 0 0 0 0 0 0 0 0.19252234871825 0.644642800150519 0.748367097919185 0.646310421714625 0.530483421333181 0.482932218497007 0.483851365194477 0.514339715445711 0.555006603205882 0.596733639466761 0.637335054979957 0.639748429978412 0.596805434275543 0.549289387129729 0.531836324131181 0.525698413591973 0.522225972265679 0.525118713313251 0.545826109990317 0.596052661781719 0.653377932376156 0.685913152310095 0.689265003086043 0.651163835949135 0.630266639023544 0.626413589245847 0.637634728049842 0.660232620480517 0.689509428518334 0.738710879447673 0.778682809600053 0.777434018945429 0.774355777299785
-9999 -9999 -9999 -9999 -9999 -9999 -9999 -9999 -9999 -9999 -9999 -9999 -9999 -9999 -9999 -9999 -9999 -9999 0 0 0 0 0 0 0 0 0 0 0 0 0 0.107109539605594 0.656099538779566 0.728832606993556 0.552085376324824 0.454374620679218 0.442998909460794 0.47957768438143 0.526783496180668 0.573518358225013 0.616698923411048 0.637466407800207 0.594825969909174 0.547607627920048 0.527868231211562 0.522667947907271 0.513120174346474 0.498334413398216 0.499169401740061 0.535282320232474 0.577162392446266 0.643163442400249 0.66046197603542 0.581630958392725 0.575920298494248 0.580920383431217 0.607067264159636 0.649497913124409 0.689120957708081 0.745856588045919 0.776150386925062 0.776457291179819 0.775187326889601
-9999 -9999 -9999 -9999 -9999 -9999 -9999 -9999 -9999 -9999 -9999 -9999 -9999 -9999 -9999 -9999 -9999 -9999 0 0 0 0 0 0 0 0 0 0 0 0 0 0 0.347064444744099 0.666130221350024 0.595021773463323 0.455375461297827 0.417961949010021 0.446820931506313 0.494297750148382 0.540252742820638 0.58476555723542 0.619815029159119 0.597572607634466 0.550633642428265 0.526964642385062 0.515600788818296 0.501490035692326 0.486861113256695 0.481646429087304 0.504054960683456 0.548039915706936 0.634160143729361 0.650454998334721 0.575666066702804 0.571226565761547 0.588589419581935 0.624056202277649 0.672620883323887 0.715069536352251 0.763803512220885 0.774624768004245 0.775812027689809 0.775412050207525
-9999 -9999 -9999 -9999 -9999 -9999 -9999 -9999 -9999 -9999 -9999 -9999 -9999 -9999 -9999 -9999 -9999 -9999 -9999 -9999 0 0 0 0 0 0 0 0 0 0 0 0 0.00329170610539953 0.439232826641077 0.639230230405685 0.466199867240944 0.403039784733687 0.417959877062746 0.460120941235457 0.501366095323988 0.543538683899091 0.581339199904047 0.594327961810651 0.548124226226245 0.520555995581989 0.507355900798113 0.495407372108317 0.482549756079892 0.486168824396287 0.517052396020299 0.556716567846185 0.641780086571019 0.660411888962158 0.60187510584948 0.611677797270383 0.640330511624268 0.678131542398733 0.718123599505204 0.756953911913671 0.774973007105736 0.776907680417747 0.777236369253891 0.77707340382775
-9999 -9999 -9999 -9999 -9999 -9999 -9999 -9999 -9999 -9999 -9999 -9999 -9999 -9999 -9999 -9999 -9999 -9999 -9999 -9999 0 0 0 0 0 0 0 0 0 0 0 0 0 0.230723783115989 0.65160262863791 0.497548976458046 0.400244547690049 0.390276319264168 0.418246526464043 0.455830659105732 0.493309341213425 0.535520492459399 0.574668162611078 0.533514417666109 0.501344456037868 0.486913218204963 0.483299124732875 0.490267834271353 0.512389395901165 0.553881168425099 0.605462745616573 0.665480419405558 0.694406804068944 0.670163734024772 0.678693850872303 0.704745447764536 0.733455147103109 0.760446095396056 0.778682809600053 0.777610582279343 0.776230455735014 0.777237678423446 0.778381700602524
-9999 -9999 -9999 -9999 -9999 -9999 -9999 -9999 -9999 -9999 -9999 -9999 -9999 -9999 -9999 -9999 -9999 -9999 -9999 -9999 -9999 0 0 0 0 0 0 0 0 0 0 0 0 0.108171897453622 0.548287959698524 0.51576544681736 0.391690468321856 0.364381662726106 0.375838179888264 0.410469517408733 0.445233549639481 0.491356865506685 0.543524066245725 0.509721570183052 0.487611005577499 0.464679067993466 0.472855093695083 0.505411784009716 0.545588102965313 0.610333205471107 0.657678816196522 0.695120646520293 0.720526966929068 0.7359651481609 0.743239757244995 0.761698066319815 0.770222798838679 0.771183729291665 0.769743799882088 0.769193163167475 0.76626261330317 0.771697290324495 0.777544163743946
-9999 -9999 -9999 -9999 -9999 -9999 -9999 -9999 -9999 -9999 -9999 -9999 -9999 -9999 -9999 -9999 -9999 -9999 -9999 -9999 -9999 0 0 0 0 0 0 0 0 0 0 0 0 0.0629712475818547 0.504897053452084 0.541433212259545 0.394403007643812 0.346458778287228 0.351848093319476 0.381737644373544 0.418952700146246 0.471256094227529 0.522412136176326 0.514558689852932 0.496109610657338 0.471199517876492 0.488857858661182 0.535888465736196 0.601779475625227 0.665117517605058 0.706564464163447 0.729319890780348 0.72950048635649 0.72433005211804 0.733321096961898 0.740703643724343 0.748020697097877 0.754305740839413 0.755926702214984 0.762533784211328 0.765833258056084 0.775537957407478 0.775754494051788
-9999 -9999 -9999 -9999 -9999 -9999 -9999 -9999 -9999 -9999 -9999 -9999 -9999 -9999 -9999 -9999 -9999 -9999 -9999 -9999 -9999 0 0 0 0 0 0 0 0 0 0 0 0 0.0464953487387678 0.517918786975858 0.533538237336541 0.374777883391322 0.327091141743329 0.326669159438016 0.359425564843713 0.402064618244358 0.457193910328181 0.521637345395412 0.544144612614547 0.517758562077984 0.492177650817424 0.522000271434488 0.587402978535292 0.65011530729046 0.710005118852958 0.751168778575353 0.761773435989682 0.741094893409597 0.715887270028003 0.724254539218138 0.72410375779665 0.728967008490837 0.737970638818012 0.739544435178433 0.762189053684243 0.771367536697114 0.776808329333441 0.756338374945288
-9999 -9999 -9999 -9999 -9999 -9999 -9999 -9999 -9999 -9999 -9999 -9999 -9999 -9999 -9999 -9999 -9999 -9999 -9999 -9999 -9999 0 0 0 0 0 0 0 0 0 0 0 0 0.108214314547187 0.549782717129043 0.515314740373424 0.352201585541566 0.298743524843034 0.306955481960675 0.340013818987479 0.383277191283717 0.439711810150946 0.503041271130645 0.555046852996405 0.549189366575767 0.548210893250751 0.590225286260833 0.649783476447385 0.701171366367172 0.74392736029088 0.765296341438402 0.768961649623461 0.762442875477465 0.741390835551285 0.734537856601422 0.729664342017928 0.733184489482786 0.74425091718237 0.7576988639463 0.771004530163048 0.778557600623863 0.765277419574441 0.727997681897109
-9999 -9999 -9999 -9999 -9999 -9999 -9999 -9999 -9999 -9999 -9999 -9999 -9999 -9999 -9999 -9999 -9999 -9999 -9999 -9999 -9999 0 0 0 0 0 0 0 0 0 0 0 0 0.178739802114658 0.557563243889515 0.465032781809281 0.302162237847193 0.26422929095133 0.279959424580347 0.313608459619163 0.35872002175416 0.413660856720599 0.478798986109974 0.539563801047762 0.581940553644903 0.611792144022616 0.650853504363244 0.700371254302258 0.743292221045424 0.765913588699947 0.774333067571914 0.776404208718284 0.772727502030304 0.76546428170885 0.762665957969548 0.753228887786277 0.754518105596743 0.763774981682536 0.770726881483935 0.778682809600053 0.769606930569065 0.741510895127227 0.692227591272028
-9999 -9999 -9999 -9999 -9999 -9999 -9999 -9999 -9999 -9999 -9999 -9999 -9999 -9999 -9999 -9999 -9999 -9999 -9999 -9999 -9999 0 0 0 0 0 0 0 0 0 0 0 0 0.271158793975551 0.560565436966718 0.445807118696068 0.271507327486581 0.235921053918503 0.253987436792739 0.287993303620837 0.329163893345935 0.383241337587389 0.448087161545482 0.505360803236047 0.549259845095559 0.590063925364598 0.640148939549072 0.705075221981482 0.765427700107638 0.7729995179351 0.760969230961034 0.75897147921199 0.766793929722418 0.773453656316816 0.778264783033512 0.77744236271939 0.777629032842264 0.778148773155391 0.77742546570434 0.766550560782779 0.741159304551677 0.693801108342945 0.629365580797799
-9999 -9999 -9999 -9999 -9999 -9999 -9999 -9999 -9999 -9999 -9999 -9999 -9999 -9999 -9999 -9999 -9999 -9999 -9999 -9999 -9999 0 0 0 0 0 0 0 0 0 0 0 0 0.363289506700548 0.576348199773099 0.42161560281826 0.246215607605617 0.20508420470942 0.228432026230595 0.26078133260442 0.298334862198776 0.35159693727585 0.416577347722171 0.475391166915558 0.514195168167477 0.551400115153939 0.597958276129572 0.659450942980526 0.721311013699561 0.752389257017473 0.733584129675458 0.725084776930701 0.726653000542323 0.718394381034902 0.739242009047028 0.714807542534306 0.710755331388457 0.74336552255979 0.758395516705222 0.722055500934093 0.669385200885522 0.601261358682347 0.552367332030273
-9999 -9999 -9999 -9999 -9999 -9999 -9999 -9999 -9999 -9999 -9999 -9999 -9999 -9999 -9999 -9999 -9999 -9999 -9999 -9999 0 0 0 0 0 0 0 0 0 0 0 0 0.067424518738362 0.452312931671386 0.540886166191874 0.404462131495812 0.24911311648153 0.183723329148257 0.206787770054519 0.23929478893678 0.275913625794482 0.328972399088446 0.391745600136311 0.448486596946284 0.488327228166952 0.520082291053769 0.564119606438119 0.619043647049315 0.672464058792855 0.728001498751427 0.71092181821582 0.699928585825214 0.699284613610438 0.69884885187517 0.710300428248172 0.674132672635814 0.671850007599073 0.700139043613971 0.679863078320196 0.626574501130032 0.564702851240373 0.514425713137385 0.480694907199516
-9999 -9999 -9999 -9999 -9999 -9999 -9999 -9999 -9999 -9999 -9999 -9999 -9999 -9999 -9999 -9999 -9999 -9999 -9999 -9999 0 0 0 0 0 0 0 0 0 0 0 0 0.150410158457519 0.513686503640146 0.507919260362837 0.359036399094623 0.23668133631076 0.17878810516947 0.186513798139314 0.217177009158264 0.254475245249064 0.306404163816131 0.370761909063907 0.429062181325501 0.468587490483199 0.500079473977629 0.540553882983625 0.591981338833131 0.638891254683759 0.69338372540753 0.694218734870539 0.683087648541442 0.684448135426991 0.686144671416668 0.702756985265853 0.677721365827151 0.677666035627704 0.643726507497832 0.596002267481668 0.537325706984289 0.47124039887778 0.418078706400835 0.403303837743271
-9999 -9999 -9999 -9999 -9999 -9999 -9999 -9999 -9999 -9999 -9999 -9999 -9999 -9999 -9999 -9999 -9999 -9999 -9999 -9999 0 0 0 0 0 0 0 0 0 0 0 0 0.242631727549597 0.537888126224892 0.510144538433247 0.337134455736772 0.22787395173624 0.195694422781228 0.180130109280419 0.197807905521263 0.234574802959101 0.287651142762572 0.354324520736717 0.413945614343949 0.459270812259957 0.497120771876289 0.536957683887251 0.583040101316935 0.62896459389576 0.675969639151722 0.677990360779865 0.675359682751427 0.683161304733586 0.69214894766479 0.684470709294973 0.659580707902889 0.615966247863326 0.564512864554627 0.510738463270594 0.446390667541192 0.384438617185294 0.35122943676471 0.341574049466535
-9999 -9999 -9999 -9999 -9999 -9999 -9999 -9999 -9999 -9999 -9999 -9999 -9999 -9999 -9999 -9999 -9999 -9999 -9999 -9999 0 0 0 0 0 0 0 0 0 0 0 0 0.310392510851925 0.517637678311869 0.471907393480032 0.299366556814853 0.231397774239595 0.205109589280852 0.202356280213753 0.210005626430738 0.21988176902601 0.266628567288354 0.333870366623992 0.395590773940514 0.44310169606258 0.487783502872671 0.529435202615853 0.573026650389655 0.616327671640884 0.656497144058762 0.666962527765484 0.675067617913698 0.687681444449293 0.665178228161197 0.62054841112637 0.5810869511143 0.52864015249207 0.472567896806019 0.412726576883819 0.353772105873415 0.301770058332231 0.292271771380593 0.324009445221946
-9999 -9999 -9999 -9999 -9999 -9999 -9999 -9999 -9999 -9999 -9999 -9999 -9999 -9999 -9999 -9999 -9999 -9999 -9999 -9999 0 0 0 0 0 0 0 0 0 0 0 0 0.409589736808917 0.48319195741206 0.433412009418223 0.285741894825382 0.227969698864985 0.214054320795092 0.217947715633087 0.228440037331085 0.244169591844404 0.262528717704004 0.311777971416908 0.373362022725015 0.423420088725673 0.470024598261006 0.512762995742341 0.558869562296634 0.600015140658195 0.635101367124863 0.662756445020706 0.678333659182297 0.669647453789411 0.603232653830696 0.54512814806184 0.481436263734825 0.413291335174026 0.366100293734009 0.303509159168398 0.251961655296529 0.21999958979354 0.254654355236176 0.351076002092926
-9999 -9999 -9999 -9999 -9999 -9999 -9999 -9999 -9999 -9999 -9999 -9999 -9999 -9999 -9999 -9999 -9999 -9999 -9999 -9999 0 0 0 0 0 0 0 0 0 0 0 0 0.491771005298209 0.430124707280634 0.380507358115367 0.256280638437736 0.227703209124598 0.219825401764733 0.223947064707042 0.239136400793363 0.255087660099752 0.277713999980439 0.306375980185492 0.347616636475435 0.398831119309674 0.44788176851124 0.493232801421999 0.53424791641992 0.571290697601935 0.610948536175685 0.632353807885522 0.612308445007918 0.586593778730289 0.565972850441779 0.49666935919205 0.415331405362969 0.340916322682366 0.295556215958864 0.242227979658996 0.193738695866384 0.174161898016564 0.238846656533694 0.30786640289844
-9999 -9999 -9999 -9999 -9999 -9999 -9999 -9999 -9999 -9999 -9999 -9999 -9999 -9999 -9999 -9999 -9999 -9999 -9999 -9999 0 0 0 0 0 0 0 0 0 0 0 0 0.45609869655469 0.38024817823103 0.338200897294732 0.231517458150526 0.209456045633287 0.211261149264111 0.217638564369611 0.234735990161725 0.255399996499567 0.278868853201635 0.3110526290051 0.339408353525167 0.373766773121001 0.424149504251224 0.451738668877516 0.487528480269624 0.531623056416138 0.58241790247744 0.559998196884783 0.541466731544085 0.516795289480586 0.486524391983403 0.474431840050901 0.396929927572376 0.318144889285713 0.267851569847032 0.223708467141371 0.165386534492908 0.141996387564809 0.211695393447282 0.0346980389682354
-9999 -9999 -9999 -9999 -9999 -9999 -9999 -9999 -9999 -9999 -9999 -9999 -9999 -9999 -9999 -9999 -9999 -9999 -9999 -9999 0 0 0 0 0 0 0 0 0 0 0 0 0.359592711261826 0.300831576497674 0.283929648767616 0.179761116061478 0.17791064836764 0.182702734249726 0.194708478305296 0.216805409918682 0.241209248915252 0.268692149559074 0.301503300702094 0.332941947640734 0.357806286791214 0.374715544307375 0.404519464409273 0.44209506028928 0.487455405879945 0.516039432630391 0.482456748506493 0.454443108515204 0.420132177267053 0.3891553640416 0.36016701951949 0.334526435472896 0.308065854719709 0.254948394718112 0.209925530071843 0.147886341390399 0.130415735519821 0.0818490506805295 0
-9999 -9999 -9999 -9999 -9999 -9999 -9999 -9999 -9999 -9999 -9999 -9999 -9999 -9999 -9999 -9999 -9999 -9999 -9999 0 0 0 0 0 0 0 0 0 0 0 0 0.247649530247084 0.234035084766541 0.196095164182578 0.212208017237976 0.119411951764038 0.123406209252776 0.142304298788696 0.157389394049367 0.185274973141901 0.215789447945735 0.245942844111835 0.284800542258201 0.298473531104614 0.314518188599581 0.330990844922631 0.365796013821964 0.400900071270802 0.441236668931541 0.460093195313959 0.410809266072354 0.3797886021057 0.342274617827998 0.298687143483715 0.280674477074224 0.241684752944934 0.220695270848461 0.184182150736874 0.142897808966231 0.0983475440358929 0.0321110864562469 0 0
-9999 -9999 -9999 -9999 -9999 -9999 -9999 -9999 -9999 -9999 -9999 -9999 -9999 -9999 -9999 -9999 -9999 -9999 -9999 0 0 0 0 0 0 0 0 0 0 0 0.0132491698054737 0.174416082266869 0.102943394775829 0.0826284734126662 0.107192339739394 0.0975421300235713 0.0768823705341815 0.0789953706778022 0.105929559197721 0.139833308624397 0.17693821659133 0.212047877939913 0.246109813137515 0.257510938925286 0.280828833714622 0.308223750838938 0.344450055375128 0.377172537676904 0.419057544419579 0.376737321363752 0.331719988035991 0.294934413292694 0.248179291332127 0.21016832618711 0.169628576962506 0.138428687592096 0.114932346786637 0.0713547156576747 0.0337064181837735 0 0 0 0
