data/03_saidas_enm/CCSM_Maxent_6k_B.balansae5.asc
NCOLS 154 
NROWS 168 
XLLCORNER -112 
YLLCORNER -55.5 
CELLSIZE 0.5 
NODATA_value -9999 
[rows 75 to 99 of 168, columns 56 to 111 of 154]
-9999 -9999 -9999 -9999 -9999 -9999 -9999 -9999 -9999 -9999 -9999 0.0615429393947124 0.15476767718792 0.275145083665848 0.31968167424202 0.341524183750153 0.35105499625206 0.363967686891556 0.366166710853577 0.320339292287827 0.276479125022888 0.270704597234726 0.267528891563416 0.263343572616577 0.259200990200043 0.25566840171814 0.258551478385925 0.263186424970627 0.268055737018585 0.268503069877625 0.274081498384476 0.285763084888458 0.30294331908226 0.318063706159592 0.331782847642899 0.34872841835022 0.363630533218384 0.381779074668884 0.397839188575745 0.411876827478409 0.428481578826904 0.44360876083374 0.451961189508438 0.443309217691422 0.419584333896637 0.400815427303314 0.388144344091415 0.377945244312286 0.367784559726715 0.356299132108688 0.343682646751404 0.331356167793274 0.317516326904297 0.311348617076874 0.311786264181137 0.314576417207718
-9999 -9999 -9999 -9999 -9999 -9999 -9999 -9999 -9999 -9999 -9999 0.0652284696698189 0.154388427734375 0.287913233041763 0.326745182275772 0.346362203359604 0.344877570867538 0.33290821313858 0.354082345962524 0.352780550718307 0.313711762428284 0.295683890581131 0.284416526556015 0.275947868824005 0.265009313821793 0.257470935583115 0.260101109743118 0.264994084835052 0.268879443407059 0.271686136722565 0.277968436479568 0.292449027299881 0.307577788829803 0.321490973234177 0.33338674902916 0.348962098360062 0.366795659065247 0.386226892471313 0.404401242733002 0.420682698488235 0.437462836503983 0.455172479152679 0.469886124134064 0.473397880792618 0.459166944026947 0.440702229738235 0.428314238786697 0.416895180940628 0.406296044588089 0.394122332334518 0.382842212915421 0.370369911193848 0.358559221029282 0.356757998466492 0.364015340805054 0.375020861625671
-9999 -9999 -9999 -9999 -9999 -9999 -9999 -9999 -9999 -9999 -9999 -9999 0.121212810277939 0.213634967803955 0.279628932476044 0.309597373008728 0.285046011209488 0.239700213074684 0.245876103639603 0.305766075849533 0.34986275434494 0.334471195936203 0.319648683071136 0.301957160234451 0.285400807857513 0.271980315446854 0.268755108118057 0.269954442977905 0.271305322647095 0.272874027490616 0.278247058391571 0.290091037750244 0.305898606777191 0.320276737213135 0.332298338413239 0.347666621208191 0.367088258266449 0.389827251434326 0.411420464515686 0.429555475711823 0.448628008365631 0.467800259590149 0.487621158361435 0.499760925769806 0.501275658607483 0.484510540962219 0.468228965997696 0.455501437187195 0.44476130604744 0.433258980512619 0.424117624759674 0.415093004703522 0.408938199281693 0.410585343837738 0.41922864317894 0.429258733987808
-9999 -9999 -9999 -9999 -9999 -9999 -9999 -9999 -9999 -9999 -9999 -9999 0.0649592280387878 0.133714735507965 0.211091965436935 0.289953112602234 0.235675171017647 0.153719410300255 0.153115689754486 0.218535900115967 0.324092268943787 0.367220789194107 0.367963284254074 0.357495307922363 0.316255867481232 0.298792034387589 0.281656682491302 0.276990503072739 0.274724543094635 0.272755235433578 0.275826036930084 0.285163700580597 0.29758208990097 0.310202807188034 0.32255619764328 0.33769890666008 0.356633514165878 0.379599541425705 0.405830174684525 0.430614739656448 0.459380745887756 0.481438010931015 0.507215917110443 0.526221632957458 0.53018593788147 0.529299795627594 0.507993221282959 0.492191344499588 0.482436418533325 0.472466230392456 0.466130644083023 0.462885022163391 0.461901307106018 0.46446305513382 0.470904499292374 0.481153309345245
-9999 -9999 -9999 -9999 -9999 -9999 -9999 -9999 -9999 -9999 -9999 -9999 -9999 0.0717526599764824 0.142918810248375 0.195580184459686 0.175727710127831 0.126114830374718 0.126992642879486 0.162743076682091 0.219965323805809 0.291165292263031 0.402223467826843 0.473570823669434 0.446163922548294 0.378463298082352 0.338981866836548 0.306539297103882 0.279797732830048 0.275662571191788 0.274544358253479 0.282345771789551 0.291901379823685 0.302903681993484 0.315175861120224 0.329155743122101 0.349196881055832 0.371467530727386 0.397730767726898 0.423462122678757 0.45574939250946 0.493872433900833 0.520407676696777 0.543172776699066 0.555249512195587 0.557899117469788 0.53863137960434 0.519709467887878 0.505982398986816 0.503129959106445 0.503932237625122 0.499863535165787 0.496724486351013 0.498689442873001 0.503985822200775 0.513823747634888
-9999 -9999 -9999 -9999 -9999 -9999 -9999 -9999 -9999 -9999 -9999 -9999 -9999 0.0420544147491455 0.09629175812006 0.145231142640114 0.12950986623764 0.109570153057575 0.12014589458704 0.143314152956009 0.152965947985649 0.178516268730164 0.252781838178635 0.321203351020813 0.350319147109985 0.472964227199554 0.46098405122757 0.387000262737274 0.328859835863113 0.295887798070908 0.280975878238678 0.296679496765137 0.293459445238113 0.302127152681351 0.312965095043182 0.321664929389954 0.344669789075851 0.366929888725281 0.392394542694092 0.418247640132904 0.446282267570496 0.488681972026825 0.526896238327026 0.55334883928299 0.572681605815887 0.57793515920639 0.565755724906921 0.534232378005981 0.521831333637238 0.525880813598633 0.530693769454956 0.528549194335938 0.526781618595123 0.528048813343048 0.531348347663879 0.541850209236145
-9999 -9999 -9999 -9999 -9999 -9999 -9999 -9999 -9999 -9999 -9999 -9999 -9999 -9999 0.073215514421463 0.0808994323015213 0.0926983505487442 0.11435904353857 0.130300492048264 0.120039664208889 0.0991420447826385 0.0730667561292648 0.0556654296815395 0.0586794577538967 0.0943023785948753 0.174598634243011 0.278785854578018 0.440685927867889 0.504450023174286 0.444082230329514 0.396976619958878 0.356793761253357 0.354721933603287 0.345073938369751 0.338006168603897 0.344297468662262 0.365081608295441 0.390750348567963 0.408776193857193 0.420094907283783 0.444616943597794 0.479052692651749 0.517305672168732 0.555100619792938 0.58185476064682 0.593779981136322 0.583074152469635 0.559572041034698 0.550099313259125 0.551631093025208 0.555838525295258 0.554957926273346 0.552523910999298 0.552013635635376 0.552077829837799 0.557684421539307
-9999 -9999 -9999 -9999 -9999 -9999 -9999 -9999 -9999 -9999 -9999 -9999 -9999 -9999 0.0487714745104313 0.0556804910302162 0.0771704688668251 0.123536117374897 0.139281079173088 0.100402116775513 0.0653164684772491 0.0291922558099031 0.0257765147835016 0.0260891299694777 0.030331626534462 0.0411160662770271 0.0517667792737484 0.172135040163994 0.318110376596451 0.392117947340012 0.519119679927826 0.444975435733795 0.405724704265594 0.387221485376358 0.369259715080261 0.372391253709793 0.393237918615341 0.425283223390579 0.438651710748672 0.436695009469986 0.442948639392853 0.474500954151154 0.504869103431702 0.538140594959259 0.574378252029419 0.595361232757568 0.594673335552216 0.584769606590271 0.578395783901215 0.578084766864777 0.580951631069183 0.577094972133636 0.573277533054352 0.570287942886353 0.566507875919342 0.565971970558167
-9999 -9999 -9999 -9999 -9999 -9999 -9999 -9999 -9999 -9999 -9999 -9999 -9999 -9999 -9999 0.0570543184876442 0.092756025493145 0.125710517168045 0.13134990632534 0.0880810245871544 0.0430373214185238 0.0205221381038427 0.0178562179207802 0.0173708777874708 0.0190788060426712 0.0192837566137314 0.0242335386574268 0.0296382457017899 0.0394285544753075 0.118427641689777 0.310887217521667 0.493031352758408 0.441421747207642 0.437741786241531 0.405527353286743 0.389676362276077 0.406215786933899 0.436891585588455 0.448247104883194 0.458036124706268 0.469139575958252 0.480624228715897 0.498087882995605 0.532674968242645 0.563926041126251 0.588281333446503 0.598144114017487 0.602100968360901 0.606635689735413 0.601744651794434 0.597650706768036 0.592350542545319 0.587406992912292 0.582594633102417 0.578273355960846 0.57429563999176
-9999 -9999 -9999 -9999 -9999 -9999 -9999 -9999 -9999 -9999 -9999 -9999 -9999 -9999 -9999 0.0144110480323434 0.0742948949337006 0.149653404951096 0.144578531384468 0.0894358083605766 0.0453476943075657 0.0297926813364029 0.0201992709189653 0.0191527996212244 0.0196930449455976 0.0148780401796103 0.0191699229180813 0.0212914161384106 0.0261407494544983 0.0406649708747864 0.161014422774315 0.359034180641174 0.510156214237213 0.492503941059113 0.453280568122864 0.399588316679001 0.424651771783829 0.444095343351364 0.44877427816391 0.447252005338669 0.447847723960876 0.497805535793304 0.498466551303864 0.527246654033661 0.551053941249847 0.579668045043945 0.599781215190887 0.613555788993835 0.619732022285461 0.618586242198944 0.612934589385986 0.602350294589996 0.595320105552673 0.588358759880066 0.583330929279327 0.582024097442627
-9999 -9999 -9999 -9999 -9999 -9999 -9999 -9999 -9999 -9999 -9999 -9999 -9999 -9999 -9999 0.010043921880424 0.0301404353231192 0.131456956267357 0.173617899417877 0.132361114025116 0.100134626030922 0.0761000216007233 0.0626277327537537 0.0451075360178947 0.0328632369637489 0.0311470832675695 0.026301983743906 0.0242480281740427 0.0266309641301632 0.033098928630352 0.0822977423667908 0.237209215760231 0.486288726329803 0.539017558097839 0.49322772026062 0.467570751905441 0.466374576091766 0.458834826946259 0.45384007692337 0.441070437431335 0.447248995304108 0.506059408187866 0.497777134180069 0.518600404262543 0.545863032341003 0.562425673007965 0.591254770755768 0.615471124649048 0.625512838363647 0.619371175765991 0.60606586933136 0.60014271736145 0.586489319801331 0.578355610370636 0.578182101249695 0.57380485534668
-9999 -9999 -9999 -9999 -9999 -9999 -9999 -9999 -9999 -9999 -9999 -9999 -9999 -9999 -9999 -9999 0.0130993286147714 0.0391656383872032 0.13119401037693 0.198971018195152 0.14617508649826 0.127344861626625 0.122574716806412 0.114456452429295 0.0977215841412544 0.0925311744213104 0.0507489554584026 0.0345042496919632 0.0287143662571907 0.0317089259624481 0.0554172769188881 0.135519042611122 0.34134441614151 0.514177560806274 0.575734317302704 0.497258126735687 0.495384842157364 0.503900825977325 0.489534497261047 0.469982266426086 0.46211713552475 0.513232886791229 0.491999387741089 0.511407017707825 0.530098736286163 0.545932531356812 0.576442241668701 0.603994131088257 0.606316089630127 0.594568312168121 0.58489978313446 0.578889608383179 0.568871974945068 0.56674736738205 0.572271525859833 0.561924815177917
-9999 -9999 -9999 -9999 -9999 -9999 -9999 -9999 -9999 -9999 -9999 -9999 -9999 -9999 -9999 -9999 -9999 0.0136665925383568 0.0311568286269903 0.0956722497940063 0.213844642043114 0.178959205746651 0.143062904477119 0.125534877181053 0.141051143407822 0.152731701731682 0.124620668590069 0.097530260682106 0.074610598385334 0.0490855164825916 0.0439265891909599 0.0726160034537315 0.140777587890625 0.268095582723618 0.463936358690262 0.589833974838257 0.534128129482269 0.513212203979492 0.510270953178406 0.494053542613983 0.478039771318436 0.481388121843338 0.48852413892746 0.503326237201691 0.519416570663452 0.545261263847351 0.568587064743042 0.574030637741089 0.575946569442749 0.577872037887573 0.586793303489685 0.598095595836639 0.620858788490295 0.635147154331207 0.641111850738525 0.62816709280014
-9999 -9999 -9999 -9999 -9999 -9999 -9999 -9999 -9999 -9999 -9999 -9999 -9999 -9999 -9999 -9999 -9999 -9999 -9999 0.0204242598265409 0.0517168864607811 0.119096830487251 0.129641979932785 0.119706027209759 0.142082780599594 0.172310248017311 0.178801879286766 0.170674711465836 0.139116197824478 0.0841855928301811 0.0505118109285831 0.0524021945893764 0.0615245476365089 0.103079587221146 0.243962660431862 0.466424435377121 0.559867322444916 0.580516993999481 0.529007017612457 0.49353015422821 0.471026092767715 0.474056094884872 0.4881452023983 0.506416380405426 0.533999443054199 0.558327674865723 0.5704385638237 0.578604102134705 0.58967000246048 0.605531334877014 0.616595566272736 0.625751733779907 0.641893029212952 0.656705915927887 0.672940969467163 0.671873152256012
-9999 -9999 -9999 -9999 -9999 -9999 -9999 -9999 -9999 -9999 -9999 -9999 -9999 -9999 -9999 -9999 -9999 -9999 -9999 -9999 -9999 0.0261668730527163 0.0641398727893829 0.114827007055283 0.119220599532127 0.125255048274994 0.165840685367584 0.21550689637661 0.21957716345787 0.154790803790092 0.107718601822853 0.0665767788887024 0.0401412174105644 0.0480600334703922 0.0910881981253624 0.190787181258202 0.364025384187698 0.553427815437317 0.603056728839874 0.54761004447937 0.51724910736084 0.508052706718445 0.507369101047516 0.528707087039948 0.540331482887268 0.555123448371887 0.563706398010254 0.578551530838013 0.596348881721497 0.611606895923615 0.614248156547546 0.632243096828461 0.654797852039337 0.672680377960205 0.679792106151581 0.678870916366577
-9999 -9999 -9999 -9999 -9999 -9999 -9999 -9999 -9999 -9999 -9999 -9999 -9999 -9999 -9999 -9999 -9999 -9999 -9999 -9999 -9999 -9999 -9999 0.0416802205145359 0.113252192735672 0.118164323270321 0.166249394416809 0.232312813401222 0.256413847208023 0.25132828950882 0.19989638030529 0.114774115383625 0.0524165518581867 0.042483028024435 0.0493632815778255 0.0749563202261925 0.166297912597656 0.355467736721039 0.52152156829834 0.602158606052399 0.520380854606628 0.490772873163223 0.489344894886017 0.506090462207794 0.523430287837982 0.540454804897308 0.552174985408783 0.571336209774017 0.592178344726562 0.61540949344635 0.621571600437164 0.642806589603424 0.668183922767639 0.683003544807434 0.687838196754456 0.684168934822083
-9999 -9999 -9999 -9999 -9999 -9999 -9999 -9999 -9999 -9999 -9999 -9999 -9999 -9999 -9999 -9999 -9999 -9999 -9999 -9999 -9999 -9999 -9999 -9999 -9999 0.0628611072897911 0.157978743314743 0.223198220133781 0.243288621306419 0.292543023824692 0.316964149475098 0.231297537684441 0.135744482278824 0.084859624505043 0.0537808761000633 0.0420898050069809 0.0825556293129921 0.167010679841042 0.317277818918228 0.530748069286346 0.55398565530777 0.485431730747223 0.445632755756378 0.479282259941101 0.504284083843231 0.521843612194061 0.541598975658417 0.554506003856659 0.583489120006561 0.618162572383881 0.6275554895401 0.651105046272278 0.67623907327652 0.691122591495514 0.691291928291321 0.687551379203796
-9999 -9999 -9999 -9999 -9999 -9999 -9999 -9999 -9999 -9999 -9999 -9999 -9999 -9999 -9999 -9999 -9999 -9999 -9999 -9999 -9999 -9999 -9999 -9999 -9999 0.0154664404690266 0.0558472014963627 0.194963216781616 0.296467214822769 0.328230440616608 0.365787595510483 0.343086272478104 0.3120496571064 0.21736840903759 0.123537458479404 0.0768137499690056 0.0920205488801003 0.135546639561653 0.247626706957817 0.469224452972412 0.595269620418549 0.510087788105011 0.438661396503448 0.476913928985596 0.498434126377106 0.507401585578918 0.531632602214813 0.547236919403076 0.579470574855804 0.621573030948639 0.636751472949982 0.658592462539673 0.676729142665863 0.690996646881104 0.69328111410141 0.692027807235718
-9999 -9999 -9999 -9999 -9999 -9999 -9999 -9999 -9999 -9999 -9999 -9999 -9999 -9999 -9999 -9999 -9999 -9999 -9999 -9999 -9999 -9999 -9999 -9999 -9999 -9999 -9999 0.0548917539417744 0.15943931043148 0.291108936071396 0.402795433998108 0.422332465648651 0.390930533409119 0.339614003896713 0.291946172714233 0.229608863592148 0.164433032274246 0.157220855355263 0.241017401218414 0.440626293420792 0.600492775440216 0.527948200702667 0.457245141267776 0.494348466396332 0.500647723674774 0.499667346477509 0.525688290596008 0.546148300170898 0.581925094127655 0.627243518829346 0.646823942661285 0.661830365657806 0.674831748008728 0.688809216022491 0.692175328731537 0.694120943546295
-9999 -9999 -9999 -9999 -9999 -9999 -9999 -9999 -9999 -9999 -9999 -9999 -9999 -9999 -9999 -9999 -9999 -9999 -9999 -9999 -9999 -9999 -9999 -9999 -9999 -9999 -9999 0.0227683652192354 0.0806036442518234 0.188127547502518 0.319459468126297 0.418425887823105 0.420782923698425 0.408425211906433 0.360735028982162 0.306969612836838 0.249909624457359 0.204942673444748 0.263629734516144 0.425582975149155 0.566174685955048 0.53468120098114 0.478957295417786 0.483622550964355 0.499661237001419 0.497568696737289 0.523823380470276 0.549793839454651 0.58919483423233 0.618892312049866 0.640520989894867 0.651401221752167 0.662439227104187 0.676464021205902 0.691477179527283 0.700651884078979
-9999 -9999 -9999 -9999 -9999 -9999 -9999 -9999 -9999 -9999 -9999 -9999 -9999 -9999 -9999 -9999 -9999 -9999 -9999 -9999 -9999 -9999 -9999 -9999 -9999 -9999 -9999 -9999 0.0483747646212578 0.12633153796196 0.254545897245407 0.372221767902374 0.380276799201965 0.405216753482819 0.404526561498642 0.370320200920105 0.286275088787079 0.232432708144188 0.271508663892746 0.41036456823349 0.537093341350555 0.535561680793762 0.466233611106873 0.451912075281143 0.48766553401947 0.493570536375046 0.524403393268585 0.550035774707794 0.574695467948914 0.602290332317352 0.62556791305542 0.644421577453613 0.646157205104828 0.660517811775208 0.689833402633667 0.707904875278473
-9999 -9999 -9999 -9999 -9999 -9999 -9999 -9999 -9999 -9999 -9999 -9999 -9999 -9999 -9999 -9999 -9999 -9999 -9999 -9999 -9999 -9999 -9999 -9999 -9999 -9999 -9999 -9999 0.0367304384708405 0.0952364727854729 0.217218488454819 0.357171475887299 0.383155643939972 0.406584233045578 0.430901974439621 0.382788747549057 0.290826141834259 0.231206268072128 0.266626834869385 0.38223659992218 0.502188980579376 0.537130832672119 0.457019120454788 0.418343216180801 0.447077691555023 0.483896732330322 0.520532488822937 0.531880140304565 0.555745303630829 0.596983969211578 0.621947467327118 0.641717851161957 0.640477240085602 0.658808052539825 0.688545703887939 0.713743627071381
-9999 -9999 -9999 -9999 -9999 -9999 -9999 -9999 -9999 -9999 -9999 -9999 -9999 -9999 -9999 -9999 -9999 -9999 -9999 -9999 -9999 -9999 -9999 -9999 -9999 -9999 -9999 -9999 0.0373458303511143 0.0877364575862885 0.212003022432327 0.370690435171127 0.355879813432693 0.373111456632614 0.429155975580215 0.378054171800613 0.282681524753571 0.203529208898544 0.232252031564713 0.360576808452606 0.487075448036194 0.545998990535736 0.450538545846939 0.401227116584778 0.41261014342308 0.435211479663849 0.501234591007233 0.523636698722839 0.542272210121155 0.585209786891937 0.611793875694275 0.633569836616516 0.637442767620087 0.655911505222321 0.690587162971497 0.685728073120117
-9999 -9999 -9999 -9999 -9999 -9999 -9999 -9999 -9999 -9999 -9999 -9999 -9999 -9999 -9999 -9999 -9999 -9999 -9999 -9999 -9999 -9999 -9999 -9999 -9999 -9999 -9999 -9999 0.0360311567783356 0.103810228407383 0.261234402656555 0.40589901804924 0.385813623666763 0.401603698730469 0.408836662769318 0.353117376565933 0.252491265535355 0.186894789338112 0.220868542790413 0.346528083086014 0.489773958921432 0.53554767370224 0.442478120326996 0.391038119792938 0.405820727348328 0.415954679250717 0.461826115846634 0.509823799133301 0.55123233795166 0.573941767215729 0.599134266376495 0.614212274551392 0.628314137458801 0.651955246925354 0.651452958583832 0.639973878860474
-9999 -9999 -9999 -9999 -9999 -9999 -9999 -9999 -9999 -9999 -9999 -9999 -9999 -9999 -9999 -9999 -9999 -9999 -9999 -9999 -9999 -9999 -9999 -9999 -9999 -9999 -9999 -9999 0.034392274916172 0.133774995803833 0.36250051856041 0.433732777833939 0.412777662277222 0.420959055423737 0.393836319446564 0.330818355083466 0.235790386795998 0.16467747092247 0.204232320189476 0.345748096704483 0.501369833946228 0.518743693828583 0.421789348125458 0.400879859924316 0.406261205673218 0.415611207485199 0.438801735639572 0.469803303480148 0.523315131664276 0.560007870197296 0.569651305675507 0.594568133354187 0.610322833061218 0.608433544635773 0.59797728061676 0.61729621887207
