data/03_saidas_enm/CCSM_Maha_0k_B.balansae5.asc
NCOLS 154 
NROWS 168 
XLLCORNER -112 
YLLCORNER -55.5 
CELLSIZE 0.5 
NODATA_value -9999 
[rows 75 to 99 of 168, columns 56 to 111 of 154]
-9999 -9999 -9999 -9999 -9999 -9999 -9999 -9999 -9999 -9999 -9999 -60.0636970476531 -74.7027254949332 -81.3923352361518 -67.1725833725944 -43.6069569837117 -27.7850886359344 -14.2488125819181 -9.08274236002456 -12.1919585233531 -18.7446850306341 -21.9064944792757 -24.3380861327333 -25.6857608900156 -26.5262454286086 -27.1856246101679 -27.0888566036177 -27.0464618418554 -26.5886423725105 -26.1000858633803 -24.9454372031429 -22.5272012507333 -20.0387695316627 -17.4001805682467 -15.1203123933314 -12.8366331051816 -10.2431897739181 -7.87759653062096 -5.64880661250195 -3.8283330807067 -2.43235567526349 -1.37449660379575 -0.843262582726898 -0.900845119243405 -1.61625887639877 -2.59834731705842 -3.66027452246626 -4.78573777927288 -6.2665984354654 -8.328626979009 -11.0649147790423 -12.8003670535251 -13.0645816060762 -13.5678410985108 -14.061905726138 -14.9442293934081
-9999 -9999 -9999 -9999 -9999 -9999 -9999 -9999 -9999 -9999 -9999 -52.7654067824473 -69.7019820464012 -78.3735546667375 -64.4741709455396 -47.7519383999366 -33.3401998833643 -20.1128708236013 -12.1199843610363 -11.4390748287267 -14.3692279601876 -19.2068134996985 -23.028661027375 -25.0477189713964 -28.1583659091768 -29.7881586025559 -29.673947011623 -29.6628323160121 -29.5044328047468 -29.6180173152972 -29.1474330378473 -26.4146003972172 -23.8366035731744 -21.3943691741595 -19.5416334032096 -17.5880583062146 -14.5966913393315 -11.9949512457817 -9.30717776463116 -7.03049611771326 -5.1100429604386 -3.05758457848663 -1.98293772270373 -1.39330655266144 -1.15294560685179 -1.31637952167772 -1.69728921868567 -2.44227278452259 -3.57647917338156 -5.32324561552462 -7.48064629198062 -10.1888897173065 -10.3098495862399 -9.71514417606845 -9.18986384865966 -9.15053888888749
-9999 -9999 -9999 -9999 -9999 -9999 -9999 -9999 -9999 -9999 -9999 -9999 -68.0951031407121 -69.9237610047895 -65.5789461485246 -54.4567028167638 -46.0245661511109 -41.0175533235792 -31.4916499856207 -18.648704679728 -12.5171310945286 -12.9453362571969 -16.6847962000146 -20.7572386412759 -25.7016627915509 -29.804405162866 -31.30915230309 -31.5321855374152 -31.8524366864351 -32.4725965210409 -32.3532529965112 -30.2441935611796 -27.9135471302314 -25.6476424338592 -24.013965294176 -22.1622852198188 -19.4657972707666 -16.6341405225319 -13.5514826722782 -10.8111554416162 -8.06106768330774 -5.28161794934848 -3.4761144481023 -2.44559226222926 -1.85564917036687 -1.55271115233201 -1.48961379010692 -1.71159762032171 -2.33690854330754 -3.57563426506085 -5.34622990895873 -7.26410684402152 -7.62760739092161 -7.1628653337966 -5.94687966697167 -5.46612387202008
-9999 -9999 -9999 -9999 -9999 -9999 -9999 -9999 -9999 -9999 -9999 -9999 -68.9271605334216 -71.0352144875494 -65.7912675230042 -65.0008713019551 -65.5006655483748 -69.266745544772 -63.538041835239 -43.846907278344 -21.3010234895655 -12.9207131436819 -9.33373002043365 -11.7067133762464 -22.0955599725879 -26.5361348792043 -30.8668077646069 -32.3026984555912 -33.1537969826745 -34.625638529285 -35.0886467002861 -33.1538303069249 -31.7614648064779 -29.9117670777617 -28.1429144837353 -26.6028510350903 -23.9030959330925 -21.5333337766788 -18.1698408415725 -14.7009391912169 -11.3356696838243 -7.57129079170866 -5.18968518833521 -3.85658005393367 -2.80789519051704 -2.33211868427725 -2.03809968581069 -2.04162437705799 -2.29316122868873 -3.01810368459398 -4.29396416973449 -5.7935348704222 -5.55743432993709 -5.32323245215838 -5.08434784163221 -4.01582537794194
-9999 -9999 -9999 -9999 -9999 -9999 -9999 -9999 -9999 -9999 -9999 -9999 -9999 -72.2299424920941 -71.7081323203077 -81.5654094064624 -91.9493068711904 -96.4507147743482 -92.213310527995 -74.6798244088108 -53.1875293078258 -28.3938527880804 -9.54830121304335 -2.99382906100739 -4.14939588103649 -12.1579681262127 -19.2037006519099 -25.516354073435 -32.2590116874175 -34.5906048969562 -36.1197551242739 -35.2924366610593 -34.4398447135839 -33.1281680194138 -31.8323237495066 -30.8800604645632 -28.2581961210153 -25.7438023319362 -22.2756131389675 -18.8680416663264 -14.9340726318545 -10.3507331251311 -6.06973773148272 -4.09161563359949 -4.01855722641686 -3.27933155459302 -3.1217050673586 -3.21498202165968 -3.32793469792025 -3.50153334847022 -4.09775791798501 -5.03261293548744 -5.14735765340755 -4.33149308928973 -3.95675385495917 -3.51788447705352
-9999 -9999 -9999 -9999 -9999 -9999 -9999 -9999 -9999 -9999 -9999 -9999 -9999 -50.5535704637637 -75.1555921436189 -102.087342325768 -114.514828052323 -126.897537257105 -122.168924906616 -100.437655111225 -85.4027232808352 -65.2306110213437 -46.7111118560723 -34.4250720579973 -22.9924124466362 -2.36862463516788 -2.97368841395421 -9.59118549434693 -18.7120863641014 -28.5949872606753 -33.183477042873 -30.6404189573252 -34.2719041417528 -33.9424904387262 -33.4332821025971 -34.2100725982389 -30.2861972637244 -28.1018715533191 -24.9961401360535 -21.9229085378024 -18.9141345037231 -13.3868584377339 -7.67384307900246 -4.92526703836545 -4.33288643918403 -4.16338194730264 -4.12396128639428 -4.83231530514745 -5.11538679143126 -4.82776419124419 -5.0091202667789 -5.30414372547396 -5.25678960965229 -4.48653625315906 -3.65450490855777 -2.93492860305863
-9999 -9999 -9999 -9999 -9999 -9999 -9999 -9999 -9999 -9999 -9999 -9999 -9999 -9999 -63.3110880435137 -87.8492342902797 -111.361300059051 -126.730884214126 -127.805916816133 -121.438770292294 -118.190930023306 -138.05541642949 -182.283470557937 -188.096386496006 -124.721430891145 -71.6878863587273 -40.9777673823867 -7.82340417436085 -0.619340506318831 -3.34324736150215 -12.2602506694912 -20.7151359623624 -25.0680515565652 -29.288395934389 -31.3855443312913 -31.4202333219301 -28.87203527213 -26.3488856964835 -23.9122259340472 -21.9233135954854 -19.807454300106 -15.5883167925229 -11.2689580822529 -8.077495315457 -5.95974216661189 -5.45103052762763 -5.5349271757365 -6.37353919857202 -6.7471491431955 -6.53363057145916 -6.40984752003377 -6.00828408154209 -4.97160405552132 -4.23520951706619 -3.98907608193404 -3.08498558548383
-9999 -9999 -9999 -9999 -9999 -9999 -9999 -9999 -9999 -9999 -9999 -9999 -9999 -9999 -51.8552645052356 -61.523480805057 -96.7980324521596 -119.161276443967 -130.438408009605 -135.353315344425 -152.422274896665 -230.549825667433 -434.567710276908 -510.572272589944 -372.757491458944 -309.576640648727 -186.803850918303 -77.7716013718411 -40.405378209613 -16.5947425397986 -0.710830365276505 -4.24922269799708 -13.6508168687319 -22.1681378976706 -27.6696948319 -28.2672824500069 -25.2267259852079 -23.0104333640504 -20.7545279185389 -19.5111049018284 -19.5526504612283 -15.7392022771948 -13.7534443482391 -11.2486731765946 -8.31595238101705 -6.93950939602793 -7.00233697183379 -7.82325050390032 -8.13848730443509 -7.80109754886607 -7.9893550558354 -6.50439538407037 -5.28691979898956 -4.45078846569424 -4.07718830724966 -3.9394075838529
-9999 -9999 -9999 -9999 -9999 -9999 -9999 -9999 -9999 -9999 -9999 -9999 -9999 -9999 -9999 -61.0113307362117 -79.4296636916746 -110.875313028128 -141.950705468652 -150.647114770188 -182.785174780323 -248.206845529859 -374.729595694312 -462.431983496426 -502.366017096013 -550.167676231722 -485.662072488388 -425.715351702922 -284.011976552688 -98.0427143033149 -27.3983245656952 -1.63287916371563 -4.29311263041587 -14.091398617059 -20.190931525067 -21.4611618146969 -21.9612359930271 -20.1567818936692 -16.7884336703156 -12.6245991442797 -10.1670643501409 -10.9064284753823 -13.5041848228866 -13.5315017783866 -10.9116389554536 -9.05027589917675 -8.60449696883012 -8.71384827854215 -8.53132423207728 -8.05146432483274 -7.72381028964002 -6.77789089900065 -5.82939093870126 -5.00398305561549 -4.43164154900155 -4.17478914364267
-9999 -9999 -9999 -9999 -9999 -9999 -9999 -9999 -9999 -9999 -9999 -9999 -9999 -9999 -9999 -52.1712136595214 -81.9604954771427 -110.186374189479 -148.828951549925 -166.023876703663 -197.239622718337 -236.478437985345 -303.114894689495 -350.917519395327 -435.258446660071 -627.642131249455 -614.062546882634 -775.841212935415 -634.244310168923 -237.965609774198 -71.2380220643414 -24.7003990637511 0.304844446227851 -6.59045519101228 -13.1901478698047 -16.5598090897677 -17.4173173115855 -16.5242927362857 -12.3054043996552 -6.92066814492578 -4.43157787917338 -5.75672402968657 -12.0620077852585 -15.8229675023554 -13.5646257513075 -10.5490898800612 -9.62265711572995 -8.33843577270494 -7.92425296095025 -7.80040638985826 -7.17061325908519 -6.88660071946281 -6.50882439034112 -5.5913942435767 -4.94495634572782 -4.33921249354577
-9999 -9999 -9999 -9999 -9999 -9999 -9999 -9999 -9999 -9999 -9999 -9999 -9999 -9999 -9999 -56.4289118020166 -74.7268042189967 -117.449718958078 -150.062476449848 -159.680341341693 -186.201683628052 -212.723476064471 -244.669435937844 -259.649926002328 -278.581556253567 -300.022404704238 -355.078427260651 -424.238806256229 -387.713676188175 -251.10313025175 -128.209098997372 -46.3862323194521 -5.94481623619628 0.328815077014339 -5.45122491432963 -12.4591372496299 -15.3854871064325 -12.0027624728777 -7.70800426844746 -3.97033871982562 -2.72639612938403 -2.96877988371953 -11.1617659432555 -17.0979441886255 -16.534479322676 -13.6501281435495 -10.4028396989278 -8.06817966863758 -6.89674334965924 -6.74283823091875 -7.17929868178708 -5.82166870101373 -4.85193401375482 -3.91030713578927 -3.08211079827254 -2.74836464322098
-9999 -9999 -9999 -9999 -9999 -9999 -9999 -9999 -9999 -9999 -9999 -9999 -9999 -9999 -9999 -9999 -69.3165103264551 -121.119504548045 -149.372306247857 -156.199818015401 -188.752655181638 -205.276348921415 -228.876211226011 -234.999420091047 -227.592117004372 -231.899123152265 -234.142927525535 -252.449566588551 -237.038725393443 -215.251652279013 -166.519225837933 -90.1496924810734 -34.1761742245706 -5.90699587599118 1 -5.41970973485132 -9.71339649155891 -9.40434358016418 -6.56958670414571 -2.92367727284103 -1.87821014214067 -3.30369225021983 -13.3399857636582 -19.0438258205073 -18.3524662982216 -15.0642247529973 -10.0888979871779 -6.88658714647393 -5.09499107814931 -4.57785150829041 -5.0929468078963 -3.09970628864414 -1.990498576618 -1.20800990684759 -0.828630933137998 -0.034631085377745
-9999 -9999 -9999 -9999 -9999 -9999 -9999 -9999 -9999 -9999 -9999 -9999 -9999 -9999 -9999 -9999 -9999 -70.6577256772779 -101.390835725171 -144.894955067134 -187.930723381297 -183.196058517186 -185.292333948596 -200.329327339471 -201.272967780249 -205.091275944186 -207.812766230024 -212.762816326732 -196.099184621365 -182.594724709671 -190.014793749292 -146.462241656454 -93.9835854496094 -46.3408858567976 -16.2184260456163 0.813922301806831 -2.72380056792366 -7.97054356549282 -9.16364185165034 -7.40315632338825 -8.36058367705355 -10.3343930378321 -15.8273079055995 -17.990091297412 -15.9838917597425 -12.0651845081435 -8.4907325203987 -5.39685960141168 -3.17256281171893 -1.77405898271537 -0.615309094862461 -0.123763172367736 0.477212738519175 0.632535639905704 0.434923773558858 0.864618295159328
-9999 -9999 -9999 -9999 -9999 -9999 -9999 -9999 -9999 -9999 -9999 -9999 -9999 -9999 -9999 -9999 -9999 -9999 -9999 -109.926807728475 -167.805951789488 -148.25732547052 -133.444915128789 -153.107532626604 -168.787725726038 -181.90978378999 -201.221314290435 -209.65937935786 -187.132596388991 -173.942057907554 -182.330162351693 -180.30711369128 -177.848435033411 -135.173066239451 -53.0021954778633 -18.242742397225 -2.45518473407398 -0.507031479606326 -6.7904134903277 -11.4596410822894 -18.5415705865465 -15.5929582862326 -16.1095392605181 -15.6599616810252 -12.4694290228351 -9.88825404862792 -7.45114771995528 -4.67627316352218 -2.36470833789644 -0.605759344994136 0.446099937556004 0.831001795218241 1 0.925433994448862 0.933995538697869 1
-9999 -9999 -9999 -9999 -9999 -9999 -9999 -9999 -9999 -9999 -9999 -9999 -9999 -9999 -9999 -9999 -9999 -9999 -9999 -9999 -9999 -94.3719899973806 -108.653082150265 -114.284735041231 -127.318333709403 -158.575146978531 -180.247362267572 -196.97080406685 -191.7673045083 -170.417447933146 -162.795153927996 -166.585763434112 -229.239321595501 -228.11917416395 -139.330680966339 -74.4361053346181 -26.2702154628217 -3.76906475259566 -0.32895311365966 -4.92421911997402 -9.73436149294165 -11.7192999161436 -12.5483528145373 -10.6491108231614 -9.82732749957604 -8.12071361466185 -6.16943510445725 -4.70670184836018 -2.30877217928374 -0.0974094719024319 0.723151795132604 0.928900036964667 1 0.840196166995136 1 0.852113281473657
-9999 -9999 -9999 -9999 -9999 -9999 -9999 -9999 -9999 -9999 -9999 -9999 -9999 -9999 -9999 -9999 -9999 -9999 -9999 -9999 -9999 -9999 -9999 -84.750501164508 -97.9873882669044 -115.544796236094 -146.457963514054 -178.480291249619 -191.553908533611 -179.110458820309 -162.619059756557 -149.335987284055 -185.660295048917 -220.6708063807 -195.729202201248 -159.09707968477 -76.2582162109586 -22.9480250891591 -9.000236499437 -0.840222687856545 -4.88273035591195 -7.38340580198272 -8.4055056335029 -7.83313547029516 -6.85026788889991 -5.76904564405741 -4.43981718775809 -3.07772762387053 -1.20964338757364 0.38583596471365 0.755813616634833 0.925591870167509 0.964417247744695 0.750602446654259 0.971166506794181 0.844392238274543
-9999 -9999 -9999 -9999 -9999 -9999 -9999 -9999 -9999 -9999 -9999 -9999 -9999 -9999 -9999 -9999 -9999 -9999 -9999 -9999 -9999 -9999 -9999 -9999 -9999 -88.0552189799408 -112.029844290624 -150.701257991194 -187.143440189997 -188.719726538973 -167.378568947881 -149.112280360729 -146.405638284482 -152.491162178404 -174.659012568651 -211.493656327376 -134.893165597064 -74.1630901075949 -25.3780310419214 -5.33527404131554 -4.10245072039586 -5.67138870953156 -6.83801649076395 -5.54944916444987 -4.80028296140599 -3.6800407046411 -2.56640548817966 -1.11218887835069 -0.0595495634582852 0.473564629910788 0.533686811231303 0.823405452888212 0.897937134114353 0.718641581488212 1 0.598724862819929
-9999 -9999 -9999 -9999 -9999 -9999 -9999 -9999 -9999 -9999 -9999 -9999 -9999 -9999 -9999 -9999 -9999 -9999 -9999 -9999 -9999 -9999 -9999 -9999 -9999 -77.8049046772603 -112.370657325653 -136.721684654607 -180.756264594589 -211.874558930136 -211.040194794978 -189.566336811622 -167.963031927599 -136.017341469977 -132.717832994412 -144.847765133132 -121.107497881868 -91.4930065069576 -42.2743262018279 -7.97997362800992 -5.25928859927467 -5.22901639087201 -4.98492881841573 -4.36195894289286 -3.87915958054866 -3.28254946702294 -2.30919632666272 -1.13274948842111 -0.217768305631935 0.182367433616466 0.35689900556798 0.669188654282804 0.789753762836843 0.663135188331738 0.952495991586734 0.319903662203926
-9999 -9999 -9999 -9999 -9999 -9999 -9999 -9999 -9999 -9999 -9999 -9999 -9999 -9999 -9999 -9999 -9999 -9999 -9999 -9999 -9999 -9999 -9999 -9999 -9999 -9999 -9999 -151.408710972733 -190.118771534271 -240.53741287544 -291.654838420161 -258.868560421635 -218.939410487728 -176.879959338651 -137.972437332838 -117.597125255689 -95.7602946923015 -84.2137966833127 -47.6639180935754 -10.9645108710994 -7.43200724101746 -4.97648527062623 -3.57903444617707 -4.57157748048044 -4.28619804620764 -3.81594328260687 -2.75491240679906 -2.04977439762049 -1.03987507358221 -0.319673521439864 0.0281159939177378 0.367745073804891 0.560848824833118 0.808141661349341 0.711520945040471 0.378539625167766
-9999 -9999 -9999 -9999 -9999 -9999 -9999 -9999 -9999 -9999 -9999 -9999 -9999 -9999 -9999 -9999 -9999 -9999 -9999 -9999 -9999 -9999 -9999 -9999 -9999 -9999 -9999 -178.918465606385 -227.908356660625 -273.25927940943 -304.338070362412 -294.903318790844 -257.766339870239 -218.64866712292 -176.42688141041 -140.682791154963 -98.8566697270065 -77.4867781848769 -48.1645126133836 -15.7583105891299 -7.65015750394242 -4.95672676296176 -3.96334782326789 -5.14110307335343 -5.03405070882383 -4.82498768514324 -3.77928391881083 -2.88532929867691 -1.90317906882469 -0.987445039480221 -0.413264373909756 -0.137518005048513 0.378528283219094 0.603525795022724 0.689107860212032 0.491637281847376
-9999 -9999 -9999 -9999 -9999 -9999 -9999 -9999 -9999 -9999 -9999 -9999 -9999 -9999 -9999 -9999 -9999 -9999 -9999 -9999 -9999 -9999 -9999 -9999 -9999 -9999 -9999 -9999 -274.828411486211 -281.687958297852 -290.258890674013 -280.108805114082 -251.143053924038 -226.767531957255 -196.225488240797 -159.879559083835 -110.839071923382 -82.3506168117471 -51.8696667947034 -20.4631062115881 -7.12638036540696 -4.12551223274088 -6.85990423837647 -7.34441938289467 -5.24601136422933 -2.96852714039183 -2.36784029296244 -1.81158642638518 -1.18378845946684 -0.989236044317246 -0.810417112892131 -0.135285587260278 0.753810618145272 1 0.836805059882116 0.66747974328326
-9999 -9999 -9999 -9999 -9999 -9999 -9999 -9999 -9999 -9999 -9999 -9999 -9999 -9999 -9999 -9999 -9999 -9999 -9999 -9999 -9999 -9999 -9999 -9999 -9999 -9999 -9999 -9999 -293.163270213118 -296.798129043807 -281.28026761944 -258.908002505335 -221.726391833858 -204.570925610655 -192.714081773785 -159.624299958329 -117.881709337015 -85.1655796728491 -54.9458925370363 -23.2484957855338 -8.65495322193342 -3.88969334103878 -8.56962495024109 -9.63715962175797 -8.03033433802319 -4.83478187202714 -2.28749891684168 -1.18631225029311 -0.330917617635023 0.0540592994769835 -0.201254348495962 0.196690789163 0.77546592621721 0.919785031368499 0.781779679430802 0.905151044045049
-9999 -9999 -9999 -9999 -9999 -9999 -9999 -9999 -9999 -9999 -9999 -9999 -9999 -9999 -9999 -9999 -9999 -9999 -9999 -9999 -9999 -9999 -9999 -9999 -9999 -9999 -9999 -9999 -297.230262581417 -284.322279619362 -278.812165356846 -241.730385446739 -187.973971021225 -181.227843192285 -181.890003011701 -161.672167147541 -116.533194004298 -89.1738784486385 -60.0581734086455 -25.7671499126313 -9.89885081292448 -3.28592106417055 -10.698772285575 -13.284610106834 -12.4626515974502 -11.2674001905981 -3.79503685920637 -1.9492745673189 -1.44755516424093 0.386436106171446 -0.455345848112658 0.59964050250858 0.586563598228374 0.791119658026564 0.657892629663557 1
-9999 -9999 -9999 -9999 -9999 -9999 -9999 -9999 -9999 -9999 -9999 -9999 -9999 -9999 -9999 -9999 -9999 -9999 -9999 -9999 -9999 -9999 -9999 -9999 -9999 -9999 -9999 -9999 -274.910915492659 -259.268474050312 -232.706053958522 -219.849601067919 -192.491749575322 -188.30074771568 -185.2295196956 -161.681467368324 -117.17405768484 -88.8806633938831 -59.8317035049171 -24.1195904837005 -8.27942573648894 -3.70441052345426 -12.1040688723571 -14.7195152778079 -16.0484126550435 -14.0093418787652 -7.04019365176893 -2.47058054636789 -0.724789422780117 0.151284778870138 0.589815856338296 0.529938104380786 0.319076909293585 0.644919316662868 0.680129015745629 0.8455062689976
-9999 -9999 -9999 -9999 -9999 -9999 -9999 -9999 -9999 -9999 -9999 -9999 -9999 -9999 -9999 -9999 -9999 -9999 -9999 -9999 -9999 -9999 -9999 -9999 -9999 -9999 -9999 -9999 -256.938478009983 -223.995472275006 -197.813532926938 -204.315361043303 -198.868261097154 -198.853511552207 -192.317625424331 -173.738507659895 -113.83068729214 -91.2444088015118 -63.259177182863 -21.7260093723471 -6.09472936867639 -3.94768183264905 -13.6294722569955 -15.8209307543209 -18.7628257124988 -17.6647000267335 -10.3397521477069 -5.13709280063521 -1.64801155765128 -0.404001702648392 -2.01076724179103 0.217527919166657 0.71684053249756 0.537455027169462 0.7995930844296 0.511916704771613
