data/03_saidas_enm/CCSM_SVM_0k_B.balansae2.asc
NCOLS 154 
NROWS 168 
XLLCORNER -112 
YLLCORNER -55.5 
CELLSIZE 0.5 
NODATA_value -9999 
[rows 50 to 74 of 168, columns 56 to 111 of 154]
-9999 -9999 -9999 -9999 -9999 -9999 -9999 -9999 -9999 -9999 -9999 -9999 -9999 0.138860487637547 0.134792116702393 0.123472695182024 0.114458308771048 0.124846529375422 0.138569027496822 0.13968298039762 0.110091682956866 0.0589629635336058 0.00829698766379527 0.00889767542952319 0.0486892488181677 0.0752774187053368 0.0847603122058335 0.095919085202906 0.0955571554891726 0.09714938546468 0.101365207232635 0.0973351960637898 0.0934965737073586 0.0856654180364212 0.0380331731119565 -0.0144614345162384 0.0322922381935577 0.0805927329275352 0.106714752670191 0.124589321357848 0.245508982036962 0.156954981520187 0.163328229361785 0.136953710774571 0.0713276536080427 0.0853473604584745 -0.00393534217198532 0.015062898455385 0.00364924983853521 -0.00769141993881073 0.0405360883758416 0.0656796079212023 0.0985044665561208 0.117993299701583 0.122999345623712 0.125052356300957
-9999 -9999 -9999 -9999 -9999 -9999 -9999 -9999 -9999 -9999 -9999 -9999 -9999 0.12904824480585 0.111434731475549 0.0964418568953882 0.102226578797754 0.122722251964639 0.134012103305063 0.123205977325224 0.100053227451301 0.0641104518411881 0.0353072299915446 0.0277599416417151 0.0370793107001575 0.047377174839151 0.0543505223545518 0.0591349314907603 0.0662556757693768 0.0814437386536677 0.0919451180376499 0.0908227321150375 0.0863726578629569 0.0824747705584539 0.0572650965505119 0.002388142224583 0.0011163800914934 0.0678234644160705 0.0872421404197063 0.0945913597371613 0.126216689103067 0.105190003212265 0.112260685268083 0.0958114045484414 0.0565850482141351 0.0556975524910515 0.011860300029444 0.017962170530998 0.0148355637758992 0.0233772078042234 0.0633225430510068 0.0944468336786196 0.123591219995744 0.13327667109751 0.134437298946323 0.126410497170857
-9999 -9999 -9999 -9999 -9999 -9999 -9999 -9999 -9999 -9999 -9999 0.130434694881997 0.117126849272714 0.103124663902315 0.0947537533022474 0.0881700274904054 0.0933585487858893 0.109380887254208 0.108373315411322 0.0922141644330627 0.0731050761095123 0.0521630186333855 0.0371974931645571 0.0335134672730805 0.0408217386641778 0.0470878557331598 0.051448278028439 0.0606034971458518 0.0758014543538163 0.0953699163148741 0.104878021876976 0.09315113424564 0.0791227553144489 0.0729830950779959 0.0575512061114328 0.0204957705155803 -0.0114745766299406 0.00825132236096621 0.037347083180905 0.0211033477784282 0.0135182318498167 0.00238447138457593 0.0160629073949744 0.00981676463132386 -0.0164551390961316 -0.00678812337036894 -0.0389091639113991 -0.0213282284331716 -0.00115728967596929 0.0297356660006135 0.0731079688763409 0.106968769487141 0.130204544990898 0.133648928710672 0.132802747413648 0.124499157406189
-9999 -9999 -9999 -9999 -9999 -9999 -9999 -9999 -9999 -9999 0.128652324495223 0.116853419637713 0.110768506644434 0.107582763148616 0.101330986969079 0.100333823400149 0.0900366769049752 0.0708401558196932 0.0598129221924431 0.0526051414199654 0.044354200879962 0.0387918488241811 0.0371889086500542 0.0389401654315837 0.0434375594376355 0.0496069547456401 0.0609811874809896 0.079041198904412 0.0980067985866918 0.110906138402806 0.113515005072125 0.0973848866600736 0.072918060297711 0.0604361335540411 0.0503413152801794 0.02572918265869 -0.00246642657783036 -0.0149128792453801 -0.00967613162697467 -0.0166022476450982 -0.0402586089455956 -0.0480336078511306 -0.0480785920541057 -0.0530705246116242 -0.0701480793635397 -0.0701815264081694 -0.0570899011132033 -0.0298629638223655 0.00115592516117169 0.0376602991309799 0.0765617272922158 0.100410745416925 0.112976095922119 0.115672482358051 0.122703450050897 0.113225819533528
-9999 -9999 -9999 -9999 -9999 -9999 -9999 -9999 -9999 -9999 0.109198957077887 0.106207882916257 0.124027164458679 0.127423347295388 0.117409998941338 0.107129193954422 0.0883172482888543 0.0496577543351417 0.0315217016692625 0.031357584924608 0.0314680163190511 0.0369082652002634 0.0422660947526679 0.0470672290348393 0.0553287662682541 0.0677181355057888 0.0864579084616958 0.105067823831056 0.108346378909836 0.104601815449916 0.111125263310877 0.0994012771282144 0.0700209157513072 0.0510572207330574 0.0399439508104383 0.0272204774967665 0.0102287973630959 -0.00977164678438858 -0.0244809774098694 -0.0306440241649383 -0.0414952521577285 -0.0475597204004865 -0.0558475151354831 -0.0570254497042368 -0.0543988038134398 -0.049768986870118 -0.0253483212376022 0.00120999597518906 0.0253838973839436 0.0481729540885085 0.0703582983343337 0.082566557343065 0.0924749178519986 0.100441709779647 0.121163183126285 0.119011585770858
-9999 -9999 -9999 -9999 -9999 -9999 -9999 -9999 0.111301685368049 0.0794330191346136 0.0766564295888286 0.111025385613545 0.1410136984272 0.141385811209769 0.119016666456271 0.100188594846899 0.0812474117718818 0.056818148868668 0.0376356291817516 0.0389088838637104 0.0453034107483699 0.0489949349987489 0.0539590293987856 0.0628391022476702 0.0778892077979819 0.0798676362721448 0.0814838096632276 0.0785713724607188 0.0790290778030192 0.081808918032099 0.0805846307157487 0.0762685187720563 0.0685610780931097 0.045775720255769 0.0361302611669865 0.0288554038892017 0.0185670973640722 0.00370240637670238 -0.0124245657616882 -0.0284786549334785 -0.0379799858114073 -0.0416107646420826 -0.0409014022351953 -0.0359318986631173 -0.0291690448492626 -0.0174691789542348 -0.00184447228471307 0.0126543836333159 0.0231845210311982 0.0324540689019271 0.0408740685244718 0.0501686688211622 0.0573317137581755 0.0734965910671891 0.122194949274132 0.138298537665589
-9999 -9999 -9999 -9999 -9999 -9999 -9999 -9999 0.0833997202101464 0.0632385470555223 0.12990481151169 0.152969103347291 0.15163589457954 0.143502876831838 0.118222379045738 0.0943360172288943 0.0718422263872633 0.0553362555532565 0.0468226723362442 0.0484561532781497 0.052791516472834 0.0538973167526809 0.0558088021389169 0.0551431795687859 0.0555067400864657 0.0566494036762946 0.0563029739678265 0.0573342771137778 0.0569798129112792 0.0558873294001577 0.0547373711662409 0.0524421137625912 0.0504678088399736 0.0477485004467729 0.0337910502135997 0.0279484980158725 0.0237595224225958 0.0165201849603153 0.00693063848573661 -0.00186046282529928 -0.00819802462314767 -0.0110415908123671 -0.0124456142029639 -0.00759347851367753 0.000467298129595173 0.00703638813870189 0.0141673687812122 0.0181497609276784 0.0190492163162828 0.0179432805889657 0.0182943635869077 0.0201034162304664 0.0268872752052535 0.0506321065614517 0.117942884025704 0.161369553398525
-9999 -9999 -9999 -9999 -9999 -9999 -9999 0.109271401649102 0.082280383356285 0.0826180373662641 0.159422901902489 0.164778992554383 0.150401426761576 0.146044142360406 0.120124570065434 0.0924177134898103 0.0657356878275138 0.0433755130586548 0.0336900144521133 0.0376487194869701 0.0429076402919404 0.0429151499197877 0.0423953769829906 0.0423250617842007 0.0438589854633132 0.045567413054603 0.0454436335681157 0.0447581587026823 0.0447846920895784 0.045028567744799 0.0448477334063209 0.043216887454481 0.0413913926416136 0.0395308276742123 0.0375355756571741 0.0301052274863986 0.0250107710239589 0.0202143402549603 0.0178182848825281 0.0192768823259187 0.0195380135462292 0.0226485968507874 0.0246966897170839 0.0242948600071149 0.024599357994478 0.026253301299932 0.0270161686179987 0.026568332135471 0.0254051037303577 0.0226665883926302 0.0195205914759617 0.0168744657131955 0.0182279289970098 0.0363201997236573 0.110266664876096 0.183575113766177
-9999 -9999 -9999 -9999 -9999 -9999 -9999 0.109652249618689 0.0849500234923038 0.0953586898588491 0.169649290345597 0.154471614348565 0.140284198291956 0.146744025716664 0.124206719013071 0.0909997885988449 0.0605672492765698 0.035859249993219 0.0250280853551464 0.0263417861531525 0.032025058302549 0.0330352414015491 0.0333085220333753 0.0332589705049021 0.0348221477272342 0.0372312643337813 0.0376190800020611 0.0378063362549901 0.0374662429701024 0.0369192865087206 0.0368722019673345 0.0355068095084646 0.0350521204322536 0.0345252317140596 0.0343906216532233 0.035905542266942 0.0305057457584052 0.0283237685373944 0.0299506110451678 0.0348096291099643 0.0381910656473808 0.0402660312584697 0.0398677316919033 0.0372191423424028 0.0370285366514088 0.0377327217465212 0.0388715457960807 0.0380462841391392 0.0367898021471461 0.0336292062392755 0.0297543286100352 0.0245205522932507 0.02288792713367 0.027488769090101 0.0796625133409533 0.156076943930524
-9999 -9999 -9999 -9999 -9999 -9999 0.132921059314608 0.109141329855627 0.059877013595924 0.0873967340810181 0.186787965264254 0.147192795503152 0.134209920917972 0.14398610247476 0.12399736190467 0.0846244068110299 0.0578900272019018 0.0340994043713155 0.0220255974940214 0.0215918735414982 0.0257602144976674 0.0256958672789587 0.0249876869910547 0.0253712340595069 0.0280661232340473 0.0307856143638506 0.0307584210482737 0.0297291966427104 0.0292677853530391 0.0297663727221011 0.0293756473098392 0.02897672225564 0.0282143807098716 0.0281232818985556 0.0302483060858562 0.0323004268721854 0.0339740849474809 0.0362129170312061 0.0382485933910099 0.0406825323259758 0.0436623652044648 0.0435467212503296 0.0432573866646155 0.0408318794848729 0.0417815340479217 0.0429178708834012 0.0433103900303605 0.0427240350001334 0.0410295534030077 0.0363851114904221 0.0313517494081886 0.0239586039411878 0.0206116778825937 0.023277603712835 0.0505417487826652 0.103280654038725
-9999 -9999 -9999 -9999 -9999 -9999 0.134556348940642 0.103842338534311 0.0192613704226802 0.0423918067709517 0.162101314548117 0.127914552445901 0.125458384521532 0.138459812914494 0.122050049484209 0.0841624441577318 0.0542489862601118 0.0348107724732597 0.0225915758944161 0.0192103064194558 0.0213089204900719 0.0214001588274409 0.0212428282268622 0.022505035847181 0.0253621065229167 0.0281877124592859 0.0261853936603409 0.0228033760732292 0.0215752176393124 0.0217232853920467 0.0220845032926316 0.0217890556433039 0.0219132624347064 0.0225533980218511 0.0244260807688194 0.0284195732463189 0.0315401195751054 0.0354826286654862 0.0383849654261165 0.0412789773165576 0.0439272618813045 0.0437010095179035 0.0421487110854454 0.042510346815868 0.0444199898571346 0.0457347504008422 0.0453850624908194 0.0441172414620185 0.0412804752239594 0.0362070427176705 0.0307567068424365 0.0249544600642122 0.0225943145730754 0.0243903765305711 0.0281655770697695 0.0499097074221698
-9999 -9999 -9999 -9999 -9999 -9999 0.134386472761263 0.103338801391407 -0.00606508629263747 -0.0121621224558162 0.148376469071459 0.118135868143749 0.109533679402687 0.129546918334596 0.11528894945245 0.0796165822654676 0.0527081840041262 0.0330079872995691 0.0206092852161389 0.0167764386773787 0.017944609942922 0.0180179684512387 0.0178656754324564 0.0183892821835299 0.0205245413870241 0.021776367294817 0.0202095078016775 0.0178108283977349 0.0169372935594032 0.0172612848191006 0.0174396025549918 0.0175864579887019 0.0176711318025341 0.0183926171361565 0.0202010076336649 0.0231119795992292 0.0263020726707133 0.0297923995801042 0.0322621842378077 0.0344108173347731 0.0350243859902893 0.0338161727267099 0.0346246158354515 0.0360017379768511 0.037968114086265 0.03849070222644 0.0370541313309697 0.0342955845231537 0.0317763287465329 0.0291494213106259 0.0268305461032105 0.0245185910160066 0.0231892597426047 0.0246185086750642 0.0263578902056973 0.0254218314077685
-9999 -9999 -9999 -9999 -9999 -9999 -9999 0.102078065868933 -0.0102877234991354 -0.0594039721950773 0.129585048097085 0.121041380050088 0.0982224859110725 0.114144815558802 0.106664264801291 0.0800422616199674 0.0531161364772328 0.0327737431516763 0.0184339761089281 0.011755057950571 0.0102255665348536 0.00884141287033169 0.00836769053561837 0.00754290622009052 0.00732085645633945 0.00840207212875499 0.00845494515917666 0.00999096778399877 0.0121938293542144 0.0133596135331324 0.0137465832682068 0.0136674124205687 0.0139259389636591 0.0140992849886107 0.0144978886707174 0.015781788080561 0.0172287475075798 0.0193455991735367 0.020363652153912 0.0199751217592032 0.0195577417039929 0.0188513932203392 0.0189876058887803 0.018498775845851 0.0170828089121952 0.0171125514689019 0.0146005715550232 0.0142123485649656 0.0142922105780483 0.0151918626989008 0.0173843580702614 0.0193052915527462 0.020576326461261 0.0226160839222569 0.0257421106388162 0.0240083511893245
-9999 -9999 -9999 -9999 -9999 -9999 -9999 -9999 -0.0175456704559489 -0.0644047207158341 0.223476872491972 0.136734265040344 0.0896105677832219 0.106321109958883 0.101679279538281 0.0827443290406902 0.0563928957528319 0.0344081632003717 0.0186104869863283 0.00976872986145799 0.00431927952378525 0.000597830778227226 -0.00309626345509095 -0.00546570712248118 -0.00565068057537332 -0.00586320744802271 -0.0023313723245556 0.00153858229795772 0.00587559908282659 0.0104065926611301 0.00979798960280037 0.0102433947419204 0.0100039456989741 0.00981474760526463 0.00936493322297932 0.00879887684423969 0.00876347918494963 0.00810699341604643 0.0077186014712623 0.0067767550246986 0.00435412149525072 0.00357770027488541 0.000736726689960998 -0.00036587191076809 -0.000529232954932679 -0.00194679348431526 -0.00150549642100328 -0.00351698029762337 -0.00398519839854927 -0.00360055787413727 -0.00526458252868467 -0.00239697534738315 -5.09011020100036e-05 0.00481079897861886 0.0159124115018062 0.0155814648562355
-9999 -9999 -9999 -9999 -9999 -9999 0.0938867152979555 0.0245232772642081 -0.0930045188120677 -0.0080171864074714 0.167996233056968 0.135238178979702 0.0901702154704314 0.0964276988593624 0.0974625467610267 0.0910818441134298 0.0689982144570006 0.0426912067092564 0.0243722659404356 0.0135900358701003 0.00468886710753874 -0.00414194100178111 -0.0110937479347443 -0.0158032935670323 -0.0183482974951907 -0.0173504498451529 -0.0137687185586094 -0.00796529465975915 -0.00295021903950521 0.00189443765001845 0.00481489593651208 0.00420207650372167 0.00411827269510368 0.00303399768985346 0.00100173209252774 -0.000243438243660909 -0.00276042553828948 -0.00454308078498034 -0.00662394648753328 -0.0124575205263896 -0.0167089292046749 -0.0221102977798247 -0.0255711830766524 -0.027624824617698 -0.030958532947272 -0.0316193917984914 -0.0349049734410626 -0.036137806743287 -0.037813605089049 -0.0411546106861409 -0.0411730446767016 -0.0414210438298366 -0.03774558656218 -0.0333857925239937 -0.0267170178287238 -0.0226946226648364
-9999 -9999 -9999 -9999 -9999 0.0733684422593693 -0.00772842452364586 -0.0952863878097624 -0.0923138290578077 0.0648272983867929 0.181260801661726 0.134655205691588 0.0913155524166209 0.0967471366038594 0.114289292506137 0.11958034912821 0.0961906478898423 0.0617287052268455 0.0400950120012168 0.0334249006817581 0.0224779668431211 0.0112495602707429 -0.00409123550885848 -0.0125410913126732 -0.0133250615747812 -0.0139261853845725 -0.0104253122208716 -0.00870639891681046 -0.00643798848991373 -0.00157550239428561 -0.000558720751373198 0.000644528383324627 -0.000516758325988853 -0.00327590604533845 -0.00546662986634716 -0.0108599032814329 -0.0161664779872169 -0.0243109970434483 -0.031231182418025 -0.0388441052499108 -0.0458112125541973 -0.0501886765818877 -0.0570070043196402 -0.0590491326096342 -0.0619367235513593 -0.0632283652936653 -0.065871874084654 -0.071551407131753 -0.0745610770996253 -0.0765763295358869 -0.0791569141023862 -0.0799450996608915 -0.0798581233174076 -0.0792090389483302 -0.0748704027052156 -0.0750707031146408
-9999 -9999 -9999 -9999 -9999 0.0284582132736242 -0.0890121086074628 -0.145198794507831 -0.0284328900552571 0.128748889031815 0.17668034023619 0.138760066901003 0.116581551365757 0.12587260791734 0.148894257434828 0.164950323703169 0.139336194331132 0.10324333613296 0.0809432953415884 0.0716534382495156 0.064409833995521 0.0488839674156685 0.031053277404675 0.0195965869074488 0.0141585018845771 0.0117410164431621 0.0118301528647871 0.011052946054407 0.00936365966934599 0.00723494286165871 0.00384775040129187 0.000799363967494082 -0.00355574568284034 -0.00969785655484756 -0.0176677229251078 -0.0259511013804788 -0.0350021674131772 -0.0447358789004232 -0.0547548558245157 -0.0662580299915054 -0.074128651803562 -0.0816923298405837 -0.0863437151494524 -0.0889965036819571 -0.0936069269192431 -0.0958756287376982 -0.100861009296008 -0.104348152659522 -0.10723952091654 -0.111609197370413 -0.113795205791002 -0.116702780090031 -0.117795179682215 -0.119248647641732 -0.119646314619826 -0.118242285250797
-9999 -9999 -9999 -9999 -9999 -9999 -0.109701498268996 -0.136565386060136 0.0381439746691308 0.144714000629941 0.17134265781847 0.134938737514518 0.13472986010065 0.151174007468954 0.169640955206362 0.20078034650804 0.169406867329534 0.141153973554694 0.126118887654761 0.119738543108314 0.120374869396434 0.10067742966332 0.0864048117588069 0.0734095167206198 0.0626875801008621 0.0581497572437434 0.0535697304582305 0.0531838308303461 0.0462144956459798 0.036027269319076 0.0267251268621015 0.0154224347449508 0.00694636838658819 -0.00478736198327845 -0.0189238776454236 -0.032977370355494 -0.045070388222774 -0.0586180922395731 -0.072075435662691 -0.0875322523260993 -0.0986536760491645 -0.107337811936874 -0.113773134470267 -0.1169209204339 -0.123062135137245 -0.125083891860904 -0.129805467671857 -0.133045059929465 -0.135801202703514 -0.139977847965798 -0.143231833336071 -0.146864658277675 -0.149710179942328 -0.153715477394827 -0.156675407553437 -0.155971971072917
-9999 -9999 -9999 -9999 -9999 -9999 -0.0458579618669392 -0.124782677532292 0.0479649458919894 0.135057385301321 0.150384429496124 0.121565766841874 0.108753428359279 0.129144468893909 0.156298678752533 0.167360368695141 0.163358347823331 0.164517299778242 0.167041920536475 0.157345748994042 0.149243984220442 0.14867698665431 0.15344694820708 0.145526483059175 0.125119782333404 0.107627185277587 0.111780800624979 0.119440670978318 0.111037460234305 0.0898135357479012 0.0654318604109863 0.0552288562746928 0.0435837819151279 0.0274174781231331 0.00841856794411555 -0.0131888660297161 -0.0280122002728262 -0.0452781399063303 -0.0642723967094628 -0.0841185150534106 -0.10138789744878 -0.112917493517215 -0.121987063366487 -0.127777839827657 -0.133533027554238 -0.137702173202051 -0.140688027382326 -0.143028096082971 -0.143940049153207 -0.145243024706113 -0.149031022056376 -0.158117010427911 -0.16700798998872 -0.172880085191228 -0.177547828136723 -0.179283111443692
-9999 -9999 -9999 -9999 -9999 -9999 0.0583384350049805 -0.0925313349116575 -0.0482333679050899 0.0751967658545986 0.139074845780295 0.124742355032523 0.110069469497933 0.135417384011552 0.16134490697706 0.166445235239947 0.150743270833761 0.166945486472198 0.185190336617725 0.175733638500052 0.170429511051018 0.188122595474407 0.211103664582698 0.211520989129947 0.184238968222841 0.158953222972049 0.171549358426439 0.195357281144682 0.190177039240439 0.159671231437261 0.126394143876575 0.119268740958339 0.112216618544142 0.0938396005151246 0.0680949599380522 0.0377929832983677 0.0194517487959622 0.000335393132513684 -0.0234205046415569 -0.0522262373759107 -0.0760495289757743 -0.0915417030780494 -0.104769593602206 -0.112955519225214 -0.122067943812324 -0.126556213392977 -0.129173611310626 -0.129133386876655 -0.129509956481487 -0.129728932734186 -0.130749100832875 -0.155835871072924 -0.173665157141982 -0.184795727281176 -0.192602785718986 -0.191172986389691
-9999 -9999 -9999 -9999 -9999 -9999 -9999 -9999 -0.0294888321115985 -0.0105376305037727 0.153511746095804 0.141741650170055 0.126108366613265 0.15233803571241 0.182295825091359 0.188740047147927 0.154482154344506 0.156719956383538 0.183984189458765 0.186046872603231 0.199700646811985 0.226573917977058 0.254761731342389 0.261745628346434 0.237978691765453 0.215882245394681 0.231598346456828 0.262908439309115 0.26458909918486 0.240506717999987 0.215538639826928 0.213235069580002 0.218328225531274 0.203620662992947 0.170584473126628 0.132929258132053 0.112174799461911 0.0894421151780838 0.0598884107144883 0.0277270276341702 -0.00558026921718213 -0.0263317943960963 -0.0446316049617124 -0.0595856044332425 -0.0729820007581234 -0.08344051184058 -0.0873427644600439 -0.0902876973368356 -0.0932144134180203 -0.0975047672194408 -0.112653491620224 -0.139055141827075 -0.167532313017415 -0.183813216104889 -0.192363418925614 -0.193097130008293
-9999 -9999 -9999 -9999 -9999 -9999 -9999 -9999 0.0806984426510786 -0.0530402633062315 0.155547840984078 0.149819241134 0.140435873538725 0.167621866040755 0.202790903542856 0.222730618681591 0.177938258322595 0.174402539876662 0.20569884799582 0.207464802202826 0.22867468401233 0.257184052321958 0.286261430394771 0.295283700526431 0.2757510222774 0.257041105267975 0.273549368763046 0.3102302406798 0.318574143042011 0.303118228509908 0.29228814680664 0.30118985680163 0.323392152598936 0.318873847951767 0.288271950386012 0.252670774860885 0.232832506617701 0.211570342894691 0.180999474534238 0.143575835784741 0.103767920950892 0.0781247275947923 0.0523261415664323 0.0294991330464746 0.00486635302055499 -0.0141528739350284 -0.0219281153268202 -0.0306933679428475 -0.041350323226614 -0.0557398179437884 -0.0768758099650271 -0.108777978102363 -0.145212027548101 -0.170792427586727 -0.185132474375747 -0.186890674212176
-9999 -9999 -9999 -9999 -9999 -9999 -9999 -9999 -9999 -0.0627962500319748 0.0508265699930736 0.11582741132927 0.143527276287233 0.179204652318979 0.227615575664996 0.272270810781713 0.234729976518046 0.224002906339162 0.257778827177451 0.245883473091325 0.266098890609262 0.288312093245249 0.307668035771143 0.318315897654264 0.304309789764539 0.2906864231813 0.305787708861925 0.333967218275862 0.345075822288558 0.341608731920216 0.342404931788459 0.364152194572608 0.396799867199759 0.408416308424279 0.3959584370808 0.376451761859055 0.364928332016295 0.3517676179375 0.323079818516099 0.286308673002871 0.24364598746911 0.212840460682189 0.181099925509023 0.145614617829361 0.107319305727644 0.0743787851530298 0.0599939377383806 0.0455296886576357 0.0253690933561771 0.000584038037131307 -0.0297203368482086 -0.0606437935506297 -0.0935390170313274 -0.129793688978846 -0.163638249043846 -0.175128038557935
-9999 -9999 -9999 -9999 -9999 -9999 -9999 -9999 -9999 -9999 -0.0741512414338247 0.0521493551511588 0.137864028717152 0.184415169147769 0.248673739718503 0.326750583087041 0.319491698797046 0.310253641783861 0.333073473592223 0.307175427831007 0.304104804139593 0.315011387849964 0.331739090172143 0.337868396897652 0.329626685889063 0.319414442161127 0.328177898851666 0.350094531139543 0.359572245801376 0.361487025442152 0.370623578974891 0.396829904223967 0.436690200579861 0.461804698185524 0.470349158735042 0.475318188274667 0.478223544414929 0.477536723868414 0.4600814191635 0.428851505583022 0.392297135077044 0.360034470838478 0.324701020306002 0.281112342764416 0.227670690071443 0.182861663904311 0.159962081166178 0.137761188726029 0.107471415125784 0.0694200349551967 0.0283995479791428 -0.00692881538497492 -0.0424687947755328 -0.085856022667872 -0.131783027033148 -0.153035468591593
-9999 -9999 -9999 -9999 -9999 -9999 -9999 -9999 -9999 -9999 -9999 0.0708542438047061 0.124986073469496 0.196175982389617 0.272052098387337 0.365429851653363 0.392203939614589 0.404924290347128 0.425955111881188 0.364847603066711 0.331379481883921 0.334645043463165 0.35359258929321 0.362448711607897 0.35266732432485 0.34633159256563 0.348178595624699 0.360175193757662 0.367623497793123 0.371476452290654 0.382839620567438 0.40968827008923 0.447978654353764 0.481284332996319 0.509496551685346 0.537529657821364 0.551830974381491 0.566130598822868 0.563212791659912 0.543748195068875 0.521170062143433 0.490491127653091 0.462413003281415 0.415572960833757 0.3509751292279 0.301398239711513 0.271313411532312 0.239943100154187 0.199761552892109 0.148309609897194 0.0932692324869351 0.0454763416592993 -0.0100040252594417 -0.0512569807881509 -0.0824190753351565 -0.102691106801047
